60 -356673
90 -356673
120 -356673
150 -356508
180 -356369
210 -356369
240 -356369
270 -356369
300 -356369
330 -356369
360 -356369
390 -356369
420 -355932
450 -355932
480 -355932
510 -355464
540 -355339
570 -355339
600 -355339
630 -355339
660 -355339
690 -355339
720 -355339
750 -355339
780 -353964
810 -353964
840 -353964
870 -353964
900 -353964
930 -352815
960 -352815
990 -352815
1020 -351794
1050 -351794
1080 -351794
1110 -351794
1140 -351794
1170 -351794
1200 -351794
1230 -351794
1260 -350771
1290 -350771
1320 -350771
1350 -350771
1380 -350771
1410 -350771
1440 -350771
1470 -350771
1500 -350722
1530 -350722
1560 -350722
1590 -350722
1620 -350722
1650 -350722
1680 -350722
1710 -350722
1740 -350722
1770 -350661
1800 -349935
1830 -349935
1860 -349935
1890 -349170
1920 -349170
1950 -349170
1980 -349170
2010 -349170
2040 -349170
2070 -349170
2100 -349170
2130 -349170
2160 -349170
2190 -349170
2220 -349102
2250 -349102
2280 -349102
2310 -349057
2340 -349057
2370 -349057
2400 -347259
2430 -347259
2460 -347259
2490 -347259
2520 -345657
2550 -345657
2580 -345497
2610 -345497
2640 -345497
2670 -345497
2700 -344646
2730 -344646
2760 -344646
2790 -344646
2820 -344646
2850 -344646
2880 -344646
2910 -344646
2940 -344646
2970 -344646
3000 -344646
3030 -344646
3060 -344646
3090 -344646
3120 -344646
3150 -344646
3180 -344646
3210 -344646
3240 -344646
3270 -344646
3300 -344646
3330 -344646
3360 -344646
3390 -344377
3420 -344211
3450 -344211
3480 -344211
3510 -344211
3540 -344211
3570 -344211
3600 -344211
3630 -344211
3660 -344211
3690 -344211
3720 -344211
3750 -344211
3780 -344211
3810 -344211
3840 -343654
3870 -343654
3900 -343654
3930 -343654
3960 -343654
3990 -343654
4020 -339023
4050 -338144
4080 -338144
4110 -338144
4140 -338144
4170 -338144
4200 -338144
4230 -338074
4260 -338074
4290 -338074
4320 -338074
4350 -338074
4380 -338074
4410 -338074
4440 -338074
4470 -338074
4500 -338074
4530 -337934
4560 -337928
4590 -337928
4620 -337928
4650 -337928
4680 -337928
4710 -337928
4740 -337928
4770 -337928
4800 -337928
4830 -337928
4860 -337928
4890 -337928
4920 -337928
4950 -337928
4980 -337928
5010 -337853
5040 -337853
5070 -337853
5100 -337853
5130 -337853
5160 -337853
5190 -337853
5220 -337853
5250 -337853
5280 -337853
5310 -337350
5340 -337350
5370 -337350
5400 -337350
5430 -337350
5460 -337350
5490 -337350
5520 -337350
5550 -337344
5580 -336746
5610 -336746
5640 -336746
5670 -336746
5700 -336746
5730 -336746
5760 -336746
5790 -336341
5820 -336341
5850 -336341
5880 -336341
5910 -336341
5940 -336341
5970 -334627
6000 -334627
6030 -334627
6060 -334627
6090 -334627
6120 -334516
6150 -334516
6180 -334516
6210 -334392
6240 -334392
6270 -334392
6300 -334392
6330 -334392
6360 -334392
6390 -334392
6420 -334392
6450 -334392
6480 -334392
6510 -334392
6540 -334392
6570 -331371
6600 -331371
6630 -331371
6660 -331371
6690 -331371
6720 -331371
6750 -331371
6780 -331371
6810 -331296
6840 -331296
6870 -331296
6900 -331182
6930 -331182
6960 -331182
6990 -331182
7020 -331182
7050 -331182
7080 -331182
7110 -331182
7140 -331182
7170 -331182
7200 -331182
7230 -331091
7260 -331091
7290 -331091
7320 -331091
7350 -331091
7380 -331091
7410 -331091
7440 -331091
7470 -331091
7500 -331091
7530 -331091
7560 -331091
7590 -331091
7620 -331091
7650 -331091
7680 -331091
7710 -331091
7740 -331091
7770 -331091
7800 -331091
7830 -331091
7860 -331091
7890 -331091
7920 -331091
7950 -331091
7980 -331091
8010 -331091
8040 -331091
8070 -331091
8100 -331091
8130 -330798
8160 -330798
8190 -330798
8220 -330798
8250 -330798
8280 -330798
8310 -330798
8340 -330798
8370 -330798
8400 -330798
8430 -330798
8460 -330798
8490 -330798
8520 -330798
8550 -330798
8580 -330798
8610 -330798
8640 -330798
8670 -330798
8700 -330798
8730 -330798
8760 -330798
8790 -330798
8820 -330798
8850 -330798
8880 -330798
8910 -330798
8940 -330798
8970 -330798
9000 -330798
9030 -330798
9060 -330798
9090 -330798
9120 -330798
9150 -330798
9180 -330798
9210 -330798
9240 -330798
9270 -330798
9300 -330798
9330 -330798
9360 -330798
9390 -330632
9420 -330632
9450 -330632
9480 -330632
9510 -330632
9540 -330632
9570 -330632
9600 -330535
9630 -330535
9660 -330535
9690 -330535
9720 -330535
9750 -330535
9780 -330535
9810 -330535
9840 -330535
9870 -330535
9900 -330535
9930 -330535
9960 -330452
9990 -330452
10020 -330452
10050 -330452
10080 -330452
10110 -330452
10140 -330452
10170 -330452
10200 -330452
10230 -330452
10260 -330452
10290 -330452
10320 -330452
10350 -330452
10380 -330452
10410 -329937
10440 -329762
10470 -329762
10500 -329762
10530 -329762
10560 -329762
10590 -329762
10620 -329762
10650 -329762
10680 -329762
10710 -329762
10740 -329762
10770 -329762
10800 -329762
10830 -329762
10860 -329762
10890 -329762
10920 -329762
10950 -329762
10980 -329762
11010 -329762
11040 -329762
11070 -329762
11100 -329762
11130 -329762
11160 -329762
11190 -329762
11220 -329762
11250 -329762
11280 -329762
11310 -329762
11340 -329762
11370 -329762
11400 -329762
11430 -329762
11460 -329762
11490 -329762
11520 -329762
11550 -329725
11580 -329725
11610 -329725
11640 -329715
11670 -329715
11700 -329680
11730 -329680
11760 -329680
11790 -329680
11820 -329680
11850 -329680
11880 -329314
11910 -329314
11940 -329314
11970 -329314
12000 -329314
12030 -329314
12060 -329314
12090 -329314
12120 -329314
12150 -329314
12180 -329314
12210 -329314
12240 -329314
12270 -329314
12300 -329314
12330 -329314
12360 -329314
12390 -329314
12420 -329314
12450 -329314
12480 -329314
12510 -329314
12540 -329314
12570 -329310
12600 -329310
12630 -329310
12660 -329310
12690 -329310
12720 -329310
12750 -329310
12780 -329310
12810 -329310
12840 -329310
12870 -329310
12900 -329310
12930 -329310
12960 -329310
12990 -329310
13020 -329310
13050 -329310
13080 -329310
13110 -329310
13140 -329310
13170 -329310
13200 -329310
13230 -329310
13260 -329310
13290 -329310
13320 -329310
13350 -329310
13380 -329310
13410 -329310
13440 -329310
13470 -329310
13500 -329310
13530 -329310
13560 -328865
13590 -328865
13620 -328865
13650 -328865
13680 -328865
13710 -328865
13740 -328865
13770 -328865
13800 -328865
13830 -328865
13860 -328865
13890 -328865
13920 -328865
13950 -328865
13980 -328865
14010 -328865
14040 -328865
14070 -328865
14100 -328865
14130 -328865
14160 -328865
14190 -328865
14220 -328865
14250 -328865
14280 -328865
14310 -328865
14340 -328865
14370 -328865
14400 -328865
14430 -328865
14460 -328865
14490 -328865
14520 -328865
14550 -328865
14580 -328865
14610 -328865
14640 -328865
14670 -328865
14700 -328865
14730 -328865
14760 -328865
14790 -328865
14820 -328865
14850 -328863
14880 -328863
14910 -328863
14940 -328863
14970 -328863
15000 -328863
15030 -328863
15060 -328863
15090 -328863
15120 -328863
15150 -328863
15180 -328863
15210 -328863
15240 -328863
15270 -328863
15300 -328863
15330 -328863
15360 -328863
15390 -328863
15420 -328863
15450 -328863
15480 -328530
15510 -328530
15540 -328530
15570 -328530
15600 -328530
15630 -327976
15660 -327976
15690 -327976
15720 -327976
15750 -327976
15780 -327976
15810 -327976
15840 -327976
15870 -327976
15900 -327976
15930 -327976
15960 -327976
15990 -327976
16020 -327976
16050 -327976
16080 -327976
16110 -327976
16140 -327976
16170 -327976
16200 -327976
16230 -327976
16260 -327976
16290 -327976
16320 -327976
16350 -327976
16380 -327976
16410 -327976
16440 -327976
16470 -327976
16500 -327976
16530 -327976
16560 -327976
16590 -327976
16620 -327976
16650 -327976
16680 -327976
16710 -327976
16740 -327976
16770 -327976
16800 -327976
16830 -327976
16860 -327976
16890 -327976
16920 -327976
16950 -327976
16980 -327976
17010 -327976
17040 -327976
17070 -327976
17100 -327976
17130 -327976
17160 -327976
17190 -327976
17220 -327976
17250 -327976
17280 -327976
17310 -327976
17340 -327976
17370 -327644
17400 -327644
17430 -327644
17460 -327644
17490 -327644
17520 -327644
17550 -327644
17580 -327644
17610 -327644
17640 -327644
17670 -327644
17700 -327644
17730 -327644
17760 -327644
17790 -327644
17820 -327644
17850 -327644
17880 -327644
17910 -327644
17940 -327644
17970 -327644
18000 -327644
18030 -327644
18060 -327644
18090 -327644
18120 -327644
18150 -327644
18180 -327644
18210 -327644
18240 -327644
18270 -327644
18300 -327644
18330 -327297
18360 -327297
18390 -327297
18420 -327297
18450 -327297
18480 -327297
18510 -327297
18540 -327297
18570 -327297
18600 -327297
18630 -327297
18660 -327297
18690 -327297
18720 -327297
18750 -327297
18780 -327297
18810 -327297
18840 -327297
18870 -327297
18900 -327297
18930 -327297
18960 -327297
18990 -327297
19020 -326912
19050 -326912
19080 -326912
19110 -326912
19140 -326912
19170 -326912
19200 -326912
19230 -326912
19260 -326912
19290 -326912
19320 -326912
19350 -326912
19380 -326912
19410 -326912
19440 -326912
19470 -326912
19500 -326746
19530 -326746
19560 -326746
19590 -326746
19620 -326746
19650 -326746
19680 -326746
19710 -326685
19740 -326685
19770 -326685
19800 -326685
19830 -326685
19860 -326685
19890 -326681
19920 -326681
19950 -326681
19980 -326681
20010 -326681
20040 -326681
20070 -326681
20100 -326681
20130 -326681
20160 -326681
20190 -326681
20220 -326681
20250 -326681
20280 -326681
20310 -326681
20340 -326681
20370 -326681
20400 -326681
20430 -326681
20460 -326681
20490 -326681
20520 -326681
20550 -326681
20580 -326681
20610 -326382
20640 -326382
20670 -326382
20700 -326382
20730 -326382
20760 -326382
20790 -326382
20820 -326382
20850 -326382
20880 -326382
20910 -326220
20940 -326220
20970 -326220
21000 -326220
21030 -326220
21060 -326220
21090 -326220
21120 -326220
21150 -326220
21180 -326220
21210 -326220
21240 -326220
21270 -326220
21300 -326220
21330 -326220
21360 -326220
21390 -326220
21420 -326220
21450 -326220
21480 -326220
21510 -326220
21540 -326220
21570 -326195
21600 -326188
21630 -326188
21660 -326188
21690 -326188
21720 -326188
21750 -326188
21780 -326182
21810 -326182
21840 -326182
21870 -326182
21900 -326182
21930 -326182
21960 -326182
21990 -326182
22020 -326182
22050 -326182
22080 -326182
22110 -326182
22140 -326182
22170 -326182
22200 -326182
22230 -326182
22260 -326182
22290 -326182
22320 -326182
22350 -326182
22380 -326182
22410 -326182
22440 -326182
22470 -326182
22500 -326182
22530 -326182
22560 -326182
22590 -326182
22620 -326182
22650 -326182
22680 -326182
22710 -326182
22740 -326182
22770 -326182
22800 -326182
22830 -326182
22860 -326182
22890 -326182
22920 -326180
22950 -326180
22980 -326180
23010 -326180
23040 -326180
23070 -326180
23100 -326180
23130 -326180
23160 -326180
23190 -326178
23220 -326178
23250 -326178
23280 -326178
23310 -326178
23340 -326178
23370 -326054
23400 -326054
23430 -326054
23460 -326054
23490 -326054
23520 -326054
23550 -326054
23580 -326054
23610 -326054
23640 -326054
23670 -326054
23700 -326054
23730 -326054
23760 -326054
23790 -326054
23820 -326054
23850 -326054
23880 -326054
23910 -326054
23940 -326054
23970 -326054
24000 -326054
24030 -326054
24060 -326054
24090 -326054
24120 -326054
24150 -326054
24180 -326054
24210 -325988
24240 -325988
24270 -325988
24300 -325988
24330 -325674
24360 -325674
24390 -325674
24420 -325674
24450 -325674
24480 -325674
24510 -325674
24540 -325674
24570 -325674
24600 -325674
24630 -325674
24660 -325674
24690 -325674
24720 -325674
24750 -325674
24780 -325674
24810 -325674
24840 -325674
24870 -325674
24900 -325674
24930 -325674
24960 -325674
24990 -325674
25020 -325674
25050 -325674
25080 -325674
25110 -325674
25140 -325674
25170 -325674
25200 -325674
25230 -325674
25260 -325674
25290 -325674
25320 -325674
25350 -325674
25380 -325674
25410 -325674
25440 -325674
25470 -325674
25500 -325674
25530 -325674
25560 -325674
25590 -325628
25620 -325628
25650 -325628
25680 -325354
25710 -325354
25740 -325354
25770 -325354
25800 -325354
25830 -325354
25860 -325354
25890 -325354
25920 -325354
25950 -325354
25980 -325354
26010 -325354
26040 -325354
26070 -325354
26100 -325354
26130 -325354
26160 -325354
26190 -324975
26220 -324975
26250 -324975
26280 -324975
26310 -324975
26340 -324852
26370 -324852
26400 -324852
26430 -324852
26460 -324852
26490 -324852
26520 -324852
26550 -324852
26580 -324852
26610 -324852
26640 -324852
26670 -324852
26700 -324852
26730 -324852
26760 -324852
26790 -324834
26820 -324834
26850 -324635
26880 -324635
26910 -324635
26940 -324635
26970 -324635
27000 -324635
27030 -324635
27060 -324635
27090 -324635
27120 -324635
27150 -324635
27180 -324635
27210 -324635
27240 -324635
27270 -324635
27300 -324635
27330 -324635
27360 -324635
27390 -324635
27420 -324635
27450 -324635
27480 -324635
27510 -324635
27540 -324564
27570 -324564
27600 -324564
27630 -324564
27660 -324564
27690 -324564
27720 -324564
27750 -324564
27780 -324564
27810 -324564
27840 -324564
27870 -324564
27900 -324564
27930 -324564
27960 -324478
27990 -324478
28020 -324478
28050 -324478
28080 -324478
28110 -324478
28140 -324478
28170 -324478
28200 -324478
28230 -324478
28260 -324478
28290 -324478
28320 -324478
28350 -324478
28380 -324478
28410 -324478
28440 -324478
28470 -324478
28500 -324478
28530 -324478
28560 -324478
28590 -324478
28620 -324478
28650 -324478
28680 -324478
28710 -324478
28740 -324478
28770 -324478
28800 -324478
28830 -324478
28860 -324478
28890 -324478
28920 -324478
28950 -324478
28980 -324478
29010 -324478
29040 -324478
29070 -324478
29100 -324478
29130 -324478
29160 -324478
29190 -324478
29220 -324478
29250 -324478
29280 -324478
29310 -324478
29340 -324478
29370 -324478
29400 -324478
29430 -324478
29460 -324478
29490 -324478
29520 -324478
29550 -324478
29580 -324478
29610 -324478
29640 -324478
29670 -324478
29700 -324478
29730 -324478
29760 -324478
29790 -324478
29820 -324478
29850 -324478
29880 -324478
29910 -324478
29940 -324478
29970 -324478
30000 -324478
30030 -324478
30060 -324478
30090 -324478
30120 -324478
30150 -324478
30180 -324478
30210 -324478
30240 -324478
30270 -324478
30300 -324478
30330 -324478
30360 -324478
30390 -324478
30420 -324478
30450 -324478
30480 -324478
30510 -324478
30540 -324478
30570 -324478
30600 -324478
30630 -324478
30660 -324478
30690 -324478
30720 -324478
30750 -324478
30780 -324478
30810 -324478
30840 -324478
30870 -324478
30900 -324478
30930 -324478
30960 -324478
30990 -324478
31020 -324478
31050 -324478
31080 -324478
31110 -324478
31140 -324478
31170 -324478
31200 -324478
31230 -324478
31260 -324478
31290 -324478
31320 -324478
31350 -324478
31380 -324478
31410 -324478
31440 -324478
31470 -324478
31500 -324478
31530 -324478
31560 -324478
31590 -324478
31620 -324478
31650 -324478
31680 -324478
31710 -324478
31740 -324478
31770 -324478
31800 -324478
31830 -324478
31860 -324478
31890 -324478
31920 -324478
31950 -324478
31980 -324478
32010 -324478
32040 -324478
32070 -324478
32100 -324478
32130 -324478
32160 -324478
32190 -324478
32220 -324478
32250 -324478
32280 -324478
32310 -324478
32340 -324478
32370 -324478
32400 -324478
32430 -324478
32460 -324478
32490 -324478
32520 -324478
32550 -324478
32580 -324478
32610 -324478
32640 -324478
32670 -324437
32700 -324437
32730 -324437
32760 -324437
32790 -324437
32820 -324437
32850 -324437
32880 -324437
32910 -324437
32940 -324437
32970 -324437
33000 -324437
33030 -324437
33060 -324437
33090 -324437
33120 -324437
33150 -324437
33180 -324437
33210 -324437
33240 -324437
33270 -324437
33300 -324437
33330 -324437
33360 -324437
33390 -324437
33420 -324437
33450 -324437
33480 -324437
33510 -324437
33540 -324437
33570 -324437
33600 -324437
33630 -324437
33660 -324437
33690 -324437
33720 -324437
33750 -324437
33780 -324437
33810 -324437
33840 -324437
33870 -324437
33900 -324198
33930 -324198
33960 -324198
33990 -324198
34020 -324198
34050 -324198
34080 -324198
34110 -324198
34140 -324198
34170 -324198
34200 -324198
34230 -324198
34260 -324198
34290 -324198
34320 -324198
34350 -324198
34380 -324198
34410 -324198
34440 -324198
34470 -324198
34500 -324198
34530 -324198
34560 -324198
34590 -324198
34620 -324198
34650 -324198
34680 -324198
34710 -324198
34740 -324198
34770 -324198
34800 -324198
34830 -324198
34860 -324198
34890 -324027
34920 -324027
34950 -324027
34980 -324027
35010 -324027
35040 -324027
35070 -324027
35100 -324027
35130 -324027
35160 -324027
35190 -324027
35220 -324027
35250 -324027
35280 -324027
35310 -324027
35340 -324027
35370 -324027
35400 -324027
35430 -324027
35460 -324027
35490 -324027
35520 -324027
35550 -324027
35580 -324027
35610 -324027
35640 -324027
35670 -324027
35700 -324027
35730 -324027
35760 -324027
35790 -324027
35820 -324027
35850 -324027
35880 -324027
35910 -324027
35940 -324027
35970 -324027
36000 -324027
36030 -324027
36060 -323873
36090 -323873
36120 -323873
36150 -323873
36180 -323873
36210 -323873
36240 -323873
36270 -323873
36300 -323873
36330 -323873
36360 -323873
36390 -323873
36420 -323873
36450 -323873
36480 -323873
36510 -323873
36540 -323873
36570 -323873
36600 -323873
36630 -323873
36660 -323873
36690 -323873
36720 -323873
36750 -323873
36780 -323873
36810 -323873
36840 -323873
36870 -323873
36900 -323873
36930 -323873
36960 -323873
36990 -323873
37020 -323873
37050 -323873
37080 -323873
37110 -323873
37140 -323873
37170 -323873
37200 -323873
37230 -323873
37260 -323873
37290 -323873
37320 -323873
37350 -323873
37380 -323873
37410 -323873
37440 -323873
37470 -323873
37500 -323873
37530 -323873
37560 -323873
37590 -323873
37620 -323873
37650 -323873
37680 -323873
37710 -323873
37740 -323873
37770 -323873
37800 -323873
37830 -323873
37860 -323873
37890 -323873
37920 -323873
37950 -323873
37980 -323873
38010 -323873
38040 -323873
38070 -323873
38100 -323873
38130 -323873
38160 -323873
38190 -323873
38220 -323873
38250 -323873
38280 -323873
38310 -323873
38340 -323873
38370 -323873
38400 -323873
38430 -323873
38460 -323873
38490 -323873
38520 -323873
38550 -323873
38580 -323873
38610 -323873
38640 -323873
38670 -323873
38700 -323873
38730 -323873
38760 -323873
38790 -323873
38820 -323861
38850 -323861
38880 -323861
38910 -323861
38940 -323861
38970 -323861
39000 -323861
39030 -323861
39060 -323861
39090 -323861
39120 -323861
39150 -323861
39180 -323861
39210 -323861
39240 -323861
39270 -323861
39300 -323861
39330 -323861
39360 -323861
39390 -323861
39420 -323861
39450 -323861
39480 -323861
39510 -323861
39540 -323861
39570 -323861
39600 -323861
39630 -323861
39660 -323861
39690 -323861
39720 -323861
39750 -323861
39780 -323861
39810 -323861
39840 -323861
39870 -323861
39900 -323861
39930 -323861
39960 -323861
39990 -323861
40020 -323861
40050 -323861
40080 -323861
40110 -323733
40140 -323733
40170 -323733
40200 -323733
40230 -323733
40260 -323733
40290 -323733
40320 -323518
40350 -323518
40380 -323518
40410 -323518
40440 -323518
40470 -323518
40500 -323518
40530 -323518
40560 -323518
40590 -323518
40620 -323518
40650 -323518
40680 -323167
40710 -323167
40740 -323167
40770 -323167
40800 -323167
40830 -323167
40860 -323043
40890 -323043
40920 -323043
40950 -323043
40980 -323043
41010 -323043
41040 -323043
41070 -323043
41100 -323043
41130 -323043
41160 -323043
41190 -323043
41220 -323043
41250 -323043
41280 -323043
41310 -323043
41340 -323043
41370 -323043
41400 -323043
41430 -323043
41460 -323043
41490 -323043
41520 -323043
41550 -323043
41580 -323043
41610 -323043
41640 -323043
41670 -323043
41700 -323043
41730 -323043
41760 -323043
41790 -323043
41820 -323043
41850 -323043
41880 -323043
41910 -323043
41940 -323043
41970 -323043
42000 -323043
42030 -323043
42060 -323043
42090 -323043
42120 -323043
42150 -323043
42180 -323043
42210 -323043
42240 -323043
42270 -323043
42300 -323043
42330 -323043
42360 -323043
42390 -323043
42420 -323043
42450 -323043
42480 -323043
42510 -323043
42540 -323043
42570 -323043
42600 -323043
42630 -323043
42660 -323043
42690 -323043
42720 -323043
42750 -323043
42780 -322911
42810 -322911
42840 -322911
42870 -322911
42900 -322911
42930 -322911
42960 -322911
42990 -322911
43020 -322911
43050 -322911
43080 -322911
43110 -322911
43140 -322911
43170 -322911
43200 -322911
43230 -322911
43260 -322911
43290 -322911
43320 -322911
43350 -322911
43380 -322911
43410 -322911
43440 -322911
43470 -322911
43500 -322857
43530 -322857
43560 -322857
43590 -322857
43620 -322857
43650 -322857
43680 -322857
43710 -322857
43740 -322857
43770 -322857
43800 -322857
43830 -322857
43860 -322857
43890 -322857
43920 -322857
43950 -322857
43980 -322857
44010 -322857
44040 -322857
44070 -322857
44100 -322857
44130 -322857
44160 -322857
44190 -322857
44220 -322857
44250 -322857
44280 -322857
44310 -322857
44340 -322586
44370 -322586
44400 -322586
44430 -322586
44460 -322530
44490 -322530
44520 -322530
44550 -322512
44580 -322512
44610 -322512
44640 -322512
44670 -322512
44700 -322512
44730 -322512
44760 -322512
44790 -322512
44820 -322512
44850 -322512
44880 -322512
44910 -322512
44940 -322512
44970 -322512
45000 -322512
45030 -322512
45060 -322512
45090 -322512
45120 -322512
45150 -322512
45180 -322512
45210 -322512
45240 -322512
45270 -322512
45300 -322512
45330 -322512
45360 -322512
45390 -322512
45420 -322512
45450 -322512
45480 -322512
45510 -322512
45540 -322512
45570 -322512
45600 -322512
45630 -322512
45660 -322512
45690 -322512
45720 -322512
45750 -322512
45780 -322512
45810 -322512
45840 -322512
45870 -322512
45900 -322512
45930 -322512
45960 -322512
45990 -322512
46020 -322512
46050 -322512
46080 -322512
46110 -322512
46140 -322512
46170 -322512
46200 -322512
46230 -322512
46260 -322512
46290 -322512
46320 -322512
46350 -322418
46380 -322418
46410 -322418
46440 -322418
46470 -322418
46500 -322418
46530 -322418
46560 -322418
46590 -322418
46620 -322364
46650 -322364
46680 -322364
46710 -322364
46740 -322364
46770 -322297
46800 -322297
46830 -322297
46860 -322297
46890 -322297
46920 -322297
46950 -322297
46980 -322297
47010 -322297
47040 -322297
47070 -322297
47100 -321987
47130 -321491
47160 -321491
47190 -321491
47220 -321491
47250 -321491
47280 -321491
47310 -321491
47340 -321491
47370 -321491
47400 -321491
47430 -321491
47460 -321491
47490 -321491
47520 -321491
47550 -321491
47580 -321491
47610 -321491
47640 -321491
47670 -321491
47700 -321491
47730 -321491
47760 -321491
47790 -321491
47820 -321491
47850 -321491
47880 -321491
47910 -321491
47940 -321491
47970 -321491
48000 -321491
48030 -321491
48060 -321491
48090 -321491
48120 -321491
48150 -321491
48180 -321491
48210 -321491
48240 -321491
48270 -321491
48300 -321491
48330 -321491
48360 -321491
48390 -321491
48420 -321491
48450 -321491
48480 -321491
48510 -321491
48540 -321491
48570 -321491
48600 -321491
48630 -321491
48660 -321491
48690 -321491
48720 -321491
48750 -321491
48780 -321491
48810 -321491
48840 -321491
48870 -321491
48900 -321491
48930 -321491
48960 -321491
48990 -321491
49020 -321491
49050 -321491
49080 -321491
49110 -321491
49140 -321491
49170 -321491
49200 -321491
49230 -321491
49260 -321491
49290 -321491
49320 -321491
49350 -321491
49380 -321491
49410 -321491
49440 -321491
49470 -321491
49500 -321491
49530 -321491
49560 -321491
49590 -321491
49620 -321491
49650 -321491
49680 -321491
49710 -321491
49740 -321491
49770 -321491
49800 -321491
49830 -321491
49860 -321491
49890 -321491
49920 -321491
49950 -321491
49980 -321491
50010 -321491
50040 -321491
50070 -321491
50100 -321491
50130 -321491
50160 -321491
50190 -321491
50220 -321491
50250 -321491
50280 -321491
50310 -321491
50340 -321491
50370 -321491
50400 -321491
50430 -321491
50460 -321491
50490 -321491
50520 -321491
50550 -321491
50580 -321491
50610 -321491
50640 -321491
50670 -321491
50700 -321491
50730 -321491
50760 -321491
50790 -321491
50820 -321491
50850 -321491
50880 -321491
50910 -321491
50940 -321491
50970 -321491
51000 -321491
51030 -321491
51060 -321491
51090 -321491
51120 -321491
51150 -321491
51180 -321491
51210 -321491
51240 -321491
51270 -321491
51300 -321491
51330 -321491
51360 -321491
51390 -321491
51420 -321491
51450 -321491
51480 -321491
51510 -321491
51540 -321491
51570 -321491
51600 -321491
51630 -321491
51660 -321491
51690 -321491
51720 -321491
51750 -321491
51780 -321491
51810 -321491
51840 -321491
51870 -321491
51900 -321491
51930 -321491
51960 -321491
51990 -321491
52020 -321491
52050 -321491
52080 -321491
52110 -321491
52140 -321491
52170 -321491
52200 -321491
52230 -321491
52260 -321491
52290 -321491
52320 -321491
52350 -321491
52380 -321491
52410 -321491
52440 -321491
52470 -321491
52500 -321491
52530 -321491
52560 -321491
52590 -321491
52620 -321491
52650 -321491
52680 -321491
52710 -321491
52740 -321491
52770 -321491
52800 -321491
52830 -321491
52860 -321491
52890 -321491
52920 -321491
52950 -321491
52980 -321491
53010 -321491
53040 -321491
53070 -321491
53100 -321491
53130 -321491
53160 -321491
53190 -321491
53220 -321491
53250 -321491
53280 -321491
53310 -321491
53340 -321491
53370 -321491
53400 -321491
53430 -321491
53460 -321491
53490 -321491
53520 -321491
53550 -321491
53580 -321491
53610 -321491
53640 -321491
53670 -321491
53700 -321491
53730 -321491
53760 -321491
53790 -321491
53820 -321491
53850 -321491
53880 -321491
53910 -321491
53940 -321491
53970 -321491
54000 -321491
54030 -321491
54060 -321491
54090 -321491
54120 -321491
54150 -321491
54180 -321491
54210 -321491
54240 -321491
54270 -321491
54300 -321491
54330 -321491
54360 -321491
54390 -321491
54420 -321491
54450 -321491
54480 -321491
54510 -321491
54540 -321491
54570 -321491
54600 -321491
54630 -321491
54660 -321491
54690 -321491
54720 -321491
54750 -321491
54780 -321491
54810 -321491
54840 -321491
54870 -321491
54900 -321491
54930 -321491
54960 -321491
54990 -321491
55020 -321491
55050 -321491
55080 -321491
55110 -321491
55140 -321491
55170 -321491
55200 -321491
55230 -321491
55260 -321491
55290 -321491
55320 -321491
55350 -321491
55380 -321491
55410 -321491
55440 -321491
55470 -321491
55500 -321491
55530 -321491
55560 -321491
55590 -321491
55620 -321491
55650 -320385
55680 -320385
55710 -320385
55740 -320385
55770 -320385
55800 -320385
55830 -320385
55860 -320385
55890 -320385
55920 -320385
55950 -320385
55980 -320385
56010 -320385
56040 -320385
56070 -320385
56100 -320385
56130 -320385
56160 -320385
56190 -320385
56220 -320385
56250 -320385
56280 -320385
56310 -320385
56340 -320385
56370 -320385
56400 -320385
56430 -320385
56460 -320385
56490 -320385
56520 -318917
56550 -318917
56580 -318917
56610 -318917
56640 -318917
56670 -318917
56700 -318917
56730 -318917
56760 -318917
56790 -318917
56820 -318917
56850 -318917
56880 -318917
56910 -318917
56940 -318917
56970 -318917
57000 -318917
57030 -318917
57060 -318917
57090 -318917
57120 -318917
57150 -318917
57180 -318917
57210 -318917
57240 -318917
57270 -318917
57300 -318917
57330 -318917
57360 -318917
57390 -318917
57420 -318917
57450 -318917
57480 -318917
57510 -318917
57540 -318917
57570 -318917
57600 -318917
57630 -318917
57660 -318917
57690 -318917
57720 -318917
57750 -318917
57780 -318917
57810 -318917
57840 -318917
57870 -318917
57900 -318917
57930 -318917
57960 -318917
57990 -318917
58020 -318917
58050 -318917
58080 -318917
58110 -318917
58140 -318917
58170 -318917
58200 -318917
58230 -318917
58260 -318917
58290 -318917
58320 -318917
58350 -318917
58380 -318917
58410 -318917
58440 -318917
58470 -318917
58500 -318917
58530 -318917
58560 -318917
58590 -318917
58620 -318917
58650 -318917
58680 -318917
58710 -318917
58740 -318917
58770 -318917
58800 -318917
58830 -318917
58860 -318917
58890 -318917
58920 -318917
58950 -318917
58980 -318917
59010 -318917
59040 -318917
59070 -318917
59100 -318602
59130 -318602
59160 -318602
59190 -318602
59220 -318602
59250 -318602
59280 -318602
59310 -318602
59340 -318602
59370 -318602
59400 -318602
59430 -318602
59460 -318602
59490 -318602
59520 -318602
59550 -318602
59580 -318602
59610 -318602
59640 -318602
59670 -318602
59700 -318602
59730 -318602
59760 -318602
59790 -318602
59820 -318602
59850 -318602
59880 -318602
59910 -318602
59940 -318602
59970 -318602
60000 -318602
60030 -318602
60060 -318602
60090 -318602
60120 -318602
60150 -318602
60180 -318602
60210 -318602
60240 -318602
60270 -318602
60300 -318602
60330 -318602
60360 -318602
60390 -318602
60420 -318602
60450 -318602
60480 -318602
60510 -318602
60540 -318602
60570 -318602
60600 -318602
60630 -318602
60660 -318602
60690 -318602
60720 -318602
60750 -318602
60780 -318602
60810 -318602
60840 -318602
60870 -318602
60900 -318602
60930 -318602
60960 -318602
60990 -318602
61020 -318602
61050 -318602
61080 -318602
61110 -318602
61140 -318602
61170 -318602
61200 -318602
61230 -318602
61260 -318602
61290 -318602
61320 -318602
61350 -318602
61380 -318602
61410 -318602
61440 -318532
61470 -318532
61500 -318532
61530 -318532
61560 -318532
61590 -318532
61620 -318532
61650 -318532
61680 -318532
61710 -318532
61740 -318532
61770 -318532
61800 -318532
61830 -318532
61860 -318532
61890 -318532
61920 -318532
61950 -318532
61980 -318532
62010 -318532
62040 -318532
62070 -318532
62100 -318532
62130 -318532
62160 -318532
62190 -318532
62220 -318532
62250 -318532
62280 -318532
62310 -318532
62340 -318532
62370 -318532
62400 -318532
62430 -317920
62460 -317920
62490 -317920
62520 -317920
62550 -317920
62580 -317920
62610 -317920
62640 -317920
62670 -317920
62700 -317920
62730 -317920
62760 -317920
62790 -317920
62820 -317920
62850 -317920
62880 -317920
62910 -317920
62940 -317920
62970 -317920
63000 -317920
63030 -317920
63060 -317920
63090 -317920
63120 -317920
63150 -317920
63180 -317920
63210 -317920
63240 -317920
63270 -317920
63300 -317920
63330 -317920
63360 -317920
63390 -317920
63420 -317920
63450 -317920
63480 -317920
63510 -317920
63540 -317920
63570 -317920
63600 -317920
63630 -317920
63660 -317920
63690 -317920
63720 -317920
63750 -317920
63780 -317920
63810 -317920
63840 -317920
63870 -317920
63900 -317920
63930 -317920
63960 -317920
63990 -317920
64020 -317920
64050 -317920
64080 -317920
64110 -317920
64140 -317920
64170 -317920
64200 -317920
64230 -317920
64260 -317920
64290 -317920
64320 -317920
64350 -317920
64380 -317920
64410 -317920
64440 -317920
64470 -317920
64500 -317920
64530 -317920
64560 -317920
64590 -317920
64620 -317920
64650 -317920
64680 -317920
64710 -317920
64740 -317920
64770 -317920
64800 -317920
64830 -317920
64860 -317920
64890 -317920
64920 -317920
64950 -317920
64980 -317920
65010 -317920
65040 -317920
65070 -317920
65100 -317920
65130 -317920
65160 -317920
65190 -317920
65220 -317920
65250 -317920
65280 -317920
65310 -317920
65340 -317920
65370 -317920
65400 -317920
65430 -317920
65460 -317920
65490 -317920
65520 -317920
65550 -317920
65580 -317920
65610 -317920
65640 -317920
65670 -317920
65700 -317920
65730 -317920
65760 -317920
65790 -317920
65820 -317920
65850 -317920
65880 -317920
65910 -317920
65940 -317920
65970 -317920
66000 -317920
66030 -317920
66060 -317920
66090 -317920
66120 -317920
66150 -317920
66180 -317920
66210 -317920
66240 -317920
66270 -317920
66300 -317920
66330 -317920
66360 -317920
66390 -317920
66420 -317920
66450 -317920
66480 -317920
66510 -317920
66540 -317920
66570 -317920
66600 -317920
66630 -317920
66660 -317920
66690 -317920
66720 -317920
66750 -317920
66780 -317920
66810 -317920
66840 -317920
66870 -317920
66900 -317920
66930 -317920
66960 -317920
66990 -317920
67020 -317920
67050 -317920
67080 -317920
67110 -317920
67140 -317920
67170 -317920
67200 -317920
67230 -317920
67260 -317920
67290 -317920
67320 -317920
67350 -317920
67380 -317649
67410 -317649
67440 -317649
67470 -317649
67500 -317649
67530 -317649
67560 -317649
67590 -317649
67620 -317649
67650 -317649
67680 -317649
67710 -317649
67740 -317649
67770 -317649
67800 -317551
67830 -317551
67860 -317551
67890 -317551
67920 -317551
67950 -317551
67980 -317551
68010 -317551
68040 -317551
68070 -317551
68100 -317551
68130 -317551
68160 -317551
68190 -317551
68220 -317551
68250 -317551
68280 -317551
68310 -317551
68340 -317551
68370 -317551
68400 -317551
68430 -317551
68460 -317551
68490 -317551
68520 -317551
68550 -317551
68580 -317551
68610 -317551
68640 -317551
68670 -317551
68700 -317551
68730 -317551
68760 -317551
68790 -317551
68820 -317551
68850 -317551
68880 -317551
68910 -317551
68940 -317551
68970 -317551
69000 -317551
69030 -317551
69060 -317551
69090 -317551
69120 -317551
69150 -317551
69180 -317551
69210 -317551
69240 -317551
69270 -317551
69300 -317551
69330 -317551
69360 -317551
69390 -317551
69420 -317551
69450 -317551
69480 -317551
69510 -317551
69540 -317551
69570 -317551
69600 -317551
69630 -317551
69660 -317551
69690 -317551
69720 -317551
69750 -317551
69780 -317551
69810 -317551
69840 -317551
69870 -317551
69900 -317551
69930 -317551
69960 -317551
69990 -317551
70020 -317551
70050 -317551
70080 -317551
70110 -317551
70140 -317551
70170 -317551
70200 -317551
70230 -317551
70260 -317551
70290 -317551
70320 -317551
70350 -317551
70380 -317551
70410 -317551
70440 -317551
70470 -317551
70500 -317551
70530 -317551
70560 -317551
70590 -317551
70620 -317551
70650 -317551
70680 -317551
70710 -317551
70740 -317551
70770 -317551
70800 -317551
70830 -317551
70860 -317551
70890 -317551
70920 -317551
70950 -317551
70980 -317551
71010 -317551
71040 -317551
71070 -317551
71100 -317551
71130 -317551
71160 -317551
71190 -317551
71220 -317551
71250 -317551
71280 -317551
71310 -317551
71340 -317551
71370 -317551
71400 -317551
71430 -317551
71460 -317551
71490 -317551
71520 -317551
71550 -317551
71580 -317551
71610 -317551
71640 -317551
71670 -317551
71700 -317551
