60 -308448
90 -308448
120 -304719
150 -304719
180 -304719
210 -304719
240 -303733
270 -302637
300 -302637
330 -302637
360 -301915
390 -301915
420 -301915
450 -301915
480 -301777
510 -301777
540 -301620
570 -301620
600 -301620
630 -301620
660 -301620
690 -301620
720 -301620
750 -301467
780 -301343
810 -301343
840 -300932
870 -299913
900 -299913
930 -299913
960 -299913
990 -296964
1020 -296964
1050 -296228
1080 -296228
1110 -296228
1140 -296228
1170 -296228
1200 -296228
1230 -294353
1260 -294353
1290 -294353
1320 -294327
1350 -294327
1380 -294327
1410 -294327
1440 -294297
1470 -294074
1500 -293396
1530 -293396
1560 -293396
1590 -293396
1620 -293396
1650 -293396
1680 -293396
1710 -293396
1740 -291442
1770 -291442
1800 -291442
1830 -291442
1860 -291442
1890 -291442
1920 -291442
1950 -291442
1980 -291442
2010 -291442
2040 -291442
2070 -291442
2100 -291442
2130 -291442
2160 -291442
2190 -289038
2220 -289038
2250 -289038
2280 -288343
2310 -288343
2340 -288343
2370 -288343
2400 -287919
2430 -287919
2460 -287919
2490 -287919
2520 -287919
2550 -287919
2580 -287919
2610 -287919
2640 -286568
2670 -286568
2700 -285807
2730 -285807
2760 -285807
2790 -285807
2820 -285807
2850 -285807
2880 -285807
2910 -285807
2940 -285807
2970 -285807
3000 -285807
3030 -285807
3060 -285807
3090 -285807
3120 -285367
3150 -285367
3180 -285367
3210 -285367
3240 -285367
3270 -285367
3300 -285367
3330 -285367
3360 -285367
3390 -285343
3420 -285343
3450 -285343
3480 -285343
3510 -284304
3540 -284304
3570 -284304
3600 -284304
3630 -284304
3660 -284304
3690 -284304
3720 -284304
3750 -284304
3780 -284123
3810 -284123
3840 -284123
3870 -284123
3900 -284123
3930 -283922
3960 -283922
3990 -283922
4020 -283922
4050 -283922
4080 -283922
4110 -283922
4140 -283922
4170 -283922
4200 -283922
4230 -283922
4260 -283922
4290 -283922
4320 -283490
4350 -283490
4380 -283490
4410 -283490
4440 -283490
4470 -283490
4500 -283490
4530 -283490
4560 -283490
4590 -282327
4620 -282327
4650 -282327
4680 -282167
4710 -282167
4740 -282167
4770 -282167
4800 -282167
4830 -282167
4860 -282167
4890 -282167
4920 -282167
4950 -282167
4980 -282167
5010 -282167
5040 -282167
5070 -282167
5100 -282167
5130 -282167
5160 -282167
5190 -282167
5220 -282167
5250 -282167
5280 -282167
5310 -282167
5340 -281369
5370 -281369
5400 -281369
5430 -281369
5460 -281369
5490 -281297
5520 -281297
5550 -281297
5580 -281297
5610 -281297
5640 -281297
5670 -281297
5700 -281297
5730 -281297
5760 -281297
5790 -281297
5820 -281297
5850 -281297
5880 -281297
5910 -281297
5940 -281297
5970 -281297
6000 -281297
6030 -281297
6060 -281297
6090 -281297
6120 -281297
6150 -281297
6180 -281297
6210 -281297
6240 -281297
6270 -281266
6300 -281266
6330 -281266
6360 -281266
6390 -281266
6420 -281266
6450 -281266
6480 -281266
6510 -281266
6540 -281266
6570 -281266
6600 -281266
6630 -281266
6660 -281266
6690 -281266
6720 -281116
6750 -281116
6780 -280791
6810 -280791
6840 -280791
6870 -280791
6900 -280791
6930 -280791
6960 -280791
6990 -280791
7020 -280791
7050 -280791
7080 -280791
7110 -280791
7140 -280791
7170 -280791
7200 -280791
7230 -280565
7260 -280565
7290 -280565
7320 -280565
7350 -280565
7380 -280565
7410 -280565
7440 -280565
7470 -280565
7500 -280565
7530 -280565
7560 -280565
7590 -280565
7620 -280565
7650 -280565
7680 -280565
7710 -280565
7740 -280565
7770 -280207
7800 -280207
7830 -280207
7860 -280207
7890 -280207
7920 -280207
7950 -280207
7980 -280207
8010 -280207
8040 -280207
8070 -280207
8100 -280207
8130 -280207
8160 -280207
8190 -280207
8220 -280207
8250 -280207
8280 -280207
8310 -280207
8340 -280207
8370 -280207
8400 -280207
8430 -280084
8460 -280084
8490 -280084
8520 -280084
8550 -280084
8580 -280084
8610 -280084
8640 -280084
8670 -280084
8700 -280084
8730 -280084
8760 -280084
8790 -280084
8820 -280084
8850 -280084
8880 -280084
8910 -280084
8940 -280084
8970 -280084
9000 -280084
9030 -280084
9060 -280084
9090 -280084
9120 -280084
9150 -280084
9180 -280084
9210 -280084
9240 -280084
9270 -280084
9300 -280084
9330 -280084
9360 -280084
9390 -280084
9420 -280084
9450 -280084
9480 -280084
9510 -280084
9540 -280084
9570 -280084
9600 -279723
9630 -279723
9660 -279723
9690 -279723
9720 -279723
9750 -279723
9780 -279723
9810 -279723
9840 -279723
9870 -279616
9900 -279616
9930 -279616
9960 -279616
9990 -279616
10020 -279616
10050 -279616
10080 -279616
10110 -279616
10140 -279616
10170 -279616
10200 -279616
10230 -279616
10260 -279616
10290 -279616
10320 -279616
10350 -279616
10380 -279616
10410 -279616
10440 -279616
10470 -279616
10500 -279616
10530 -279616
10560 -279616
10590 -279616
10620 -278728
10650 -278728
10680 -278728
10710 -278470
10740 -278470
10770 -278470
10800 -278470
10830 -278470
10860 -278470
10890 -278470
10920 -278470
10950 -278470
10980 -278470
11010 -278470
11040 -278458
11070 -278458
11100 -278458
11130 -278458
11160 -278239
11190 -278239
11220 -278239
11250 -277577
11280 -277577
11310 -277577
11340 -277577
11370 -277539
11400 -277539
11430 -277539
11460 -277539
11490 -277539
11520 -277539
11550 -277539
11580 -277539
11610 -277539
11640 -277539
11670 -277306
11700 -277306
11730 -277306
11760 -277306
11790 -277306
11820 -276332
11850 -276332
11880 -276332
11910 -276332
11940 -276332
11970 -276332
12000 -276080
12030 -276080
12060 -276080
12090 -275417
12120 -275417
12150 -275417
12180 -275417
12210 -275417
12240 -275417
12270 -275417
12300 -275417
12330 -275417
12360 -275417
12390 -275417
12420 -275417
12450 -275417
12480 -275417
12510 -275253
12540 -275253
12570 -275253
12600 -275253
12630 -275253
12660 -275253
12690 -275253
12720 -275253
12750 -275253
12780 -275253
12810 -275253
12840 -275253
12870 -275253
12900 -275253
12930 -275217
12960 -275217
12990 -275217
13020 -275217
13050 -275217
13080 -275217
13110 -275217
13140 -275217
13170 -275217
13200 -275217
13230 -275217
13260 -275217
13290 -275217
13320 -275217
13350 -275217
13380 -275217
13410 -275217
13440 -275217
13470 -275217
13500 -275217
13530 -275217
13560 -275217
13590 -275217
13620 -275217
13650 -275217
13680 -275217
13710 -275217
13740 -275217
13770 -275217
13800 -275217
13830 -275217
13860 -275217
13890 -275217
13920 -275217
13950 -275217
13980 -275217
14010 -275217
14040 -275217
14070 -275217
14100 -275217
14130 -275217
14160 -275217
14190 -275217
14220 -275217
14250 -275217
14280 -275217
14310 -275217
14340 -275217
14370 -275217
14400 -274645
14430 -274645
14460 -274645
14490 -274645
14520 -274645
14550 -274645
14580 -274645
14610 -274645
14640 -274645
14670 -274645
14700 -274645
14730 -274645
14760 -274430
14790 -274430
14820 -274330
14850 -274330
14880 -274330
14910 -274330
14940 -274330
14970 -274330
15000 -274233
15030 -274233
15060 -274233
15090 -274233
15120 -274233
15150 -274233
15180 -274233
15210 -274233
15240 -274233
15270 -274233
15300 -274233
15330 -274233
15360 -274233
15390 -274233
15420 -274233
15450 -274233
15480 -274233
15510 -274233
15540 -274233
15570 -274233
15600 -274233
15630 -274233
15660 -274233
15690 -274233
15720 -274233
15750 -274233
15780 -274233
15810 -274233
15840 -274233
15870 -274233
15900 -274233
15930 -274233
15960 -274233
15990 -274233
16020 -274233
16050 -274233
16080 -274233
16110 -274233
16140 -274233
16170 -274233
16200 -274233
16230 -274233
16260 -274233
16290 -274233
16320 -274233
16350 -274233
16380 -274233
16410 -274233
16440 -274233
16470 -274233
16500 -274233
16530 -274233
16560 -274233
16590 -274233
16620 -274203
16650 -274161
16680 -274161
16710 -274161
16740 -274121
16770 -274121
16800 -274121
16830 -273911
16860 -273911
16890 -273911
16920 -273911
16950 -273911
16980 -273911
17010 -273911
17040 -273911
17070 -273911
17100 -273911
17130 -273911
17160 -273911
17190 -273911
17220 -273911
17250 -273911
17280 -273911
17310 -273911
17340 -273911
17370 -273866
17400 -273866
17430 -273714
17460 -273714
17490 -273714
17520 -273714
17550 -273714
17580 -273714
17610 -273714
17640 -273714
17670 -273714
17700 -273714
17730 -273537
17760 -273537
17790 -273537
17820 -273537
17850 -273537
17880 -273537
17910 -273537
17940 -273537
17970 -273537
18000 -273537
18030 -273537
18060 -273537
18090 -273537
18120 -273537
18150 -273537
18180 -273537
18210 -273537
18240 -273537
18270 -273537
18300 -273537
18330 -273439
18360 -273439
18390 -273439
18420 -273439
18450 -273439
18480 -273439
18510 -273439
18540 -273439
18570 -273417
18600 -273417
18630 -273417
18660 -273417
18690 -273417
18720 -273417
18750 -273417
18780 -273417
18810 -273417
18840 -273417
18870 -273417
18900 -273417
18930 -273417
18960 -273417
18990 -272948
19020 -272948
19050 -272948
19080 -272948
19110 -272788
19140 -272788
19170 -272788
19200 -272788
19230 -272788
19260 -272788
19290 -272788
19320 -272748
19350 -272748
19380 -272748
19410 -272748
19440 -272748
19470 -272748
19500 -272748
19530 -272748
19560 -272748
19590 -272525
19620 -272525
19650 -272525
19680 -272525
19710 -272525
19740 -272525
19770 -272525
19800 -272525
19830 -272525
19860 -272525
19890 -272525
19920 -272525
19950 -272525
19980 -272525
20010 -272525
20040 -272525
20070 -272525
20100 -272525
20130 -272525
20160 -272258
20190 -272103
20220 -272103
20250 -272091
20280 -272091
20310 -272091
20340 -272091
20370 -272091
20400 -272091
20430 -272091
20460 -272091
20490 -272091
20520 -272091
20550 -272091
20580 -272091
20610 -272091
20640 -272091
20670 -271360
20700 -271360
20730 -271360
20760 -271360
20790 -271360
20820 -271360
20850 -271360
20880 -271360
20910 -271360
20940 -271360
20970 -271360
21000 -271360
21030 -271360
21060 -271315
21090 -271315
21120 -271315
21150 -271315
21180 -271315
21210 -271315
21240 -271315
21270 -271315
21300 -271227
21330 -271227
21360 -271171
21390 -271171
21420 -271171
21450 -271171
21480 -271171
21510 -271171
21540 -271171
21570 -271171
21600 -271171
21630 -271171
21660 -271171
21690 -271171
21720 -271171
21750 -271171
21780 -271171
21810 -271171
21840 -271171
21870 -271171
21900 -271171
21930 -271171
21960 -271171
21990 -271171
22020 -271171
22050 -271171
22080 -271171
22110 -271171
22140 -271171
22170 -271171
22200 -271171
22230 -271071
22260 -271071
22290 -271071
22320 -271071
22350 -271071
22380 -271071
22410 -271071
22440 -271071
22470 -271071
22500 -271071
22530 -271071
22560 -271071
22590 -271071
22620 -271071
22650 -271071
22680 -271071
22710 -271065
22740 -271065
22770 -271065
22800 -271065
22830 -271065
22860 -271065
22890 -270694
22920 -270694
22950 -270694
22980 -270694
23010 -270694
23040 -270694
23070 -270694
23100 -270694
23130 -270694
23160 -270694
23190 -270694
23220 -270694
23250 -270694
23280 -270694
23310 -270694
23340 -270694
23370 -270694
23400 -270694
23430 -270694
23460 -270694
23490 -270694
23520 -270694
23550 -270694
23580 -270694
23610 -270694
23640 -270694
23670 -270694
23700 -270694
23730 -270694
23760 -270694
23790 -270694
23820 -270694
23850 -270674
23880 -270674
23910 -270674
23940 -270674
23970 -270674
24000 -270674
24030 -270674
24060 -270674
24090 -270674
24120 -270674
24150 -270674
24180 -270674
24210 -270545
24240 -270545
24270 -270545
24300 -270545
24330 -270545
24360 -270545
24390 -270545
24420 -270545
24450 -270545
24480 -270545
24510 -270545
24540 -270545
24570 -270393
24600 -270393
24630 -270393
24660 -270393
24690 -270393
24720 -270393
24750 -270393
24780 -270393
24810 -270393
24840 -270393
24870 -270393
24900 -270393
24930 -270393
24960 -270393
24990 -270393
25020 -270393
25050 -270393
25080 -270393
25110 -270393
25140 -270393
25170 -270393
25200 -270393
25230 -270393
25260 -270393
25290 -270393
25320 -270393
25350 -270393
25380 -270393
25410 -270393
25440 -270393
25470 -270393
25500 -270393
25530 -270393
25560 -270393
25590 -270393
25620 -270393
25650 -270351
25680 -270351
25710 -270351
25740 -270351
25770 -270351
25800 -270351
25830 -270162
25860 -270162
25890 -270162
25920 -270162
25950 -270162
25980 -270162
26010 -270162
26040 -270162
26070 -270162
26100 -270042
26130 -270042
26160 -270042
26190 -270042
26220 -269923
26250 -269923
26280 -269923
26310 -269923
26340 -269923
26370 -269923
26400 -269923
26430 -269923
26460 -269923
26490 -269923
26520 -269923
26550 -269923
26580 -269923
26610 -269923
26640 -269923
26670 -269821
26700 -269821
26730 -269821
26760 -269821
26790 -269821
26820 -269821
26850 -269821
26880 -269821
26910 -269821
26940 -269821
26970 -269821
27000 -269821
27030 -269821
27060 -269821
27090 -269821
27120 -269821
27150 -269821
27180 -269821
27210 -269821
27240 -269821
27270 -269821
27300 -269821
27330 -269821
27360 -269662
27390 -269662
27420 -269662
27450 -269662
27480 -269662
27510 -269662
27540 -269662
27570 -269612
27600 -269612
27630 -269612
27660 -269612
27690 -269612
27720 -269612
27750 -269612
27780 -269612
27810 -269612
27840 -269612
27870 -269612
27900 -269612
27930 -269612
27960 -269612
27990 -269612
28020 -269612
28050 -269612
28080 -269612
28110 -269612
28140 -269612
28170 -269612
28200 -269612
28230 -269409
28260 -269409
28290 -269409
28320 -269409
28350 -269409
28380 -269409
28410 -269409
28440 -269409
28470 -269409
28500 -269409
28530 -269409
28560 -269409
28590 -269409
28620 -269409
28650 -269409
28680 -269409
28710 -269409
28740 -269409
28770 -269409
28800 -269409
28830 -269409
28860 -269409
28890 -269409
28920 -269409
28950 -269409
28980 -269409
29010 -269409
29040 -269409
29070 -269409
29100 -269404
29130 -269404
29160 -269404
29190 -269404
29220 -269404
29250 -269404
29280 -269404
29310 -269404
29340 -269404
29370 -269404
29400 -269404
29430 -269404
29460 -269404
29490 -269404
29520 -269404
29550 -269404
29580 -269404
29610 -269404
29640 -269404
29670 -269404
29700 -269388
29730 -269388
29760 -269388
29790 -269388
29820 -269252
29850 -269252
29880 -269252
29910 -269252
29940 -269252
29970 -269252
30000 -269010
30030 -269010
30060 -269010
30090 -269010
30120 -269010
30150 -269010
30180 -269010
30210 -269010
30240 -269010
30270 -269010
30300 -269010
30330 -269010
30360 -269010
30390 -269010
30420 -269010
30450 -269010
30480 -269010
30510 -269010
30540 -269010
30570 -269010
30600 -269010
30630 -268815
30660 -268815
30690 -268815
30720 -268815
30750 -268815
30780 -268815
30810 -268815
30840 -268815
30870 -268815
30900 -268815
30930 -268815
30960 -268815
30990 -268815
31020 -268815
31050 -268815
31080 -268569
31110 -268569
31140 -268569
31170 -268569
31200 -268569
31230 -268569
31260 -268569
31290 -268569
31320 -268569
31350 -268569
31380 -268569
31410 -268569
31440 -268569
31470 -268569
31500 -268569
31530 -268569
31560 -268569
31590 -268569
31620 -268569
31650 -268569
31680 -268569
31710 -268569
31740 -268557
31770 -268557
31800 -268557
31830 -268557
31860 -268557
31890 -268557
31920 -268557
31950 -268557
31980 -268557
32010 -268557
32040 -268557
32070 -268557
32100 -268557
32130 -268557
32160 -268557
32190 -268557
32220 -268557
32250 -268557
32280 -268489
32310 -268489
32340 -268489
32370 -267966
32400 -267966
32430 -267966
32460 -267966
32490 -267966
32520 -267966
32550 -267966
32580 -267966
32610 -267966
32640 -267966
32670 -267966
32700 -267966
32730 -267966
32760 -267966
32790 -267966
32820 -267703
32850 -267703
32880 -267703
32910 -267703
32940 -267703
32970 -267703
33000 -267703
33030 -267703
33060 -267703
33090 -267703
33120 -267703
33150 -267703
33180 -267703
33210 -267703
33240 -267703
33270 -267703
33300 -267703
33330 -267703
33360 -267703
33390 -267703
33420 -267703
33450 -267703
33480 -267703
33510 -267703
33540 -267703
33570 -267703
33600 -267703
33630 -267703
33660 -267703
33690 -267703
33720 -267703
33750 -267703
33780 -267703
33810 -267703
33840 -267703
33870 -267703
33900 -267703
33930 -267703
33960 -267703
33990 -267703
34020 -267703
34050 -267703
34080 -267703
34110 -267703
34140 -267703
34170 -267703
34200 -267703
34230 -267703
34260 -267703
34290 -267703
34320 -267703
34350 -267703
34380 -267703
34410 -267703
34440 -267703
34470 -267703
34500 -267703
34530 -267703
34560 -267703
34590 -267571
34620 -267571
34650 -267571
34680 -267571
34710 -267571
34740 -267571
34770 -267571
34800 -267562
34830 -267562
34860 -267562
34890 -267562
34920 -267562
34950 -267562
34980 -267553
35010 -267553
35040 -267553
35070 -267553
35100 -267553
35130 -267553
35160 -267553
35190 -267449
35220 -267449
35250 -267435
35280 -267435
35310 -267435
35340 -267435
35370 -267391
35400 -267391
35430 -267391
35460 -267391
35490 -267391
35520 -267391
35550 -267391
35580 -267391
35610 -267391
35640 -267391
35670 -267391
35700 -267391
35730 -267391
35760 -267391
35790 -267391
35820 -267391
35850 -267391
35880 -267391
35910 -267391
35940 -267391
35970 -267391
36000 -267391
36030 -267391
36060 -267391
36090 -267391
36120 -267391
36150 -267391
36180 -267391
36210 -267391
36240 -267391
36270 -267391
36300 -267391
36330 -267391
36360 -267391
36390 -267391
36420 -267391
36450 -267337
36480 -267337
36510 -267337
36540 -267337
36570 -267337
36600 -267337
36630 -267337
36660 -267337
36690 -267337
36720 -267337
36750 -267337
36780 -267337
36810 -267337
36840 -267337
36870 -267337
36900 -267337
36930 -267337
36960 -267337
36990 -267337
37020 -267337
37050 -267337
37080 -267337
37110 -267337
37140 -267337
37170 -267337
37200 -267337
37230 -267337
37260 -267337
37290 -267337
37320 -267337
37350 -267337
37380 -267337
37410 -267337
37440 -267337
37470 -267337
37500 -267337
37530 -267337
37560 -267337
37590 -267337
37620 -267337
37650 -267337
37680 -267255
37710 -267255
37740 -267255
37770 -267255
37800 -267255
37830 -267255
37860 -267255
37890 -267255
37920 -267255
37950 -267255
37980 -267255
38010 -267255
38040 -267255
38070 -267255
38100 -267255
38130 -267255
38160 -267255
38190 -267255
38220 -267255
38250 -267255
38280 -267255
38310 -267255
38340 -267255
38370 -267255
38400 -267255
38430 -267255
38460 -267255
38490 -267255
38520 -267255
38550 -267255
38580 -267255
38610 -267255
38640 -267255
38670 -267255
38700 -267255
38730 -267255
38760 -267255
38790 -267255
38820 -267255
38850 -267255
38880 -267255
38910 -267255
38940 -267255
38970 -267255
39000 -267255
39030 -267255
39060 -267255
39090 -267255
39120 -267255
39150 -267255
39180 -267255
39210 -267255
39240 -267255
39270 -267255
39300 -267255
39330 -267255
39360 -267255
39390 -267255
39420 -267255
39450 -267255
39480 -267255
39510 -267255
39540 -267255
39570 -267255
39600 -267255
39630 -267255
39660 -267255
39690 -267255
39720 -267255
39750 -267255
39780 -267255
39810 -267255
39840 -267255
39870 -267255
39900 -267255
39930 -267255
39960 -267255
39990 -267255
40020 -267255
40050 -267255
40080 -267255
40110 -267255
40140 -267255
40170 -267255
40200 -267255
40230 -267255
40260 -267255
40290 -267255
40320 -267255
40350 -267255
40380 -267255
40410 -267255
40440 -267255
40470 -267255
40500 -267255
40530 -267255
40560 -267255
40590 -267255
40620 -267255
40650 -267255
40680 -267255
40710 -267255
40740 -267255
40770 -267255
40800 -267255
40830 -267255
40860 -267255
40890 -267255
40920 -267255
40950 -267255
40980 -267137
41010 -267137
41040 -267137
41070 -267137
41100 -267137
41130 -267137
41160 -267137
41190 -267137
41220 -267137
41250 -267137
41280 -267137
41310 -267137
41340 -267137
41370 -267137
41400 -267098
41430 -267098
41460 -267098
41490 -267098
41520 -267098
41550 -267098
41580 -267098
41610 -267098
41640 -267098
41670 -267098
41700 -267098
41730 -267098
41760 -267098
41790 -267098
41820 -267098
41850 -267098
41880 -267098
41910 -267098
41940 -267098
41970 -266038
42000 -266038
42030 -266038
42060 -266038
42090 -266038
42120 -265522
42150 -265522
42180 -265522
42210 -265522
42240 -265522
42270 -265522
42300 -265522
42330 -265522
42360 -265442
42390 -265442
42420 -265442
42450 -265442
42480 -265442
42510 -265442
42540 -265442
42570 -265442
42600 -265442
42630 -265442
42660 -265346
42690 -265346
42720 -265346
42750 -265346
42780 -265346
42810 -265346
42840 -265346
42870 -265346
42900 -265346
42930 -265346
42960 -265346
42990 -265346
43020 -265346
43050 -265346
43080 -265346
43110 -265346
43140 -265346
43170 -265346
43200 -265346
43230 -265346
43260 -265346
43290 -265346
43320 -265346
43350 -265346
43380 -265346
43410 -265346
43440 -265346
43470 -265346
43500 -265346
43530 -265346
43560 -265346
43590 -265346
43620 -264987
43650 -264987
43680 -264987
43710 -264987
43740 -264987
43770 -264987
43800 -264987
43830 -264987
43860 -264987
43890 -264987
43920 -264987
43950 -264987
43980 -264987
44010 -264714
44040 -264714
44070 -264714
44100 -264714
44130 -264714
44160 -264714
44190 -264714
44220 -264714
44250 -264714
44280 -264714
44310 -264714
44340 -264714
44370 -264714
44400 -264714
44430 -264714
44460 -264714
44490 -264714
44520 -264714
44550 -264714
44580 -264714
44610 -264714
44640 -264714
44670 -264714
44700 -264714
44730 -264714
44760 -264714
44790 -264714
44820 -264714
44850 -264714
44880 -264714
44910 -264714
44940 -264714
44970 -264714
45000 -264714
45030 -264714
45060 -264714
45090 -264714
45120 -264714
45150 -264714
45180 -264714
45210 -264714
45240 -264714
45270 -264714
45300 -264714
45330 -264437
45360 -264437
45390 -264437
45420 -264437
45450 -264437
45480 -264437
45510 -264437
45540 -264437
45570 -264437
45600 -264437
45630 -264437
45660 -264437
45690 -264437
45720 -264437
45750 -264437
45780 -264437
45810 -264437
45840 -264437
45870 -264437
45900 -264437
45930 -264437
45960 -264437
45990 -264437
46020 -264437
46050 -264437
46080 -264437
46110 -264437
46140 -264437
46170 -264437
46200 -264437
46230 -264437
46260 -264437
46290 -264437
46320 -264437
46350 -264437
46380 -264437
46410 -264437
46440 -264437
46470 -264437
46500 -264437
46530 -264437
46560 -264437
46590 -264437
46620 -264437
46650 -264437
46680 -264437
46710 -264437
46740 -264437
46770 -264437
46800 -264437
46830 -264437
46860 -264437
46890 -264437
46920 -264437
46950 -264437
46980 -264434
47010 -264434
47040 -264434
47070 -264434
47100 -264434
47130 -264434
47160 -264434
47190 -264434
47220 -264434
47250 -264434
47280 -264434
47310 -264434
47340 -264434
47370 -264434
47400 -264434
47430 -264434
47460 -264434
47490 -264434
47520 -264434
47550 -264434
47580 -264434
47610 -264434
47640 -264434
47670 -264434
47700 -264434
47730 -264434
47760 -264434
47790 -264434
47820 -264434
47850 -264434
47880 -264434
47910 -264434
47940 -264434
47970 -264434
48000 -264434
48030 -264434
48060 -264434
48090 -264434
48120 -264434
48150 -264434
48180 -264434
48210 -264434
48240 -264434
48270 -264434
48300 -264434
48330 -264434
48360 -264398
48390 -264398
48420 -264398
48450 -264398
48480 -264398
48510 -264398
48540 -264398
48570 -264398
48600 -264398
48630 -264398
48660 -264398
48690 -264398
48720 -264341
48750 -264341
48780 -264341
48810 -264339
48840 -264339
48870 -264339
48900 -264339
48930 -264339
48960 -264339
48990 -264339
49020 -264339
49050 -264339
49080 -264339
49110 -264339
49140 -264339
49170 -264339
49200 -264339
49230 -264339
49260 -264206
49290 -264206
49320 -264206
49350 -264206
49380 -264206
49410 -264206
49440 -264206
49470 -264206
49500 -264206
49530 -264206
49560 -264206
49590 -264206
49620 -264206
49650 -264206
49680 -264206
49710 -264206
49740 -264206
49770 -264206
49800 -264206
49830 -264206
49860 -264206
49890 -264206
49920 -264206
49950 -264206
49980 -264206
50010 -264206
50040 -264206
50070 -264206
50100 -264206
50130 -264206
50160 -264206
50190 -264206
50220 -264206
50250 -264206
50280 -264206
50310 -264189
50340 -264189
50370 -264189
50400 -264189
50430 -264189
50460 -264189
50490 -264189
50520 -264189
50550 -264189
50580 -264189
50610 -264189
50640 -264189
50670 -264189
50700 -264189
50730 -264189
50760 -264189
50790 -264189
50820 -264189
50850 -264189
50880 -264189
50910 -264189
50940 -264189
50970 -264189
51000 -264189
51030 -264189
51060 -264189
51090 -264189
51120 -264084
51150 -264084
51180 -264084
51210 -264084
51240 -264084
51270 -264084
51300 -264084
51330 -264084
51360 -264084
51390 -264084
51420 -264084
51450 -264084
51480 -264084
