60 -305214
90 -301760
120 -301760
150 -301760
180 -299293
210 -299293
240 -298308
270 -298308
300 -298042
330 -298042
360 -298042
390 -298042
420 -298042
450 -297744
480 -297744
510 -297744
540 -297744
570 -297662
600 -297662
630 -297662
660 -297444
690 -297444
720 -297444
750 -297444
780 -294741
810 -294741
840 -294741
870 -293726
900 -293726
930 -293726
960 -293726
990 -293726
1020 -293522
1050 -293522
1080 -293522
1110 -293522
1140 -292983
1170 -292983
1200 -292983
1230 -292983
1260 -292983
1290 -292983
1320 -292983
1350 -292983
1380 -292816
1410 -292816
1440 -292816
1470 -292816
1500 -292816
1530 -292816
1560 -292816
1590 -292816
1620 -292618
1650 -292606
1680 -292606
1710 -292055
1740 -292055
1770 -291697
1800 -291697
1830 -290764
1860 -290764
1890 -290764
1920 -289714
1950 -289714
1980 -289714
2010 -289714
2040 -289714
2070 -289714
2100 -289714
2130 -289714
2160 -289714
2190 -289714
2220 -288160
2250 -288160
2280 -288089
2310 -288089
2340 -288089
2370 -287296
2400 -287080
2430 -287080
2460 -287080
2490 -286390
2520 -286390
2550 -286301
2580 -286301
2610 -286301
2640 -286301
2670 -285751
2700 -285751
2730 -285751
2760 -285751
2790 -285751
2820 -285751
2850 -285751
2880 -285202
2910 -285202
2940 -285202
2970 -285202
3000 -284655
3030 -284655
3060 -284655
3090 -284655
3120 -284655
3150 -284655
3180 -284655
3210 -284655
3240 -284655
3270 -284573
3300 -284424
3330 -284424
3360 -284424
3390 -284424
3420 -284424
3450 -284424
3480 -284424
3510 -284424
3540 -284424
3570 -284424
3600 -284424
3630 -284424
3660 -283787
3690 -283787
3720 -283787
3750 -283787
3780 -283787
3810 -283787
3840 -283787
3870 -283787
3900 -283741
3930 -283741
3960 -282931
3990 -282931
4020 -282869
4050 -282869
4080 -282869
4110 -282869
4140 -282869
4170 -282869
4200 -282869
4230 -282758
4260 -282758
4290 -282758
4320 -282758
4350 -282758
4380 -282179
4410 -282179
4440 -282176
4470 -282176
4500 -282176
4530 -282176
4560 -282176
4590 -282141
4620 -282141
4650 -282141
4680 -282105
4710 -282105
4740 -279963
4770 -279963
4800 -279963
4830 -279963
4860 -279963
4890 -279963
4920 -279963
4950 -279963
4980 -279963
5010 -279963
5040 -279963
5070 -278673
5100 -278673
5130 -278673
5160 -278673
5190 -278673
5220 -278405
5250 -278405
5280 -278405
5310 -278405
5340 -278405
5370 -278405
5400 -278370
5430 -278370
5460 -278370
5490 -278370
5520 -278370
5550 -278236
5580 -278236
5610 -278236
5640 -277735
5670 -277735
5700 -277090
5730 -277090
5760 -277090
5790 -277090
5820 -276836
5850 -276724
5880 -276724
5910 -276724
5940 -276724
5970 -276724
6000 -276724
6030 -276724
6060 -276724
6090 -276535
6120 -276534
6150 -276534
6180 -276534
6210 -276534
6240 -276534
6270 -276534
6300 -276534
6330 -276534
6360 -276534
6390 -276534
6420 -276534
6450 -276534
6480 -276534
6510 -276534
6540 -276534
6570 -276534
6600 -276534
6630 -276534
6660 -276343
6690 -276259
6720 -276259
6750 -276259
6780 -276044
6810 -276044
6840 -276044
6870 -276044
6900 -276044
6930 -276044
6960 -276044
6990 -276044
7020 -276044
7050 -276044
7080 -276044
7110 -276044
7140 -276044
7170 -276044
7200 -276044
7230 -276044
7260 -276044
7290 -275889
7320 -275889
7350 -275889
7380 -275889
7410 -275889
7440 -275889
7470 -275889
7500 -275889
7530 -275889
7560 -275889
7590 -275889
7620 -275889
7650 -275889
7680 -275889
7710 -275889
7740 -275889
7770 -275889
7800 -275889
7830 -275889
7860 -275889
7890 -275889
7920 -275889
7950 -275889
7980 -275889
8010 -275889
8040 -275822
8070 -275822
8100 -275822
8130 -275822
8160 -275822
8190 -275822
8220 -275822
8250 -275822
8280 -275822
8310 -275822
8340 -275822
8370 -275822
8400 -275822
8430 -275822
8460 -275822
8490 -275822
8520 -275822
8550 -275822
8580 -275713
8610 -275713
8640 -275713
8670 -275713
8700 -275713
8730 -275613
8760 -275613
8790 -275613
8820 -275613
8850 -275613
8880 -275613
8910 -275613
8940 -275613
8970 -275613
9000 -275613
9030 -275613
9060 -275613
9090 -275613
9120 -275613
9150 -275613
9180 -275613
9210 -275613
9240 -275613
9270 -275613
9300 -275582
9330 -275582
9360 -275582
9390 -275582
9420 -275500
9450 -275500
9480 -275500
9510 -275500
9540 -275500
9570 -275500
9600 -275500
9630 -275500
9660 -275500
9690 -275500
9720 -275500
9750 -275500
9780 -275500
9810 -275500
9840 -275500
9870 -275500
9900 -275500
9930 -275500
9960 -275500
9990 -275500
10020 -275500
10050 -275500
10080 -275500
10110 -275500
10140 -275500
10170 -275500
10200 -275500
10230 -275403
10260 -275403
10290 -275403
10320 -275403
10350 -275403
10380 -275403
10410 -275403
10440 -275273
10470 -275273
10500 -274429
10530 -274429
10560 -274429
10590 -274429
10620 -274429
10650 -274429
10680 -274429
10710 -274429
10740 -274429
10770 -274429
10800 -274429
10830 -274429
10860 -274429
10890 -274429
10920 -274429
10950 -273644
10980 -273583
11010 -273583
11040 -273583
11070 -273583
11100 -273583
11130 -273583
11160 -273583
11190 -273583
11220 -273583
11250 -273583
11280 -273583
11310 -273583
11340 -273583
11370 -273583
11400 -273583
11430 -273583
11460 -273583
11490 -273583
11520 -273583
11550 -273583
11580 -273583
11610 -273583
11640 -273583
11670 -273583
11700 -273583
11730 -273583
11760 -273583
11790 -273583
11820 -273583
11850 -273583
11880 -273583
11910 -273583
11940 -273583
11970 -273583
12000 -273583
12030 -273583
12060 -273583
12090 -273583
12120 -273569
12150 -273569
12180 -273569
12210 -273569
12240 -273569
12270 -273569
12300 -273569
12330 -273569
12360 -273569
12390 -273569
12420 -273569
12450 -273569
12480 -273569
12510 -273569
12540 -273569
12570 -273569
12600 -273569
12630 -273569
12660 -273569
12690 -273569
12720 -273569
12750 -273569
12780 -273569
12810 -273569
12840 -273569
12870 -273569
12900 -273569
12930 -273569
12960 -273569
12990 -273569
13020 -273569
13050 -273569
13080 -273569
13110 -273569
13140 -273569
13170 -273569
13200 -273569
13230 -273569
13260 -273569
13290 -273569
13320 -273569
13350 -273569
13380 -273569
13410 -273569
13440 -273569
13470 -273569
13500 -273569
13530 -273569
13560 -273569
13590 -273569
13620 -273569
13650 -273569
13680 -273504
13710 -273504
13740 -273504
13770 -273504
13800 -273504
13830 -273504
13860 -273504
13890 -273504
13920 -273504
13950 -273504
13980 -273504
14010 -273504
14040 -273504
14070 -273504
14100 -273504
14130 -273504
14160 -273504
14190 -273504
14220 -273504
14250 -273504
14280 -273504
14310 -273504
14340 -273504
14370 -273504
14400 -273504
14430 -273504
14460 -273446
14490 -272934
14520 -272934
14550 -272934
14580 -272934
14610 -272934
14640 -272934
14670 -272934
14700 -272934
14730 -272934
14760 -272934
14790 -272934
14820 -272934
14850 -272934
14880 -272934
14910 -272934
14940 -272934
14970 -272934
15000 -272934
15030 -272934
15060 -272934
15090 -272877
15120 -272877
15150 -272877
15180 -272877
15210 -272877
15240 -272877
15270 -272877
15300 -272877
15330 -272877
15360 -272877
15390 -272877
15420 -272877
15450 -272877
15480 -272877
15510 -272877
15540 -272877
15570 -272877
15600 -272877
15630 -272877
15660 -272877
15690 -272877
15720 -272877
15750 -272877
15780 -272877
15810 -272877
15840 -272877
15870 -272619
15900 -272619
15930 -272619
15960 -272619
15990 -272619
16020 -272615
16050 -272615
16080 -272615
16110 -272615
16140 -272615
16170 -272615
16200 -272615
16230 -272615
16260 -272615
16290 -272554
16320 -272554
16350 -272554
16380 -272554
16410 -272554
16440 -272554
16470 -272554
16500 -272554
16530 -272554
16560 -272554
16590 -272554
16620 -272554
16650 -272554
16680 -272554
16710 -272554
16740 -272554
16770 -272554
16800 -272554
16830 -272554
16860 -272554
16890 -272554
16920 -272554
16950 -272449
16980 -272449
17010 -272449
17040 -272335
17070 -272335
17100 -272214
17130 -272052
17160 -272052
17190 -272052
17220 -272052
17250 -271673
17280 -271673
17310 -271673
17340 -271673
17370 -271673
17400 -271673
17430 -271673
17460 -271673
17490 -271673
17520 -271673
17550 -271673
17580 -271673
17610 -271673
17640 -271673
17670 -271673
17700 -271673
17730 -271673
17760 -271673
17790 -271673
17820 -271673
17850 -271673
17880 -271673
17910 -271673
17940 -271673
17970 -271673
18000 -271673
18030 -271673
18060 -271673
18090 -271673
18120 -271673
18150 -271673
18180 -271673
18210 -271673
18240 -271673
18270 -271162
18300 -271162
18330 -271162
18360 -271162
18390 -271162
18420 -271162
18450 -271021
18480 -271021
18510 -271021
18540 -271021
18570 -271021
18600 -271021
18630 -271021
18660 -271021
18690 -271021
18720 -271021
18750 -271021
18780 -271021
18810 -271021
18840 -271021
18870 -271021
18900 -271021
18930 -271021
18960 -271021
18990 -271021
19020 -271021
19050 -271021
19080 -271021
19110 -270973
19140 -270973
19170 -270973
19200 -268497
19230 -268497
19260 -268497
19290 -268497
19320 -268497
19350 -268497
19380 -268497
19410 -268497
19440 -268497
19470 -268497
19500 -268497
19530 -268497
19560 -268497
19590 -268497
19620 -268497
19650 -268442
19680 -268442
19710 -268442
19740 -268442
19770 -268442
19800 -268442
19830 -268442
19860 -268442
19890 -268442
19920 -268442
19950 -268442
19980 -268442
20010 -268442
20040 -268442
20070 -268442
20100 -268442
20130 -268442
20160 -268442
20190 -268442
20220 -268442
20250 -268442
20280 -268442
20310 -268442
20340 -268442
20370 -268442
20400 -268442
20430 -268442
20460 -268442
20490 -268442
20520 -268442
20550 -268442
20580 -268442
20610 -268442
20640 -268442
20670 -268442
20700 -268442
20730 -268442
20760 -268442
20790 -268442
20820 -268442
20850 -268280
20880 -268280
20910 -268280
20940 -268280
20970 -268280
21000 -268280
21030 -268280
21060 -268280
21090 -268280
21120 -268280
21150 -268280
21180 -268280
21210 -268280
21240 -268280
21270 -268280
21300 -268259
21330 -268191
21360 -268191
21390 -268191
21420 -268191
21450 -268191
21480 -268191
21510 -268191
21540 -268191
21570 -268191
21600 -268191
21630 -268191
21660 -268191
21690 -268191
21720 -268191
21750 -268191
21780 -268191
21810 -268191
21840 -268191
21870 -268191
21900 -268191
21930 -268191
21960 -268191
21990 -268191
22020 -268191
22050 -268191
22080 -268191
22110 -268191
22140 -268191
22170 -268191
22200 -268191
22230 -268191
22260 -268191
22290 -268191
22320 -268191
22350 -268191
22380 -268191
22410 -268191
22440 -268191
22470 -268191
22500 -268191
22530 -268191
22560 -268191
22590 -268191
22620 -268191
22650 -268191
22680 -268191
22710 -268191
22740 -268191
22770 -268191
22800 -268191
22830 -268080
22860 -268080
22890 -268080
22920 -268080
22950 -268080
22980 -268080
23010 -267905
23040 -267905
23070 -267905
23100 -267905
23130 -267905
23160 -267905
23190 -267905
23220 -267905
23250 -267905
23280 -267905
23310 -267905
23340 -267905
23370 -267905
23400 -267905
23430 -267905
23460 -267905
23490 -267905
23520 -267905
23550 -267905
23580 -267905
23610 -267905
23640 -267905
23670 -267905
23700 -267905
23730 -267905
23760 -267905
23790 -267905
23820 -267905
23850 -267905
23880 -267905
23910 -267905
23940 -267905
23970 -267905
24000 -267762
24030 -267762
24060 -267762
24090 -267762
24120 -267762
24150 -267762
24180 -267762
24210 -267762
24240 -267762
24270 -267762
24300 -267762
24330 -267762
24360 -267762
24390 -267762
24420 -267762
24450 -267762
24480 -267762
24510 -267762
24540 -267762
24570 -267762
24600 -267762
24630 -267762
24660 -267762
24690 -267762
24720 -267757
24750 -267757
24780 -267757
24810 -267757
24840 -267550
24870 -267550
24900 -267550
24930 -267550
24960 -267550
24990 -267550
25020 -267550
25050 -267550
25080 -267550
25110 -267550
25140 -267550
25170 -267550
25200 -267550
25230 -267550
25260 -267550
25290 -267550
25320 -267550
25350 -267550
25380 -267550
25410 -267550
25440 -267550
25470 -267550
25500 -267550
25530 -267550
25560 -267550
25590 -267550
25620 -267550
25650 -267550
25680 -267550
25710 -267550
25740 -267550
25770 -267550
25800 -267550
25830 -267294
25860 -267294
25890 -267294
25920 -267294
25950 -267294
25980 -267294
26010 -267294
26040 -267294
26070 -267294
26100 -267294
26130 -267294
26160 -267294
26190 -267294
26220 -267266
26250 -267205
26280 -267205
26310 -267205
26340 -267205
26370 -267205
26400 -267205
26430 -267205
26460 -267205
26490 -267205
26520 -267205
26550 -267205
26580 -267205
26610 -267205
26640 -267205
26670 -267205
26700 -267205
26730 -267205
26760 -267205
26790 -267205
26820 -267205
26850 -267205
26880 -267205
26910 -267205
26940 -267205
26970 -267205
27000 -267205
27030 -267205
27060 -267205
27090 -267205
27120 -267205
27150 -267205
27180 -267205
27210 -267205
27240 -267205
27270 -267205
27300 -267205
27330 -267205
27360 -267205
27390 -267205
27420 -267205
27450 -267205
27480 -267205
27510 -267205
27540 -267205
27570 -267205
27600 -267205
27630 -267205
27660 -267205
27690 -267205
27720 -267205
27750 -267205
27780 -267205
27810 -267205
27840 -267205
27870 -267205
27900 -267205
27930 -267205
27960 -267205
27990 -267205
28020 -267205
28050 -266742
28080 -266742
28110 -266742
28140 -266742
28170 -266742
28200 -266609
28230 -266609
28260 -266609
28290 -266404
28320 -266404
28350 -266404
28380 -266404
28410 -266404
28440 -266404
28470 -266404
28500 -266404
28530 -266404
28560 -266404
28590 -266404
28620 -266404
28650 -266404
28680 -266404
28710 -266404
28740 -266404
28770 -266404
28800 -266404
28830 -266404
28860 -266404
28890 -266404
28920 -266404
28950 -266404
28980 -266404
29010 -266404
29040 -266404
29070 -266404
29100 -266404
29130 -266404
29160 -266404
29190 -266404
29220 -266404
29250 -266404
29280 -266404
29310 -266404
29340 -266404
29370 -266404
29400 -266404
29430 -266218
29460 -266218
29490 -266218
29520 -266218
29550 -266218
29580 -266218
29610 -266218
29640 -266218
29670 -266218
29700 -266218
29730 -266218
29760 -266218
29790 -266218
29820 -266218
29850 -266218
29880 -266218
29910 -266218
29940 -266218
29970 -266218
30000 -266218
30030 -266218
30060 -266218
30090 -266218
30120 -266218
30150 -265521
30180 -265521
30210 -265521
30240 -265521
30270 -265521
30300 -265521
30330 -265521
30360 -265521
30390 -265521
30420 -265521
30450 -265521
30480 -265521
30510 -265521
30540 -265521
30570 -265521
30600 -265521
30630 -265521
30660 -265521
30690 -265521
30720 -265521
30750 -265521
30780 -265521
30810 -265521
30840 -265521
30870 -265521
30900 -265521
30930 -265521
30960 -265521
30990 -265521
31020 -265521
31050 -265521
31080 -265521
31110 -265521
31140 -265521
31170 -265521
31200 -265521
31230 -265521
31260 -265521
31290 -265521
31320 -265521
31350 -265521
31380 -265521
31410 -265521
31440 -265521
31470 -265521
31500 -265521
31530 -265521
31560 -265521
31590 -265521
31620 -265521
31650 -265521
31680 -265521
31710 -265521
31740 -265521
31770 -265521
31800 -265260
31830 -265260
31860 -265260
31890 -265260
31920 -265260
31950 -265260
31980 -265025
32010 -265025
32040 -265025
32070 -265025
32100 -265025
32130 -265025
32160 -265025
32190 -265025
32220 -265025
32250 -264933
32280 -264933
32310 -264933
32340 -264933
32370 -264933
32400 -264933
32430 -264933
32460 -264933
32490 -264933
32520 -264933
32550 -264933
32580 -264933
32610 -264933
32640 -264933
32670 -264933
32700 -264933
32730 -264933
32760 -264933
32790 -264933
32820 -264933
32850 -264933
32880 -264933
32910 -264933
32940 -264933
32970 -264933
33000 -264933
33030 -264933
33060 -264933
33090 -264933
33120 -264933
33150 -264933
33180 -264933
33210 -264905
33240 -264905
33270 -264905
33300 -264905
33330 -264905
33360 -264905
33390 -264905
33420 -264905
33450 -264905
33480 -264905
33510 -264905
33540 -264905
33570 -264905
33600 -264905
33630 -264905
33660 -264905
33690 -264588
33720 -264428
33750 -264407
33780 -264407
33810 -264407
33840 -264407
33870 -264407
33900 -264407
33930 -264407
33960 -264407
33990 -264407
34020 -264407
34050 -264407
34080 -264407
34110 -264407
34140 -264407
34170 -264407
34200 -264407
34230 -264407
34260 -264407
34290 -264407
34320 -264407
34350 -264407
34380 -264407
34410 -264407
34440 -264407
34470 -264407
34500 -264407
34530 -264407
34560 -264407
34590 -264407
34620 -264385
34650 -264385
34680 -264385
34710 -264385
34740 -264385
34770 -264385
34800 -264385
34830 -264385
34860 -264385
34890 -264385
34920 -264385
34950 -264385
34980 -264385
35010 -264385
35040 -264385
35070 -264385
35100 -264385
35130 -264385
35160 -264385
35190 -264385
35220 -264385
35250 -264385
35280 -264385
35310 -264385
35340 -264385
35370 -264385
35400 -264385
35430 -264385
35460 -264385
35490 -264385
35520 -264385
35550 -264385
35580 -264385
35610 -264385
35640 -264385
35670 -264385
35700 -264385
35730 -264385
35760 -263956
35790 -263956
35820 -263956
35850 -263956
35880 -263956
35910 -263956
35940 -263956
35970 -263956
36000 -263767
36030 -263767
36060 -263767
36090 -263767
36120 -263767
36150 -263767
36180 -263767
36210 -263767
36240 -263767
36270 -263767
36300 -263767
36330 -263767
36360 -263767
36390 -263767
36420 -263767
36450 -263767
36480 -263767
36510 -263728
36540 -263728
36570 -263728
36600 -263655
36630 -263655
36660 -263655
36690 -263655
36720 -263655
36750 -263655
36780 -263655
36810 -263655
36840 -263655
36870 -263655
36900 -263655
36930 -263655
36960 -263655
36990 -263655
37020 -263592
37050 -263592
37080 -263592
37110 -263592
37140 -263592
37170 -263592
37200 -263592
37230 -263592
37260 -263592
37290 -263592
37320 -263592
37350 -263592
37380 -263592
37410 -263592
37440 -263592
37470 -263592
37500 -263592
37530 -263592
37560 -263592
37590 -263592
37620 -263592
37650 -263592
37680 -263592
37710 -263592
37740 -263592
37770 -263592
37800 -263592
37830 -263592
37860 -263592
37890 -263592
37920 -263592
37950 -263592
37980 -263592
38010 -263592
38040 -263592
38070 -263592
38100 -263592
38130 -263592
38160 -263592
38190 -263592
38220 -263592
38250 -263592
38280 -263592
38310 -263592
38340 -263592
38370 -263592
38400 -263592
38430 -263592
38460 -263592
38490 -263592
38520 -263592
38550 -263592
38580 -263592
38610 -263592
38640 -263592
38670 -263592
38700 -263580
38730 -263580
38760 -263580
38790 -263580
38820 -263580
38850 -263580
38880 -263580
38910 -263580
38940 -263580
38970 -263532
39000 -263532
39030 -263532
39060 -263532
39090 -263532
39120 -263532
39150 -263532
39180 -263532
39210 -263532
39240 -263532
39270 -263532
39300 -263532
39330 -263532
39360 -263532
39390 -263532
39420 -263532
39450 -263532
39480 -263532
39510 -263532
39540 -263532
39570 -263532
39600 -263532
39630 -263532
39660 -263532
39690 -263532
39720 -263532
39750 -263532
39780 -263532
39810 -263532
39840 -263532
39870 -263532
39900 -263532
39930 -263464
39960 -263464
39990 -263464
40020 -263464
40050 -263464
40080 -263464
40110 -263464
40140 -263464
40170 -263464
40200 -263464
40230 -263464
40260 -263464
40290 -263464
40320 -263464
40350 -263464
40380 -263464
40410 -263464
40440 -263464
40470 -263464
40500 -263464
40530 -263464
40560 -263464
40590 -263464
40620 -263464
40650 -263464
40680 -263464
40710 -263464
40740 -263464
40770 -263464
40800 -263464
40830 -263464
40860 -263464
40890 -263464
40920 -263464
40950 -263464
40980 -263464
41010 -263464
41040 -263464
41070 -263464
41100 -263464
41130 -263464
41160 -263464
41190 -263464
41220 -263464
41250 -263464
41280 -263464
41310 -263464
41340 -263464
41370 -263464
41400 -263464
41430 -263464
41460 -263464
41490 -263424
41520 -263424
41550 -263424
41580 -263424
41610 -263424
41640 -263424
41670 -263424
41700 -263424
41730 -263424
41760 -263424
41790 -263424
41820 -263424
41850 -263424
41880 -263424
41910 -263424
41940 -263424
41970 -263424
42000 -263424
42030 -263424
42060 -263424
42090 -263424
42120 -263424
42150 -263424
42180 -263424
42210 -263424
42240 -263424
42270 -263424
42300 -263424
42330 -263424
42360 -263424
42390 -263424
42420 -263424
42450 -263424
42480 -263424
42510 -263424
42540 -263424
42570 -263424
42600 -263424
42630 -263424
42660 -263424
42690 -263424
42720 -263424
42750 -263398
42780 -263398
42810 -263398
42840 -263398
42870 -263398
42900 -263398
42930 -263398
42960 -263398
42990 -263398
43020 -263398
43050 -263398
43080 -263398
43110 -263398
43140 -263398
43170 -263398
43200 -263398
43230 -263398
43260 -263398
43290 -263398
43320 -263398
43350 -263398
43380 -263364
43410 -263364
43440 -263364
43470 -263364
43500 -263364
43530 -263364
43560 -263364
43590 -263364
43620 -263364
43650 -263364
43680 -263364
43710 -263364
43740 -263364
43770 -263364
43800 -263364
43830 -263364
43860 -263364
43890 -263364
43920 -263364
43950 -263364
43980 -263364
44010 -263364
44040 -263364
44070 -263364
44100 -263364
44130 -263364
44160 -263364
44190 -263364
44220 -263364
44250 -263364
44280 -263364
44310 -263364
44340 -263364
44370 -263364
44400 -263364
44430 -263364
44460 -263364
44490 -263364
44520 -263364
44550 -263364
44580 -263364
44610 -263364
44640 -263364
44670 -263364
44700 -263364
44730 -263364
44760 -263364
44790 -263364
44820 -263364
44850 -263364
44880 -263364
44910 -263364
44940 -263364
44970 -263364
45000 -263364
45030 -263364
45060 -263364
45090 -263364
45120 -263364
45150 -263364
45180 -263364
45210 -263364
45240 -263341
45270 -263341
45300 -263341
45330 -263341
45360 -263341
45390 -263341
45420 -263341
45450 -263341
45480 -263341
45510 -263341
45540 -263341
45570 -263341
45600 -263341
45630 -263341
45660 -263341
45690 -263341
45720 -263341
45750 -263341
45780 -263341
45810 -263341
45840 -263341
45870 -263341
45900 -263341
45930 -263341
45960 -263341
45990 -263341
46020 -263341
46050 -263341
46080 -263341
46110 -263341
46140 -263341
46170 -263341
46200 -263341
46230 -263341
46260 -263338
46290 -263338
46320 -263338
46350 -263338
46380 -263338
46410 -263338
46440 -263338
46470 -263291
46500 -263291
46530 -263291
46560 -263291
46590 -263291
46620 -263273
46650 -263273
46680 -263273
46710 -263273
46740 -263273
46770 -263273
46800 -263273
46830 -263273
46860 -263273
46890 -263273
46920 -263273
46950 -263273
46980 -263273
47010 -263273
47040 -263273
47070 -263273
47100 -263273
47130 -263273
47160 -263273
47190 -263273
47220 -263273
47250 -263273
47280 -263273
47310 -263273
47340 -263273
47370 -263273
47400 -263273
47430 -263273
47460 -263273
47490 -263107
47520 -263107
47550 -263030
47580 -263030
47610 -263030
47640 -263030
47670 -263030
47700 -263030
47730 -263030
47760 -263030
47790 -263030
47820 -263030
47850 -263030
47880 -263030
47910 -263030
47940 -263030
47970 -263030
48000 -263030
48030 -263030
48060 -263030
48090 -263030
48120 -263030
48150 -263030
48180 -263030
48210 -262968
48240 -262946
48270 -262946
48300 -262946
48330 -262946
48360 -262946
48390 -262946
48420 -262946
48450 -262946
48480 -262946
48510 -262946
48540 -262946
48570 -262946
48600 -262946
48630 -262946
48660 -262946
48690 -262946
48720 -262946
48750 -262946
48780 -262946
48810 -262946
48840 -262946
48870 -262946
48900 -262946
48930 -262946
48960 -262946
48990 -262946
49020 -262946
49050 -262946
49080 -262946
49110 -262946
49140 -262946
49170 -262946
49200 -262946
49230 -262946
49260 -262946
49290 -262946
49320 -262946
49350 -262946
49380 -262946
49410 -262946
49440 -262946
49470 -262946
49500 -262946
49530 -262931
49560 -262931
49590 -262931
49620 -262931
49650 -262931
49680 -262931
49710 -262931
49740 -262931
49770 -262931
49800 -262931
49830 -262931
49860 -262931
49890 -262931
49920 -262931
49950 -262931
49980 -262931
50010 -262931
50040 -262931
50070 -262931
50100 -262931
50130 -262931
50160 -262931
50190 -262931
50220 -262931
50250 -262931
50280 -262931
50310 -262931
50340 -262931
50370 -262931
50400 -262931
50430 -262931
50460 -262931
50490 -262888
50520 -262888
50550 -262888
50580 -262888
50610 -262888
50640 -262888
50670 -262888
50700 -262888
50730 -262888
50760 -262888
50790 -262888
50820 -262888
50850 -262888
50880 -262888
50910 -262888
50940 -262888
50970 -262888
51000 -262888
51030 -262888
51060 -262888
51090 -262888
51120 -262888
51150 -262888
51180 -262888
51210 -262041
51240 -262041
51270 -262041
51300 -262041
51330 -262041
51360 -262041
51390 -262041
51420 -262041
51450 -262041
51480 -262041
51510 -262041
51540 -262041
51570 -262041
51600 -262041
51630 -262041
51660 -262041
51690 -262041
51720 -262041
51750 -262041
51780 -262041
51810 -262041
51840 -262041
51870 -262041
51900 -262041
51930 -262041
51960 -262041
51990 -262041
52020 -262041
52050 -262041
52080 -262041
52110 -262041
52140 -262041
52170 -262041
52200 -262041
52230 -262041
52260 -262041
52290 -262041
52320 -262041
52350 -262041
52380 -262041
52410 -262016
52440 -262016
52470 -262016
52500 -262016
52530 -262016
52560 -262016
52590 -262016
52620 -262016
52650 -262016
52680 -262016
52710 -262016
52740 -262016
52770 -262016
52800 -262016
52830 -261940
52860 -261940
52890 -261940
52920 -261940
52950 -261940
52980 -261940
53010 -261940
53040 -261940
53070 -261940
53100 -261940
53130 -261940
53160 -261940
53190 -261940
53220 -261940
53250 -261940
53280 -261940
53310 -261940
53340 -261940
53370 -261940
53400 -261901
53430 -261901
53460 -261901
53490 -261901
53520 -261901
53550 -261901
53580 -261901
53610 -261901
53640 -261901
53670 -261901
53700 -261901
53730 -261901
53760 -261891
53790 -261891
53820 -261891
53850 -261891
53880 -261891
53910 -261891
53940 -261891
53970 -261891
54000 -261891
54030 -261891
54060 -261891
54090 -261891
54120 -261891
54150 -261883
54180 -261883
54210 -261883
54240 -261883
54270 -261883
54300 -261883
54330 -261883
54360 -261883
54390 -261883
54420 -261883
54450 -261883
54480 -261883
54510 -261883
54540 -261883
54570 -261883
54600 -261883
54630 -261883
54660 -261810
54690 -261810
54720 -261445
54750 -261445
54780 -261445
54810 -261445
54840 -261445
54870 -261445
54900 -261445
54930 -261445
54960 -261445
54990 -261445
55020 -261445
55050 -261445
55080 -261445
55110 -261445
55140 -261445
55170 -261445
55200 -261445
55230 -261445
55260 -261445
55290 -261445
55320 -261445
55350 -261445
55380 -261445
55410 -261445
55440 -261445
55470 -261445
55500 -261445
55530 -261445
55560 -261445
55590 -261445
55620 -261445
55650 -261445
55680 -261445
55710 -261445
55740 -261445
55770 -261445
55800 -261445
55830 -261445
55860 -261445
55890 -261445
55920 -261445
55950 -261445
55980 -261445
56010 -261445
56040 -261445
56070 -261445
56100 -261445
56130 -261445
56160 -261445
56190 -261445
56220 -261441
56250 -261441
56280 -261441
56310 -261441
56340 -261441
56370 -261441
56400 -261441
56430 -261441
56460 -261441
56490 -261441
56520 -261441
56550 -261441
56580 -261441
56610 -261441
56640 -261441
56670 -261396
56700 -261396
56730 -261396
56760 -261396
56790 -261396
56820 -261396
56850 -261396
56880 -261396
56910 -261396
56940 -261396
56970 -261396
57000 -261396
57030 -261396
57060 -261396
57090 -261396
57120 -261396
57150 -261396
57180 -261396
57210 -261396
57240 -261396
57270 -261396
57300 -261396
57330 -261396
57360 -261396
57390 -261396
57420 -261396
57450 -261396
57480 -261396
57510 -261396
57540 -261396
57570 -261396
57600 -261396
57630 -261396
57660 -261396
57690 -261396
57720 -261396
57750 -261396
57780 -261396
57810 -261396
57840 -261396
57870 -261396
57900 -261396
57930 -261396
57960 -261396
57990 -261396
58020 -261396
58050 -261396
58080 -261396
58110 -261396
58140 -261396
58170 -261396
58200 -261396
58230 -261396
58260 -260999
58290 -260999
58320 -260999
58350 -260999
58380 -260999
58410 -260999
58440 -260999
58470 -260999
58500 -260999
58530 -260999
58560 -260999
58590 -260627
58620 -260627
58650 -260627
58680 -260627
58710 -260627
58740 -260627
58770 -260627
58800 -260627
58830 -260627
58860 -260627
58890 -260627
58920 -260627
58950 -260627
58980 -260627
59010 -260627
59040 -260627
59070 -260627
59100 -260627
59130 -260627
59160 -260627
59190 -260627
59220 -260627
59250 -260627
59280 -260627
59310 -260627
59340 -260627
59370 -260627
59400 -260627
59430 -260627
59460 -260627
59490 -260627
59520 -260627
59550 -260627
59580 -260627
59610 -260627
59640 -260522
59670 -260522
59700 -260522
59730 -260522
59760 -260522
59790 -260522
59820 -260522
59850 -260522
59880 -260522
59910 -260522
59940 -260522
59970 -260522
60000 -260522
60030 -260522
60060 -260522
60090 -260522
60120 -260522
60150 -260522
60180 -260522
60210 -260522
60240 -260522
60270 -260522
60300 -260522
60330 -260522
60360 -260522
60390 -260522
60420 -260522
60450 -260522
60480 -260522
60510 -260522
60540 -260522
60570 -260522
60600 -260522
60630 -260522
60660 -260522
60690 -260522
60720 -260522
60750 -260522
60780 -260522
60810 -260522
60840 -260522
60870 -260522
60900 -260382
60930 -260382
60960 -260382
60990 -260382
61020 -260382
61050 -260382
61080 -260382
61110 -260382
61140 -260382
61170 -260382
61200 -260382
61230 -260382
61260 -260382
61290 -260382
61320 -260382
61350 -260382
61380 -260382
61410 -260382
61440 -260382
61470 -260382
61500 -260382
61530 -260382
61560 -260382
61590 -260382
61620 -260382
61650 -260360
61680 -260360
61710 -260360
61740 -260360
61770 -260360
61800 -260360
61830 -260360
61860 -260360
61890 -260360
61920 -260360
61950 -260360
61980 -260360
62010 -260360
62040 -260360
62070 -260360
62100 -260360
62130 -260360
62160 -260360
62190 -260360
62220 -260360
62250 -260360
62280 -260360
62310 -260360
62340 -260360
62370 -260360
62400 -260360
62430 -260360
62460 -260360
62490 -260360
62520 -260360
62550 -260360
62580 -260360
62610 -260360
62640 -260360
62670 -260360
62700 -260360
62730 -260360
62760 -260360
62790 -260360
62820 -260360
62850 -260360
62880 -260360
62910 -260360
62940 -260360
62970 -260360
63000 -260360
63030 -260360
63060 -260360
63090 -260360
63120 -260360
63150 -260360
63180 -260360
63210 -260360
63240 -260360
63270 -260360
63300 -260360
63330 -260360
63360 -260360
63390 -260360
63420 -260360
63450 -260360
63480 -260360
63510 -260360
63540 -260360
63570 -260360
63600 -260360
63630 -260360
63660 -260360
63690 -260360
63720 -260360
63750 -260360
63780 -260360
63810 -260360
63840 -260360
63870 -260360
63900 -260360
63930 -260360
63960 -260360
63990 -260360
64020 -260360
64050 -260360
64080 -260360
64110 -260360
64140 -260360
64170 -260360
64200 -260360
64230 -260360
64260 -260360
64290 -260360
64320 -260360
64350 -260360
64380 -260360
64410 -260360
64440 -260360
64470 -260360
64500 -260360
64530 -260317
64560 -260317
64590 -260317
64620 -260317
64650 -260317
64680 -260317
64710 -260317
64740 -260317
64770 -260317
64800 -260317
64830 -260317
64860 -260317
64890 -260317
64920 -260317
64950 -260317
64980 -260317
65010 -260317
65040 -260317
65070 -260317
65100 -260317
65130 -260317
65160 -260317
65190 -260317
65220 -260317
65250 -260317
65280 -260317
65310 -260317
65340 -260317
65370 -260317
65400 -260317
65430 -260317
65460 -260317
65490 -260317
65520 -260317
65550 -260317
65580 -260317
65610 -260317
65640 -260317
65670 -260317
65700 -260317
65730 -260317
65760 -260317
65790 -260317
65820 -260317
65850 -260317
65880 -260317
65910 -260317
65940 -260317
65970 -260317
66000 -260317
66030 -260317
66060 -260317
66090 -260317
66120 -260317
66150 -260317
66180 -260317
66210 -260317
66240 -260317
66270 -260118
66300 -260118
66330 -260118
66360 -260118
66390 -260118
66420 -260118
66450 -260118
66480 -260118
66510 -260118
66540 -260118
66570 -260118
66600 -260118
66630 -260118
66660 -260118
66690 -260118
66720 -260118
66750 -260118
66780 -260118
66810 -260118
66840 -260118
66870 -260118
66900 -260118
66930 -260118
66960 -260118
66990 -260118
67020 -260118
67050 -260118
67080 -260118
67110 -260118
67140 -260118
67170 -260118
67200 -260118
67230 -260103
67260 -260103
67290 -260103
67320 -260103
67350 -260103
67380 -260103
67410 -260103
67440 -260103
67470 -260103
67500 -260103
67530 -260103
67560 -260081
67590 -260081
67620 -260081
67650 -260081
67680 -260081
67710 -260081
67740 -260081
67770 -260081
67800 -260081
67830 -260081
67860 -260081
67890 -260081
67920 -260081
67950 -260081
67980 -260081
68010 -260081
68040 -260081
68070 -260081
68100 -260081
68130 -260081
68160 -260081
68190 -260081
68220 -260081
68250 -260081
68280 -260081
68310 -260081
68340 -260081
68370 -260081
68400 -260081
68430 -260081
68460 -260081
68490 -260081
68520 -260081
68550 -260081
68580 -260081
68610 -260081
68640 -260081
68670 -260081
68700 -260081
68730 -260081
68760 -260081
68790 -260081
68820 -260081
68850 -260081
68880 -260081
68910 -260081
68940 -260081
68970 -260081
69000 -260081
69030 -260081
69060 -260081
69090 -260081
69120 -260081
69150 -260081
69180 -260081
69210 -260081
69240 -260081
69270 -260081
69300 -260081
69330 -260081
69360 -260081
69390 -260081
69420 -260081
69450 -260081
69480 -260081
69510 -260081
69540 -260081
69570 -260081
69600 -260081
69630 -260081
69660 -260081
69690 -260081
69720 -260081
69750 -260081
69780 -260081
69810 -260081
69840 -260081
69870 -260081
69900 -260081
69930 -260081
69960 -260081
69990 -260081
70020 -260081
70050 -260081
70080 -260081
70110 -260081
70140 -260081
70170 -260081
70200 -260081
70230 -260081
70260 -260081
70290 -260081
70320 -260081
70350 -260081
70380 -260081
70410 -260081
70440 -260081
70470 -260081
70500 -260081
70530 -260081
70560 -260081
70590 -260081
70620 -260081
70650 -260081
70680 -260081
70710 -259928
70740 -259928
70770 -259928
70800 -259928
70830 -259928
70860 -259928
70890 -259928
70920 -259928
70950 -259928
70980 -259928
71010 -259928
71040 -259928
71070 -259928
71100 -259928
71130 -259928
71160 -259928
71190 -259928
71220 -259928
71250 -259928
71280 -259928
71310 -259928
71340 -259879
71370 -259879
71400 -259879
71430 -259879
71460 -259879
71490 -259879
71520 -259879
71550 -259879
71580 -259879
71610 -259879
71640 -259879
71670 -259879
71700 -259879
71730 -259879
71760 -259879
71790 -259857
71820 -259857
71850 -259857
71880 -259857
71910 -259857
71940 -259857
71970 -259857
72000 -259857
72030 -259857
72060 -259857
72090 -259857
72120 -259857
72150 -259857
72180 -259857
72210 -259857
72240 -259857
72270 -259857
72300 -259857
72330 -259857
72360 -259857
72390 -259857
72420 -259857
72450 -259857
72480 -259857
72510 -259857
72540 -259857
72570 -259857
72600 -259857
72630 -259857
72660 -259857
72690 -259857
72720 -259806
72750 -259806
72780 -259806
72810 -259806
72840 -259806
72870 -259806
72900 -259806
72930 -259806
72960 -259765
72990 -259765
73020 -259765
73050 -259765
73080 -259765
73110 -259765
73140 -259765
73170 -259765
73200 -259765
73230 -259765
73260 -259765
73290 -259765
73320 -259765
73350 -259765
73380 -259765
73410 -259765
73440 -259765
73470 -259765
73500 -259765
73530 -259765
73560 -259765
73590 -259765
73620 -259765
73650 -259765
73680 -259765
73710 -259765
73740 -259765
73770 -259765
73800 -259765
73830 -259765
73860 -259765
73890 -259765
73920 -259765
73950 -259765
73980 -259765
74010 -259765
74040 -259765
74070 -259765
74100 -259765
74130 -259765
74160 -259765
74190 -259765
74220 -259765
74250 -259765
74280 -259765
74310 -259765
74340 -259765
74370 -259765
74400 -259765
74430 -259765
74460 -259765
74490 -259765
74520 -259765
74550 -259765
74580 -259765
74610 -259765
74640 -259765
74670 -259765
74700 -259765
74730 -259765
74760 -259765
74790 -259765
74820 -259765
74850 -259765
74880 -259765
74910 -259765
74940 -259765
74970 -259765
75000 -259765
75030 -259765
75060 -259765
75090 -259765
75120 -259765
75150 -259765
75180 -259765
75210 -259765
75240 -259765
75270 -259765
75300 -259765
75330 -259765
75360 -259765
75390 -259765
75420 -259765
75450 -259765
75480 -259765
75510 -259765
75540 -259765
75570 -259765
75600 -259765
75630 -259765
75660 -259765
75690 -259765
75720 -259765
75750 -259765
75780 -259765
75810 -259765
75840 -259765
75870 -259765
75900 -259765
75930 -259765
75960 -259765
75990 -259765
76020 -259765
76050 -259765
76080 -259765
76110 -259765
76140 -259765
76170 -259765
76200 -259765
76230 -259765
76260 -259765
76290 -259765
76320 -259765
76350 -259765
76380 -259765
76410 -259765
76440 -259765
76470 -259765
76500 -259765
76530 -259765
76560 -259765
76590 -259726
76620 -259726
76650 -259726
76680 -259726
76710 -259726
76740 -259726
76770 -259407
76800 -259407
76830 -259407
76860 -259407
76890 -259407
76920 -259407
76950 -259407
76980 -259407
77010 -259407
77040 -259407
77070 -259407
77100 -259407
77130 -259407
77160 -259407
77190 -259407
77220 -259407
77250 -259407
77280 -259407
77310 -259407
77340 -259407
77370 -259407
77400 -259407
77430 -259407
77460 -259407
77490 -259407
77520 -259407
77550 -259407
77580 -259407
77610 -259361
77640 -259361
77670 -259361
77700 -259361
77730 -259361
77760 -259361
77790 -259361
77820 -259361
77850 -259339
77880 -259339
77910 -259339
77940 -259339
77970 -259339
78000 -259339
78030 -259339
78060 -259339
78090 -259339
78120 -259339
78150 -259339
78180 -259339
78210 -259339
78240 -259339
78270 -259339
78300 -259339
78330 -259339
78360 -259339
78390 -259337
78420 -259337
78450 -259337
78480 -259337
78510 -259337
78540 -259337
78570 -259337
78600 -259337
78630 -259337
78660 -259337
78690 -259337
78720 -259337
78750 -259337
78780 -259337
78810 -259337
78840 -259337
78870 -259337
78900 -259337
78930 -259337
78960 -259337
78990 -259337
79020 -259337
79050 -259337
79080 -259337
79110 -259337
79140 -259337
79170 -259337
79200 -259337
79230 -259337
79260 -259337
79290 -259337
79320 -259337
79350 -259337
79380 -259337
79410 -259337
79440 -259337
79470 -259337
79500 -259337
79530 -259337
79560 -259337
79590 -259337
79620 -259337
79650 -259337
79680 -259337
79710 -259337
79740 -259337
79770 -259337
79800 -259337
79830 -259337
79860 -259337
79890 -259337
79920 -259337
79950 -259337
79980 -259337
80010 -259337
80040 -259337
80070 -259337
80100 -259337
80130 -259319
80160 -259319
80190 -259319
80220 -259319
80250 -259319
80280 -259319
80310 -259319
80340 -259319
80370 -259267
80400 -259267
80430 -259267
80460 -259267
80490 -259267
80520 -259267
80550 -259221
80580 -259221
80610 -259221
80640 -259221
80670 -259221
80700 -259221
80730 -259221
80760 -259221
80790 -259221
80820 -259221
80850 -259221
80880 -259221
80910 -259221
80940 -259221
80970 -259221
81000 -259221
81030 -259221
81060 -259221
81090 -259221
81120 -259221
81150 -259221
81180 -259221
81210 -259221
81240 -259221
81270 -259221
81300 -259221
81330 -259221
81360 -259221
81390 -259221
81420 -259221
81450 -259221
81480 -259221
81510 -259221
81540 -259221
81570 -259168
81600 -259168
81630 -259168
81660 -259168
81690 -259168
81720 -259168
81750 -259168
81780 -259168
81810 -259168
81840 -259168
81870 -259168
81900 -259168
81930 -259133
81960 -259133
81990 -259133
82020 -259133
82050 -259133
82080 -259133
82110 -259133
82140 -259133
82170 -259133
82200 -259133
82230 -259133
82260 -259133
82290 -259133
82320 -259133
82350 -259133
82380 -259133
82410 -259133
82440 -259133
82470 -259133
82500 -259133
82530 -259133
82560 -259133
82590 -259133
82620 -259133
82650 -259133
82680 -259133
82710 -259133
82740 -259133
82770 -259133
82800 -259133
82830 -259133
82860 -259133
82890 -259133
82920 -259133
82950 -259133
82980 -259133
83010 -259133
83040 -259133
83070 -259133
83100 -259133
83130 -259133
83160 -259133
83190 -259133
83220 -259118
83250 -259118
83280 -259118
83310 -259118
83340 -259118
83370 -259118
83400 -259118
83430 -259118
83460 -259118
83490 -259118
83520 -259118
83550 -259118
83580 -259118
83610 -259118
83640 -259118
83670 -259118
83700 -259118
83730 -259118
83760 -259118
83790 -259118
83820 -259118
83850 -259118
83880 -259118
83910 -259118
83940 -259118
83970 -259118
84000 -259118
84030 -259118
84060 -259118
84090 -259118
84120 -259118
84150 -259118
84180 -259118
84210 -259118
84240 -259118
84270 -259118
84300 -259118
84330 -259118
84360 -259118
84390 -259118
84420 -259118
84450 -259118
84480 -259118
84510 -259118
84540 -259118
84570 -259118
84600 -259109
84630 -259109
84660 -259109
84690 -259109
84720 -259109
84750 -259007
84780 -259007
84810 -259007
84840 -259007
84870 -259007
84900 -259007
84930 -258987
84960 -258987
84990 -258987
85020 -258987
85050 -258987
85080 -258987
85110 -258987
85140 -258987
85170 -258987
85200 -258987
85230 -258987
85260 -258987
85290 -258987
85320 -258923
85350 -258923
85380 -258923
85410 -258923
85440 -258923
85470 -258923
85500 -258923
85530 -258923
85560 -258923
85590 -258923
85620 -258923
85650 -258923
85680 -258923
85710 -258923
85740 -258923
85770 -258923
85800 -258923
85830 -258923
85860 -258923
85890 -258923
85920 -258923
85950 -258923
85980 -258923
86010 -258923
86040 -258923
86070 -258923
86100 -258923
86130 -258923
86160 -258923
86190 -258923
86220 -258923
86250 -258923
86280 -258923
86310 -258923
86340 -258923
86370 -258923
86400 -258923
86430 -258923
86460 -258923
86490 -258923
86520 -258923
86550 -258923
86580 -258923
86610 -258923
86640 -258923
86670 -258923
86700 -258923
86730 -258772
86760 -258772
86790 -258772
86820 -258772
86850 -258772
86880 -258772
86910 -258772
86940 -258772
86970 -258772
87000 -258772
87030 -258772
87060 -258772
87090 -258772
87120 -258772
87150 -258772
87180 -258772
87210 -258772
87240 -258772
87270 -258772
87300 -258772
87330 -258772
87360 -258772
87390 -258772
87420 -258772
87450 -258772
87480 -258772
87510 -258772
87540 -258772
87570 -258772
87600 -258772
87630 -258772
87660 -258772
87690 -258772
87720 -258772
87750 -258772
87780 -258772
87810 -258772
87840 -258772
87870 -258772
87900 -258772
87930 -258772
87960 -258772
87990 -258772
88020 -258772
88050 -258772
88080 -258772
88110 -258772
88140 -258772
88170 -258674
88200 -258674
88230 -258674
88260 -258674
88290 -258674
88320 -258674
88350 -258674
88380 -258674
88410 -258674
88440 -258674
88470 -258674
88500 -258674
88530 -258674
88560 -258674
88590 -258674
88620 -258674
88650 -258674
88680 -258674
88710 -258674
88740 -258674
88770 -258674
88800 -258674
88830 -258674
88860 -258674
88890 -258674
88920 -258674
88950 -258674
88980 -258674
89010 -258674
89040 -258674
89070 -258665
89100 -258665
89130 -258665
89160 -258665
89190 -258665
89220 -258665
89250 -258665
89280 -258665
89310 -258665
89340 -258665
89370 -258665
89400 -258665
89430 -258665
89460 -258665
89490 -258665
89520 -258665
89550 -258665
89580 -258665
89610 -258665
89640 -258665
89670 -258665
89700 -258665
89730 -258665
89760 -258665
89790 -258665
89820 -258665
89850 -258665
89880 -258665
89910 -258665
89940 -258665
89970 -258665
90000 -258665
90030 -258665
90060 -258665
90090 -258665
90120 -258665
90150 -258665
90180 -258665
90210 -258665
90240 -258665
90270 -258665
90300 -258665
90330 -258665
90360 -258665
90390 -258665
90420 -258665
90450 -258665
90480 -258665
90510 -258665
90540 -258665
90570 -258665
90600 -258665
90630 -258665
90660 -258665
90690 -258573
90720 -258573
90750 -258573
90780 -258573
90810 -258573
90840 -258573
90870 -258573
90900 -258573
90930 -258573
90960 -258573
90990 -258573
91020 -258573
91050 -258573
91080 -258573
91110 -258573
91140 -258573
91170 -258573
91200 -258573
91230 -258573
91260 -258573
91290 -258573
91320 -258573
91350 -258573
91380 -258573
91410 -258573
91440 -258573
91470 -258573
91500 -258573
91530 -258573
91560 -258573
91590 -258573
91620 -258573
91650 -258573
91680 -258573
91710 -258573
91740 -258556
91770 -258556
91800 -258556
91830 -258556
91860 -258556
91890 -258556
91920 -258556
91950 -258556
91980 -258556
92010 -258556
92040 -258556
92070 -258556
92100 -258556
92130 -258556
92160 -258556
92190 -258556
92220 -258556
92250 -258556
92280 -258556
92310 -258556
92340 -258556
92370 -258556
92400 -258556
92430 -258556
92460 -258556
92490 -258556
92520 -258556
92550 -258556
92580 -258556
92610 -258556
92640 -258556
92670 -258556
92700 -258556
92730 -258556
92760 -258500
92790 -258500
92820 -258500
92850 -258500
92880 -258500
92910 -258500
92940 -258500
92970 -258500
93000 -258500
93030 -258500
93060 -258500
93090 -258500
93120 -258500
93150 -258500
93180 -258500
93210 -258500
93240 -258500
93270 -258500
93300 -258500
93330 -258500
93360 -258500
93390 -258500
93420 -258500
93450 -258500
93480 -258500
93510 -258500
93540 -258500
93570 -258500
93600 -258500
93630 -258500
93660 -258500
93690 -258500
93720 -258500
93750 -258367
93780 -258367
93810 -258367
93840 -258367
93870 -258367
93900 -258367
93930 -258367
93960 -258367
93990 -258367
94020 -258367
94050 -258367
94080 -258367
94110 -258367
94140 -258367
94170 -258367
94200 -258367
94230 -258367
94260 -258367
94290 -258367
94320 -258325
94350 -258325
94380 -258325
94410 -258325
94440 -258325
94470 -258325
94500 -258325
94530 -258325
94560 -258325
94590 -258325
94620 -258325
94650 -258325
94680 -258325
94710 -258325
94740 -258325
94770 -258325
94800 -258325
94830 -258325
94860 -258325
94890 -258325
94920 -258325
94950 -258325
94980 -258311
95010 -258311
95040 -258311
95070 -258311
95100 -258311
95130 -258311
95160 -258311
95190 -258311
95220 -258311
95250 -258198
95280 -258198
95310 -258198
95340 -258198
95370 -258198
95400 -258198
95430 -258198
95460 -258198
95490 -258198
95520 -258198
95550 -258198
95580 -258198
95610 -258198
95640 -258198
95670 -258198
95700 -258198
95730 -258198
95760 -258198
95790 -258198
95820 -258198
95850 -258198
95880 -258198
95910 -258198
95940 -258198
95970 -258198
96000 -258198
96030 -258198
96060 -258198
96090 -258198
96120 -258198
96150 -258198
96180 -258198
96210 -258198
96240 -258198
96270 -258198
96300 -258198
96330 -258198
96360 -258198
96390 -258198
96420 -258198
96450 -258198
96480 -258198
96510 -258198
96540 -258198
96570 -258198
96600 -258198
96630 -258198
96660 -258198
96690 -258198
96720 -258198
96750 -258198
96780 -258198
96810 -258198
96840 -258198
96870 -258198
96900 -258198
96930 -258198
96960 -258198
96990 -258198
97020 -258198
97050 -258198
97080 -258198
97110 -258198
97140 -258198
97170 -258198
97200 -258198
97230 -258198
97260 -258198
97290 -258198
97320 -258198
97350 -258198
97380 -258198
97410 -258198
97440 -258198
97470 -258198
97500 -258198
97530 -258198
97560 -258198
97590 -258198
97620 -258198
97650 -258198
97680 -258198
97710 -258198
97740 -258198
97770 -258198
97800 -258198
97830 -258198
97860 -258198
97890 -258198
97920 -258198
97950 -258198
97980 -258198
98010 -258198
98040 -258198
98070 -258198
98100 -258198
98130 -258198
98160 -258198
98190 -258198
98220 -258198
98250 -258198
98280 -258198
98310 -258198
98340 -258198
98370 -258198
98400 -258198
98430 -258198
98460 -258198
98490 -258198
98520 -258198
98550 -258198
98580 -258198
98610 -258198
98640 -258198
98670 -258198
98700 -258198
98730 -258198
98760 -258198
98790 -258198
98820 -258198
98850 -258198
98880 -258198
98910 -258198
98940 -258198
98970 -258198
99000 -258198
99030 -258198
99060 -258198
99090 -258198
99120 -258198
99150 -258198
99180 -258198
99210 -258198
99240 -258198
99270 -258198
99300 -258198
99330 -258198
99360 -258198
99390 -258198
99420 -258198
99450 -258198
99480 -258198
99510 -258198
99540 -258198
99570 -258198
99600 -258198
99630 -258198
99660 -258198
99690 -258198
99720 -258198
99750 -258198
99780 -258198
99810 -258198
99840 -258198
99870 -258198
99900 -258198
99930 -258198
99960 -258198
99990 -258198
100020 -258198
100050 -258198
100080 -258198
100110 -258198
100140 -258198
100170 -258198
100200 -258198
100230 -258198
100260 -258198
100290 -258198
100320 -258198
100350 -258198
100380 -258198
100410 -258198
100440 -258198
100470 -258198
100500 -258198
100530 -258198
100560 -258198
100590 -258198
100620 -258198
100650 -258198
100680 -258198
100710 -258198
100740 -258198
100770 -258198
100800 -258198
100830 -258198
100860 -258084
100890 -258084
100920 -258084
100950 -258084
100980 -258084
101010 -258084
101040 -258084
101070 -258084
101100 -258084
101130 -258084
101160 -258084
101190 -258084
101220 -258084
101250 -258084
101280 -258084
101310 -258084
101340 -258084
101370 -258084
101400 -258084
101430 -258084
101460 -258084
101490 -258084
101520 -258084
101550 -258084
101580 -258084
101610 -258084
101640 -258084
101670 -258084
101700 -258084
101730 -258084
101760 -258084
101790 -258084
101820 -258084
101850 -258084
101880 -258084
101910 -258084
101940 -258084
101970 -258084
102000 -258084
102030 -258084
102060 -258084
102090 -258084
102120 -258084
102150 -258084
102180 -258084
102210 -258084
102240 -258084
102270 -258084
102300 -258084
102330 -258084
102360 -258084
102390 -258084
102420 -258084
102450 -258084
102480 -258084
102510 -258084
102540 -258084
102570 -258084
102600 -258084
102630 -258084
102660 -258084
102690 -258084
102720 -258084
102750 -258084
102780 -258084
102810 -258084
102840 -258084
102870 -258084
102900 -258084
102930 -258084
102960 -258084
102990 -258084
103020 -258084
103050 -258084
103080 -258084
103110 -258084
103140 -258084
103170 -258084
103200 -258084
103230 -258084
103260 -258084
103290 -258084
103320 -258084
103350 -258084
103380 -258084
103410 -258084
103440 -258084
103470 -258084
103500 -258084
103530 -258084
103560 -258084
103590 -258084
103620 -258084
103650 -258084
103680 -258084
103710 -258084
103740 -258084
103770 -258084
103800 -258084
103830 -258084
103860 -258084
103890 -258084
103920 -258084
103950 -258084
103980 -258084
104010 -258084
104040 -258084
104070 -258084
104100 -258084
104130 -258084
104160 -258084
104190 -258084
104220 -258084
104250 -258084
104280 -258084
104310 -258084
104340 -258018
104370 -258018
104400 -258018
104430 -258018
104460 -258018
104490 -258018
104520 -258018
104550 -258018
104580 -258018
104610 -258018
104640 -258018
104670 -258018
104700 -258018
104730 -258018
104760 -258018
104790 -258018
104820 -258018
104850 -258018
104880 -258018
104910 -258018
104940 -258018
104970 -258018
105000 -258018
105030 -258018
105060 -258018
105090 -258018
105120 -258018
105150 -258018
105180 -258018
105210 -257831
105240 -257831
105270 -257831
105300 -257831
105330 -257831
105360 -257771
105390 -257771
105420 -257771
105450 -257771
105480 -257771
105510 -257771
105540 -257771
105570 -257771
105600 -257771
105630 -257771
105660 -257771
105690 -257771
105720 -257771
105750 -257771
105780 -257771
105810 -257771
105840 -257735
105870 -257735
105900 -257735
105930 -257735
105960 -257735
105990 -257735
106020 -257735
106050 -257735
106080 -257735
106110 -257735
106140 -257735
106170 -257735
106200 -257735
106230 -257735
106260 -257735
106290 -257735
106320 -257735
106350 -257735
106380 -257735
106410 -257735
106440 -257735
106470 -257735
106500 -257735
106530 -257650
106560 -257650
106590 -257650
106620 -257650
106650 -257650
106680 -257650
106710 -257650
106740 -257650
106770 -257650
106800 -257650
106830 -257650
106860 -257650
106890 -257650
106920 -257650
106950 -257650
106980 -257650
107010 -257650
107040 -257650
107070 -257650
107100 -257650
107130 -257650
107160 -257650
107190 -257650
107220 -257650
107250 -257650
107280 -257650
107310 -257650
107340 -257650
107370 -257650
107400 -257501
107430 -257501
107460 -257501
107490 -257461
107520 -257461
107550 -257461
107580 -257461
107610 -257461
107640 -257461
107670 -257461
107700 -257461
107730 -257461
107760 -257461
107790 -257461
107820 -257461
107850 -257461
107880 -257461
107910 -257461
107940 -257461
107970 -257461
108000 -257461
108030 -257386
108060 -257386
108090 -257386
108120 -257340
108150 -257340
108180 -257340
108210 -257340
108240 -257340
108270 -257340
108300 -257340
108330 -257340
108360 -257340
108390 -257340
108420 -257340
108450 -257340
108480 -257340
108510 -257340
108540 -257340
108570 -257340
108600 -257340
108630 -257340
108660 -257340
108690 -257340
108720 -257340
108750 -257340
108780 -257340
108810 -257340
108840 -257340
108870 -257340
108900 -257340
108930 -257340
108960 -257340
108990 -257340
109020 -257340
109050 -257340
109080 -257340
109110 -257340
109140 -257340
109170 -257340
109200 -257340
109230 -257340
109260 -257340
109290 -257340
109320 -257340
109350 -257340
109380 -257340
109410 -257340
109440 -257340
109470 -257340
109500 -257340
109530 -257340
109560 -257340
109590 -257340
109620 -257340
109650 -257340
109680 -257340
109710 -257340
109740 -257340
109770 -257340
109800 -257340
109830 -257340
109860 -257340
109890 -257340
109920 -257340
109950 -257340
109980 -257340
110010 -257340
110040 -257340
110070 -257340
110100 -257340
110130 -257340
110160 -257340
110190 -257340
110220 -257340
110250 -257340
110280 -257340
110310 -257340
110340 -257340
110370 -257340
110400 -257340
110430 -257340
110460 -257340
110490 -257340
110520 -257340
110550 -257340
110580 -257340
110610 -257340
110640 -257340
110670 -257340
110700 -257340
110730 -257340
110760 -257340
110790 -257340
110820 -257340
110850 -257340
110880 -257340
110910 -257340
110940 -257340
110970 -257340
111000 -257340
111030 -257340
111060 -257340
111090 -257340
111120 -257340
111150 -257340
111180 -257340
111210 -257340
111240 -257340
111270 -257340
111300 -257340
111330 -257340
111360 -257340
111390 -257340
111420 -257340
111450 -257340
111480 -257340
111510 -257340
111540 -257340
111570 -257340
111600 -257340
111630 -257340
111660 -257340
111690 -257340
111720 -257340
111750 -257340
111780 -257340
111810 -257340
111840 -257340
111870 -257340
111900 -257340
111930 -257340
111960 -257340
111990 -257340
112020 -257340
112050 -257340
112080 -257340
112110 -257340
112140 -257309
112170 -257309
112200 -257309
112230 -257309
112260 -257309
112290 -257309
112320 -257309
112350 -257309
112380 -257309
112410 -257309
112440 -257309
112470 -257309
112500 -257309
112530 -257309
112560 -257309
112590 -257309
112620 -257309
112650 -257309
112680 -257309
112710 -257309
112740 -257309
112770 -257309
112800 -257309
112830 -257309
112860 -257309
112890 -257309
112920 -257309
112950 -257309
112980 -257309
113010 -257309
113040 -257309
113070 -257309
113100 -257309
113130 -257309
113160 -257309
113190 -257309
113220 -257309
113250 -257309
113280 -257309
113310 -257309
113340 -257309
113370 -257309
113400 -257309
113430 -257309
113460 -257309
113490 -257309
113520 -257309
113550 -257309
113580 -257263
113610 -257263
113640 -257263
113670 -257263
113700 -257263
113730 -257263
113760 -257263
113790 -257263
113820 -257263
113850 -257263
113880 -257263
113910 -257263
113940 -257263
113970 -257263
114000 -257263
114030 -257263
114060 -257263
114090 -257263
114120 -257263
114150 -257263
114180 -257263
114210 -257263
114240 -257263
114270 -257263
114300 -257263
114330 -257263
114360 -257263
114390 -257263
114420 -257263
114450 -257263
114480 -257263
114510 -257263
114540 -257263
114570 -257263
114600 -257263
114630 -257263
114660 -257263
114690 -257263
114720 -257263
114750 -257263
114780 -257263
114810 -257263
114840 -257263
114870 -257263
114900 -257263
114930 -257263
114960 -257263
114990 -257263
115020 -257263
115050 -257263
115080 -257263
115110 -257263
115140 -257263
115170 -257263
115200 -257263
115230 -257263
115260 -257263
115290 -257263
115320 -257263
115350 -257263
115380 -257263
115410 -257263
115440 -257263
115470 -257263
115500 -257263
115530 -257263
115560 -257263
115590 -257263
115620 -257263
115650 -257263
115680 -257263
115710 -257263
115740 -257263
115770 -257263
115800 -257263
115830 -257263
115860 -257263
115890 -257263
115920 -257263
115950 -257263
115980 -257263
116010 -257263
116040 -257263
116070 -257263
116100 -257263
116130 -257263
116160 -257263
116190 -257263
116220 -257263
116250 -257263
116280 -257263
116310 -257263
116340 -257263
116370 -257263
116400 -257195
116430 -257195
116460 -257195
116490 -257195
116520 -257195
116550 -257195
116580 -257195
116610 -257195
116640 -257195
116670 -257195
116700 -257195
116730 -257195
116760 -257195
116790 -257195
116820 -257195
116850 -257195
116880 -257195
116910 -257195
116940 -257195
116970 -257195
117000 -257195
117030 -257195
117060 -257195
117090 -257195
117120 -257195
117150 -257195
117180 -257195
117210 -257195
117240 -257195
117270 -257195
117300 -257195
117330 -257195
117360 -257195
117390 -257195
117420 -257195
117450 -257195
117480 -257195
117510 -257195
117540 -257195
117570 -257195
117600 -257195
117630 -257195
117660 -257195
117690 -257195
117720 -257195
117750 -257195
117780 -257195
117810 -257195
117840 -257195
117870 -257195
117900 -257195
117930 -257195
117960 -257195
117990 -257195
118020 -257195
118050 -257195
118080 -257195
118110 -257195
118140 -257195
118170 -257195
118200 -257195
118230 -257195
118260 -257195
118290 -257195
118320 -257195
118350 -257195
118380 -257195
118410 -257195
118440 -257195
118470 -257195
118500 -257195
118530 -257195
118560 -257195
118590 -257195
118620 -257195
118650 -257195
118680 -257195
118710 -257195
118740 -257195
118770 -257195
118800 -257195
118830 -257195
118860 -257195
118890 -257195
118920 -257195
118950 -257195
118980 -257195
119010 -257195
119040 -257195
119070 -257195
119100 -257195
119130 -257195
119160 -257195
119190 -257195
119220 -257195
119250 -257195
119280 -257195
119310 -257195
119340 -257195
119370 -257137
119400 -257137
119430 -257137
119460 -257137
119490 -257137
119520 -257137
119550 -257137
119580 -257137
119610 -257137
119640 -257137
119670 -257137
119700 -257137
119730 -257137
119760 -257137
119790 -257137
119820 -257137
119850 -257137
119880 -257137
119910 -257137
119940 -257137
119970 -257137
120000 -257137
120030 -257137
120060 -257100
120090 -257100
120120 -257100
120150 -257100
120180 -257100
120210 -257100
120240 -257100
120270 -257100
120300 -257100
120330 -257100
120360 -256996
120390 -256996
120420 -256996
120450 -256996
120480 -256996
120510 -256996
120540 -256996
120570 -256996
120600 -256996
120630 -256996
120660 -256996
120690 -256996
120720 -256996
120750 -256996
120780 -256996
120810 -256996
120840 -256996
120870 -256996
120900 -256996
120930 -256996
120960 -256996
120990 -256996
121020 -256996
121050 -256996
121080 -256996
121110 -256996
121140 -256996
121170 -256996
121200 -256996
121230 -256996
121260 -256996
121290 -256996
121320 -256996
121350 -256996
121380 -256996
121410 -256996
121440 -256996
121470 -256996
121500 -256996
121530 -256996
121560 -256996
121590 -256996
121620 -256996
121650 -256996
121680 -256996
121710 -256996
121740 -256996
121770 -256996
121800 -256996
121830 -256996
121860 -256996
121890 -256996
121920 -256996
121950 -256996
121980 -256996
122010 -256996
122040 -256996
122070 -256996
122100 -256996
122130 -256996
122160 -256996
122190 -256996
122220 -256996
122250 -256996
122280 -256996
122310 -256996
122340 -256996
