60 -449833
90 -449833
120 -447643
150 -447643
180 -447643
210 -447643
240 -447562
270 -447562
300 -447562
330 -447384
360 -447384
390 -447068
420 -447068
450 -447068
480 -446287
510 -446287
540 -446287
570 -446287
600 -446287
630 -446287
660 -446229
690 -446229
720 -446229
750 -446229
780 -446229
810 -445931
840 -445931
870 -445931
900 -445931
930 -444931
960 -444931
990 -444931
1020 -444931
1050 -444755
1080 -444755
1110 -444696
1140 -443717
1170 -443717
1200 -442757
1230 -442757
1260 -442359
1290 -442359
1320 -442359
1350 -441900
1380 -441900
1410 -441900
1440 -441900
1470 -441900
1500 -441132
1530 -441132
1560 -440853
1590 -440853
1620 -440853
1650 -440616
1680 -440616
1710 -440616
1740 -440616
1770 -439805
1800 -439798
1830 -439798
1860 -439798
1890 -439489
1920 -439489
1950 -439489
1980 -437416
2010 -437416
2040 -437416
2070 -437416
2100 -437416
2130 -436992
2160 -436992
2190 -436992
2220 -434250
2250 -434250
2280 -434250
2310 -434250
2340 -434250
2370 -434250
2400 -434250
2430 -434250
2460 -434250
2490 -434250
2520 -434250
2550 -434250
2580 -433701
2610 -433655
2640 -433655
2670 -433655
2700 -433655
2730 -433655
2760 -433655
2790 -433655
2820 -433253
2850 -433253
2880 -433253
2910 -433253
2940 -433253
2970 -433253
3000 -433253
3030 -433253
3060 -433253
3090 -433253
3120 -433253
3150 -433253
3180 -433253
3210 -433253
3240 -433253
3270 -433253
3300 -433253
3330 -433253
3360 -433253
3390 -433253
3420 -433253
3450 -433253
3480 -433253
3510 -433253
3540 -433253
3570 -433253
3600 -433253
3630 -433253
3660 -431804
3690 -431804
3720 -431804
3750 -431804
3780 -431804
3810 -431804
3840 -431804
3870 -431804
3900 -431804
3930 -431804
3960 -431804
3990 -431804
4020 -431804
4050 -431804
4080 -431804
4110 -431804
4140 -431804
4170 -431804
4200 -431077
4230 -430942
4260 -430942
4290 -430942
4320 -430942
4350 -430942
4380 -430942
4410 -430942
4440 -430942
4470 -430942
4500 -430942
4530 -430942
4560 -430942
4590 -430942
4620 -430942
4650 -430942
4680 -430942
4710 -430942
4740 -430942
4770 -430942
4800 -430942
4830 -430942
4860 -430918
4890 -430918
4920 -430838
4950 -430733
4980 -430733
5010 -430563
5040 -430563
5070 -430563
5100 -430563
5130 -430563
5160 -430323
5190 -430323
5220 -430323
5250 -430323
5280 -430323
5310 -430323
5340 -430323
5370 -430323
5400 -430323
5430 -430323
5460 -430323
5490 -430323
5520 -430323
5550 -430323
5580 -430323
5610 -430323
5640 -430323
5670 -430323
5700 -429752
5730 -429545
5760 -429545
5790 -429545
5820 -429545
5850 -429545
5880 -429545
5910 -429545
5940 -429545
5970 -429545
6000 -429545
6030 -429545
6060 -429545
6090 -429276
6120 -429169
6150 -429169
6180 -429169
6210 -429105
6240 -429105
6270 -429105
6300 -429105
6330 -429105
6360 -429105
6390 -429105
6420 -429105
6450 -429092
6480 -429092
6510 -429092
6540 -429092
6570 -429092
6600 -429092
6630 -429092
6660 -429092
6690 -429092
6720 -429092
6750 -429092
6780 -429092
6810 -429092
6840 -429092
6870 -429092
6900 -429092
6930 -429092
6960 -429092
6990 -429092
7020 -429092
7050 -429092
7080 -429092
7110 -429092
7140 -429092
7170 -429092
7200 -429092
7230 -428978
7260 -428920
7290 -428920
7320 -428920
7350 -428920
7380 -428920
7410 -428920
7440 -428920
7470 -428920
7500 -428920
7530 -428920
7560 -428920
7590 -428920
7620 -428920
7650 -428920
7680 -427965
7710 -427965
7740 -427965
7770 -426968
7800 -426968
7830 -426968
7860 -426968
7890 -426968
7920 -426968
7950 -426968
7980 -426968
8010 -426968
8040 -426968
8070 -426968
8100 -426968
8130 -426968
8160 -426968
8190 -426968
8220 -426968
8250 -426968
8280 -426968
8310 -426968
8340 -426968
8370 -426968
8400 -426968
8430 -426968
8460 -426968
8490 -426968
8520 -426968
8550 -426968
8580 -426948
8610 -426948
8640 -426948
8670 -426948
8700 -426948
8730 -426867
8760 -426867
8790 -426867
8820 -426867
8850 -426867
8880 -426867
8910 -426867
8940 -426600
8970 -426600
9000 -426600
9030 -426600
9060 -426600
9090 -426600
9120 -426600
9150 -426600
9180 -426600
9210 -426600
9240 -426600
9270 -426600
9300 -426600
9330 -426600
9360 -426600
9390 -426600
9420 -426600
9450 -426600
9480 -426600
9510 -426600
9540 -426600
9570 -426600
9600 -426491
9630 -426491
9660 -426491
9690 -426491
9720 -426491
9750 -426486
9780 -426486
9810 -426486
9840 -426486
9870 -426486
9900 -426486
9930 -426486
9960 -426486
9990 -426486
10020 -426486
10050 -426486
10080 -426486
10110 -426486
10140 -426486
10170 -426486
10200 -426486
10230 -426486
10260 -426486
10290 -426486
10320 -426486
10350 -426486
10380 -426486
10410 -426486
10440 -426486
10470 -426486
10500 -426486
10530 -426486
10560 -426486
10590 -426486
10620 -426486
10650 -426486
10680 -426486
10710 -426486
10740 -426486
10770 -426486
10800 -426486
10830 -426486
10860 -426486
10890 -426486
10920 -426486
10950 -426486
10980 -426486
11010 -426486
11040 -426486
11070 -426486
11100 -426486
11130 -426486
11160 -426486
11190 -426486
11220 -426486
11250 -426433
11280 -426433
11310 -426433
11340 -426433
11370 -425983
11400 -425983
11430 -425983
11460 -425983
11490 -425983
11520 -425983
11550 -425983
11580 -425983
11610 -425983
11640 -425983
11670 -425524
11700 -425524
11730 -425524
11760 -425524
11790 -425524
11820 -425524
11850 -425524
11880 -425524
11910 -425524
11940 -425524
11970 -425524
12000 -425524
12030 -425524
12060 -425524
12090 -425524
12120 -425524
12150 -425524
12180 -425524
12210 -425524
12240 -425524
12270 -425524
12300 -425524
12330 -425524
12360 -425524
12390 -425524
12420 -425524
12450 -425524
12480 -425524
12510 -425524
12540 -425524
12570 -425341
12600 -425341
12630 -425341
12660 -425341
12690 -425341
12720 -425341
12750 -425341
12780 -425326
12810 -425326
12840 -425326
12870 -425326
12900 -425326
12930 -425326
12960 -425326
12990 -425326
13020 -425326
13050 -425326
13080 -425326
13110 -425326
13140 -425326
13170 -425326
13200 -425326
13230 -425326
13260 -425326
13290 -425326
13320 -425326
13350 -425326
13380 -425326
13410 -425326
13440 -425326
13470 -425326
13500 -425326
13530 -425326
13560 -425326
13590 -425326
13620 -425326
13650 -425326
13680 -425326
13710 -425326
13740 -425326
13770 -425326
13800 -425326
13830 -425326
13860 -425326
13890 -425326
13920 -425326
13950 -425326
13980 -425326
14010 -425326
14040 -425326
14070 -425326
14100 -425326
14130 -425326
14160 -425326
14190 -425326
14220 -425326
14250 -425326
14280 -425326
14310 -425326
14340 -425326
14370 -425326
14400 -425326
14430 -425326
14460 -425326
14490 -425326
14520 -425326
14550 -424953
14580 -424923
14610 -424923
14640 -424923
14670 -424923
14700 -424923
14730 -424923
14760 -424923
14790 -424923
14820 -424923
14850 -424914
14880 -424914
14910 -424914
14940 -424914
14970 -424914
15000 -424914
15030 -424914
15060 -424914
15090 -424914
15120 -424914
15150 -424323
15180 -424323
15210 -424323
15240 -424323
15270 -424323
15300 -424323
15330 -424323
15360 -424323
15390 -424323
15420 -424323
15450 -424323
15480 -424323
15510 -424321
15540 -424321
15570 -424321
15600 -424321
15630 -424321
15660 -423826
15690 -423826
15720 -423826
15750 -423826
15780 -423826
15810 -423826
15840 -423826
15870 -423826
15900 -423826
15930 -423826
15960 -423826
15990 -423826
16020 -423826
16050 -423826
16080 -423826
16110 -423826
16140 -423826
16170 -423826
16200 -423826
16230 -423826
16260 -423826
16290 -423826
16320 -423826
16350 -423826
16380 -423826
16410 -423826
16440 -423826
16470 -423826
16500 -423826
16530 -423826
16560 -423826
16590 -423826
16620 -423826
16650 -423826
16680 -423826
16710 -423826
16740 -423826
16770 -423826
16800 -423826
16830 -423826
16860 -423826
16890 -423826
16920 -423826
16950 -423826
16980 -423826
17010 -423826
17040 -423826
17070 -423826
17100 -423826
17130 -423826
17160 -423826
17190 -423826
17220 -423826
17250 -423826
17280 -423826
17310 -423826
17340 -423826
17370 -423826
17400 -423826
17430 -423826
17460 -423826
17490 -423798
17520 -423798
17550 -423798
17580 -423798
17610 -423798
17640 -423798
17670 -423798
17700 -423798
17730 -423798
17760 -423605
17790 -423605
17820 -423605
17850 -421657
17880 -421657
17910 -421657
17940 -421657
17970 -421657
18000 -421657
18030 -421657
18060 -421657
18090 -421657
18120 -421657
18150 -421657
18180 -421657
18210 -421657
18240 -421657
18270 -421657
18300 -421657
18330 -421657
18360 -421657
18390 -421657
18420 -421657
18450 -421657
18480 -421657
18510 -421657
18540 -421657
18570 -421657
18600 -421657
18630 -421657
18660 -421657
18690 -421657
18720 -421657
18750 -421657
18780 -421657
18810 -421657
18840 -421657
18870 -421657
18900 -421657
18930 -421657
18960 -421657
18990 -421657
19020 -421657
19050 -421657
19080 -421657
19110 -421657
19140 -421657
19170 -421657
19200 -421657
19230 -421657
19260 -421657
19290 -421657
19320 -421657
19350 -421657
19380 -421657
19410 -421657
19440 -421657
19470 -421657
19500 -421657
19530 -421657
19560 -421657
19590 -421657
19620 -421657
19650 -421657
19680 -421657
19710 -421657
19740 -421657
19770 -421657
19800 -421657
19830 -421657
19860 -421657
19890 -421657
19920 -421657
19950 -421657
19980 -421657
20010 -421657
20040 -421657
20070 -421657
20100 -421657
20130 -421657
20160 -421657
20190 -421657
20220 -421657
20250 -421657
20280 -421657
20310 -421657
20340 -421657
20370 -421657
20400 -421657
20430 -421657
20460 -421657
20490 -421657
20520 -421657
20550 -421657
20580 -421657
20610 -421657
20640 -421657
20670 -421657
20700 -421657
20730 -421657
20760 -421657
20790 -421657
20820 -421657
20850 -421657
20880 -421657
20910 -421657
20940 -421657
20970 -421657
21000 -421657
21030 -421657
21060 -421657
21090 -421657
21120 -421657
21150 -421657
21180 -421657
21210 -421657
21240 -421657
21270 -421657
21300 -421657
21330 -421245
21360 -421245
21390 -421245
21420 -421245
21450 -421245
21480 -421245
21510 -421245
21540 -421245
21570 -421245
21600 -421245
21630 -421245
21660 -421245
21690 -420726
21720 -420726
21750 -420726
21780 -420726
21810 -420726
21840 -420726
21870 -420726
21900 -420726
21930 -420726
21960 -420726
21990 -420726
22020 -420726
22050 -420726
22080 -420726
22110 -420726
22140 -420726
22170 -420726
22200 -420726
22230 -420726
22260 -420726
22290 -420726
22320 -420726
22350 -420726
22380 -420726
22410 -420726
22440 -420726
22470 -420726
22500 -420726
22530 -420726
22560 -420726
22590 -420627
22620 -420627
22650 -420627
22680 -420627
22710 -420627
22740 -420627
22770 -420627
22800 -420627
22830 -420627
22860 -420627
22890 -420627
22920 -420627
22950 -420627
22980 -420627
23010 -420627
23040 -420627
23070 -420627
23100 -420627
23130 -420627
23160 -420627
23190 -420627
23220 -420627
23250 -420627
23280 -420568
23310 -420568
23340 -420568
23370 -420251
23400 -420251
23430 -420251
23460 -420251
23490 -420251
23520 -420251
23550 -420251
23580 -420251
23610 -420251
23640 -420251
23670 -420251
23700 -420251
23730 -420251
23760 -420251
23790 -420251
23820 -420251
23850 -420251
23880 -420251
23910 -420251
23940 -420251
23970 -420251
24000 -420196
24030 -420196
24060 -420196
24090 -420196
24120 -420196
24150 -420196
24180 -420196
24210 -420196
24240 -420196
24270 -420196
24300 -420196
24330 -420196
24360 -420196
24390 -420196
24420 -420196
24450 -420196
24480 -420196
24510 -420196
24540 -420196
24570 -420196
24600 -420196
24630 -420196
24660 -420185
24690 -420185
24720 -420185
24750 -420185
24780 -420185
24810 -420185
24840 -420185
24870 -420185
24900 -420185
24930 -420185
24960 -420185
24990 -420185
25020 -420185
25050 -420185
25080 -420185
25110 -420185
25140 -420185
25170 -420185
25200 -420185
25230 -420185
25260 -420185
25290 -420185
25320 -420185
25350 -420185
25380 -420185
25410 -420185
25440 -420185
25470 -420185
25500 -420185
25530 -420185
25560 -420185
25590 -420185
25620 -420185
25650 -420185
25680 -420185
25710 -420185
25740 -420185
25770 -420185
25800 -420185
25830 -420185
25860 -420185
25890 -420185
25920 -420185
25950 -420185
25980 -420185
26010 -420185
26040 -420185
26070 -420185
26100 -419968
26130 -419968
26160 -419968
26190 -419968
26220 -419968
26250 -419968
26280 -419968
26310 -419968
26340 -419968
26370 -419968
26400 -419968
26430 -419968
26460 -419968
26490 -419968
26520 -419968
26550 -419968
26580 -419968
26610 -419968
26640 -419968
26670 -419968
26700 -419499
26730 -419499
26760 -419499
26790 -419499
26820 -419269
26850 -419269
26880 -419269
26910 -419269
26940 -419269
26970 -419269
27000 -419269
27030 -419269
27060 -419269
27090 -419269
27120 -419269
27150 -419269
27180 -419269
27210 -419269
27240 -419269
27270 -419269
27300 -419269
27330 -419269
27360 -419269
27390 -419269
27420 -419269
27450 -419269
27480 -419269
27510 -419269
27540 -419269
27570 -419269
27600 -419269
27630 -419269
27660 -419269
27690 -419269
27720 -419269
27750 -419269
27780 -419269
27810 -419269
27840 -419269
27870 -419269
27900 -419269
27930 -419269
27960 -419269
27990 -419269
28020 -419269
28050 -419269
28080 -419269
28110 -419269
28140 -419269
28170 -419269
28200 -419269
28230 -419269
28260 -419269
28290 -419269
28320 -419269
28350 -419269
28380 -419269
28410 -419269
28440 -419269
28470 -419269
28500 -419269
28530 -419269
28560 -419269
28590 -419269
28620 -419269
28650 -419269
28680 -419269
28710 -419269
28740 -419269
28770 -419269
28800 -419269
28830 -419264
28860 -419264
28890 -419264
28920 -419264
28950 -419264
28980 -419264
29010 -419264
29040 -419264
29070 -419264
29100 -419264
29130 -419264
29160 -419264
29190 -419264
29220 -419264
29250 -419264
29280 -419264
29310 -419264
29340 -419264
29370 -419264
29400 -419264
29430 -419264
29460 -419264
29490 -419264
29520 -419264
29550 -419264
29580 -419264
29610 -419264
29640 -419264
29670 -419264
29700 -419264
29730 -419264
29760 -419264
29790 -419264
29820 -419264
29850 -419264
29880 -419264
29910 -419264
29940 -419264
29970 -419264
30000 -419264
30030 -419264
30060 -419264
30090 -419264
30120 -419264
30150 -419264
30180 -419264
30210 -419264
30240 -419264
30270 -419264
30300 -419264
30330 -419264
30360 -419264
30390 -419264
30420 -419264
30450 -419264
30480 -419264
30510 -419264
30540 -419264
30570 -419264
30600 -419264
30630 -419264
30660 -419264
30690 -419264
30720 -419264
30750 -419264
30780 -419264
30810 -419264
30840 -419264
30870 -419264
30900 -419264
30930 -419264
30960 -419264
30990 -419264
31020 -419264
31050 -419264
31080 -419264
31110 -419264
31140 -419264
31170 -419264
31200 -419264
31230 -419264
31260 -419264
31290 -419264
31320 -419264
31350 -419264
31380 -419264
31410 -419264
31440 -419264
31470 -419264
31500 -419264
31530 -419264
31560 -419264
31590 -419264
31620 -419264
31650 -419264
31680 -419264
31710 -419264
31740 -419264
31770 -419264
31800 -419264
31830 -419264
31860 -419264
31890 -419264
31920 -419264
31950 -419264
31980 -419264
32010 -419264
32040 -419264
32070 -419264
32100 -419264
32130 -419264
32160 -418852
32190 -418852
32220 -418852
32250 -418852
32280 -418852
32310 -418852
32340 -418852
32370 -418852
32400 -418852
32430 -418852
32460 -418852
32490 -418852
32520 -418852
32550 -418852
32580 -418852
32610 -418852
32640 -418852
32670 -418852
32700 -418852
32730 -418852
32760 -418852
32790 -418852
32820 -418852
32850 -418852
32880 -418852
32910 -418852
32940 -418852
32970 -418852
33000 -418852
33030 -418852
33060 -418852
33090 -418852
33120 -418852
33150 -418852
33180 -418852
33210 -418852
33240 -418852
33270 -418852
33300 -418852
33330 -418852
33360 -418852
33390 -418852
33420 -418852
33450 -418852
33480 -418852
33510 -418852
33540 -418852
33570 -418852
33600 -418852
33630 -418852
33660 -418852
33690 -418852
33720 -418852
33750 -418852
33780 -418852
33810 -418852
33840 -418852
33870 -418852
33900 -418852
33930 -418852
33960 -418852
33990 -418852
34020 -418852
34050 -418852
34080 -418852
34110 -418852
34140 -418852
34170 -418852
34200 -418852
34230 -418852
34260 -418852
34290 -418852
34320 -418852
34350 -417432
34380 -417432
34410 -417432
34440 -417432
34470 -417432
34500 -417432
34530 -417432
34560 -417432
34590 -417432
34620 -417432
34650 -417432
34680 -417432
34710 -417432
34740 -417432
34770 -417432
34800 -417432
34830 -417432
34860 -417432
34890 -417432
34920 -417432
34950 -417432
34980 -417432
35010 -417432
35040 -417432
35070 -417432
35100 -417432
35130 -417432
35160 -417432
35190 -417432
35220 -417432
35250 -417432
35280 -417432
35310 -417432
35340 -417432
35370 -417432
35400 -417432
35430 -417432
35460 -417432
35490 -417432
35520 -417432
35550 -417403
35580 -417403
35610 -417403
35640 -417403
35670 -417403
35700 -417403
35730 -417403
35760 -417403
35790 -417403
35820 -417403
35850 -417403
35880 -417403
35910 -417403
35940 -417403
35970 -417403
36000 -417403
36030 -417403
36060 -417403
36090 -417403
36120 -417403
36150 -417403
36180 -417403
36210 -417403
36240 -417403
36270 -417403
36300 -417403
36330 -417403
36360 -417403
36390 -417403
36420 -417403
36450 -417403
36480 -417403
36510 -417403
36540 -417403
36570 -417403
36600 -417403
36630 -417403
36660 -417403
36690 -417403
36720 -417403
36750 -417403
36780 -417403
36810 -417403
36840 -417403
36870 -417403
36900 -417403
36930 -417403
36960 -417403
36990 -417403
37020 -417403
37050 -417403
37080 -417403
37110 -417403
37140 -417403
37170 -417403
37200 -417403
37230 -417403
37260 -416735
37290 -416735
37320 -416735
37350 -416735
37380 -416735
37410 -416735
37440 -416735
37470 -416735
37500 -416735
37530 -416735
37560 -416735
37590 -416735
37620 -416735
37650 -416735
37680 -416735
37710 -416735
37740 -416735
37770 -416735
37800 -416735
37830 -416735
37860 -416735
37890 -416735
37920 -416735
37950 -416735
37980 -416735
38010 -416735
38040 -416735
38070 -416735
38100 -416735
38130 -416735
38160 -416735
38190 -416735
38220 -416735
38250 -416735
38280 -416735
38310 -416735
38340 -416735
38370 -416735
38400 -416735
38430 -416735
38460 -416735
38490 -416735
38520 -416735
38550 -416735
38580 -416735
38610 -416735
38640 -416735
38670 -416735
38700 -416735
38730 -416735
38760 -416735
38790 -416735
38820 -416735
38850 -416735
38880 -416735
38910 -416735
38940 -416735
38970 -416735
39000 -416735
39030 -416735
39060 -416735
39090 -416735
39120 -416735
39150 -416735
39180 -416735
39210 -416735
39240 -416735
39270 -416735
39300 -416735
39330 -416735
39360 -416735
39390 -416735
39420 -416735
39450 -416735
39480 -416735
39510 -416735
39540 -416735
39570 -416735
39600 -416735
39630 -416735
39660 -416735
39690 -416735
39720 -416735
39750 -416735
39780 -416735
39810 -416735
39840 -416735
39870 -416735
39900 -416735
39930 -416735
39960 -416735
39990 -416735
40020 -416735
40050 -416735
40080 -416735
40110 -416735
40140 -416735
40170 -416735
40200 -416735
40230 -416735
40260 -416735
40290 -416735
40320 -416735
40350 -416735
40380 -416735
40410 -416735
40440 -416735
40470 -416735
40500 -416735
40530 -416735
40560 -416735
40590 -416735
40620 -416735
40650 -416735
40680 -416735
40710 -416651
40740 -416651
40770 -416651
40800 -416651
40830 -416651
40860 -416651
40890 -416651
40920 -416651
40950 -416651
40980 -416651
41010 -416651
41040 -416651
41070 -416651
41100 -416651
41130 -416651
41160 -416651
41190 -416651
41220 -416651
41250 -416651
41280 -416651
41310 -416651
41340 -416651
41370 -416651
41400 -416651
41430 -416651
41460 -416651
41490 -416651
41520 -416651
41550 -416651
41580 -416651
41610 -416651
41640 -416651
41670 -416651
41700 -416651
41730 -416651
41760 -416651
41790 -416651
41820 -416651
41850 -416651
41880 -416651
41910 -416651
41940 -416651
41970 -416651
42000 -416651
42030 -416651
42060 -416651
42090 -416651
42120 -416651
42150 -416651
42180 -416651
42210 -416651
42240 -416651
42270 -416651
42300 -416651
42330 -416651
42360 -416651
42390 -416651
42420 -416651
42450 -416651
42480 -416651
42510 -416651
42540 -416651
42570 -416651
42600 -416651
42630 -416651
42660 -416651
42690 -416651
42720 -416651
42750 -416651
42780 -416651
42810 -416651
42840 -416651
42870 -416651
42900 -416651
42930 -416651
42960 -416651
42990 -416651
43020 -416651
43050 -416651
43080 -416651
43110 -416651
43140 -416651
43170 -416651
43200 -416651
43230 -416651
43260 -416651
43290 -416651
43320 -416651
43350 -416651
43380 -416651
43410 -416651
43440 -416651
43470 -416651
43500 -416651
43530 -416651
43560 -416651
43590 -416651
43620 -416651
43650 -416651
43680 -416651
43710 -416651
43740 -416651
43770 -416651
43800 -416651
43830 -416322
43860 -416322
43890 -416322
43920 -416322
43950 -416322
43980 -416322
44010 -416322
44040 -416322
44070 -416322
44100 -416322
44130 -416322
44160 -416322
44190 -416322
44220 -416322
44250 -416322
44280 -416322
44310 -416322
44340 -416322
44370 -416322
44400 -416322
44430 -416322
44460 -416322
44490 -416322
44520 -416322
44550 -416322
44580 -416322
44610 -416322
44640 -416322
44670 -416322
44700 -416322
44730 -416322
44760 -416284
44790 -416284
44820 -416284
44850 -416284
44880 -416284
44910 -416284
44940 -416284
44970 -416284
45000 -416284
45030 -416284
45060 -416284
45090 -416284
45120 -416284
45150 -416284
45180 -416284
45210 -416284
45240 -416284
45270 -416284
45300 -416284
45330 -416284
45360 -416284
45390 -416284
45420 -416284
45450 -416284
45480 -416284
45510 -416284
45540 -416284
45570 -416284
45600 -416284
45630 -416284
45660 -416284
45690 -416284
45720 -416284
45750 -416284
45780 -416284
45810 -416284
45840 -416284
45870 -416284
45900 -416284
45930 -416284
45960 -416085
45990 -416085
46020 -416085
46050 -416085
46080 -416085
46110 -416085
46140 -416085
46170 -416085
46200 -416085
46230 -416085
46260 -416085
46290 -416085
46320 -416085
46350 -416085
46380 -416085
46410 -416040
46440 -416040
46470 -416040
46500 -416040
46530 -416040
46560 -416040
46590 -416040
46620 -416040
46650 -416040
46680 -416040
46710 -416040
46740 -416040
46770 -416040
46800 -416040
46830 -415057
46860 -415057
46890 -415057
46920 -415057
46950 -415057
46980 -415057
47010 -415057
47040 -415057
47070 -415057
47100 -414982
47130 -414982
47160 -414982
47190 -414982
47220 -414982
47250 -414982
47280 -414982
47310 -414982
47340 -414982
47370 -414982
47400 -414982
47430 -414982
47460 -414982
47490 -414982
47520 -414982
47550 -414982
47580 -414982
47610 -414982
47640 -414982
47670 -414982
47700 -414982
47730 -414982
47760 -414982
47790 -414982
47820 -414982
47850 -414982
47880 -414982
47910 -414982
47940 -414982
47970 -414982
48000 -414982
48030 -414982
48060 -414982
48090 -414982
48120 -414982
48150 -414982
48180 -414982
48210 -414982
48240 -414982
48270 -414982
48300 -414982
48330 -414982
48360 -414982
48390 -414982
48420 -414982
48450 -414982
48480 -414982
48510 -414982
48540 -414982
48570 -414982
48600 -414982
48630 -414982
48660 -414982
48690 -414982
48720 -414982
48750 -414982
48780 -414982
48810 -414982
48840 -414982
48870 -414982
48900 -414982
48930 -414982
48960 -414982
48990 -414982
49020 -414982
49050 -414982
49080 -414982
49110 -414982
49140 -414982
49170 -414982
49200 -414982
49230 -414982
49260 -414982
49290 -414982
49320 -414982
49350 -414982
49380 -414982
49410 -414982
49440 -414982
49470 -414982
49500 -414982
49530 -414982
49560 -414982
49590 -414982
49620 -414982
49650 -414982
49680 -414982
49710 -414982
49740 -414982
49770 -414982
49800 -414982
49830 -414982
49860 -414982
49890 -414982
49920 -414982
49950 -414982
49980 -414618
50010 -414618
50040 -414618
50070 -414618
50100 -414618
50130 -414618
50160 -414618
50190 -414618
50220 -414618
50250 -414618
50280 -414618
50310 -414618
50340 -414618
50370 -414618
50400 -414618
50430 -414618
50460 -414618
50490 -414618
50520 -414618
50550 -414618
50580 -414618
50610 -414618
50640 -414618
50670 -414618
50700 -414618
50730 -414618
50760 -414618
50790 -414618
50820 -414618
50850 -414618
50880 -414618
50910 -414618
50940 -414618
50970 -414618
51000 -414618
51030 -414618
51060 -414618
51090 -414618
51120 -414618
51150 -414618
51180 -414467
51210 -414467
51240 -414467
51270 -414467
51300 -414467
51330 -414467
51360 -414467
51390 -414467
51420 -414467
51450 -414467
51480 -414467
51510 -414467
51540 -414467
51570 -414467
51600 -414467
51630 -414467
51660 -414467
51690 -414467
51720 -414467
51750 -414467
51780 -414467
51810 -414467
51840 -414467
51870 -414467
51900 -414467
51930 -414467
51960 -414467
51990 -414467
52020 -414467
52050 -414467
52080 -414467
52110 -414467
52140 -414467
52170 -414467
52200 -414467
52230 -414467
52260 -414467
52290 -414467
52320 -414467
52350 -414467
52380 -414467
52410 -414467
52440 -414467
52470 -414467
52500 -414467
52530 -414467
52560 -414467
52590 -414467
52620 -414467
52650 -414257
52680 -414257
52710 -414257
52740 -414257
52770 -414257
52800 -414257
52830 -414257
52860 -414257
52890 -414257
52920 -414257
52950 -414257
52980 -414257
53010 -414257
53040 -414257
53070 -414257
53100 -414257
53130 -414257
53160 -414257
53190 -414257
53220 -414257
53250 -414257
53280 -414257
53310 -414257
53340 -414257
53370 -414257
53400 -414257
53430 -414257
53460 -414257
53490 -414257
53520 -414257
53550 -414257
53580 -414257
53610 -414257
53640 -414257
53670 -414257
53700 -414257
53730 -414257
53760 -414257
53790 -414257
53820 -414257
53850 -414257
53880 -414257
53910 -414257
53940 -414257
53970 -414257
54000 -414257
54030 -414257
54060 -414257
54090 -414257
54120 -414257
54150 -414257
54180 -414257
54210 -414257
54240 -414257
54270 -414257
54300 -414257
54330 -414257
54360 -414257
54390 -414257
54420 -414257
54450 -414257
54480 -414257
54510 -414257
54540 -414257
54570 -414257
54600 -414257
54630 -414257
54660 -414257
54690 -414257
54720 -414257
54750 -414257
54780 -414257
54810 -414257
54840 -414257
54870 -414257
54900 -414257
54930 -414257
54960 -414257
54990 -414257
55020 -414257
55050 -414257
55080 -414257
55110 -414257
55140 -414257
55170 -414257
55200 -414257
55230 -414257
55260 -414257
55290 -414257
55320 -414257
55350 -414257
55380 -414257
55410 -414257
55440 -414257
55470 -414257
55500 -414257
55530 -414257
55560 -414257
55590 -414257
55620 -414257
55650 -414257
55680 -414257
55710 -414257
55740 -414257
55770 -414255
55800 -414255
55830 -414255
55860 -414255
55890 -414255
55920 -414255
55950 -414255
55980 -414255
56010 -414255
56040 -414255
56070 -414255
56100 -414255
56130 -414255
56160 -414255
56190 -414255
56220 -414255
56250 -414255
56280 -414255
56310 -414255
56340 -414255
56370 -414255
56400 -414255
56430 -414255
56460 -414255
56490 -414255
56520 -414255
56550 -414255
56580 -414255
56610 -414255
56640 -414255
56670 -414255
56700 -414255
56730 -414255
56760 -414255
56790 -414255
56820 -414255
56850 -414255
56880 -414255
56910 -414255
56940 -414255
56970 -414255
57000 -414255
57030 -414255
57060 -414255
57090 -414255
57120 -414255
57150 -414255
57180 -414255
57210 -414255
57240 -414255
57270 -414255
57300 -414255
57330 -414255
57360 -414255
57390 -414255
57420 -414255
57450 -414255
57480 -414255
57510 -414255
57540 -414255
57570 -414255
57600 -414255
57630 -414255
57660 -414255
57690 -414255
57720 -414255
57750 -414255
57780 -414255
57810 -414255
57840 -414255
57870 -414255
57900 -414255
57930 -414255
57960 -414255
57990 -414255
58020 -414255
58050 -414255
58080 -414255
58110 -414255
58140 -414255
58170 -414255
58200 -414255
58230 -414255
58260 -414255
58290 -414255
58320 -414255
58350 -414255
58380 -414255
58410 -414255
58440 -414255
58470 -414255
58500 -414255
58530 -414255
58560 -414255
58590 -414255
58620 -414255
58650 -414255
58680 -414255
58710 -414255
58740 -414255
58770 -414255
58800 -414255
58830 -414255
58860 -414255
58890 -414255
58920 -414255
58950 -414255
58980 -414255
59010 -414255
59040 -414255
59070 -414255
59100 -414255
59130 -414255
59160 -414255
59190 -414255
59220 -414255
59250 -414255
59280 -414255
59310 -414255
59340 -414255
59370 -414255
59400 -414255
59430 -414255
59460 -414255
59490 -414255
59520 -414255
59550 -414255
59580 -414255
59610 -414255
59640 -414255
59670 -414255
59700 -414255
59730 -414255
59760 -414255
59790 -414255
59820 -414255
59850 -414255
59880 -414255
59910 -414255
59940 -414255
59970 -414255
60000 -414255
60030 -414255
60060 -414255
60090 -414255
60120 -414255
60150 -414255
60180 -414255
60210 -414255
60240 -414096
60270 -414096
60300 -414096
60330 -414096
60360 -414096
60390 -414096
60420 -414096
60450 -414096
60480 -414096
60510 -414096
60540 -414096
60570 -414096
60600 -414096
60630 -414096
60660 -414096
60690 -414096
60720 -414096
60750 -414096
60780 -414026
60810 -414026
60840 -414026
60870 -414026
60900 -414026
60930 -414026
60960 -414026
60990 -414026
61020 -414026
61050 -414026
61080 -414026
61110 -414026
61140 -414026
61170 -414026
61200 -414026
61230 -414026
61260 -414026
61290 -414026
61320 -414026
61350 -414026
61380 -414026
61410 -414026
61440 -414026
61470 -414026
61500 -414026
61530 -414026
61560 -414026
61590 -414026
61620 -414026
61650 -414026
61680 -414026
61710 -414026
61740 -414026
61770 -414026
61800 -414026
61830 -414026
61860 -414026
61890 -414026
61920 -414026
61950 -414026
61980 -414026
62010 -414026
62040 -414026
62070 -414026
62100 -414026
62130 -414026
62160 -414026
62190 -414026
62220 -414026
62250 -414026
62280 -414026
62310 -414026
62340 -414026
62370 -414026
62400 -414026
62430 -414026
62460 -414026
62490 -414026
62520 -414026
62550 -414026
62580 -414026
62610 -414026
62640 -414026
62670 -414026
62700 -414026
62730 -414026
62760 -414026
62790 -414026
62820 -414026
62850 -414026
62880 -414026
62910 -414026
62940 -414026
62970 -414026
63000 -414026
63030 -414026
63060 -414026
63090 -414026
63120 -414026
63150 -414026
63180 -414026
63210 -414026
63240 -414026
63270 -414026
63300 -414026
63330 -414026
63360 -414026
63390 -414026
63420 -414026
63450 -414026
63480 -414026
63510 -414026
63540 -414026
63570 -414026
63600 -414026
63630 -414026
63660 -414026
63690 -414026
63720 -414026
63750 -414026
63780 -414026
63810 -414026
63840 -414026
63870 -414026
63900 -414026
63930 -414026
63960 -413876
63990 -413876
64020 -413876
64050 -413876
64080 -413876
64110 -413876
64140 -413876
64170 -413876
64200 -413876
64230 -413876
64260 -413876
64290 -413876
64320 -413876
64350 -413876
64380 -413876
64410 -413876
64440 -413876
64470 -413876
64500 -413876
64530 -413876
64560 -413876
64590 -413876
64620 -413876
64650 -413876
64680 -413876
64710 -413876
64740 -413876
64770 -413876
64800 -413876
64830 -413876
64860 -413876
64890 -413876
64920 -413876
64950 -413876
64980 -413876
65010 -413722
65040 -413722
65070 -413722
65100 -413722
65130 -413722
65160 -413722
65190 -412821
65220 -412821
65250 -412821
65280 -412821
65310 -412821
65340 -412821
65370 -412821
65400 -412821
65430 -412821
65460 -412821
65490 -412821
65520 -412821
65550 -412821
65580 -412821
65610 -412821
65640 -412821
65670 -412821
65700 -412821
65730 -412821
65760 -412821
65790 -412821
65820 -412821
65850 -412821
65880 -412821
65910 -412821
65940 -412821
65970 -412821
66000 -412821
66030 -412821
66060 -412821
66090 -412821
66120 -412821
66150 -412821
66180 -412821
66210 -412821
66240 -412821
66270 -412821
66300 -412821
66330 -412821
66360 -412821
66390 -412821
66420 -412821
66450 -412821
66480 -412821
66510 -412821
66540 -412821
66570 -412821
66600 -412821
66630 -412821
66660 -412821
66690 -412821
66720 -412821
66750 -412821
66780 -412821
66810 -412821
66840 -412821
66870 -412821
66900 -412821
66930 -412821
66960 -412821
66990 -412821
67020 -412821
67050 -412821
67080 -412821
67110 -412821
67140 -412821
67170 -412821
67200 -412821
67230 -412821
67260 -412821
67290 -412821
67320 -412821
67350 -412821
67380 -412821
67410 -412821
67440 -412821
67470 -412821
67500 -412538
67530 -412538
67560 -412538
67590 -412538
67620 -412538
67650 -412538
67680 -412538
67710 -412538
67740 -412538
67770 -412538
67800 -412538
67830 -412538
67860 -412538
67890 -412538
67920 -412538
67950 -412538
67980 -412538
68010 -412538
68040 -412538
68070 -412538
68100 -412538
68130 -412538
68160 -412538
68190 -412538
68220 -412538
68250 -412538
68280 -412538
68310 -412538
68340 -412538
68370 -412538
68400 -412538
68430 -412538
68460 -412538
68490 -412538
68520 -412538
68550 -412538
68580 -412538
68610 -412538
68640 -412538
68670 -412538
68700 -412538
68730 -412538
68760 -412538
68790 -412538
68820 -412538
68850 -412538
68880 -412538
68910 -412538
68940 -412538
68970 -412538
69000 -412538
69030 -412538
69060 -412538
69090 -412538
69120 -412538
69150 -412538
69180 -412538
69210 -412538
69240 -412538
69270 -412538
69300 -412538
69330 -412538
69360 -412538
69390 -412538
69420 -412538
69450 -412538
69480 -412538
69510 -412538
69540 -412538
69570 -412538
69600 -412538
69630 -412538
69660 -412538
69690 -412538
69720 -412538
69750 -412538
69780 -412538
69810 -412538
69840 -412538
69870 -412538
69900 -412538
69930 -412538
69960 -412538
69990 -412538
70020 -412538
70050 -412538
70080 -412538
70110 -412538
70140 -412538
70170 -412538
70200 -412538
70230 -412538
70260 -412538
70290 -412538
70320 -412538
70350 -412538
70380 -412538
70410 -412538
70440 -412538
70470 -412538
70500 -412538
70530 -412538
70560 -412538
70590 -412538
70620 -412538
70650 -412538
70680 -412538
70710 -412538
70740 -412538
70770 -412538
70800 -412538
70830 -412538
70860 -412538
70890 -412538
70920 -412538
70950 -412538
70980 -412538
71010 -412538
71040 -412538
71070 -412538
71100 -412538
71130 -412538
71160 -412538
71190 -412538
71220 -412538
71250 -412538
71280 -412538
71310 -412538
71340 -412538
71370 -412538
71400 -412538
71430 -412538
71460 -412538
71490 -412538
71520 -412538
71550 -412538
71580 -412538
71610 -412538
71640 -412538
71670 -412538
71700 -412538
71730 -412538
71760 -412538
71790 -412538
71820 -412538
71850 -412538
71880 -412538
71910 -412538
71940 -412538
71970 -412538
72000 -412538
72030 -412538
72060 -412538
72090 -412538
72120 -412538
72150 -412538
72180 -412538
72210 -412538
72240 -412538
72270 -412538
72300 -412538
72330 -412538
72360 -412538
72390 -412538
72420 -412538
72450 -412538
72480 -412538
72510 -412538
72540 -412538
72570 -412538
72600 -412538
72630 -412538
72660 -412538
72690 -412538
72720 -412538
72750 -412538
72780 -412538
72810 -412538
72840 -412538
72870 -412538
72900 -412538
72930 -412538
72960 -412538
72990 -412538
73020 -412538
73050 -412538
73080 -412538
73110 -412538
73140 -412538
73170 -412538
73200 -412538
73230 -412538
73260 -412538
73290 -412538
73320 -412538
73350 -412538
73380 -412538
73410 -412538
73440 -412538
73470 -412538
73500 -412538
73530 -412538
73560 -412538
73590 -412538
73620 -412538
73650 -412538
73680 -412538
73710 -412538
73740 -412538
73770 -412538
73800 -412538
73830 -412538
73860 -412538
73890 -412538
73920 -412538
73950 -412538
73980 -412538
74010 -412538
74040 -412538
74070 -412538
74100 -412538
74130 -412538
74160 -412538
74190 -411725
74220 -411725
74250 -411506
74280 -411506
74310 -411506
74340 -411506
74370 -411506
74400 -411506
74430 -411506
74460 -411506
74490 -411506
74520 -411506
74550 -411506
74580 -411506
74610 -411506
74640 -411506
74670 -411506
74700 -411506
74730 -411506
74760 -411506
74790 -411506
74820 -411506
74850 -411506
74880 -411506
74910 -411506
74940 -411506
74970 -411506
75000 -411506
75030 -411506
75060 -411506
75090 -411506
75120 -411506
75150 -411506
75180 -411506
75210 -411506
75240 -411506
75270 -411506
75300 -411506
75330 -411506
75360 -411506
75390 -411506
75420 -411506
75450 -411506
75480 -411506
75510 -411506
75540 -411506
75570 -411506
75600 -411506
75630 -411506
75660 -411506
75690 -411506
75720 -411506
75750 -411506
75780 -411506
75810 -411506
75840 -411506
75870 -411506
75900 -411506
75930 -411506
75960 -411506
75990 -411506
76020 -411506
76050 -411506
76080 -411506
76110 -411506
76140 -411506
76170 -411506
76200 -411506
76230 -411506
76260 -411506
76290 -411506
76320 -411506
76350 -411506
76380 -411506
76410 -411506
76440 -411506
76470 -411506
76500 -411506
76530 -411506
76560 -411506
76590 -411506
76620 -411506
76650 -411506
76680 -411506
76710 -411506
76740 -411506
76770 -411506
76800 -411506
76830 -411506
76860 -411506
76890 -411506
76920 -411506
76950 -411506
76980 -411506
77010 -411506
77040 -411506
77070 -411506
77100 -411506
77130 -411506
77160 -411506
77190 -411506
77220 -411506
77250 -411506
77280 -411506
77310 -411506
77340 -411506
77370 -411506
77400 -411506
77430 -411506
77460 -411506
77490 -411506
77520 -411506
77550 -411506
77580 -411506
77610 -411506
77640 -411506
77670 -411506
77700 -411506
77730 -411506
77760 -411506
77790 -411506
77820 -411506
77850 -411506
77880 -411506
77910 -411506
77940 -411506
77970 -411506
78000 -411506
78030 -411506
78060 -411506
78090 -411506
78120 -411506
78150 -411506
78180 -411506
78210 -411506
78240 -411506
78270 -411506
78300 -411506
78330 -411506
78360 -411506
78390 -411506
78420 -411506
78450 -411506
78480 -411506
78510 -411506
78540 -411506
78570 -411506
78600 -411506
78630 -411506
78660 -411506
78690 -411506
78720 -411369
78750 -411369
78780 -411369
78810 -411369
78840 -411369
78870 -411369
78900 -411369
78930 -411369
78960 -411369
78990 -411369
79020 -411369
79050 -411369
79080 -411369
79110 -411369
79140 -411369
79170 -411369
79200 -411369
79230 -411369
79260 -411369
79290 -411369
79320 -411369
79350 -411369
79380 -411369
79410 -411369
79440 -411369
79470 -411369
79500 -411369
79530 -411369
79560 -411369
79590 -411369
79620 -411369
79650 -411369
79680 -411369
79710 -411369
79740 -411352
79770 -411352
79800 -411352
79830 -411352
79860 -411352
79890 -411352
79920 -411352
79950 -411352
79980 -411352
80010 -411352
80040 -411352
80070 -411352
80100 -411352
80130 -411352
80160 -411352
80190 -411352
80220 -411352
80250 -411352
80280 -411352
80310 -411352
80340 -411352
80370 -411352
80400 -411352
80430 -411352
80460 -411352
80490 -411352
80520 -411352
80550 -411352
80580 -411352
80610 -411352
80640 -411352
80670 -411352
80700 -411352
80730 -411352
80760 -411352
80790 -411352
80820 -411352
80850 -411273
80880 -411273
80910 -411273
80940 -411273
80970 -411273
81000 -411273
81030 -411273
81060 -411273
81090 -411273
81120 -411273
81150 -411273
81180 -411273
81210 -411273
81240 -411273
81270 -411273
81300 -411273
81330 -411273
81360 -411273
81390 -411273
81420 -411273
81450 -411273
81480 -411273
81510 -411273
81540 -411273
81570 -411273
81600 -411273
81630 -411273
81660 -411273
81690 -411273
81720 -411273
81750 -411273
81780 -411273
81810 -411273
81840 -411273
81870 -411273
81900 -411273
81930 -411273
81960 -411273
81990 -411273
82020 -411273
82050 -411273
82080 -411273
82110 -411273
82140 -411273
82170 -411273
82200 -411273
82230 -411273
82260 -411273
82290 -411273
82320 -411273
82350 -411273
82380 -411273
82410 -411273
82440 -411273
82470 -411273
82500 -411273
82530 -411273
82560 -411273
82590 -411273
82620 -411273
82650 -411273
82680 -411273
82710 -411273
82740 -411273
82770 -411273
82800 -411273
82830 -411273
82860 -411273
82890 -411273
82920 -411273
82950 -411273
82980 -411273
83010 -411273
83040 -411273
83070 -411273
83100 -411273
83130 -411273
83160 -411273
83190 -411273
83220 -411273
83250 -411273
83280 -411273
83310 -411273
83340 -411273
83370 -411273
83400 -411273
83430 -411273
83460 -411273
83490 -411273
83520 -411273
83550 -411273
83580 -411273
83610 -411273
83640 -411273
83670 -411273
83700 -411273
83730 -411273
83760 -411273
83790 -411273
83820 -411273
83850 -411273
83880 -411273
83910 -411273
83940 -411273
83970 -411273
84000 -411273
84030 -411273
84060 -411273
84090 -411273
84120 -411273
84150 -411273
84180 -411273
84210 -411273
84240 -411273
84270 -411273
84300 -411273
84330 -411273
84360 -411273
84390 -411273
84420 -411273
84450 -411273
84480 -411273
84510 -411273
84540 -411273
84570 -411273
84600 -411273
84630 -411273
84660 -411273
84690 -411273
84720 -411273
84750 -411273
84780 -411273
84810 -411273
84840 -411273
84870 -411273
84900 -411273
84930 -411273
84960 -411273
84990 -411273
85020 -411273
85050 -411273
85080 -411273
85110 -411273
85140 -411273
85170 -411273
85200 -411273
85230 -411273
85260 -411273
85290 -411273
85320 -411273
85350 -411273
85380 -411273
85410 -411273
85440 -411273
85470 -411273
85500 -411273
85530 -411273
85560 -411273
85590 -411273
85620 -411273
85650 -411273
85680 -411273
85710 -411273
85740 -411273
85770 -411273
85800 -411273
85830 -411273
85860 -411273
85890 -411273
85920 -411273
85950 -411273
85980 -411273
86010 -411273
86040 -411273
86070 -411273
86100 -411273
86130 -411273
86160 -411273
86190 -411273
86220 -411273
86250 -411273
86280 -411273
86310 -411273
86340 -411273
86370 -411273
86400 -411273
86430 -411273
86460 -411273
86490 -411273
86520 -411273
86550 -411273
86580 -411273
86610 -411273
86640 -411273
86670 -411273
86700 -411273
86730 -411273
86760 -411273
86790 -411273
86820 -411273
86850 -411273
86880 -411273
86910 -411273
86940 -411273
86970 -411273
87000 -411273
87030 -411273
87060 -411273
87090 -411273
87120 -411273
87150 -411273
87180 -411273
87210 -411273
87240 -411273
87270 -411273
87300 -411273
87330 -411273
87360 -411273
87390 -411273
87420 -411273
87450 -411273
87480 -411273
87510 -411273
87540 -411273
87570 -411273
87600 -411273
87630 -411273
87660 -411273
87690 -411273
87720 -411273
87750 -411273
87780 -411273
87810 -411273
87840 -411273
87870 -411273
87900 -411273
87930 -411273
87960 -411273
87990 -411273
88020 -411273
88050 -411273
88080 -411273
88110 -411232
88140 -411232
88170 -411232
88200 -411232
88230 -411232
88260 -411232
88290 -411232
88320 -411232
88350 -411232
88380 -411232
88410 -411232
88440 -411232
88470 -411232
88500 -411232
88530 -411232
88560 -411232
88590 -411232
88620 -411075
88650 -411075
88680 -411075
88710 -411075
88740 -411075
88770 -411075
88800 -411075
88830 -411075
88860 -411075
88890 -411075
88920 -411075
88950 -411075
88980 -411075
89010 -411075
89040 -411075
89070 -411075
89100 -411075
89130 -411075
89160 -411075
89190 -411075
89220 -411075
89250 -411075
89280 -411075
89310 -411075
89340 -411075
89370 -411075
89400 -411075
89430 -411075
89460 -411075
89490 -411075
89520 -411075
89550 -411075
89580 -411075
89610 -411075
89640 -411075
89670 -411075
89700 -411075
89730 -411075
89760 -411075
89790 -411075
89820 -411075
89850 -411075
89880 -411075
89910 -411075
89940 -411075
89970 -411075
90000 -411075
90030 -411075
90060 -411075
90090 -411075
90120 -411075
90150 -411075
90180 -411075
90210 -411075
90240 -411075
90270 -411075
90300 -411075
90330 -411075
90360 -411075
90390 -411075
90420 -411075
90450 -411075
90480 -411075
90510 -411075
90540 -411075
90570 -411075
90600 -411075
90630 -411075
90660 -411075
90690 -411075
90720 -411075
90750 -411075
90780 -411075
90810 -411075
90840 -411075
90870 -411075
90900 -411075
90930 -411075
90960 -411075
90990 -411075
91020 -411075
91050 -411075
91080 -411075
91110 -411075
91140 -411075
91170 -411075
91200 -411075
91230 -411075
91260 -411075
91290 -411075
91320 -411075
91350 -411075
91380 -411075
91410 -411075
91440 -411075
91470 -411075
91500 -411075
91530 -411075
91560 -411075
91590 -411075
91620 -411075
91650 -411075
91680 -411075
91710 -411075
91740 -411075
91770 -411075
91800 -411075
91830 -411075
91860 -411075
91890 -411075
91920 -411075
91950 -411075
91980 -411075
92010 -411075
92040 -411075
92070 -411075
92100 -411075
92130 -411075
92160 -411075
92190 -411075
92220 -411075
92250 -411075
92280 -411075
92310 -411075
92340 -411075
92370 -411075
92400 -411075
92430 -411075
92460 -411075
92490 -411075
92520 -411075
92550 -411075
92580 -411075
92610 -411075
92640 -411075
92670 -411075
92700 -411075
92730 -411075
92760 -411075
92790 -411075
92820 -411075
92850 -411075
92880 -411075
92910 -411047
92940 -411047
92970 -411047
93000 -411047
93030 -411047
93060 -411047
93090 -411047
93120 -411047
93150 -411047
93180 -411047
93210 -411047
93240 -411047
93270 -411047
93300 -411047
93330 -411047
93360 -411047
93390 -411047
93420 -411047
93450 -411047
93480 -411047
93510 -411047
93540 -411047
93570 -411047
93600 -411047
93630 -411047
93660 -411047
93690 -411047
93720 -411047
93750 -411047
93780 -411047
93810 -411047
93840 -411047
93870 -411047
93900 -411047
93930 -411047
93960 -411047
93990 -411047
94020 -411047
94050 -411047
94080 -411047
94110 -411047
94140 -411047
94170 -411047
94200 -411047
94230 -411047
94260 -411047
94290 -411047
94320 -411047
94350 -411047
94380 -411047
94410 -411047
94440 -411047
94470 -411047
94500 -411047
94530 -411047
94560 -411047
94590 -411047
94620 -411047
94650 -411047
94680 -411047
94710 -411047
94740 -411047
94770 -411047
94800 -411047
94830 -411047
94860 -411047
94890 -411047
94920 -411047
94950 -411047
94980 -411047
95010 -411047
95040 -411047
95070 -411047
95100 -411047
95130 -411047
95160 -411047
95190 -411047
95220 -411047
95250 -411047
95280 -411047
95310 -411047
95340 -411047
95370 -411047
95400 -411047
95430 -411047
95460 -411047
95490 -411047
95520 -411047
95550 -411047
95580 -411047
95610 -411047
95640 -411047
95670 -411047
95700 -411047
95730 -411047
95760 -411047
95790 -411047
95820 -411047
95850 -411047
95880 -411047
95910 -411047
95940 -411047
95970 -411047
96000 -411047
96030 -411047
96060 -411047
96090 -411047
96120 -411047
96150 -411047
96180 -411047
96210 -411047
96240 -411047
96270 -411047
96300 -411047
96330 -411047
96360 -411047
96390 -411047
96420 -411047
96450 -411047
96480 -411047
96510 -411047
96540 -411047
96570 -411047
96600 -411047
96630 -411047
96660 -411047
96690 -411047
96720 -411047
96750 -411047
96780 -411047
96810 -411047
96840 -411047
96870 -411047
96900 -411047
96930 -411047
96960 -411047
96990 -411047
97020 -411047
97050 -411047
97080 -411047
97110 -411047
97140 -411047
97170 -411047
97200 -411047
97230 -411047
97260 -411047
97290 -411047
97320 -411047
97350 -411047
97380 -411047
97410 -411047
97440 -411047
97470 -411047
97500 -411047
97530 -411047
97560 -411047
97590 -411047
97620 -411047
97650 -411047
97680 -411047
97710 -411047
97740 -411047
97770 -411047
97800 -411047
97830 -411047
97860 -411047
97890 -411047
97920 -411047
97950 -411047
97980 -411047
98010 -411047
98040 -411047
98070 -411047
98100 -411047
98130 -411047
98160 -411047
98190 -411047
98220 -411047
98250 -411047
98280 -411047
98310 -411047
98340 -411047
98370 -411047
98400 -411047
98430 -411047
98460 -411047
98490 -411047
98520 -411047
98550 -411047
98580 -411047
98610 -411047
98640 -411047
98670 -411047
98700 -411047
98730 -411047
98760 -411047
98790 -411047
98820 -411047
98850 -411047
98880 -411047
98910 -411047
98940 -411047
98970 -411047
99000 -411047
99030 -411047
99060 -411047
99090 -411047
99120 -411047
99150 -411047
99180 -411047
99210 -411047
99240 -411047
99270 -411047
99300 -411047
99330 -411047
99360 -411047
99390 -411047
99420 -411047
99450 -411047
99480 -411047
99510 -411047
99540 -411047
99570 -411047
99600 -411047
99630 -411047
99660 -411047
99690 -411047
99720 -411047
99750 -411047
99780 -411047
99810 -411047
99840 -411047
99870 -411047
99900 -411047
99930 -411047
99960 -411047
99990 -411047
100020 -411047
100050 -411047
100080 -411047
100110 -411047
100140 -411047
100170 -411047
100200 -411040
100230 -411040
100260 -411040
100290 -411040
100320 -411040
100350 -411040
100380 -411040
100410 -411040
100440 -411040
100470 -411040
100500 -411040
100530 -411040
100560 -411040
100590 -411040
100620 -411040
100650 -411040
100680 -411040
100710 -411040
100740 -411040
100770 -411040
100800 -411040
100830 -411040
100860 -411040
100890 -411040
100920 -411040
100950 -411040
100980 -411040
101010 -411040
101040 -411040
101070 -411040
101100 -411040
101130 -411040
101160 -411040
101190 -411040
101220 -411040
101250 -411040
101280 -411040
101310 -411040
101340 -411040
101370 -411040
101400 -411040
101430 -411040
101460 -411040
101490 -411040
101520 -411040
101550 -411040
101580 -411040
101610 -411040
101640 -411040
101670 -411040
101700 -411040
101730 -411040
101760 -410959
101790 -410959
101820 -410959
101850 -410959
101880 -410959
101910 -410959
101940 -410959
101970 -410959
102000 -410959
102030 -410959
102060 -410959
102090 -410959
102120 -410959
102150 -410959
102180 -410959
102210 -410959
102240 -410959
102270 -410959
102300 -410959
102330 -410959
102360 -410959
102390 -410959
102420 -410959
102450 -410959
102480 -410959
102510 -410959
102540 -410959
102570 -410959
102600 -410959
102630 -410959
102660 -410959
102690 -410959
102720 -410959
102750 -410959
102780 -410959
102810 -410959
102840 -410959
102870 -410959
102900 -410959
102930 -410959
102960 -410959
102990 -410959
103020 -410959
103050 -410959
103080 -410959
103110 -410959
103140 -410959
103170 -410959
103200 -410959
103230 -410959
103260 -410959
103290 -410959
103320 -410959
103350 -410959
103380 -410959
103410 -410959
103440 -410959
103470 -410959
103500 -410959
103530 -410959
103560 -410959
103590 -410959
103620 -410959
103650 -410959
103680 -410959
103710 -410959
103740 -410959
103770 -410959
103800 -410959
103830 -410959
103860 -410959
103890 -410959
103920 -410959
103950 -410959
103980 -410959
104010 -410959
104040 -410959
104070 -410959
104100 -410959
104130 -410959
104160 -410959
104190 -410959
104220 -410959
104250 -410959
104280 -410959
104310 -410959
104340 -410959
104370 -410959
104400 -410959
104430 -410959
104460 -410959
104490 -410959
104520 -410959
104550 -410959
104580 -410959
104610 -410959
104640 -410959
104670 -410959
104700 -410959
104730 -410959
104760 -410959
104790 -410959
104820 -410959
104850 -410959
104880 -410959
104910 -410959
104940 -410959
104970 -410959
105000 -410959
105030 -410959
105060 -410959
105090 -410959
105120 -410959
105150 -410959
105180 -410959
105210 -410959
105240 -410959
105270 -410959
105300 -410855
105330 -410855
105360 -410855
105390 -410855
105420 -410855
105450 -410855
105480 -410855
105510 -410855
105540 -410855
105570 -410855
105600 -410855
105630 -410855
105660 -410855
105690 -410855
105720 -410855
105750 -410855
105780 -410855
105810 -410855
105840 -410855
105870 -410855
105900 -410855
105930 -410855
105960 -410855
105990 -410855
106020 -410855
106050 -410855
106080 -410855
106110 -410855
106140 -410855
106170 -410855
106200 -410855
106230 -410855
106260 -410855
106290 -410855
106320 -410855
106350 -410855
106380 -410855
106410 -410855
106440 -410855
106470 -410855
106500 -410855
106530 -410855
106560 -410855
106590 -410855
106620 -410855
106650 -410855
106680 -410855
106710 -410855
106740 -410855
106770 -410855
106800 -410855
106830 -410855
106860 -410855
106890 -410855
106920 -410855
106950 -410855
106980 -410855
107010 -410855
107040 -410855
107070 -410855
107100 -410855
107130 -410855
107160 -410855
107190 -410855
107220 -410855
107250 -410855
107280 -410855
107310 -410855
107340 -410855
107370 -410855
107400 -410855
107430 -410855
107460 -410855
107490 -410855
107520 -410855
107550 -410855
107580 -410855
107610 -410855
107640 -410855
107670 -410855
107700 -410855
107730 -410855
107760 -409998
107790 -409998
107820 -409998
107850 -409998
107880 -409998
107910 -409998
107940 -409998
107970 -409954
108000 -409954
108030 -409954
108060 -409954
108090 -409954
108120 -409954
108150 -409954
108180 -409954
108210 -409954
108240 -409954
108270 -409954
108300 -409954
108330 -409954
108360 -409954
108390 -409954
108420 -409954
108450 -409954
108480 -409954
108510 -409954
108540 -409954
108570 -409954
108600 -409954
108630 -409954
108660 -409954
108690 -409954
108720 -409954
108750 -409954
108780 -409954
108810 -409954
108840 -409954
108870 -409954
108900 -409954
108930 -409954
108960 -409954
108990 -409954
109020 -409954
109050 -409954
109080 -409954
109110 -409954
109140 -409954
109170 -409954
109200 -409954
109230 -409954
109260 -409954
109290 -409954
109320 -409954
109350 -409954
109380 -409954
109410 -409954
109440 -409954
109470 -409954
109500 -409954
109530 -409954
109560 -409954
109590 -409954
109620 -409954
109650 -409954
109680 -409954
109710 -409954
109740 -409954
109770 -409954
109800 -409954
109830 -409954
109860 -409954
109890 -409954
109920 -409954
109950 -409954
109980 -409954
110010 -409954
110040 -409954
110070 -409954
110100 -409954
110130 -409954
110160 -409954
110190 -409954
110220 -409954
110250 -409954
110280 -409954
110310 -409954
110340 -409954
110370 -409954
110400 -409954
110430 -409954
110460 -409954
110490 -409954
110520 -409954
110550 -409954
110580 -409954
110610 -409954
110640 -409954
110670 -409954
110700 -409954
110730 -409954
110760 -409954
110790 -409954
110820 -409954
110850 -409954
110880 -409954
110910 -409954
110940 -409954
110970 -409954
111000 -409954
111030 -409954
111060 -409954
111090 -409954
111120 -409954
111150 -409954
111180 -409954
111210 -409954
111240 -409954
111270 -409954
111300 -409954
111330 -409954
111360 -409954
111390 -409954
111420 -409954
111450 -409954
111480 -409954
111510 -409954
111540 -409954
111570 -409954
111600 -409954
111630 -409954
111660 -409954
111690 -409954
111720 -409954
111750 -409954
111780 -409954
111810 -409954
111840 -409954
111870 -409954
111900 -409954
111930 -409954
111960 -409954
111990 -409954
112020 -409954
112050 -409954
112080 -409954
112110 -409954
112140 -409954
112170 -409954
112200 -409954
112230 -409954
112260 -409954
112290 -409954
112320 -409954
112350 -409954
112380 -409954
112410 -409954
112440 -409954
112470 -409954
112500 -409954
112530 -409954
112560 -409954
112590 -409954
112620 -409954
112650 -409954
112680 -409954
112710 -409954
112740 -409954
112770 -409954
112800 -409954
112830 -409954
112860 -409954
112890 -409954
112920 -409954
112950 -409954
112980 -409954
113010 -409954
113040 -409954
113070 -409954
113100 -409954
113130 -409954
113160 -409954
113190 -409954
113220 -409954
113250 -409954
113280 -409954
113310 -409954
113340 -409954
113370 -409954
113400 -409954
113430 -409954
113460 -409954
113490 -409954
113520 -409954
113550 -409954
113580 -409954
113610 -409954
113640 -409954
113670 -409954
113700 -409954
113730 -409954
113760 -409954
113790 -409954
113820 -409954
113850 -409954
113880 -409954
113910 -409954
113940 -409954
113970 -409954
114000 -409954
114030 -409954
114060 -409954
114090 -409954
114120 -409954
114150 -409954
114180 -409954
114210 -409954
114240 -409954
114270 -409954
114300 -409954
114330 -409954
114360 -409954
114390 -409954
114420 -409954
114450 -409954
114480 -409954
114510 -409954
114540 -409954
114570 -409954
114600 -409954
114630 -409954
114660 -409954
114690 -409954
114720 -409954
114750 -409954
114780 -409954
114810 -409954
114840 -409954
114870 -409954
114900 -409954
114930 -409954
114960 -409954
114990 -409954
115020 -409954
115050 -409954
115080 -409954
115110 -409954
115140 -409954
115170 -409954
115200 -409954
115230 -409954
115260 -409954
115290 -409954
115320 -409954
115350 -409954
115380 -409954
115410 -409954
115440 -409954
115470 -409954
115500 -409954
115530 -409954
115560 -409954
115590 -409954
115620 -409954
115650 -409954
115680 -409954
115710 -409954
115740 -409954
115770 -409954
115800 -409954
115830 -409954
115860 -409954
115890 -409954
115920 -409954
115950 -409954
115980 -409954
116010 -409954
116040 -409954
116070 -409954
116100 -409954
116130 -409954
116160 -409954
116190 -409954
116220 -409954
116250 -409954
116280 -409954
116310 -409954
116340 -409954
116370 -409954
116400 -409954
116430 -409954
116460 -409954
116490 -409954
116520 -409954
116550 -409954
116580 -409954
116610 -409954
116640 -409954
116670 -409954
116700 -409954
116730 -409954
116760 -409954
116790 -409954
116820 -409954
116850 -409954
116880 -409954
116910 -409954
116940 -409954
116970 -409954
117000 -409954
117030 -409954
117060 -409954
117090 -409954
117120 -409954
117150 -409954
117180 -409954
117210 -409954
117240 -409954
117270 -409954
117300 -409954
117330 -409954
117360 -409954
117390 -409954
117420 -409954
117450 -409954
117480 -409954
117510 -409954
117540 -409954
117570 -409954
117600 -409954
117630 -409954
117660 -409954
117690 -409954
117720 -409954
117750 -409954
117780 -409954
117810 -409954
117840 -409954
117870 -409954
117900 -409954
117930 -409954
117960 -409954
117990 -409954
118020 -409954
118050 -409954
118080 -409954
118110 -409954
118140 -409954
118170 -409954
118200 -409954
118230 -409954
118260 -409954
118290 -408605
118320 -408605
118350 -408605
118380 -408605
118410 -408605
118440 -408605
118470 -408605
118500 -408605
118530 -408605
118560 -408605
118590 -408605
118620 -408605
118650 -408605
118680 -408605
118710 -408605
118740 -408605
118770 -408605
118800 -408605
118830 -408605
118860 -408605
118890 -408605
118920 -408605
118950 -408605
118980 -408605
119010 -408605
119040 -408605
119070 -408605
119100 -408605
119130 -408605
119160 -408605
119190 -408605
119220 -408605
119250 -408605
119280 -408605
119310 -408605
119340 -408605
119370 -408605
119400 -408605
119430 -408605
119460 -408605
119490 -408605
119520 -408605
119550 -408605
119580 -408605
119610 -408605
119640 -408605
119670 -408605
119700 -408605
119730 -408605
119760 -408605
119790 -408605
119820 -408605
119850 -408605
119880 -408605
119910 -408605
119940 -408605
119970 -408605
120000 -408605
120030 -408605
120060 -408605
120090 -408605
120120 -408605
120150 -408605
120180 -408605
120210 -408605
120240 -408605
120270 -408605
120300 -408605
120330 -408605
120360 -408605
120390 -408605
120420 -408605
120450 -408605
120480 -408605
120510 -408605
120540 -408605
120570 -408605
120600 -408605
120630 -408605
120660 -408605
120690 -408605
120720 -408605
120750 -408605
120780 -408605
120810 -408605
120840 -408605
120870 -408605
120900 -408605
120930 -408605
120960 -408605
120990 -408605
121020 -408605
121050 -408605
121080 -408605
121110 -408605
121140 -408605
121170 -408605
121200 -408605
121230 -408605
121260 -408605
121290 -408605
121320 -408605
121350 -408605
121380 -408605
121410 -408605
121440 -408605
121470 -408605
121500 -408605
121530 -408605
121560 -408605
121590 -408605
121620 -408605
121650 -408605
121680 -408605
121710 -408605
121740 -408605
121770 -408605
121800 -408605
121830 -408605
121860 -408605
121890 -408605
121920 -408605
121950 -408605
121980 -408605
122010 -408605
122040 -408605
122070 -408605
122100 -408605
122130 -408605
122160 -408605
122190 -408605
122220 -408605
122250 -408605
122280 -408605
122310 -408605
122340 -408605
122370 -408605
122400 -408605
122430 -408605
122460 -408605
122490 -408605
122520 -408605
122550 -408605
122580 -408605
122610 -408605
122640 -408605
122670 -408605
122700 -408605
122730 -408605
122760 -408605
122790 -408605
122820 -408605
122850 -408605
122880 -408605
122910 -408605
122940 -408605
122970 -408605
123000 -408605
123030 -408605
123060 -408605
123090 -408605
123120 -408605
123150 -408605
123180 -408605
123210 -408605
123240 -408605
123270 -408605
123300 -408605
123330 -408605
123360 -408605
123390 -408605
123420 -408605
123450 -408605
123480 -408605
123510 -408605
123540 -408605
123570 -408605
123600 -408605
123630 -408605
123660 -408605
123690 -408605
123720 -408605
123750 -408605
123780 -408605
123810 -408605
123840 -408605
123870 -408605
123900 -408605
123930 -408605
123960 -408605
123990 -408605
124020 -408605
124050 -408605
124080 -408605
124110 -408605
124140 -408605
124170 -408605
124200 -408605
124230 -408605
124260 -408605
124290 -408605
124320 -408605
124350 -408605
124380 -408605
124410 -408605
124440 -408605
124470 -408605
124500 -408605
124530 -408605
124560 -408605
124590 -408605
124620 -408605
124650 -408605
124680 -408605
124710 -408605
124740 -408605
124770 -408605
124800 -408605
124830 -408605
124860 -408605
124890 -408605
124920 -408605
124950 -408605
124980 -408605
125010 -408605
125040 -408605
125070 -408605
125100 -408605
125130 -408605
125160 -408605
125190 -408605
125220 -408605
125250 -408605
125280 -408605
125310 -408605
125340 -408605
125370 -408605
125400 -408605
125430 -408605
125460 -408605
125490 -408605
125520 -408605
125550 -408605
125580 -408605
125610 -408605
125640 -408605
125670 -408605
125700 -408605
125730 -408605
125760 -408605
125790 -408605
125820 -408605
125850 -408605
125880 -408605
125910 -408605
125940 -408605
125970 -408605
126000 -408605
126030 -408605
126060 -408605
126090 -408605
126120 -408605
126150 -408605
126180 -408605
126210 -408605
126240 -408605
126270 -408605
126300 -408605
126330 -408605
126360 -408605
126390 -408605
126420 -408605
126450 -408605
126480 -408605
126510 -408605
126540 -408605
126570 -408605
126600 -408605
126630 -408605
126660 -408605
126690 -408605
126720 -408605
126750 -408605
126780 -408605
126810 -408605
126840 -408605
126870 -408605
126900 -408605
126930 -408605
126960 -408605
126990 -408605
127020 -408605
127050 -408605
127080 -408605
127110 -408605
127140 -408605
127170 -408605
127200 -408605
127230 -408605
127260 -408605
127290 -408605
127320 -408605
127350 -408605
127380 -408605
127410 -408605
127440 -408605
127470 -408605
127500 -408605
127530 -408605
127560 -408605
127590 -408605
127620 -408605
127650 -408605
127680 -408605
127710 -408605
127740 -408605
127770 -408605
127800 -408605
127830 -408605
127860 -408605
127890 -408605
127920 -408605
127950 -408605
127980 -408605
128010 -408605
128040 -408605
128070 -408605
128100 -408605
128130 -408605
128160 -408605
128190 -408605
128220 -408605
128250 -408605
128280 -408605
128310 -408605
128340 -408605
128370 -408605
128400 -408605
128430 -408605
128460 -408605
128490 -408605
128520 -408605
128550 -408605
128580 -408605
128610 -408605
128640 -408605
128670 -408605
128700 -408605
128730 -408605
128760 -408605
128790 -408605
128820 -408605
128850 -408605
128880 -408605
128910 -408605
128940 -408605
128970 -408605
129000 -408605
129030 -408605
129060 -408605
129090 -408605
129120 -408605
129150 -408605
129180 -408605
129210 -408605
129240 -408605
129270 -408605
129300 -408605
129330 -408605
129360 -408605
129390 -408605
129420 -408605
129450 -408605
129480 -408605
129510 -408605
129540 -408605
129570 -408605
129600 -408605
129630 -408605
129660 -408605
129690 -408605
129720 -408605
129750 -408605
129780 -408605
129810 -408605
129840 -408605
