60 -464781
90 -464781
120 -464411
150 -463138
180 -463138
210 -463133
240 -463133
270 -463117
300 -460009
330 -460009
360 -460009
390 -459906
420 -459151
450 -459151
480 -459151
510 -458893
540 -458893
570 -458893
600 -454797
630 -454714
660 -454714
690 -453922
720 -453922
750 -453922
780 -453922
810 -453922
840 -453922
870 -453922
900 -453922
930 -453922
960 -453922
990 -453086
1020 -453086
1050 -450988
1080 -450988
1110 -450988
1140 -450988
1170 -450988
1200 -450988
1230 -450988
1260 -450988
1290 -450988
1320 -450988
1350 -450988
1380 -449653
1410 -449653
1440 -449653
1470 -449653
1500 -449653
1530 -449653
1560 -449653
1590 -449653
1620 -449653
1650 -449442
1680 -449442
1710 -449442
1740 -449439
1770 -449439
1800 -449439
1830 -449117
1860 -449117
1890 -449117
1920 -449117
1950 -448224
1980 -448224
2010 -448224
2040 -448224
2070 -448224
2100 -448224
2130 -448224
2160 -448224
2190 -448224
2220 -448224
2250 -448224
2280 -448224
2310 -448224
2340 -448224
2370 -448224
2400 -447950
2430 -447950
2460 -447950
2490 -447950
2520 -447950
2550 -447950
2580 -447950
2610 -447860
2640 -447860
2670 -447860
2700 -447860
2730 -447860
2760 -447860
2790 -446652
2820 -446652
2850 -446652
2880 -446652
2910 -446652
2940 -446560
2970 -446560
3000 -446560
3030 -446560
3060 -446560
3090 -446560
3120 -446560
3150 -446560
3180 -446560
3210 -446560
3240 -446560
3270 -446560
3300 -446560
3330 -446560
3360 -446560
3390 -446560
3420 -446560
3450 -446560
3480 -446560
3510 -446560
3540 -446560
3570 -446560
3600 -446560
3630 -446560
3660 -446503
3690 -446503
3720 -446503
3750 -446503
3780 -446503
3810 -446503
3840 -446503
3870 -446503
3900 -446503
3930 -446503
3960 -446503
3990 -446503
4020 -446503
4050 -446503
4080 -446503
4110 -446503
4140 -446503
4170 -446503
4200 -446503
4230 -446503
4260 -444909
4290 -444909
4320 -444909
4350 -444909
4380 -444909
4410 -444909
4440 -444909
4470 -444909
4500 -444909
4530 -444909
4560 -444909
4590 -444909
4620 -444909
4650 -444909
4680 -444909
4710 -444909
4740 -444909
4770 -444909
4800 -444909
4830 -444909
4860 -444909
4890 -444909
4920 -444909
4950 -444909
4980 -444909
5010 -444909
5040 -444909
5070 -444909
5100 -444236
5130 -444236
5160 -444236
5190 -444236
5220 -443495
5250 -443495
5280 -443495
5310 -443495
5340 -441523
5370 -441523
5400 -441523
5430 -441523
5460 -441523
5490 -441523
5520 -441523
5550 -441523
5580 -441523
5610 -441523
5640 -441523
5670 -441523
5700 -441523
5730 -441523
5760 -441523
5790 -441523
5820 -441087
5850 -441087
5880 -441087
5910 -440452
5940 -440452
5970 -440452
6000 -440452
6030 -440452
6060 -440452
6090 -440452
6120 -440452
6150 -440452
6180 -440452
6210 -440452
6240 -440452
6270 -440452
6300 -440452
6330 -440452
6360 -440452
6390 -440423
6420 -440423
6450 -440423
6480 -440423
6510 -440423
6540 -440423
6570 -440423
6600 -440423
6630 -440423
6660 -440423
6690 -440423
6720 -440423
6750 -440423
6780 -440423
6810 -440423
6840 -440423
6870 -440423
6900 -440423
6930 -440423
6960 -440423
6990 -440423
7020 -440423
7050 -440423
7080 -440423
7110 -440423
7140 -440423
7170 -440423
7200 -440423
7230 -440423
7260 -440423
7290 -440423
7320 -440423
7350 -440423
7380 -440423
7410 -440423
7440 -440423
7470 -440423
7500 -440423
7530 -440423
7560 -440423
7590 -440423
7620 -440423
7650 -440423
7680 -440076
7710 -440076
7740 -440076
7770 -440076
7800 -440076
7830 -440076
7860 -440076
7890 -440076
7920 -440076
7950 -440076
7980 -440076
8010 -440076
8040 -440076
8070 -440076
8100 -440076
8130 -440076
8160 -440076
8190 -440076
8220 -440076
8250 -440076
8280 -440076
8310 -440076
8340 -439168
8370 -439168
8400 -439168
8430 -439168
8460 -439168
8490 -439168
8520 -439168
8550 -439168
8580 -439168
8610 -439168
8640 -439168
8670 -439168
8700 -439168
8730 -439168
8760 -439168
8790 -439168
8820 -439168
8850 -439168
8880 -438896
8910 -438896
8940 -438896
8970 -438896
9000 -438896
9030 -438896
9060 -438896
9090 -438896
9120 -438896
9150 -438896
9180 -438896
9210 -438896
9240 -438896
9270 -438896
9300 -438896
9330 -438896
9360 -438896
9390 -438896
9420 -438896
9450 -438896
9480 -438896
9510 -438896
9540 -438896
9570 -438896
9600 -438896
9630 -438896
9660 -438896
9690 -438896
9720 -438896
9750 -438656
9780 -438656
9810 -438656
9840 -438656
9870 -438656
9900 -438656
9930 -438656
9960 -438656
9990 -437795
10020 -437795
10050 -437795
10080 -437795
10110 -437795
10140 -437795
10170 -437795
10200 -437795
10230 -437477
10260 -437256
10290 -437256
10320 -437256
10350 -437256
10380 -437256
10410 -437256
10440 -437256
10470 -437256
10500 -437256
10530 -437256
10560 -437256
10590 -437256
10620 -437256
10650 -437256
10680 -437256
10710 -437256
10740 -435791
10770 -435791
10800 -435791
10830 -435791
10860 -435791
10890 -435791
10920 -435791
10950 -435791
10980 -435791
11010 -435791
11040 -435791
11070 -435791
11100 -435791
11130 -435791
11160 -435791
11190 -435791
11220 -435791
11250 -435791
11280 -435791
11310 -435791
11340 -435791
11370 -435041
11400 -435041
11430 -435041
11460 -435041
11490 -435041
11520 -435041
11550 -435041
11580 -435041
11610 -434901
11640 -434901
11670 -434901
11700 -434901
11730 -434901
11760 -434901
11790 -434901
11820 -434901
11850 -434901
11880 -434901
11910 -434901
11940 -434901
11970 -434901
12000 -434901
12030 -434901
12060 -434901
12090 -434901
12120 -434901
12150 -434901
12180 -434901
12210 -434901
12240 -434901
12270 -434901
12300 -434901
12330 -434901
12360 -434901
12390 -434312
12420 -434312
12450 -434312
12480 -434312
12510 -434312
12540 -434312
12570 -434312
12600 -434312
12630 -434312
12660 -434312
12690 -434312
12720 -434096
12750 -434096
12780 -434096
12810 -434096
12840 -434096
12870 -434096
12900 -434096
12930 -434096
12960 -434096
12990 -434096
13020 -434096
13050 -434096
13080 -434096
13110 -434096
13140 -434096
13170 -434096
13200 -434096
13230 -434096
13260 -434096
13290 -434096
13320 -434096
13350 -434012
13380 -434012
13410 -434012
13440 -434012
13470 -434012
13500 -434012
13530 -434012
13560 -434012
13590 -434012
13620 -434012
13650 -434012
13680 -434012
13710 -434012
13740 -434012
13770 -434012
13800 -434012
13830 -434012
13860 -434012
13890 -434012
13920 -434012
13950 -434012
13980 -434012
14010 -434012
14040 -434012
14070 -434012
14100 -434012
14130 -434012
14160 -434012
14190 -434012
14220 -434012
14250 -434012
14280 -434012
14310 -434012
14340 -434012
14370 -434012
14400 -434012
14430 -434012
14460 -434012
14490 -434012
14520 -434012
14550 -434012
14580 -434012
14610 -434012
14640 -434012
14670 -434012
14700 -434012
14730 -434012
14760 -434012
14790 -433358
14820 -433358
14850 -433358
14880 -433358
14910 -433358
14940 -432905
14970 -432905
15000 -432905
15030 -432905
15060 -432905
15090 -432905
15120 -432905
15150 -432905
15180 -432905
15210 -432905
15240 -432905
15270 -432905
15300 -432905
15330 -432905
15360 -432905
15390 -432905
15420 -432905
15450 -432905
15480 -432905
15510 -432905
15540 -432905
15570 -432905
15600 -432905
15630 -432905
15660 -432905
15690 -432905
15720 -432905
15750 -432429
15780 -432429
15810 -432429
15840 -432429
15870 -432429
15900 -432429
15930 -432429
15960 -432429
15990 -432429
16020 -432429
16050 -432429
16080 -432429
16110 -432429
16140 -432429
16170 -432429
16200 -432429
16230 -432429
16260 -432429
16290 -432429
16320 -432429
16350 -432429
16380 -432429
16410 -432429
16440 -432429
16470 -432429
16500 -432429
16530 -432429
16560 -432429
16590 -432429
16620 -432429
16650 -432429
16680 -432429
16710 -432429
16740 -432429
16770 -432429
16800 -432429
16830 -432429
16860 -432429
16890 -432429
16920 -432429
16950 -432429
16980 -432429
17010 -432429
17040 -432429
17070 -432429
17100 -432429
17130 -432429
17160 -432429
17190 -432429
17220 -432429
17250 -432429
17280 -432409
17310 -432409
17340 -432409
17370 -432409
17400 -432409
17430 -432409
17460 -432409
17490 -432409
17520 -432409
17550 -432409
17580 -432409
17610 -432409
17640 -432409
17670 -432409
17700 -432409
17730 -432409
17760 -432409
17790 -432409
17820 -432409
17850 -432409
17880 -432409
17910 -432409
17940 -432409
17970 -432409
18000 -432409
18030 -432409
18060 -432409
18090 -432409
18120 -432409
18150 -432409
18180 -432409
18210 -432179
18240 -432179
18270 -432179
18300 -432179
18330 -432179
18360 -432179
18390 -432179
18420 -432179
18450 -432179
18480 -432179
18510 -432179
18540 -432179
18570 -432179
18600 -432179
18630 -432179
18660 -432179
18690 -432179
18720 -432179
18750 -432179
18780 -432179
18810 -432179
18840 -432179
18870 -432179
18900 -432179
18930 -432179
18960 -432179
18990 -432179
19020 -432179
19050 -432179
19080 -432179
19110 -432179
19140 -432179
19170 -432179
19200 -432179
19230 -432179
19260 -432179
19290 -432179
19320 -432179
19350 -432179
19380 -432179
19410 -432179
19440 -432179
19470 -432179
19500 -432179
19530 -432179
19560 -432179
19590 -432179
19620 -432179
19650 -432179
19680 -432179
19710 -432179
19740 -432179
19770 -432179
19800 -432179
19830 -432179
19860 -432179
19890 -432179
19920 -432179
19950 -432179
19980 -432179
20010 -432179
20040 -432179
20070 -431930
20100 -431930
20130 -431930
20160 -431930
20190 -431930
20220 -431704
20250 -431704
20280 -431704
20310 -431674
20340 -431674
20370 -431674
20400 -431674
20430 -431674
20460 -431674
20490 -431674
20520 -431674
20550 -431674
20580 -431674
20610 -431674
20640 -431674
20670 -431674
20700 -431674
20730 -431674
20760 -431674
20790 -431674
20820 -431674
20850 -431674
20880 -431674
20910 -431674
20940 -431674
20970 -431674
21000 -431674
21030 -431674
21060 -431674
21090 -431674
21120 -431674
21150 -431674
21180 -431674
21210 -431674
21240 -431674
21270 -431674
21300 -431674
21330 -431674
21360 -431674
21390 -431674
21420 -431674
21450 -431674
21480 -431674
21510 -431674
21540 -431674
21570 -431504
21600 -431504
21630 -431504
21660 -431504
21690 -431504
21720 -431504
21750 -431504
21780 -431504
21810 -431504
21840 -431504
21870 -431504
21900 -431504
21930 -431504
21960 -431504
21990 -431504
22020 -431504
22050 -431504
22080 -431504
22110 -431504
22140 -431504
22170 -431504
22200 -431504
22230 -431504
22260 -431504
22290 -431504
22320 -431504
22350 -431504
22380 -431504
22410 -431504
22440 -431504
22470 -431504
22500 -431504
22530 -431504
22560 -431504
22590 -431504
22620 -431504
22650 -431504
22680 -431504
22710 -431504
22740 -431504
22770 -431504
22800 -431504
22830 -431504
22860 -431504
22890 -431504
22920 -431504
22950 -431504
22980 -431504
23010 -431504
23040 -431504
23070 -431504
23100 -431504
23130 -431504
23160 -431504
23190 -431504
23220 -431504
23250 -431504
23280 -431504
23310 -431504
23340 -431504
23370 -431504
23400 -431504
23430 -431504
23460 -431504
23490 -431504
23520 -431504
23550 -431504
23580 -431504
23610 -431504
23640 -431504
23670 -431504
23700 -431469
23730 -431469
23760 -431469
23790 -431469
23820 -431469
23850 -431469
23880 -431469
23910 -431469
23940 -431469
23970 -431469
24000 -431469
24030 -431469
24060 -431469
24090 -431469
24120 -431469
24150 -431469
24180 -431469
24210 -431469
24240 -431469
24270 -431469
24300 -431469
24330 -431469
24360 -431469
24390 -431469
24420 -431469
24450 -431469
24480 -431469
24510 -431469
24540 -431469
24570 -431469
24600 -431469
24630 -431469
24660 -431469
24690 -431469
24720 -431226
24750 -431226
24780 -431226
24810 -431226
24840 -431226
24870 -431174
24900 -431174
24930 -431174
24960 -431174
24990 -431174
25020 -431126
25050 -431126
25080 -431126
25110 -431126
25140 -431126
25170 -431126
25200 -431126
25230 -431126
25260 -431126
25290 -431126
25320 -431126
25350 -431126
25380 -431126
25410 -431126
25440 -431126
25470 -431126
25500 -431126
25530 -431126
25560 -431126
25590 -431089
25620 -431089
25650 -431089
25680 -431089
25710 -431089
25740 -431089
25770 -431089
25800 -431089
25830 -431089
25860 -431089
25890 -431089
25920 -431089
25950 -431089
25980 -431089
26010 -431089
26040 -431089
26070 -431089
26100 -431089
26130 -431089
26160 -431089
26190 -431089
26220 -431089
26250 -431089
26280 -431089
26310 -431089
26340 -431089
26370 -431089
26400 -431089
26430 -431082
26460 -431082
26490 -431082
26520 -431082
26550 -431082
26580 -431082
26610 -431082
26640 -431082
26670 -431082
26700 -431082
26730 -431082
26760 -431082
26790 -431082
26820 -431082
26850 -431082
26880 -431082
26910 -431082
26940 -431082
26970 -431082
27000 -431082
27030 -431082
27060 -431082
27090 -431082
27120 -431082
27150 -431082
27180 -431082
27210 -431082
27240 -431082
27270 -431082
27300 -431082
27330 -431082
27360 -431082
27390 -431082
27420 -431082
27450 -431082
27480 -431082
27510 -431082
27540 -431082
27570 -431082
27600 -431082
27630 -431082
27660 -431082
27690 -431082
27720 -431082
27750 -431082
27780 -431082
27810 -431082
27840 -431082
27870 -431082
27900 -431082
27930 -431082
27960 -431082
27990 -431082
28020 -431082
28050 -431082
28080 -431082
28110 -431082
28140 -431082
28170 -431082
28200 -431082
28230 -431082
28260 -431082
28290 -431082
28320 -431082
28350 -431082
28380 -431082
28410 -431082
28440 -431082
28470 -431082
28500 -431082
28530 -431082
28560 -431082
28590 -430939
28620 -430939
28650 -430939
28680 -430939
28710 -430939
28740 -430939
28770 -430939
28800 -430939
28830 -430939
28860 -430939
28890 -430939
28920 -430939
28950 -430939
28980 -430939
29010 -430939
29040 -430939
29070 -430939
29100 -430939
29130 -430939
29160 -430939
29190 -430939
29220 -430939
29250 -430939
29280 -430939
29310 -430939
29340 -430939
29370 -430939
29400 -430939
29430 -430939
29460 -430939
29490 -430939
29520 -430939
29550 -430939
29580 -430939
29610 -430939
29640 -430939
29670 -430939
29700 -430939
29730 -430939
29760 -430939
29790 -430939
29820 -430939
29850 -430939
29880 -430939
29910 -430939
29940 -430939
29970 -430939
30000 -430939
30030 -430939
30060 -430939
30090 -430939
30120 -430939
30150 -430939
30180 -430939
30210 -430939
30240 -430939
30270 -430939
30300 -430939
30330 -430939
30360 -430939
30390 -430939
30420 -430939
30450 -430939
30480 -430939
30510 -430939
30540 -430939
30570 -430939
30600 -430939
30630 -430939
30660 -430939
30690 -430939
30720 -430939
30750 -430939
30780 -430939
30810 -430939
30840 -430939
30870 -430939
30900 -430939
30930 -430939
30960 -430939
30990 -430939
31020 -430939
31050 -430939
31080 -430939
31110 -430939
31140 -430939
31170 -430939
31200 -430939
31230 -428995
31260 -428995
31290 -428995
31320 -428995
31350 -428995
31380 -428995
31410 -428995
31440 -428995
31470 -428995
31500 -428995
31530 -428995
31560 -428995
31590 -428995
31620 -428995
31650 -428995
31680 -428995
31710 -428995
31740 -428995
31770 -428995
31800 -428995
31830 -428995
31860 -428995
31890 -428995
31920 -428721
31950 -428721
31980 -428721
32010 -428721
32040 -428721
32070 -428721
32100 -428721
32130 -428721
32160 -428721
32190 -428721
32220 -428721
32250 -428721
32280 -428721
32310 -428721
32340 -428721
32370 -428721
32400 -428721
32430 -428721
32460 -428721
32490 -428721
32520 -428721
32550 -428721
32580 -428721
32610 -428721
32640 -428721
32670 -428721
32700 -428721
32730 -428721
32760 -428721
32790 -428721
32820 -428721
32850 -428721
32880 -428721
32910 -428721
32940 -428721
32970 -428721
33000 -428721
33030 -428721
33060 -428721
33090 -428721
33120 -428721
33150 -428721
33180 -428721
33210 -428721
33240 -428721
33270 -428721
33300 -428692
33330 -428692
33360 -428692
33390 -428692
33420 -428692
33450 -427843
33480 -427843
33510 -427843
33540 -427843
33570 -427843
33600 -427843
33630 -427843
33660 -427843
33690 -427843
33720 -427843
33750 -427843
33780 -427843
33810 -427843
33840 -427843
33870 -427843
33900 -427843
33930 -427843
33960 -427623
33990 -427623
34020 -427317
34050 -427317
34080 -427317
34110 -427317
34140 -427317
34170 -427317
34200 -427317
34230 -427317
34260 -427317
34290 -427317
34320 -427317
34350 -427317
34380 -427317
34410 -427317
34440 -427317
34470 -427317
34500 -427317
34530 -427317
34560 -427317
34590 -427317
34620 -427317
34650 -427317
34680 -427317
34710 -427317
34740 -427317
34770 -427317
34800 -427317
34830 -427317
34860 -427317
34890 -427317
34920 -427317
34950 -427317
34980 -427317
35010 -427317
35040 -427317
35070 -427317
35100 -427317
35130 -427317
35160 -427317
35190 -427317
35220 -427317
35250 -427317
35280 -427317
35310 -427317
35340 -427317
35370 -427317
35400 -427317
35430 -427317
35460 -427317
35490 -427317
35520 -427317
35550 -427317
35580 -427317
35610 -427317
35640 -427317
35670 -427317
35700 -427317
35730 -427317
35760 -427317
35790 -427317
35820 -427317
35850 -427317
35880 -427317
35910 -427317
35940 -427228
35970 -427228
36000 -427228
36030 -427228
36060 -427228
36090 -427228
36120 -427228
36150 -427228
36180 -427228
36210 -427228
36240 -427228
36270 -427228
36300 -427228
36330 -427228
36360 -427228
36390 -427228
36420 -427228
36450 -427228
36480 -427228
36510 -427228
36540 -427228
36570 -427228
36600 -427228
36630 -427228
36660 -427228
36690 -427228
36720 -427228
36750 -427228
36780 -427228
36810 -427228
36840 -427228
36870 -427228
36900 -427228
36930 -427228
36960 -427228
36990 -427228
37020 -427228
37050 -427228
37080 -427228
37110 -427228
37140 -427228
37170 -427228
37200 -427228
37230 -427228
37260 -427228
37290 -427228
37320 -427228
37350 -427228
37380 -427228
37410 -427228
37440 -427228
37470 -427228
37500 -427228
37530 -427228
37560 -427228
37590 -427228
37620 -427228
37650 -427228
37680 -427228
37710 -427228
37740 -427228
37770 -427228
37800 -427228
37830 -427228
37860 -427228
37890 -427228
37920 -427228
37950 -427228
37980 -427228
38010 -427228
38040 -427228
38070 -427228
38100 -427228
38130 -427228
38160 -427228
38190 -427228
38220 -427228
38250 -427228
38280 -427228
38310 -427228
38340 -427228
38370 -427228
38400 -427228
38430 -427228
38460 -427228
38490 -427228
38520 -427228
38550 -427228
38580 -427228
38610 -427228
38640 -427228
38670 -427228
38700 -427228
38730 -427228
38760 -427228
38790 -427228
38820 -427228
38850 -427228
38880 -427228
38910 -427228
38940 -427228
38970 -427228
39000 -427228
39030 -427228
39060 -427228
39090 -427228
39120 -427228
39150 -427228
39180 -427228
39210 -427228
39240 -427228
39270 -427228
39300 -427228
39330 -427228
39360 -427228
39390 -427228
39420 -427228
39450 -427228
39480 -427228
39510 -427228
39540 -427228
39570 -427228
39600 -427228
39630 -427228
39660 -427228
39690 -427228
39720 -427228
39750 -427228
39780 -427228
39810 -427228
39840 -427228
39870 -426446
39900 -426446
39930 -426446
39960 -426446
39990 -426446
40020 -426446
40050 -426446
40080 -426446
40110 -426446
40140 -426446
40170 -426446
40200 -426446
40230 -426446
40260 -426446
40290 -426446
40320 -426446
40350 -426220
40380 -426220
40410 -426220
40440 -426220
40470 -426220
40500 -426220
40530 -426220
40560 -426220
40590 -426220
40620 -426220
40650 -426220
40680 -426220
40710 -426220
40740 -426220
40770 -426220
40800 -426220
40830 -426220
40860 -426220
40890 -426220
40920 -426220
40950 -426220
40980 -426220
41010 -426220
41040 -426220
41070 -426220
41100 -426220
41130 -426220
41160 -426220
41190 -426220
41220 -426220
41250 -426220
41280 -426220
41310 -426220
41340 -426220
41370 -426220
41400 -426220
41430 -426220
41460 -426220
41490 -426220
41520 -426220
41550 -426220
41580 -426220
41610 -426220
41640 -426220
41670 -426220
41700 -426220
41730 -426220
41760 -426220
41790 -426220
41820 -426220
41850 -426220
41880 -426220
41910 -426220
41940 -426220
41970 -426220
42000 -426220
42030 -426220
42060 -426220
42090 -426220
42120 -426220
42150 -426220
42180 -426220
42210 -426220
42240 -426220
42270 -426220
42300 -426220
42330 -426220
42360 -426220
42390 -426220
42420 -426220
42450 -426220
42480 -426220
42510 -426220
42540 -426220
42570 -426220
42600 -426220
42630 -426220
42660 -426220
42690 -426220
42720 -426220
42750 -426220
42780 -426220
42810 -426220
42840 -426220
42870 -426220
42900 -426220
42930 -426220
42960 -426220
42990 -426220
43020 -426220
43050 -426220
43080 -426220
43110 -426220
43140 -426220
43170 -426220
43200 -426220
43230 -426220
43260 -426220
43290 -426220
43320 -426220
43350 -426220
43380 -426220
43410 -426220
43440 -426220
43470 -426220
43500 -426220
43530 -426220
43560 -426220
43590 -426220
43620 -426220
43650 -426220
43680 -426220
43710 -426220
43740 -426201
43770 -426201
43800 -426201
43830 -426201
43860 -426201
43890 -426201
43920 -426201
43950 -426201
43980 -426201
44010 -426201
44040 -426201
44070 -426201
44100 -426201
44130 -426201
44160 -426201
44190 -426201
44220 -426201
44250 -426201
44280 -426201
44310 -426201
44340 -426201
44370 -426201
44400 -426201
44430 -426201
44460 -426201
44490 -426201
44520 -426201
44550 -426201
44580 -426201
44610 -426201
44640 -426201
44670 -426201
44700 -426201
44730 -426201
44760 -426201
44790 -426201
44820 -426201
44850 -426201
44880 -426201
44910 -426201
44940 -426201
44970 -426201
45000 -426201
45030 -426201
45060 -426201
45090 -426201
45120 -426201
45150 -426201
45180 -426201
45210 -426201
45240 -426201
45270 -426201
45300 -426201
45330 -426201
45360 -426201
45390 -426201
45420 -426201
45450 -426201
45480 -426201
45510 -426201
45540 -426201
45570 -425516
45600 -425516
45630 -425516
45660 -425516
45690 -425516
45720 -425516
45750 -425516
45780 -425516
45810 -425516
45840 -425516
45870 -425516
45900 -425516
45930 -425516
45960 -425516
45990 -425516
46020 -425516
46050 -425516
46080 -425516
46110 -425516
46140 -425516
46170 -425516
46200 -425516
46230 -425516
46260 -425516
46290 -425516
46320 -425516
46350 -425516
46380 -425516
46410 -425516
46440 -425516
46470 -425516
46500 -425516
46530 -425516
46560 -425516
46590 -425516
46620 -425516
46650 -425516
46680 -425516
46710 -425516
46740 -425516
46770 -425516
46800 -425516
46830 -425516
46860 -425516
46890 -425516
46920 -425516
46950 -425516
46980 -425516
47010 -425516
47040 -425516
47070 -425516
47100 -425516
47130 -425516
47160 -425516
47190 -425516
47220 -425516
47250 -425516
47280 -425516
47310 -425516
47340 -425516
47370 -425516
47400 -425516
47430 -425516
47460 -425516
47490 -425516
47520 -425516
47550 -425516
47580 -425516
47610 -425516
47640 -425516
47670 -425516
47700 -425516
47730 -425516
47760 -425516
47790 -425516
47820 -425516
47850 -425516
47880 -425516
47910 -425516
47940 -425516
47970 -425516
48000 -425516
48030 -425516
48060 -425516
48090 -425516
48120 -425516
48150 -425516
48180 -425516
48210 -425516
48240 -425516
48270 -425516
48300 -425516
48330 -425516
48360 -425516
48390 -425516
48420 -425516
48450 -425516
48480 -425516
48510 -425516
48540 -425516
48570 -425516
48600 -425516
48630 -425516
48660 -425516
48690 -425516
48720 -425516
48750 -425516
48780 -425516
48810 -425516
48840 -425516
48870 -425516
48900 -425516
48930 -425516
48960 -425516
48990 -425516
49020 -425516
49050 -425516
49080 -425516
49110 -425516
49140 -425516
49170 -425516
49200 -425516
49230 -425516
49260 -425516
49290 -425516
49320 -425516
49350 -425516
49380 -425516
49410 -425516
49440 -425516
49470 -425516
49500 -425516
49530 -425516
49560 -425516
49590 -425516
49620 -425516
49650 -425516
49680 -425516
49710 -425516
49740 -425516
49770 -425516
49800 -425516
49830 -425516
49860 -425516
49890 -425516
49920 -425516
49950 -425516
49980 -425516
50010 -425516
50040 -425516
50070 -425516
50100 -425516
50130 -425516
50160 -425516
50190 -425516
50220 -425516
50250 -425516
50280 -425516
50310 -425516
50340 -425516
50370 -425516
50400 -425516
50430 -425516
50460 -425516
50490 -425516
50520 -425516
50550 -425516
50580 -425516
50610 -425516
50640 -425516
50670 -425516
50700 -425516
50730 -425516
50760 -425516
50790 -425516
50820 -425516
50850 -425516
50880 -425516
50910 -425516
50940 -425516
50970 -425516
51000 -425516
51030 -425516
51060 -425516
51090 -425516
51120 -425516
51150 -425516
51180 -425516
51210 -425516
51240 -425516
51270 -425516
51300 -425516
51330 -425516
51360 -425516
51390 -425516
51420 -425516
51450 -425516
51480 -425516
51510 -425516
51540 -425516
51570 -425516
51600 -425516
51630 -425516
51660 -425516
51690 -425516
51720 -425516
51750 -425516
51780 -425516
51810 -425516
51840 -425516
51870 -425516
51900 -425516
51930 -425516
51960 -425516
51990 -425516
52020 -425516
52050 -425516
52080 -425516
52110 -425516
52140 -425516
52170 -425516
52200 -425516
52230 -425516
52260 -425516
52290 -425516
52320 -425516
52350 -425516
52380 -425516
52410 -425516
52440 -425516
52470 -425516
52500 -425516
52530 -425516
52560 -425516
52590 -425516
52620 -425516
52650 -425516
52680 -425516
52710 -425516
52740 -425516
52770 -425516
52800 -425516
52830 -425516
52860 -425516
52890 -425516
52920 -425516
52950 -425516
52980 -425516
53010 -425516
53040 -425516
53070 -425516
53100 -425516
53130 -425516
53160 -425516
53190 -425516
53220 -425516
53250 -425516
53280 -425516
53310 -425516
53340 -425516
53370 -425516
53400 -425516
53430 -425516
53460 -425516
53490 -425516
53520 -425516
53550 -425516
53580 -425516
53610 -425516
53640 -425516
53670 -425516
53700 -425516
53730 -425516
53760 -425516
53790 -425516
53820 -425516
53850 -425516
53880 -425516
53910 -425516
53940 -425516
53970 -425516
54000 -425516
54030 -425516
54060 -425516
54090 -425516
54120 -425516
54150 -425516
54180 -425516
54210 -425516
54240 -425516
54270 -425516
54300 -425516
54330 -425516
54360 -425516
54390 -425516
54420 -425516
54450 -425516
54480 -425516
54510 -425516
54540 -425516
54570 -425516
54600 -425516
54630 -425516
54660 -425516
54690 -425516
54720 -425516
54750 -425516
54780 -425516
54810 -425516
54840 -425516
54870 -425516
54900 -425516
54930 -425516
54960 -425516
54990 -425516
55020 -425516
55050 -425516
55080 -425516
55110 -425516
55140 -425516
55170 -425516
55200 -425516
55230 -425516
55260 -425516
55290 -425516
55320 -425516
55350 -425516
55380 -425516
55410 -425516
55440 -425516
55470 -425516
55500 -425516
55530 -425516
55560 -425516
55590 -425516
55620 -425516
55650 -425516
55680 -425516
55710 -425516
55740 -425516
55770 -425516
55800 -425516
55830 -425516
55860 -425516
55890 -425516
55920 -425516
55950 -425516
55980 -425516
56010 -425516
56040 -425516
56070 -425516
56100 -425516
56130 -425516
56160 -425516
56190 -425516
56220 -425516
56250 -425516
56280 -425516
56310 -425516
56340 -425516
56370 -425516
56400 -425516
56430 -425516
56460 -425516
56490 -425516
56520 -425516
56550 -425516
56580 -425516
56610 -425516
56640 -425516
56670 -425516
56700 -425516
56730 -425516
56760 -425516
56790 -425516
56820 -425516
56850 -425516
56880 -425516
56910 -425516
56940 -425516
56970 -425516
57000 -425516
57030 -425516
57060 -425516
57090 -425516
57120 -425516
57150 -425516
57180 -425516
57210 -425516
57240 -425516
57270 -425516
57300 -425516
57330 -425516
57360 -425516
57390 -425516
57420 -425516
57450 -425516
57480 -425516
57510 -425516
57540 -425516
57570 -425516
57600 -425516
57630 -425516
57660 -425516
57690 -425516
57720 -425516
57750 -425516
57780 -425516
57810 -425516
57840 -425516
57870 -425516
57900 -425516
57930 -425516
57960 -425516
57990 -425516
58020 -425516
58050 -425516
58080 -425516
58110 -425516
58140 -425516
58170 -425516
58200 -425516
58230 -425516
58260 -425516
58290 -425516
58320 -425516
58350 -425516
58380 -425516
58410 -425516
58440 -425516
58470 -425516
58500 -425516
58530 -425516
58560 -425516
58590 -425516
58620 -425516
58650 -425516
58680 -425516
58710 -425516
58740 -425516
58770 -425516
58800 -425516
58830 -425516
58860 -425516
58890 -425516
58920 -425516
58950 -425516
58980 -425516
59010 -425516
59040 -425516
59070 -425516
59100 -425516
59130 -425516
59160 -425516
59190 -425516
59220 -425516
59250 -425516
59280 -425516
59310 -425516
59340 -425516
59370 -425516
59400 -425516
59430 -425516
59460 -425516
59490 -425516
59520 -425516
59550 -425516
59580 -425516
59610 -425516
59640 -425516
59670 -425516
59700 -425516
59730 -425516
59760 -425516
59790 -425516
59820 -425516
59850 -425516
59880 -425516
59910 -425516
59940 -425516
59970 -425516
60000 -425516
60030 -425516
60060 -425516
60090 -425516
60120 -425516
60150 -425516
60180 -425516
60210 -425516
60240 -425516
60270 -425516
60300 -425516
60330 -425516
60360 -425516
60390 -425516
60420 -425516
60450 -425516
60480 -425516
60510 -425516
60540 -425516
60570 -425516
60600 -425516
60630 -425516
60660 -425516
60690 -425516
60720 -425516
60750 -425516
60780 -425516
60810 -425516
60840 -425516
60870 -425516
60900 -425516
60930 -425516
60960 -425516
60990 -425516
61020 -425516
61050 -425516
61080 -425516
61110 -425516
61140 -425516
61170 -425516
61200 -425516
61230 -425516
61260 -425516
61290 -425516
61320 -425516
61350 -425516
61380 -425516
61410 -425516
61440 -425516
61470 -425516
61500 -425516
61530 -425516
61560 -425516
61590 -425516
61620 -425516
61650 -425516
61680 -425516
61710 -425516
61740 -425516
61770 -425516
61800 -425516
61830 -425516
61860 -425516
61890 -425516
61920 -425516
61950 -425516
61980 -425516
62010 -425516
62040 -425516
62070 -425516
62100 -425516
62130 -425516
62160 -425516
62190 -425516
62220 -425516
62250 -425516
62280 -425516
62310 -425516
62340 -425516
62370 -425516
62400 -425516
62430 -425516
62460 -425516
62490 -425516
62520 -425516
62550 -425516
62580 -425516
62610 -425516
62640 -425516
62670 -425516
62700 -425516
62730 -425516
62760 -425516
62790 -425516
62820 -425516
62850 -425516
62880 -425516
62910 -425516
62940 -425516
62970 -425516
63000 -425516
63030 -425516
63060 -425516
63090 -425516
63120 -425516
63150 -425516
63180 -425516
63210 -425516
63240 -425516
63270 -425516
63300 -425516
63330 -425516
63360 -425344
63390 -425344
63420 -425344
63450 -425344
63480 -425344
63510 -425344
63540 -425344
63570 -425344
63600 -425344
63630 -425344
63660 -425344
63690 -425344
63720 -425344
63750 -425344
63780 -425344
63810 -425344
63840 -425344
63870 -425344
63900 -425344
63930 -425344
63960 -425344
63990 -425344
64020 -425344
64050 -425344
64080 -425344
64110 -425344
64140 -425344
64170 -425344
64200 -425344
64230 -425344
64260 -425344
64290 -425344
64320 -424958
64350 -424958
64380 -424958
64410 -424958
64440 -424958
64470 -424958
64500 -424958
64530 -424958
64560 -424958
64590 -424958
64620 -424958
64650 -424958
64680 -424958
64710 -424958
64740 -424958
64770 -424958
64800 -424958
64830 -424958
64860 -424958
64890 -424958
64920 -424958
64950 -424958
64980 -424958
65010 -424958
65040 -424958
65070 -424958
65100 -424958
65130 -424887
65160 -424887
65190 -424887
65220 -424887
65250 -424887
65280 -424887
65310 -424887
65340 -424887
65370 -424887
65400 -424887
65430 -424887
65460 -424887
65490 -424887
65520 -424887
65550 -424887
65580 -424887
65610 -424887
65640 -424887
65670 -424887
65700 -424887
65730 -424887
65760 -424887
65790 -424887
65820 -424887
65850 -424887
65880 -424887
65910 -424887
65940 -424887
65970 -424887
66000 -424887
66030 -424887
66060 -424887
66090 -424887
66120 -424887
66150 -424887
66180 -424887
66210 -424887
66240 -424887
66270 -424887
66300 -424887
66330 -424887
66360 -424887
66390 -424887
66420 -424887
66450 -424887
66480 -424887
66510 -424887
66540 -424887
66570 -424887
66600 -424887
66630 -424887
66660 -424887
66690 -424887
66720 -424887
66750 -424887
66780 -424887
66810 -424887
66840 -424887
66870 -424887
66900 -424887
66930 -424887
66960 -424887
66990 -424887
67020 -424887
67050 -424887
67080 -424887
67110 -424887
67140 -424887
67170 -424887
67200 -424887
67230 -424887
67260 -424887
67290 -424887
67320 -424887
67350 -424887
67380 -424887
67410 -424887
67440 -424887
67470 -424887
67500 -424887
67530 -424887
67560 -424887
67590 -424887
67620 -424887
67650 -424887
67680 -424887
67710 -424887
67740 -424887
67770 -424887
67800 -424887
67830 -424887
67860 -424887
67890 -424887
67920 -424887
67950 -424887
67980 -424887
68010 -424887
68040 -424887
68070 -424887
68100 -424887
68130 -424887
68160 -424887
68190 -424887
68220 -424887
68250 -424887
68280 -424887
68310 -424887
68340 -424887
68370 -424887
68400 -424887
68430 -424887
68460 -424887
68490 -424887
68520 -424887
68550 -424887
68580 -424887
68610 -424887
68640 -424887
68670 -424887
68700 -424887
68730 -424887
68760 -424887
68790 -424887
68820 -424887
68850 -424887
68880 -424887
68910 -424887
68940 -424887
68970 -424887
69000 -424887
69030 -424887
69060 -424887
69090 -424887
69120 -424887
69150 -424887
69180 -424887
69210 -424887
69240 -424887
69270 -424887
69300 -424887
69330 -424887
69360 -424887
69390 -424887
69420 -424887
69450 -424887
69480 -424887
69510 -424887
69540 -424887
69570 -424887
69600 -424887
69630 -424887
69660 -424887
69690 -424887
69720 -424887
69750 -424887
69780 -424671
69810 -424671
69840 -424671
69870 -424671
69900 -424671
69930 -424671
69960 -424671
69990 -424671
70020 -424671
70050 -424671
70080 -424671
70110 -424671
70140 -424671
70170 -424671
70200 -424671
70230 -424671
70260 -424671
70290 -424671
70320 -424671
70350 -424671
70380 -424671
70410 -424671
70440 -424671
70470 -424671
70500 -424671
70530 -424671
70560 -424671
70590 -424671
70620 -424671
70650 -424671
70680 -424671
70710 -424671
70740 -424671
70770 -424671
70800 -424671
70830 -424671
70860 -424671
70890 -424671
70920 -424671
70950 -424671
70980 -424671
71010 -424671
71040 -424671
71070 -424671
71100 -424671
71130 -424671
71160 -424671
71190 -424671
71220 -424671
71250 -424671
71280 -424671
71310 -424671
71340 -424671
71370 -424671
71400 -424671
71430 -424671
71460 -424671
71490 -424671
71520 -424671
71550 -424671
71580 -424671
71610 -424671
71640 -424671
71670 -424671
71700 -424671
71730 -424671
71760 -424671
71790 -424671
71820 -424671
71850 -424671
71880 -424671
71910 -424671
71940 -424671
71970 -424671
72000 -424671
72030 -424671
72060 -424671
72090 -424671
72120 -424671
72150 -424671
72180 -424671
72210 -424671
72240 -424671
72270 -424671
72300 -424671
72330 -424671
72360 -424671
72390 -424671
72420 -424671
72450 -424671
72480 -424671
72510 -424671
72540 -424671
72570 -424671
72600 -424671
72630 -424671
72660 -424671
72690 -424671
72720 -424671
72750 -424671
72780 -424671
72810 -424671
72840 -424671
72870 -424390
72900 -424390
72930 -424390
72960 -424390
72990 -424390
73020 -424390
73050 -424390
73080 -424390
73110 -424390
73140 -424390
73170 -424390
73200 -424390
73230 -424390
73260 -424390
73290 -424390
73320 -424390
73350 -424390
73380 -424390
73410 -424390
73440 -424390
73470 -424390
73500 -424390
73530 -424390
73560 -424390
73590 -424390
73620 -424390
73650 -424390
73680 -424390
73710 -424390
73740 -424390
73770 -424390
73800 -424390
73830 -424390
73860 -424390
73890 -424390
73920 -424390
73950 -424390
73980 -424390
74010 -424390
74040 -424390
74070 -424390
74100 -424390
74130 -424390
74160 -424390
74190 -424390
74220 -424390
74250 -424390
74280 -424390
74310 -424390
74340 -424390
74370 -424390
74400 -424390
74430 -424390
74460 -424390
74490 -424390
74520 -424390
74550 -424390
74580 -424390
74610 -424390
74640 -424390
74670 -424390
74700 -424390
74730 -424390
74760 -424390
74790 -424390
74820 -424390
74850 -424390
74880 -424390
74910 -424390
74940 -424390
74970 -424390
75000 -424390
75030 -424390
75060 -424390
75090 -424390
75120 -424390
75150 -424390
75180 -424390
75210 -424390
75240 -424390
75270 -424390
75300 -424390
75330 -424390
75360 -424390
75390 -424390
75420 -424390
75450 -424390
75480 -424390
75510 -424390
75540 -424390
75570 -424390
75600 -424390
75630 -424390
75660 -424390
75690 -424390
75720 -424390
75750 -424390
75780 -424390
75810 -424390
75840 -424390
75870 -424390
75900 -424390
75930 -424390
75960 -424390
75990 -424390
76020 -424390
76050 -424390
76080 -424390
76110 -424390
76140 -424390
76170 -424390
76200 -424390
76230 -424390
76260 -424390
76290 -424390
76320 -424390
76350 -424390
76380 -424390
76410 -424390
76440 -424390
76470 -424390
76500 -424390
76530 -424390
76560 -424390
76590 -424390
76620 -424390
76650 -424390
76680 -424390
76710 -424390
76740 -424390
76770 -424390
76800 -424390
76830 -424390
76860 -424390
76890 -424390
76920 -424390
76950 -424390
76980 -424390
77010 -424390
77040 -424390
77070 -424390
77100 -424390
77130 -424390
77160 -424390
77190 -424390
77220 -424390
77250 -424390
77280 -424390
77310 -424390
77340 -424390
77370 -424390
77400 -424390
77430 -424390
77460 -424390
77490 -424390
77520 -424390
77550 -424390
77580 -424390
77610 -424390
77640 -424390
77670 -424390
77700 -424390
77730 -424390
77760 -424390
77790 -424390
77820 -424390
77850 -424390
77880 -424390
77910 -424390
77940 -424390
77970 -424390
78000 -424390
78030 -424390
78060 -424390
78090 -424390
78120 -424390
78150 -424390
78180 -424390
78210 -424390
78240 -424390
78270 -424390
78300 -424390
78330 -424390
78360 -424390
78390 -424390
78420 -424390
78450 -424390
78480 -424390
78510 -424390
78540 -424390
78570 -424390
78600 -424390
78630 -424390
78660 -424390
78690 -424390
78720 -424390
78750 -424390
78780 -424390
78810 -424390
78840 -424390
78870 -424390
78900 -424311
78930 -424311
78960 -424311
78990 -424311
79020 -424311
79050 -424311
79080 -424311
79110 -424311
79140 -424311
79170 -424311
79200 -424311
79230 -424311
79260 -424311
79290 -424311
79320 -424311
79350 -424311
79380 -424311
79410 -424311
79440 -424311
79470 -424311
79500 -424311
79530 -424311
79560 -424311
79590 -424311
79620 -424311
79650 -424311
79680 -424311
79710 -424311
79740 -424311
79770 -424311
79800 -424311
79830 -424311
79860 -424311
79890 -424311
79920 -424311
79950 -424311
79980 -424311
80010 -424311
80040 -424311
80070 -424311
80100 -424311
80130 -424311
80160 -424311
80190 -424311
80220 -424311
80250 -424311
80280 -424311
80310 -424311
80340 -424311
80370 -424311
80400 -424311
80430 -424311
80460 -424311
80490 -424311
80520 -424311
80550 -424311
80580 -424311
80610 -424311
80640 -424311
80670 -424311
80700 -424311
80730 -424311
80760 -424311
80790 -424311
80820 -424311
80850 -424311
80880 -424311
80910 -424311
80940 -424311
80970 -424311
81000 -424311
81030 -424311
81060 -424311
81090 -424311
81120 -424311
81150 -424311
81180 -424311
81210 -424311
81240 -424311
81270 -424311
81300 -424311
81330 -424311
81360 -424311
81390 -424311
81420 -424311
81450 -424311
81480 -424311
81510 -424311
81540 -424311
81570 -424311
81600 -424311
81630 -424311
81660 -424311
81690 -424311
81720 -424311
81750 -424311
81780 -424311
81810 -424311
81840 -424311
81870 -424311
81900 -424311
81930 -424311
81960 -424311
81990 -424311
82020 -424311
82050 -424311
82080 -424311
82110 -424311
82140 -424311
82170 -424311
82200 -424238
82230 -424238
82260 -424238
82290 -424238
82320 -424238
82350 -424238
82380 -424238
82410 -424238
82440 -424238
82470 -424238
82500 -424238
82530 -424238
82560 -424238
82590 -424238
82620 -424238
82650 -424238
82680 -424238
82710 -424238
82740 -424238
82770 -424238
82800 -424238
82830 -424238
82860 -424238
82890 -424238
82920 -424238
82950 -424238
82980 -424238
83010 -424238
83040 -424238
83070 -424238
83100 -424238
83130 -424238
83160 -424238
83190 -424238
83220 -424238
83250 -424238
83280 -424238
83310 -424238
83340 -424238
83370 -424238
83400 -424238
83430 -424238
83460 -424238
83490 -424238
83520 -424238
83550 -424238
83580 -424238
83610 -424238
83640 -424238
83670 -424238
83700 -424238
83730 -424238
83760 -424238
83790 -424238
83820 -423889
83850 -423889
83880 -423889
83910 -423889
83940 -423889
83970 -423889
84000 -423889
84030 -423889
84060 -423889
84090 -423889
84120 -423889
84150 -423889
84180 -423889
84210 -423889
84240 -423889
84270 -423889
84300 -423889
84330 -423889
84360 -423889
84390 -423889
84420 -423889
84450 -423889
84480 -423889
84510 -423889
84540 -423889
84570 -423889
84600 -423889
84630 -423889
84660 -423889
84690 -423828
84720 -423828
84750 -423828
84780 -423828
84810 -423828
84840 -423828
84870 -423828
84900 -423828
84930 -423828
84960 -423828
84990 -423828
85020 -423828
85050 -423828
85080 -423828
85110 -423828
85140 -423828
85170 -423828
85200 -423828
85230 -423828
85260 -423828
85290 -423828
85320 -423828
85350 -423828
85380 -423828
85410 -423828
85440 -423828
85470 -423828
85500 -423828
85530 -423828
85560 -423828
85590 -423828
85620 -423828
85650 -423828
85680 -423828
85710 -423828
85740 -423828
85770 -423828
85800 -423828
85830 -423828
85860 -423828
85890 -423828
85920 -423828
85950 -423828
85980 -423828
86010 -423828
86040 -423828
86070 -423828
86100 -423828
86130 -423828
86160 -423828
86190 -423828
86220 -423828
86250 -423828
86280 -423828
86310 -423828
86340 -423828
86370 -423828
86400 -423828
86430 -423828
86460 -423828
86490 -423828
86520 -423828
86550 -423828
86580 -423828
86610 -423828
86640 -423828
86670 -423828
86700 -423828
86730 -423828
86760 -423828
86790 -423828
86820 -423828
86850 -423828
86880 -423828
86910 -423828
86940 -423828
86970 -423828
87000 -423828
87030 -423828
87060 -423828
87090 -423828
87120 -423828
87150 -423828
87180 -423828
87210 -423828
87240 -423828
87270 -423828
87300 -423828
87330 -423828
87360 -423828
87390 -423828
87420 -423828
87450 -423828
87480 -423828
87510 -423828
87540 -423828
87570 -423828
87600 -423828
87630 -423828
87660 -423828
87690 -423828
87720 -423828
87750 -423828
87780 -423828
87810 -423828
87840 -423828
87870 -423828
87900 -423828
87930 -423828
87960 -423828
87990 -423828
88020 -423828
88050 -423828
88080 -423828
88110 -423828
88140 -423828
88170 -423828
88200 -423828
88230 -423828
88260 -423828
88290 -423828
88320 -423828
88350 -423828
88380 -423828
88410 -423828
88440 -423828
88470 -423828
88500 -423828
88530 -423828
88560 -423828
88590 -423828
88620 -423828
88650 -423828
88680 -423828
88710 -423828
88740 -423828
88770 -423828
88800 -423828
88830 -423828
88860 -423828
88890 -423828
88920 -423828
88950 -423828
88980 -423828
89010 -423828
89040 -423828
89070 -423828
89100 -423828
89130 -423828
89160 -423828
89190 -423828
89220 -423828
89250 -423828
89280 -423828
89310 -423828
89340 -423828
89370 -423828
89400 -423828
89430 -423828
89460 -423828
89490 -423828
89520 -423828
89550 -423828
89580 -423828
89610 -423828
89640 -423828
89670 -423828
89700 -423828
89730 -423828
89760 -423828
89790 -423828
89820 -423828
89850 -423828
89880 -423828
89910 -423828
89940 -423828
89970 -423828
90000 -423828
90030 -423828
90060 -423828
90090 -423828
90120 -423828
90150 -423828
90180 -423828
90210 -423828
90240 -423828
90270 -423828
90300 -423828
90330 -423828
90360 -423828
90390 -423828
90420 -423828
90450 -423828
90480 -423828
90510 -423828
90540 -423828
90570 -423828
90600 -423828
90630 -423828
90660 -423828
90690 -423828
90720 -423828
90750 -423828
90780 -423828
90810 -423828
90840 -423828
90870 -423828
90900 -423828
90930 -423828
90960 -423828
90990 -423828
91020 -423828
91050 -423828
91080 -423828
91110 -423828
91140 -423828
91170 -423828
91200 -423828
91230 -423828
91260 -423828
91290 -423828
91320 -423828
91350 -423828
91380 -423828
91410 -423828
91440 -423828
91470 -423828
91500 -423789
91530 -423789
91560 -423789
91590 -423789
91620 -423789
91650 -423789
91680 -423789
91710 -423789
91740 -423789
91770 -423789
91800 -423789
91830 -423789
91860 -423789
91890 -423789
91920 -423789
91950 -423789
91980 -423789
92010 -423789
92040 -423789
92070 -423789
92100 -423789
92130 -423789
92160 -423789
92190 -423789
92220 -423789
92250 -423789
92280 -423789
92310 -423789
92340 -423789
92370 -423789
92400 -423789
92430 -423789
92460 -423789
92490 -423789
92520 -423789
92550 -423789
92580 -423789
92610 -423789
92640 -423789
92670 -423789
92700 -423789
92730 -423789
92760 -423789
92790 -423789
92820 -423789
92850 -423789
92880 -423789
92910 -423789
92940 -423789
92970 -423789
93000 -423789
93030 -423789
93060 -423789
93090 -423789
93120 -423789
93150 -423789
93180 -423789
93210 -423789
93240 -423789
93270 -423789
93300 -423789
93330 -423789
93360 -423789
93390 -423789
93420 -423789
93450 -423789
93480 -423789
93510 -423789
93540 -423789
93570 -423789
93600 -423789
93630 -423789
93660 -423789
93690 -423789
93720 -423789
93750 -423789
93780 -423789
93810 -423789
93840 -423789
93870 -423789
93900 -423789
93930 -423789
93960 -423789
93990 -423789
94020 -423789
94050 -423789
94080 -423789
94110 -423789
94140 -423789
94170 -423789
94200 -423789
94230 -423789
94260 -423789
94290 -423789
94320 -423789
94350 -423789
94380 -423789
94410 -423789
94440 -423789
94470 -423789
94500 -423789
94530 -423789
94560 -423789
94590 -423789
94620 -423789
94650 -423789
94680 -423789
94710 -423789
94740 -423789
94770 -423789
94800 -423789
94830 -423789
94860 -423789
94890 -423789
94920 -423789
94950 -423789
94980 -423789
95010 -423789
95040 -423789
95070 -423789
95100 -423520
95130 -423520
95160 -423520
95190 -423520
95220 -423520
95250 -423520
95280 -423520
95310 -423520
95340 -423520
95370 -423520
95400 -423520
95430 -423520
95460 -423520
95490 -423520
95520 -423520
95550 -423520
95580 -423520
95610 -423520
95640 -423520
95670 -423520
95700 -423520
95730 -423520
95760 -423520
95790 -423520
95820 -423520
95850 -423520
95880 -423520
95910 -423520
95940 -423520
95970 -423520
96000 -423520
96030 -423520
96060 -423520
96090 -423520
96120 -423520
96150 -423520
96180 -423520
96210 -423520
96240 -423520
96270 -423520
96300 -423520
96330 -423520
96360 -423520
96390 -423520
96420 -423520
96450 -423520
96480 -423520
96510 -423520
96540 -423520
96570 -423520
96600 -423520
96630 -423520
96660 -423520
96690 -423520
96720 -423520
96750 -423520
96780 -423520
96810 -423520
96840 -423520
96870 -423520
96900 -423520
96930 -423520
96960 -423520
96990 -423520
97020 -423520
97050 -423520
97080 -423520
97110 -423520
97140 -423520
97170 -423520
97200 -423520
97230 -423520
97260 -423520
97290 -423520
97320 -423520
97350 -423520
97380 -423520
97410 -423520
97440 -423520
97470 -423520
97500 -423520
97530 -423520
97560 -423520
97590 -423520
97620 -423520
97650 -423520
97680 -423520
97710 -423520
97740 -423520
97770 -423520
97800 -423520
97830 -423520
97860 -423520
97890 -423520
97920 -423520
97950 -423520
97980 -423520
98010 -423520
98040 -423520
98070 -423520
98100 -423520
98130 -423520
98160 -423520
98190 -423520
98220 -423520
98250 -423520
98280 -423520
98310 -423520
98340 -423520
98370 -423520
98400 -423520
98430 -423520
98460 -423520
98490 -423520
98520 -423520
98550 -423520
98580 -423520
98610 -423520
98640 -423520
98670 -423520
98700 -423520
98730 -423520
98760 -423520
98790 -423520
98820 -423520
98850 -423520
98880 -423520
98910 -423520
98940 -423520
98970 -423520
99000 -423520
99030 -423520
99060 -423520
99090 -423520
99120 -423520
99150 -423520
99180 -423520
99210 -423520
99240 -423520
99270 -423520
99300 -423520
99330 -423520
99360 -423520
99390 -423520
99420 -423520
99450 -423520
99480 -423520
99510 -423520
99540 -423520
99570 -423520
99600 -423520
99630 -423520
99660 -423520
99690 -423520
99720 -423520
99750 -423520
99780 -423520
99810 -423520
99840 -423520
99870 -423520
99900 -423520
99930 -423520
99960 -423520
99990 -423520
100020 -423520
100050 -423520
100080 -423520
100110 -423520
100140 -423520
100170 -423520
100200 -423520
100230 -423520
100260 -423520
100290 -423520
100320 -423520
100350 -423520
100380 -423520
100410 -423520
100440 -423520
100470 -423520
100500 -423520
100530 -423520
100560 -423520
100590 -423520
100620 -423520
100650 -423520
100680 -423520
100710 -423520
100740 -423520
100770 -423520
100800 -423520
100830 -423520
100860 -423520
100890 -423520
100920 -423520
100950 -423520
100980 -423520
101010 -423520
101040 -423520
101070 -423520
101100 -423520
101130 -423520
101160 -423520
101190 -423520
101220 -423520
101250 -423520
101280 -423520
101310 -423520
101340 -423520
101370 -423520
101400 -423520
101430 -423520
101460 -423520
101490 -423520
101520 -423312
101550 -423312
101580 -423312
101610 -423312
101640 -423312
101670 -423312
101700 -423312
101730 -423312
101760 -423312
101790 -423299
101820 -423299
101850 -423299
101880 -423299
101910 -423299
101940 -423299
101970 -423299
102000 -423299
102030 -423299
102060 -423299
102090 -423299
102120 -423299
102150 -423299
102180 -423071
102210 -423071
102240 -423071
102270 -423071
102300 -423071
102330 -423071
102360 -423071
102390 -423071
102420 -423071
102450 -423071
102480 -423071
102510 -423071
102540 -423071
102570 -423071
102600 -423071
102630 -423071
102660 -423071
102690 -423071
102720 -423071
102750 -423071
102780 -423071
102810 -423071
102840 -423071
102870 -423071
102900 -423071
102930 -423071
102960 -423071
102990 -423071
103020 -423071
103050 -423071
103080 -423071
103110 -423071
103140 -423071
103170 -423071
103200 -423071
103230 -423071
103260 -423071
103290 -423071
103320 -423071
103350 -423071
103380 -423071
103410 -423071
103440 -423071
103470 -423071
103500 -423071
103530 -423071
103560 -423071
103590 -423071
103620 -423071
103650 -423071
103680 -423071
103710 -423071
103740 -423071
103770 -423071
103800 -423071
103830 -423071
103860 -423071
103890 -423071
103920 -423071
103950 -423071
103980 -423071
104010 -423071
104040 -423071
104070 -423071
104100 -423071
104130 -423071
104160 -423071
104190 -423071
104220 -423071
104250 -423071
104280 -423071
104310 -423071
104340 -423071
104370 -423071
104400 -423071
104430 -423071
104460 -423071
104490 -423071
104520 -423071
104550 -423071
104580 -423071
104610 -423071
104640 -423071
104670 -423071
104700 -423071
104730 -423071
104760 -423071
104790 -423071
104820 -423071
104850 -423071
104880 -423071
104910 -423071
104940 -423071
104970 -423071
105000 -423071
105030 -423071
105060 -423071
105090 -423071
105120 -423071
105150 -423071
105180 -423071
105210 -423071
105240 -423071
105270 -423071
105300 -423071
105330 -423071
105360 -423071
105390 -423071
105420 -423071
105450 -423071
105480 -423071
105510 -423071
105540 -423071
105570 -423071
105600 -423071
105630 -423071
105660 -423071
105690 -423071
105720 -423071
105750 -423071
105780 -423071
105810 -423071
105840 -423071
105870 -423071
105900 -423071
105930 -423071
105960 -423071
105990 -423071
106020 -423071
106050 -423071
106080 -423071
106110 -423071
106140 -423071
106170 -423071
106200 -423071
106230 -423071
106260 -423071
106290 -423071
106320 -423071
106350 -423071
106380 -423071
106410 -423071
106440 -423071
106470 -423071
106500 -423071
106530 -423071
106560 -423071
106590 -423071
106620 -423071
106650 -423071
106680 -423071
106710 -423071
106740 -423071
106770 -423071
106800 -423071
106830 -423071
106860 -423071
106890 -423071
106920 -423071
106950 -423071
106980 -423071
107010 -423071
107040 -423071
107070 -423071
107100 -423071
107130 -423071
107160 -423071
107190 -423071
107220 -423071
107250 -423071
107280 -423071
107310 -423071
107340 -423071
107370 -423071
107400 -423071
107430 -423071
107460 -423071
107490 -423071
107520 -423071
107550 -423071
107580 -423071
107610 -423071
107640 -423071
107670 -423071
107700 -423071
107730 -423071
107760 -423071
107790 -423071
107820 -423071
107850 -423071
107880 -423071
107910 -423071
107940 -423071
107970 -423071
108000 -423071
108030 -423071
108060 -423071
108090 -423071
108120 -423071
108150 -423071
108180 -423071
108210 -423071
108240 -423071
108270 -423071
108300 -423071
108330 -423071
108360 -423071
108390 -423071
108420 -423071
108450 -423071
108480 -423071
108510 -423071
108540 -423071
108570 -423071
108600 -423071
108630 -423071
108660 -423071
108690 -423071
108720 -423071
108750 -423071
108780 -423071
108810 -423071
108840 -423071
108870 -423071
108900 -423071
108930 -423071
108960 -423071
108990 -423071
109020 -423071
109050 -423071
109080 -423071
109110 -423071
109140 -423071
109170 -423071
109200 -423071
109230 -423071
109260 -423071
109290 -423071
109320 -423071
109350 -423071
109380 -423071
109410 -423071
109440 -423071
109470 -423071
109500 -423071
109530 -423071
109560 -423071
109590 -423071
109620 -423071
109650 -423071
109680 -423071
109710 -423071
109740 -423071
109770 -423071
109800 -423071
109830 -423071
109860 -423071
109890 -423071
109920 -423071
109950 -423071
109980 -423071
110010 -423071
110040 -423071
110070 -423071
110100 -423071
110130 -423071
110160 -423071
110190 -423071
110220 -423071
110250 -423071
110280 -423071
110310 -423071
110340 -423071
110370 -423071
110400 -423071
110430 -423071
110460 -423071
110490 -423071
110520 -423071
110550 -423071
110580 -423071
110610 -423071
110640 -423071
110670 -423071
110700 -423071
110730 -423071
110760 -423071
110790 -423071
110820 -423071
110850 -423071
110880 -423071
110910 -423071
110940 -423071
110970 -423071
111000 -423071
111030 -423071
111060 -423071
111090 -423071
111120 -423071
111150 -423071
111180 -423071
111210 -423071
111240 -423071
111270 -423071
111300 -423071
111330 -423071
111360 -423071
111390 -423071
111420 -423071
111450 -423071
111480 -423071
111510 -423071
111540 -423071
111570 -423071
111600 -423071
111630 -423071
111660 -423071
111690 -423071
111720 -423071
111750 -423071
111780 -423071
111810 -423071
111840 -423071
111870 -423071
111900 -423071
111930 -423071
111960 -423071
111990 -423071
112020 -423071
112050 -423071
112080 -423071
112110 -423071
112140 -423071
112170 -423071
112200 -423071
112230 -423071
112260 -423071
112290 -423071
112320 -423071
112350 -423071
112380 -423071
112410 -423071
112440 -423071
112470 -423071
112500 -423071
112530 -423071
112560 -423071
112590 -423071
112620 -423071
112650 -423071
112680 -423071
112710 -423071
112740 -423071
112770 -423071
112800 -423071
112830 -423071
112860 -423071
112890 -423071
112920 -423071
112950 -423071
112980 -423071
113010 -423071
113040 -423071
113070 -423071
113100 -423071
113130 -423071
113160 -423071
113190 -423071
113220 -423071
113250 -423071
113280 -423071
113310 -423071
113340 -423071
113370 -423071
113400 -423071
113430 -423071
113460 -423071
113490 -423071
113520 -423071
113550 -423071
113580 -423071
113610 -423071
113640 -423071
113670 -423071
113700 -423071
113730 -423071
113760 -423071
113790 -423071
113820 -423071
113850 -423071
113880 -423071
113910 -423071
113940 -423071
113970 -423071
114000 -423071
114030 -423071
114060 -423071
114090 -423071
114120 -423071
114150 -423071
114180 -423071
114210 -423071
114240 -423071
114270 -423071
114300 -423071
114330 -423071
114360 -423071
114390 -423071
114420 -423071
114450 -423071
114480 -423071
114510 -423071
114540 -423071
114570 -423071
114600 -423071
114630 -423071
114660 -423071
114690 -423071
114720 -423071
114750 -423071
114780 -423071
114810 -423071
114840 -423071
114870 -423071
114900 -423071
114930 -423071
114960 -423071
114990 -423071
115020 -423071
115050 -423071
115080 -423071
115110 -423071
115140 -423071
115170 -423071
115200 -423071
115230 -423071
115260 -423071
115290 -423071
115320 -423071
115350 -423071
115380 -423071
115410 -423071
115440 -423071
115470 -423071
115500 -423071
115530 -423071
115560 -423071
115590 -423071
115620 -423071
115650 -423071
115680 -423071
115710 -423071
115740 -423071
115770 -423071
115800 -423071
115830 -423071
115860 -423071
115890 -423071
115920 -423071
115950 -423071
115980 -423071
116010 -423071
116040 -423071
116070 -423071
116100 -423071
116130 -423071
116160 -423071
116190 -423071
116220 -423071
116250 -423071
116280 -423071
116310 -423071
116340 -423071
116370 -423071
116400 -423071
116430 -423071
116460 -423071
116490 -423071
116520 -423071
116550 -423071
116580 -423071
116610 -423071
116640 -423071
116670 -423071
116700 -423071
116730 -423071
116760 -423071
116790 -423071
116820 -423071
116850 -423071
116880 -423071
116910 -423071
116940 -423071
116970 -423071
117000 -423071
117030 -423071
117060 -423071
117090 -423071
117120 -423071
117150 -423071
117180 -423071
117210 -423071
117240 -423071
117270 -423071
117300 -423071
117330 -423071
117360 -423071
117390 -423071
117420 -423071
117450 -423071
117480 -423071
117510 -423071
117540 -423071
117570 -423071
117600 -423071
117630 -423071
117660 -423071
117690 -423071
117720 -423071
117750 -423071
117780 -423071
117810 -423071
117840 -423071
117870 -423071
117900 -423071
117930 -423071
117960 -423071
117990 -423071
118020 -423071
118050 -423071
118080 -423071
118110 -423071
118140 -423071
118170 -423071
118200 -423071
118230 -423071
118260 -423071
118290 -423071
118320 -423071
118350 -423071
118380 -423071
118410 -423071
118440 -423071
118470 -423071
118500 -423071
118530 -423071
118560 -423071
118590 -423071
118620 -423071
118650 -423071
118680 -423071
118710 -423071
118740 -423071
118770 -423071
118800 -423071
118830 -423071
118860 -423071
118890 -423071
118920 -423071
118950 -423071
118980 -423071
119010 -423071
119040 -423071
119070 -423071
119100 -423071
119130 -423071
119160 -423071
119190 -423071
119220 -423071
119250 -423071
119280 -423071
119310 -423071
119340 -423071
119370 -423071
119400 -423071
119430 -423071
119460 -423071
119490 -423071
119520 -423071
119550 -423071
119580 -423071
119610 -423071
119640 -423071
119670 -423071
119700 -423071
119730 -423071
119760 -423071
119790 -423071
119820 -423071
119850 -423071
119880 -423071
119910 -423071
119940 -423071
119970 -423071
120000 -423071
120030 -423071
120060 -423071
120090 -423071
120120 -423071
120150 -423071
120180 -423071
120210 -423071
120240 -423071
120270 -423071
120300 -423071
120330 -423071
120360 -423071
120390 -423071
120420 -423071
120450 -423071
120480 -423071
120510 -423071
120540 -423071
120570 -423071
120600 -423071
120630 -423071
120660 -423071
120690 -423071
120720 -423071
120750 -423071
120780 -423071
120810 -423071
120840 -423071
120870 -423071
120900 -423071
120930 -423071
120960 -423071
120990 -423071
121020 -423071
121050 -423071
121080 -423071
121110 -423071
121140 -423071
121170 -423071
121200 -423071
121230 -423071
121260 -423071
121290 -423071
121320 -423071
121350 -423071
121380 -423071
121410 -423071
121440 -423071
121470 -423071
121500 -423071
121530 -423071
121560 -423071
121590 -423071
121620 -423071
121650 -423071
121680 -423071
121710 -423071
121740 -423071
121770 -423071
121800 -423071
121830 -423071
121860 -423071
121890 -423071
121920 -423071
121950 -423071
121980 -422981
122010 -422981
122040 -422981
122070 -422981
122100 -422981
122130 -422981
122160 -422981
122190 -422981
122220 -422981
122250 -422981
122280 -422981
122310 -422981
122340 -422981
122370 -422981
122400 -422981
122430 -422981
122460 -422981
122490 -422981
122520 -422981
122550 -422981
122580 -422981
122610 -422981
122640 -422981
122670 -422981
122700 -422981
122730 -422981
122760 -422981
122790 -422981
122820 -422981
122850 -422981
122880 -422981
122910 -422981
122940 -422981
122970 -422981
123000 -422981
123030 -422981
123060 -422981
123090 -422981
123120 -422981
123150 -422981
123180 -422981
123210 -422981
123240 -422981
123270 -422981
123300 -422981
123330 -422981
123360 -422981
123390 -422981
123420 -422981
123450 -422981
123480 -422981
123510 -422981
123540 -422981
123570 -422981
123600 -422981
123630 -422981
123660 -422981
123690 -422981
123720 -422981
123750 -422981
123780 -422981
123810 -422981
123840 -422981
123870 -422981
123900 -422981
123930 -422981
123960 -422981
123990 -422981
124020 -422981
124050 -422981
124080 -422981
124110 -422981
124140 -422981
124170 -422981
124200 -422981
124230 -422981
124260 -422981
124290 -422981
124320 -422981
124350 -422981
124380 -422981
124410 -422981
124440 -422981
124470 -422981
124500 -422981
124530 -422981
124560 -422981
124590 -422981
124620 -422981
124650 -422981
124680 -422981
124710 -422981
124740 -422981
124770 -422981
124800 -422981
124830 -422981
124860 -422981
124890 -422981
124920 -422981
124950 -422981
124980 -422981
125010 -422981
125040 -422981
125070 -422981
125100 -422981
125130 -422981
125160 -422981
125190 -422981
125220 -422981
125250 -422981
125280 -422981
125310 -422981
125340 -422981
125370 -422981
125400 -422981
125430 -422981
125460 -422981
125490 -422981
125520 -422981
125550 -422981
125580 -422981
125610 -422981
125640 -422981
125670 -422981
125700 -422981
125730 -422981
125760 -422981
125790 -422981
125820 -422981
125850 -422981
125880 -422981
125910 -422981
125940 -422981
125970 -422981
126000 -422981
126030 -422981
126060 -422981
126090 -422981
126120 -422981
126150 -422981
126180 -422981
126210 -422981
126240 -422981
126270 -422981
126300 -422981
126330 -422981
126360 -422981
126390 -422981
126420 -422981
126450 -422981
126480 -422981
126510 -422981
126540 -422981
126570 -422981
126600 -422981
126630 -422981
126660 -422981
126690 -422981
126720 -422981
126750 -422981
126780 -422981
126810 -422981
126840 -422981
126870 -422981
126900 -422981
126930 -422981
126960 -422981
126990 -422981
127020 -422981
127050 -422981
127080 -422981
127110 -422981
127140 -422981
127170 -422981
127200 -422981
127230 -422981
127260 -422981
127290 -422981
127320 -422981
127350 -422981
127380 -422981
127410 -422981
127440 -422981
127470 -422981
127500 -422981
127530 -422981
127560 -422981
127590 -422981
127620 -422981
127650 -422981
127680 -422981
127710 -422981
127740 -422981
127770 -422981
127800 -422981
127830 -422981
127860 -422981
127890 -422981
127920 -422981
127950 -422981
127980 -422981
128010 -422981
128040 -422981
128070 -422981
128100 -422981
128130 -422981
128160 -422981
128190 -422981
128220 -422981
128250 -422981
128280 -422981
128310 -422981
128340 -422981
128370 -422981
128400 -422981
128430 -422981
128460 -422981
128490 -422981
128520 -422981
128550 -422981
128580 -422981
128610 -422981
128640 -422981
128670 -422981
128700 -422981
128730 -422981
128760 -422981
128790 -422981
128820 -422981
128850 -422981
128880 -422981
128910 -422981
128940 -422981
128970 -422981
129000 -422981
129030 -422981
129060 -422981
129090 -422981
129120 -422981
129150 -422981
129180 -422981
129210 -422981
129240 -422981
129270 -422981
129300 -422981
129330 -422981
129360 -422981
129390 -422981
129420 -422981
129450 -422981
129480 -422981
129510 -422981
129540 -422981
129570 -422981
129600 -422981
129630 -422981
129660 -422981
129690 -422981
129720 -422981
129750 -422981
129780 -422981
129810 -422981
129840 -422981
129870 -422981
129900 -422981
129930 -422981
129960 -422981
129990 -422981
130020 -422981
130050 -422981
130080 -422981
130110 -422981
130140 -422981
130170 -422981
130200 -422981
130230 -422981
130260 -422981
130290 -422981
130320 -422981
130350 -422981
130380 -422981
130410 -422981
130440 -422981
130470 -422981
130500 -422981
130530 -422981
130560 -422981
130590 -422981
130620 -422981
130650 -422981
130680 -422981
130710 -422981
130740 -422981
130770 -422981
130800 -422981
130830 -422981
130860 -422981
130890 -422981
130920 -422981
130950 -422981
130980 -422981
131010 -422981
131040 -422981
131070 -422981
131100 -422981
131130 -422981
131160 -422981
131190 -422981
131220 -422981
131250 -422981
131280 -422981
131310 -422981
131340 -422981
131370 -422981
131400 -422981
131430 -422981
131460 -422981
131490 -422981
131520 -422981
131550 -422981
131580 -422981
131610 -422981
131640 -422981
131670 -422981
131700 -422981
131730 -422981
131760 -422981
131790 -422981
131820 -422981
131850 -422981
131880 -422981
131910 -422981
131940 -422981
131970 -422981
132000 -422981
132030 -422981
132060 -422981
132090 -422981
132120 -422981
132150 -422981
132180 -422981
132210 -422981
132240 -422981
132270 -422981
132300 -422981
132330 -422981
132360 -422981
132390 -422981
132420 -422981
132450 -422981
132480 -422981
132510 -422981
132540 -422981
132570 -422981
132600 -422981
132630 -422981
132660 -422981
132690 -422981
132720 -422981
132750 -422981
132780 -422981
132810 -422981
132840 -422981
132870 -422981
132900 -422981
132930 -422981
132960 -422981
132990 -422981
133020 -422981
133050 -422981
133080 -422981
133110 -422981
133140 -422981
133170 -422981
133200 -422981
133230 -422981
133260 -422981
133290 -422981
133320 -422981
133350 -422981
133380 -422981
133410 -422981
133440 -422981
133470 -422981
133500 -422981
133530 -422981
133560 -422981
133590 -422981
133620 -422981
133650 -422981
133680 -422981
133710 -422981
133740 -422981
133770 -422981
133800 -422981
133830 -422981
133860 -422981
133890 -422981
133920 -422981
133950 -422981
133980 -422981
134010 -422981
134040 -422981
134070 -422981
134100 -422981
134130 -422981
134160 -422981
134190 -422981
134220 -422981
134250 -422981
134280 -422981
134310 -422981
134340 -422981
134370 -422981
134400 -422981
134430 -422981
134460 -422981
134490 -422981
134520 -422981
134550 -422981
134580 -422981
134610 -422981
134640 -422981
134670 -422981
134700 -422981
134730 -422981
134760 -422981
134790 -422981
134820 -422981
134850 -422981
134880 -422981
134910 -422981
134940 -422981
134970 -422981
135000 -422981
135030 -422981
135060 -422981
135090 -422981
135120 -422981
135150 -422981
135180 -422981
135210 -422981
135240 -422981
135270 -422981
135300 -422981
135330 -422981
135360 -422981
135390 -422981
135420 -422981
135450 -422981
135480 -422981
135510 -422981
135540 -422981
135570 -422981
135600 -422981
135630 -422981
135660 -422981
135690 -422981
135720 -422981
135750 -422981
135780 -422981
135810 -422981
135840 -422981
135870 -422981
135900 -422981
135930 -422981
135960 -422981
135990 -422981
136020 -422981
136050 -422981
136080 -422981
136110 -422981
136140 -422981
136170 -422981
136200 -422981
136230 -422981
136260 -422981
136290 -422981
136320 -422981
136350 -422981
136380 -422981
136410 -422981
136440 -422981
136470 -422981
136500 -422981
136530 -422981
136560 -422981
136590 -422981
136620 -422981
136650 -422981
136680 -422981
136710 -422981
136740 -422981
136770 -422981
136800 -422981
136830 -422981
136860 -422981
136890 -422981
136920 -422981
136950 -422981
136980 -422981
137010 -422981
137040 -422981
137070 -422981
137100 -422981
137130 -422981
137160 -422981
137190 -422981
137220 -422981
137250 -422981
137280 -422981
137310 -422981
137340 -422981
137370 -422981
137400 -422981
137430 -422981
137460 -422981
137490 -422981
137520 -422981
137550 -422981
137580 -422981
137610 -422981
137640 -422981
137670 -422981
137700 -422981
137730 -422981
137760 -422981
137790 -422981
137820 -422981
137850 -422981
137880 -422981
137910 -422981
137940 -422981
137970 -422981
138000 -422981
138030 -422981
138060 -422981
138090 -422981
138120 -422981
138150 -422981
138180 -422981
138210 -422981
138240 -422981
138270 -422981
138300 -422981
138330 -422981
138360 -422981
138390 -422981
138420 -422981
138450 -422981
138480 -422981
138510 -422981
138540 -422981
138570 -422981
138600 -422981
138630 -422981
138660 -422981
138690 -422981
138720 -422981
138750 -422981
138780 -422981
138810 -422981
138840 -422981
138870 -422981
138900 -422981
138930 -422981
138960 -422981
138990 -422981
139020 -422981
139050 -422981
139080 -422981
139110 -422981
139140 -422981
139170 -422981
139200 -422981
139230 -422981
139260 -422981
139290 -422981
139320 -422981
139350 -422981
139380 -422981
139410 -422981
139440 -422981
139470 -422981
139500 -422981
139530 -422981
139560 -422981
139590 -422981
139620 -422981
139650 -422981
139680 -422981
139710 -422981
139740 -422981
139770 -422981
139800 -422981
139830 -422981
139860 -422981
139890 -422981
139920 -422981
139950 -422981
139980 -422981
140010 -422981
140040 -422981
140070 -422981
140100 -422981
140130 -422981
140160 -422981
140190 -422981
140220 -422981
140250 -422981
140280 -422981
140310 -422981
140340 -422981
140370 -422981
140400 -422981
140430 -422981
140460 -422981
140490 -422981
140520 -422981
140550 -422981
140580 -422981
140610 -422981
140640 -422981
140670 -422981
140700 -422981
140730 -422981
140760 -422981
140790 -422981
140820 -422981
140850 -422981
140880 -422981
140910 -422981
140940 -422981
140970 -422981
141000 -422981
141030 -422981
141060 -422981
141090 -422981
141120 -422981
141150 -422981
141180 -422981
141210 -422981
141240 -422981
141270 -422981
141300 -422981
141330 -422981
141360 -422981
141390 -422981
141420 -422981
141450 -422981
141480 -422981
141510 -422981
141540 -422981
141570 -422981
141600 -422981
141630 -422981
141660 -422981
141690 -422981
141720 -422981
141750 -422981
141780 -422981
141810 -422981
141840 -422981
141870 -422981
141900 -422981
141930 -422981
141960 -422981
141990 -422981
142020 -422981
142050 -422981
142080 -422981
142110 -422981
142140 -422981
142170 -422981
142200 -422981
142230 -422981
142260 -422981
142290 -422981
142320 -422981
142350 -422981
142380 -422981
142410 -422981
142440 -422981
142470 -422981
142500 -422981
142530 -422981
142560 -422981
142590 -422981
142620 -422981
142650 -422981
142680 -422981
142710 -422981
142740 -422981
142770 -422981
142800 -422981
142830 -422981
142860 -422981
142890 -422981
142920 -422981
142950 -422981
142980 -422981
143010 -422981
143040 -422981
143070 -422981
143100 -422981
143130 -422981
143160 -422981
143190 -422981
143220 -422981
143250 -422981
143280 -422981
143310 -422981
143340 -422981
143370 -422981
143400 -422981
143430 -422981
143460 -422981
143490 -422981
143520 -422981
143550 -422981
143580 -422981
143610 -422981
143640 -422981
143670 -422981
143700 -422981
143730 -422981
143760 -422981
143790 -422981
143820 -422981
143850 -422981
143880 -422981
143910 -422981
143940 -422981
143970 -422981
144000 -422981
144030 -422981
144060 -422981
144090 -422981
144120 -422981
144150 -422981
144180 -422981
144210 -422981
144240 -422981
144270 -422981
144300 -422981
144330 -422981
144360 -422981
144390 -422981
144420 -422981
144450 -422939
144480 -422939
144510 -422939
144540 -422939
144570 -422939
144600 -422939
144630 -422939
144660 -422939
144690 -422939
144720 -422939
144750 -422939
144780 -422939
144810 -422939
144840 -422939
144870 -422939
144900 -422939
144930 -422939
144960 -422939
144990 -422939
145020 -422939
145050 -422939
145080 -422939
145110 -422939
145140 -422939
145170 -422939
145200 -422939
145230 -422939
145260 -422939
145290 -422939
145320 -422939
145350 -422939
145380 -422939
145410 -422939
145440 -422939
145470 -422939
145500 -422939
145530 -422939
145560 -422939
145590 -422939
145620 -422939
145650 -422939
145680 -422939
145710 -422939
145740 -422939
145770 -422939
145800 -422939
145830 -422939
145860 -422939
145890 -422939
145920 -422939
145950 -422939
145980 -422939
146010 -422939
146040 -422939
146070 -422939
146100 -422939
146130 -422939
146160 -422939
146190 -422939
146220 -422939
146250 -422939
146280 -422939
146310 -422939
146340 -422939
146370 -422939
146400 -422939
146430 -422939
146460 -422939
146490 -422939
146520 -422939
146550 -422939
146580 -422939
146610 -422939
146640 -422939
146670 -422939
146700 -422939
146730 -422939
146760 -422939
146790 -422939
146820 -422939
146850 -422939
146880 -422939
146910 -422939
146940 -422939
146970 -422939
147000 -422939
147030 -422939
147060 -422939
147090 -422939
147120 -422939
147150 -422939
147180 -422939
147210 -422939
147240 -422939
147270 -422939
147300 -422939
147330 -422939
147360 -422939
147390 -422939
147420 -422939
147450 -422939
147480 -422939
147510 -422939
147540 -422939
147570 -422939
147600 -422939
147630 -422939
147660 -422939
147690 -422939
147720 -422939
147750 -422939
147780 -422939
147810 -422939
147840 -422939
147870 -422939
147900 -422939
147930 -422939
147960 -422939
147990 -422939
148020 -422939
148050 -422939
148080 -422939
148110 -422939
148140 -422939
148170 -422939
148200 -422939
148230 -422939
148260 -422939
148290 -422939
148320 -422939
148350 -422939
148380 -422939
148410 -422939
148440 -422939
148470 -422939
148500 -422939
148530 -422939
148560 -422939
148590 -422939
148620 -422939
148650 -422939
148680 -422939
148710 -422939
148740 -422939
148770 -422939
148800 -422939
148830 -422939
148860 -422939
148890 -422939
148920 -422939
148950 -422939
148980 -422939
149010 -422939
149040 -422939
149070 -422939
149100 -422939
149130 -422939
149160 -422939
149190 -422939
149220 -422939
149250 -422939
149280 -422939
149310 -422939
149340 -422939
149370 -422939
149400 -422939
149430 -422939
149460 -422939
149490 -422939
149520 -422939
149550 -422939
149580 -422939
149610 -422939
149640 -422939
149670 -422939
149700 -422939
149730 -422939
149760 -422939
149790 -422939
149820 -422939
149850 -422939
149880 -422939
149910 -422939
149940 -422939
149970 -422939
150000 -422939
150030 -422939
150060 -422939
150090 -422939
150120 -422939
150150 -422939
150180 -422939
150210 -422939
150240 -422939
150270 -422939
150300 -422939
150330 -422939
150360 -422939
150390 -422939
150420 -422939
150450 -422939
150480 -422939
150510 -422939
150540 -422939
150570 -422939
150600 -422939
150630 -422939
150660 -422939
150690 -422939
150720 -422939
150750 -422939
150780 -422939
150810 -422939
150840 -422939
150870 -422939
150900 -422939
150930 -422939
150960 -422939
150990 -422939
151020 -422939
151050 -422939
151080 -422939
151110 -422939
151140 -422939
151170 -422939
151200 -422939
151230 -422939
151260 -422939
151290 -422939
151320 -422939
151350 -422939
151380 -422939
151410 -422939
151440 -422939
151470 -422939
151500 -422939
151530 -422939
151560 -422939
151590 -422939
151620 -422939
151650 -422939
151680 -422939
151710 -422939
151740 -422939
151770 -422939
151800 -422939
151830 -422939
151860 -422939
151890 -422939
151920 -422939
151950 -422939
151980 -422939
152010 -422939
152040 -422939
152070 -422939
152100 -422939
152130 -422939
152160 -422939
152190 -422939
152220 -422939
152250 -422939
152280 -422939
152310 -422939
152340 -422939
152370 -422939
152400 -422939
152430 -422939
152460 -422939
152490 -422939
152520 -422939
152550 -422939
152580 -422939
152610 -422939
152640 -422939
152670 -422939
152700 -422939
152730 -422939
152760 -422939
152790 -422939
152820 -422939
152850 -422939
152880 -422939
152910 -422939
152940 -422939
152970 -422939
153000 -422939
153030 -422939
153060 -422939
153090 -422939
153120 -422939
153150 -422939
153180 -422939
153210 -422939
153240 -422939
153270 -422939
153300 -422939
153330 -422939
153360 -422939
153390 -422939
153420 -422939
153450 -422939
153480 -422939
153510 -422939
153540 -422939
153570 -422939
153600 -422939
153630 -422939
153660 -422939
153690 -422939
153720 -422939
153750 -422939
153780 -422939
153810 -422939
153840 -422939
153870 -422939
153900 -422939
153930 -422939
153960 -422939
153990 -422939
154020 -422939
154050 -422939
154080 -422939
154110 -422939
154140 -422939
154170 -422939
154200 -422939
154230 -422939
154260 -422939
154290 -422939
154320 -422939
154350 -422939
154380 -422939
154410 -422939
154440 -422939
154470 -422939
154500 -422939
154530 -422939
154560 -422939
154590 -422939
154620 -422939
154650 -422939
154680 -422939
154710 -422939
154740 -422939
154770 -422939
154800 -422939
154830 -422939
154860 -422939
154890 -422939
154920 -422939
154950 -422939
154980 -422939
155010 -422939
155040 -422939
155070 -422939
155100 -422939
155130 -422939
155160 -422939
155190 -422939
155220 -422939
155250 -422939
155280 -422939
155310 -422939
155340 -422939
155370 -422939
155400 -422939
155430 -422939
155460 -422939
155490 -422939
155520 -422939
155550 -422939
155580 -422939
155610 -422939
155640 -422939
155670 -422939
155700 -422939
155730 -422939
155760 -422939
155790 -422939
155820 -422939
155850 -422939
155880 -422939
155910 -422939
155940 -422939
155970 -422939
156000 -422939
156030 -422939
156060 -422939
156090 -422939
156120 -422939
156150 -422939
156180 -422939
156210 -422939
156240 -422939
156270 -422939
156300 -422939
156330 -422939
156360 -422939
156390 -422939
156420 -422939
156450 -422939
156480 -422939
156510 -422939
156540 -422939
156570 -422939
156600 -422939
156630 -422939
156660 -422939
156690 -422939
156720 -422939
156750 -422939
156780 -422939
156810 -422939
156840 -422939
156870 -422939
156900 -422939
156930 -422939
156960 -422939
156990 -422939
157020 -422939
157050 -422939
157080 -422939
157110 -422939
157140 -422939
157170 -422939
157200 -422939
157230 -422939
157260 -422939
157290 -422939
157320 -422939
157350 -422939
157380 -422939
157410 -422939
157440 -422939
157470 -422939
157500 -422939
157530 -422939
157560 -422939
157590 -422939
157620 -422939
157650 -422939
157680 -422939
157710 -422939
157740 -422939
157770 -422939
157800 -422939
157830 -422939
157860 -422939
157890 -422939
157920 -422939
157950 -422939
157980 -422939
158010 -422939
158040 -422939
158070 -422939
158100 -422939
158130 -422939
158160 -422939
158190 -422939
158220 -422939
158250 -422939
158280 -422939
158310 -422939
158340 -422939
158370 -422939
158400 -422939
158430 -422939
158460 -422939
158490 -422939
158520 -422939
158550 -422939
158580 -422939
158610 -422939
158640 -422939
158670 -422939
158700 -422939
158730 -422939
158760 -422939
158790 -422939
158820 -422939
158850 -422939
158880 -422939
158910 -422939
158940 -422939
158970 -422939
159000 -422939
159030 -422939
159060 -422939
159090 -422939
159120 -422939
159150 -422939
159180 -422939
159210 -422939
159240 -422939
159270 -422939
159300 -422939
159330 -422939
159360 -422939
159390 -422939
159420 -422939
159450 -422939
159480 -422939
159510 -422939
159540 -422939
159570 -422939
159600 -422939
159630 -422939
159660 -422939
159690 -422939
159720 -422939
159750 -422939
159780 -422939
159810 -422939
159840 -422939
159870 -422939
159900 -422939
159930 -422939
159960 -422939
159990 -422939
160020 -422939
160050 -422939
160080 -422939
160110 -422939
160140 -422939
160170 -422939
160200 -422939
160230 -422939
160260 -422939
160290 -422939
160320 -422939
160350 -422939
160380 -422939
160410 -422939
160440 -422939
160470 -422939
160500 -422939
160530 -422939
160560 -422939
160590 -422939
160620 -422939
160650 -422939
160680 -422939
160710 -422939
160740 -422939
160770 -422939
160800 -422939
160830 -422939
160860 -422939
160890 -422939
160920 -422939
160950 -422939
160980 -422939
161010 -422939
161040 -422939
161070 -422939
161100 -422939
161130 -422939
161160 -422939
161190 -422939
161220 -422939
161250 -422939
161280 -422939
161310 -422939
161340 -422939
161370 -422939
161400 -422939
161430 -422939
161460 -422939
161490 -422939
161520 -422939
161550 -422939
161580 -422939
161610 -422939
161640 -422939
161670 -422939
161700 -422939
161730 -422939
161760 -422939
161790 -422939
161820 -422939
161850 -422939
161880 -422939
161910 -422939
161940 -422939
161970 -422939
162000 -422939
162030 -422939
162060 -422939
162090 -422939
162120 -422939
162150 -422939
162180 -422939
162210 -422939
162240 -422939
162270 -422939
162300 -422939
162330 -422939
162360 -422939
162390 -422939
162420 -422939
162450 -422939
162480 -422939
162510 -422939
162540 -422939
162570 -422939
162600 -422939
162630 -422939
162660 -422939
162690 -422939
162720 -422939
162750 -422939
162780 -422939
162810 -422939
162840 -422939
162870 -422939
162900 -422939
162930 -422939
162960 -422939
162990 -422939
163020 -422939
163050 -422939
163080 -422939
163110 -422939
163140 -422939
163170 -422939
163200 -422939
163230 -422939
163260 -422939
163290 -422939
163320 -422939
163350 -422939
163380 -422939
163410 -422939
163440 -422939
163470 -422939
163500 -422939
163530 -422939
163560 -422939
163590 -422939
163620 -422939
163650 -422939
163680 -422939
163710 -422939
163740 -422939
163770 -422939
163800 -422939
163830 -422939
163860 -422939
163890 -422939
163920 -422939
163950 -422939
163980 -422939
164010 -422939
164040 -422939
164070 -422939
164100 -422939
164130 -422939
164160 -422939
164190 -422939
164220 -422939
164250 -422939
164280 -422939
164310 -422939
164340 -422939
164370 -422939
164400 -422939
164430 -422939
164460 -422939
164490 -422939
164520 -422939
164550 -422939
164580 -422939
164610 -422939
164640 -422939
164670 -422939
164700 -422939
164730 -422939
164760 -422939
164790 -422939
164820 -422939
164850 -422939
164880 -422939
164910 -422939
164940 -422939
164970 -422939
165000 -422939
165030 -422939
165060 -422939
165090 -422939
165120 -422939
165150 -422939
165180 -422939
165210 -422939
165240 -422939
165270 -422939
165300 -422939
165330 -422939
165360 -422939
165390 -422939
165420 -422939
165450 -422939
165480 -422939
165510 -422939
165540 -422939
165570 -422939
165600 -422939
165630 -422939
165660 -422939
165690 -422939
165720 -422939
165750 -422939
165780 -422939
165810 -422939
165840 -422939
165870 -422939
165900 -422939
165930 -422939
165960 -422939
165990 -422939
166020 -422939
166050 -422939
166080 -422939
166110 -422939
166140 -422939
166170 -422939
166200 -422939
166230 -422939
166260 -422939
166290 -422939
166320 -422939
166350 -422939
166380 -422939
166410 -422939
166440 -422939
166470 -422939
166500 -422939
166530 -422939
166560 -422939
166590 -422939
166620 -422939
166650 -422939
166680 -422939
166710 -422939
166740 -422939
166770 -422939
166800 -422939
166830 -422939
166860 -422939
166890 -422939
166920 -422939
166950 -422939
166980 -422939
167010 -422939
167040 -422939
167070 -422939
167100 -422939
167130 -422939
167160 -422939
167190 -422939
167220 -422939
167250 -422939
167280 -422939
167310 -422939
167340 -422939
167370 -422939
167400 -422939
167430 -422939
167460 -422939
167490 -422939
167520 -422939
167550 -422939
167580 -422939
167610 -422939
167640 -422939
167670 -422939
167700 -422939
167730 -422939
167760 -422939
167790 -422939
167820 -422939
167850 -422939
167880 -422939
167910 -422939
167940 -422939
167970 -422939
168000 -422939
168030 -422939
168060 -422939
168090 -422939
168120 -422939
168150 -422939
168180 -422939
168210 -422939
168240 -422939
168270 -422939
168300 -422939
168330 -422939
168360 -422939
168390 -422939
168420 -422939
168450 -422939
168480 -422939
168510 -422939
168540 -422939
168570 -422873
168600 -422873
168630 -422873
168660 -422873
168690 -422873
168720 -422873
168750 -422873
168780 -422873
168810 -422873
168840 -422873
168870 -422873
168900 -422873
168930 -422873
168960 -422873
168990 -422873
169020 -422873
169050 -422873
169080 -422873
169110 -422873
169140 -422873
169170 -422873
169200 -422873
169230 -422873
169260 -422873
169290 -422873
169320 -422873
169350 -422873
169380 -422873
169410 -422873
169440 -422873
169470 -422873
169500 -422873
169530 -422873
169560 -422873
169590 -422873
169620 -422873
169650 -422873
169680 -422873
169710 -422873
169740 -422873
169770 -422873
169800 -422873
169830 -422873
169860 -422873
169890 -422873
169920 -422873
169950 -422873
169980 -422873
170010 -422873
170040 -422873
170070 -422873
170100 -422873
170130 -422873
170160 -422873
170190 -422873
170220 -422873
170250 -422873
170280 -422873
170310 -422873
170340 -422873
170370 -422873
170400 -422873
170430 -422873
170460 -422873
170490 -422873
170520 -422873
170550 -422873
170580 -422873
170610 -422873
170640 -422873
170670 -422873
170700 -422873
170730 -422873
170760 -422873
170790 -422873
170820 -422873
170850 -422873
170880 -422873
170910 -422873
170940 -422873
170970 -422873
171000 -422873
171030 -422873
171060 -422873
171090 -422873
171120 -422873
171150 -422873
171180 -422873
171210 -422873
171240 -422873
171270 -422873
171300 -422873
171330 -422873
171360 -422873
171390 -422873
171420 -422873
171450 -422873
171480 -422873
171510 -422873
171540 -422873
171570 -422873
171600 -422873
171630 -422873
171660 -422873
171690 -422873
171720 -422873
171750 -422873
171780 -422873
171810 -422873
171840 -422873
171870 -422873
171900 -422873
171930 -422873
171960 -422873
171990 -422873
172020 -422873
172050 -422873
172080 -422873
172110 -422873
172140 -422873
172170 -422873
172200 -422873
172230 -422873
172260 -422873
172290 -422873
172320 -422873
172350 -422873
172380 -422873
172410 -422873
172440 -422873
172470 -422873
172500 -422873
172530 -422873
172560 -422873
172590 -422873
172620 -422873
172650 -422873
172680 -422873
172710 -422873
172740 -422873
172770 -422873
172800 -422873
172830 -422873
172860 -422873
172890 -422873
172920 -422873
172950 -422873
172980 -422873
173010 -422873
173040 -422873
173070 -422873
173100 -422873
173130 -422873
173160 -422873
173190 -422873
173220 -422873
173250 -422873
173280 -422873
173310 -422873
173340 -422873
173370 -422873
173400 -422873
173430 -422873
173460 -422873
173490 -422873
173520 -422873
173550 -422873
173580 -422873
173610 -422873
173640 -422873
173670 -422873
173700 -422873
173730 -422873
173760 -422873
173790 -422873
173820 -422873
173850 -422873
173880 -422873
173910 -422873
173940 -422873
173970 -422873
174000 -422873
174030 -422873
174060 -422873
174090 -422873
174120 -422873
174150 -422873
174180 -422873
174210 -422873
174240 -422873
174270 -422873
174300 -422850
174330 -422850
174360 -422850
174390 -422850
174420 -422850
174450 -422850
174480 -422850
174510 -422850
174540 -422850
174570 -422850
174600 -422850
174630 -422850
174660 -422850
174690 -422850
174720 -422850
174750 -422850
174780 -422850
174810 -422850
174840 -422850
174870 -422850
174900 -422850
174930 -422850
174960 -422850
174990 -422850
175020 -422850
175050 -422850
175080 -422850
175110 -422850
175140 -422850
175170 -422850
175200 -422850
175230 -422850
175260 -422728
175290 -422728
175320 -422728
175350 -422728
175380 -421709
175410 -421709
175440 -421709
175470 -421709
175500 -421709
175530 -421709
175560 -421709
175590 -421709
175620 -421709
175650 -421709
175680 -421709
175710 -421709
175740 -421709
175770 -421709
175800 -421709
175830 -421709
175860 -421709
175890 -421709
175920 -421709
175950 -421709
175980 -421709
176010 -421709
176040 -421709
176070 -421709
176100 -421709
176130 -421709
176160 -421709
176190 -421709
176220 -421709
176250 -421709
176280 -421709
176310 -421709
176340 -421709
176370 -421709
176400 -421709
176430 -421709
176460 -421709
176490 -421709
176520 -421709
176550 -421709
176580 -421709
176610 -421709
176640 -421709
176670 -421709
176700 -421709
176730 -421709
176760 -421709
176790 -421709
176820 -421709
176850 -421709
176880 -421709
176910 -421709
176940 -421709
176970 -421709
177000 -421709
177030 -421709
177060 -421709
177090 -421709
177120 -421709
177150 -421709
177180 -421709
177210 -421709
177240 -421709
177270 -421709
177300 -421709
177330 -421709
177360 -421709
177390 -421709
177420 -421709
177450 -421709
177480 -421709
177510 -421709
177540 -421709
177570 -421709
