60 -343253
90 -342220
120 -340195
150 -340195
180 -340195
210 -340195
240 -340195
270 -340195
300 -340195
330 -340195
360 -339779
390 -339779
420 -339779
450 -335043
480 -335043
510 -335043
540 -335043
570 -334728
600 -334728
630 -334728
660 -334728
690 -334728
720 -334728
750 -334728
780 -334728
810 -334728
840 -334728
870 -334338
900 -333968
930 -333968
960 -333968
990 -333968
1020 -333968
1050 -333968
1080 -333968
1110 -333968
1140 -333968
1170 -333968
1200 -333968
1230 -333968
1260 -333968
1290 -333968
1320 -333968
1350 -333968
1380 -333723
1410 -332698
1440 -332698
1470 -332698
1500 -332698
1530 -332698
1560 -332698
1590 -332698
1620 -330493
1650 -330493
1680 -330493
1710 -330493
1740 -330142
1770 -329065
1800 -329065
1830 -329065
1860 -329065
1890 -329065
1920 -329065
1950 -329065
1980 -329065
2010 -329065
2040 -329065
2070 -329065
2100 -329065
2130 -329065
2160 -329065
2190 -329065
2220 -329065
2250 -329065
2280 -329065
2310 -329065
2340 -329065
2370 -329065
2400 -329065
2430 -329065
2460 -329065
2490 -329065
2520 -329065
2550 -329065
2580 -329065
2610 -328371
2640 -328242
2670 -328242
2700 -328242
2730 -328242
2760 -328242
2790 -328242
2820 -328242
2850 -327459
2880 -327459
2910 -327459
2940 -327459
2970 -327459
3000 -327459
3030 -327459
3060 -327459
3090 -327459
3120 -327459
3150 -327459
3180 -327459
3210 -327459
3240 -327251
3270 -327251
3300 -327251
3330 -327251
3360 -327251
3390 -327251
3420 -327251
3450 -327185
3480 -327185
3510 -327185
3540 -327185
3570 -326329
3600 -326329
3630 -326329
3660 -326329
3690 -326329
3720 -326329
3750 -326329
3780 -326329
3810 -325999
3840 -325999
3870 -325999
3900 -325999
3930 -325549
3960 -324961
3990 -324961
4020 -324961
4050 -324961
4080 -324961
4110 -324961
4140 -324961
4170 -324961
4200 -324961
4230 -324961
4260 -324961
4290 -324961
4320 -324961
4350 -324961
4380 -324961
4410 -324862
4440 -324862
4470 -324862
4500 -324862
4530 -324862
4560 -324862
4590 -324862
4620 -324862
4650 -324862
4680 -324862
4710 -324862
4740 -324783
4770 -324783
4800 -324772
4830 -324677
4860 -324677
4890 -324677
4920 -324677
4950 -324677
4980 -324677
5010 -324677
5040 -324677
5070 -324677
5100 -324677
5130 -324677
5160 -323814
5190 -323814
5220 -323814
5250 -323814
5280 -323814
5310 -323814
5340 -323078
5370 -323078
5400 -323078
5430 -323078
5460 -323078
5490 -322872
5520 -322872
5550 -322872
5580 -322872
5610 -322872
5640 -322872
5670 -322871
5700 -322871
5730 -322728
5760 -322728
5790 -322728
5820 -322728
5850 -322728
5880 -322516
5910 -322516
5940 -322516
5970 -322516
6000 -322516
6030 -322516
6060 -322516
6090 -322516
6120 -322516
6150 -322516
6180 -322516
6210 -322516
6240 -322516
6270 -322516
6300 -322516
6330 -322516
6360 -322516
6390 -322516
6420 -322516
6450 -322516
6480 -322516
6510 -322516
6540 -322516
6570 -322516
6600 -322516
6630 -322516
6660 -322409
6690 -322409
6720 -322409
6750 -322409
6780 -322409
6810 -322409
6840 -322409
6870 -322409
6900 -322409
6930 -322409
6960 -322409
6990 -322409
7020 -322409
7050 -322409
7080 -322409
7110 -322409
7140 -321789
7170 -321789
7200 -321789
7230 -320666
7260 -320666
7290 -320666
7320 -320666
7350 -320666
7380 -320666
7410 -320666
7440 -320666
7470 -320666
7500 -320666
7530 -320666
7560 -320666
7590 -320666
7620 -320666
7650 -320093
7680 -320093
7710 -320093
7740 -320093
7770 -320093
7800 -320093
7830 -320093
7860 -320093
7890 -320093
7920 -320093
7950 -320093
7980 -320093
8010 -320093
8040 -320093
8070 -320093
8100 -320093
8130 -320093
8160 -320093
8190 -320093
8220 -320093
8250 -320093
8280 -320093
8310 -320093
8340 -320093
8370 -320093
8400 -320048
8430 -320048
8460 -320048
8490 -320048
8520 -320048
8550 -320048
8580 -320048
8610 -320048
8640 -320048
8670 -320048
8700 -320048
8730 -320048
8760 -320048
8790 -320048
8820 -319528
8850 -319528
8880 -319506
8910 -319506
8940 -319506
8970 -319506
9000 -319506
9030 -319506
9060 -319506
9090 -319506
9120 -319506
9150 -319506
9180 -319506
9210 -319506
9240 -319420
9270 -319420
9300 -319420
9330 -319420
9360 -319420
9390 -319406
9420 -319406
9450 -319406
9480 -319406
9510 -319406
9540 -319406
9570 -319406
9600 -319406
9630 -319406
9660 -319406
9690 -319406
9720 -319406
9750 -319406
9780 -319406
9810 -319406
9840 -319138
9870 -319138
9900 -319138
9930 -319070
9960 -319070
9990 -319070
10020 -319070
10050 -319070
10080 -319070
10110 -319070
10140 -319070
10170 -319070
10200 -319070
10230 -319070
10260 -319070
10290 -319070
10320 -319070
10350 -319070
10380 -319070
10410 -319070
10440 -319070
10470 -319070
10500 -319070
10530 -319070
10560 -319070
10590 -319070
10620 -319070
10650 -319070
10680 -319070
10710 -319070
10740 -319070
10770 -319070
10800 -319070
10830 -319070
10860 -319070
10890 -319070
10920 -319070
10950 -319070
10980 -319070
11010 -319070
11040 -319070
11070 -319070
11100 -319070
11130 -319070
11160 -319070
11190 -319070
11220 -319070
11250 -319070
11280 -319070
11310 -319070
11340 -319070
11370 -319070
11400 -319070
11430 -318725
11460 -318725
11490 -318725
11520 -318725
11550 -318725
11580 -318725
11610 -318725
11640 -318725
11670 -317680
11700 -317680
11730 -317680
11760 -317680
11790 -317680
11820 -317680
11850 -317680
11880 -317680
11910 -317680
11940 -317680
11970 -317680
12000 -317680
12030 -317680
12060 -317680
12090 -317680
12120 -317680
12150 -317680
12180 -317680
12210 -317680
12240 -317680
12270 -317680
12300 -317680
12330 -317680
12360 -317680
12390 -317680
12420 -317680
12450 -317680
12480 -317680
12510 -317680
12540 -317680
12570 -317680
12600 -317680
12630 -317680
12660 -316965
12690 -316965
12720 -316965
12750 -316900
12780 -316900
12810 -316900
12840 -316900
12870 -316900
12900 -316900
12930 -316900
12960 -316900
12990 -316900
13020 -316900
13050 -316900
13080 -316900
13110 -316900
13140 -316900
13170 -316900
13200 -316900
13230 -316900
13260 -316900
13290 -316900
13320 -316900
13350 -316900
13380 -316900
13410 -316900
13440 -316900
13470 -316900
13500 -316900
13530 -316900
13560 -316900
13590 -316900
13620 -316900
13650 -316900
13680 -316900
13710 -316900
13740 -316900
13770 -316900
13800 -316900
13830 -316900
13860 -316900
13890 -316828
13920 -316828
13950 -316828
13980 -316828
14010 -316828
14040 -316828
14070 -316828
14100 -316828
14130 -316828
14160 -316828
14190 -316828
14220 -316828
14250 -316828
14280 -316828
14310 -316828
14340 -316828
14370 -316828
14400 -316828
14430 -316828
14460 -316828
14490 -316828
14520 -316828
14550 -316828
14580 -316828
14610 -316828
14640 -316828
14670 -316828
14700 -316828
14730 -316828
14760 -316828
14790 -316828
14820 -316828
14850 -316828
14880 -316828
14910 -316828
14940 -316828
14970 -316828
15000 -316828
15030 -316828
15060 -316828
15090 -316828
15120 -316828
15150 -316828
15180 -316828
15210 -316577
15240 -316577
15270 -316577
15300 -316577
15330 -316577
15360 -316577
15390 -316577
15420 -316577
15450 -316577
15480 -316577
15510 -316577
15540 -316577
15570 -316508
15600 -316508
15630 -316508
15660 -316508
15690 -316508
15720 -316508
15750 -316508
15780 -316508
15810 -316508
15840 -316508
15870 -316508
15900 -315629
15930 -315629
15960 -315547
15990 -315547
16020 -315547
16050 -315547
16080 -315501
16110 -315501
16140 -315501
16170 -315501
16200 -315501
16230 -315501
16260 -315501
16290 -315501
16320 -315501
16350 -315209
16380 -315209
16410 -315103
16440 -314769
16470 -314769
16500 -314769
16530 -314769
16560 -314769
16590 -314769
16620 -314769
16650 -314769
16680 -314769
16710 -314769
16740 -314769
16770 -314769
16800 -314769
16830 -314769
16860 -314769
16890 -314769
16920 -314769
16950 -314650
16980 -314650
17010 -314650
17040 -314650
17070 -314650
17100 -314650
17130 -314650
17160 -314632
17190 -314632
17220 -314632
17250 -314632
17280 -314632
17310 -314632
17340 -314632
17370 -314540
17400 -314540
17430 -314540
17460 -314540
17490 -314540
17520 -314540
17550 -314540
17580 -314540
17610 -314540
17640 -314540
17670 -314540
17700 -314540
17730 -314540
17760 -314540
17790 -314540
17820 -314540
17850 -314540
17880 -314540
17910 -314540
17940 -314540
17970 -314540
18000 -314540
18030 -314540
18060 -314540
18090 -314540
18120 -314540
18150 -314540
18180 -314540
18210 -314540
18240 -314540
18270 -314540
18300 -314540
18330 -314540
18360 -314540
18390 -314540
18420 -314540
18450 -314540
18480 -314540
18510 -314464
18540 -314464
18570 -314464
18600 -314464
18630 -314464
18660 -314464
18690 -314464
18720 -314464
18750 -314464
18780 -314464
18810 -314464
18840 -314464
18870 -314464
18900 -314464
18930 -314464
18960 -314464
18990 -314464
19020 -314464
19050 -314464
19080 -314464
19110 -314464
19140 -314464
19170 -314464
19200 -314464
19230 -314464
19260 -313996
19290 -313996
19320 -313996
19350 -313996
19380 -313996
19410 -313996
19440 -313996
19470 -313996
19500 -313996
19530 -313996
19560 -313996
19590 -313996
19620 -313996
19650 -313996
19680 -313996
19710 -313996
19740 -313996
19770 -313996
19800 -313996
19830 -313996
19860 -313996
19890 -313996
19920 -313996
19950 -313996
19980 -313902
20010 -313902
20040 -313902
20070 -313902
20100 -313902
20130 -313902
20160 -313902
20190 -313902
20220 -313901
20250 -313901
20280 -313901
20310 -313901
20340 -313901
20370 -313901
20400 -313901
20430 -313901
20460 -313901
20490 -313901
20520 -313901
20550 -313901
20580 -313901
20610 -313901
20640 -313901
20670 -313901
20700 -313901
20730 -313901
20760 -313901
20790 -313901
20820 -313901
20850 -313901
20880 -313901
20910 -313901
20940 -313901
20970 -313901
21000 -313901
21030 -313901
21060 -313901
21090 -313901
21120 -313901
21150 -313901
21180 -313885
21210 -313885
21240 -313885
21270 -313885
21300 -313885
21330 -313885
21360 -313851
21390 -313851
21420 -313851
21450 -313851
21480 -313851
21510 -313851
21540 -313851
21570 -313851
21600 -313851
21630 -313851
21660 -313851
21690 -313851
21720 -313851
21750 -313851
21780 -313851
21810 -313851
21840 -313851
21870 -313851
21900 -313851
21930 -313851
21960 -313851
21990 -313851
22020 -313851
22050 -313851
22080 -313851
22110 -313851
22140 -313851
22170 -313851
22200 -313851
22230 -313851
22260 -313851
22290 -313851
22320 -313851
22350 -313851
22380 -313851
22410 -313851
22440 -313851
22470 -313851
22500 -313851
22530 -313831
22560 -313831
22590 -313831
22620 -313831
22650 -313831
22680 -313831
22710 -313831
22740 -313438
22770 -313438
22800 -313438
22830 -313438
22860 -313438
22890 -313438
22920 -313438
22950 -313438
22980 -313438
23010 -313438
23040 -313438
23070 -313438
23100 -313438
23130 -313438
23160 -313438
23190 -313438
23220 -313438
23250 -313438
23280 -313438
23310 -313438
23340 -313438
23370 -313438
23400 -313438
23430 -313438
23460 -313438
23490 -313438
23520 -313438
23550 -313438
23580 -313438
23610 -313438
23640 -313438
23670 -313438
23700 -313438
23730 -313438
23760 -313438
23790 -313438
23820 -313438
23850 -313438
23880 -313438
23910 -313438
23940 -313438
23970 -313438
24000 -313438
24030 -313438
24060 -313438
24090 -313438
24120 -313438
24150 -313438
24180 -313055
24210 -313055
24240 -313055
24270 -313055
24300 -313055
24330 -313055
24360 -313055
24390 -313055
24420 -313055
24450 -313055
24480 -313055
24510 -313055
24540 -313055
24570 -313055
24600 -313055
24630 -313055
24660 -313055
24690 -313055
24720 -313055
24750 -313055
24780 -313055
24810 -313055
24840 -313055
24870 -313055
24900 -313055
24930 -312814
24960 -312814
24990 -312814
25020 -312814
25050 -312814
25080 -312814
25110 -312814
25140 -312814
25170 -312814
25200 -312814
25230 -312814
25260 -312814
25290 -312814
25320 -312814
25350 -312814
25380 -312814
25410 -312814
25440 -312814
25470 -312814
25500 -312814
25530 -312814
25560 -312814
25590 -312814
25620 -312814
25650 -312814
25680 -312814
25710 -312814
25740 -312814
25770 -312551
25800 -312551
25830 -312551
25860 -312551
25890 -312551
25920 -312551
25950 -312551
25980 -312551
26010 -312551
26040 -312551
26070 -312551
26100 -312551
26130 -312551
26160 -312551
26190 -312551
26220 -312551
26250 -312551
26280 -312551
26310 -312551
26340 -312551
26370 -312551
26400 -312551
26430 -312551
26460 -312551
26490 -312551
26520 -312551
26550 -312551
26580 -312551
26610 -312551
26640 -312551
26670 -312551
26700 -312551
26730 -311907
26760 -311907
26790 -311907
26820 -311907
26850 -311907
26880 -311907
26910 -311907
26940 -311907
26970 -311907
27000 -311907
27030 -311907
27060 -311907
27090 -311907
27120 -311907
27150 -311907
27180 -311907
27210 -311907
27240 -311907
27270 -311907
27300 -311907
27330 -311907
27360 -311907
27390 -311907
27420 -311907
27450 -311907
27480 -311907
27510 -311907
27540 -311907
27570 -311907
27600 -311907
27630 -311907
27660 -311907
27690 -311907
27720 -311907
27750 -311907
27780 -311907
27810 -311907
27840 -311907
27870 -311907
27900 -311907
27930 -311907
27960 -311907
27990 -311907
28020 -311907
28050 -311907
28080 -311907
28110 -311907
28140 -311907
28170 -311907
28200 -311907
28230 -311907
28260 -311907
28290 -311907
28320 -311907
28350 -311907
28380 -311907
28410 -311907
28440 -311907
28470 -311907
28500 -311907
28530 -311907
28560 -311907
28590 -311907
28620 -311907
28650 -311907
28680 -311907
28710 -311907
28740 -311907
28770 -311907
28800 -311907
28830 -311907
28860 -311907
28890 -311907
28920 -311907
28950 -311907
28980 -311907
29010 -311907
29040 -311907
29070 -311907
29100 -311907
29130 -311907
29160 -311907
29190 -311907
29220 -311907
29250 -311907
29280 -311907
29310 -311907
29340 -311907
29370 -311907
29400 -311907
29430 -311907
29460 -311907
29490 -311907
29520 -311907
29550 -311907
29580 -311907
29610 -311907
29640 -311907
29670 -311907
29700 -311907
29730 -311907
29760 -311907
29790 -311907
29820 -311907
29850 -311907
29880 -311907
29910 -310560
29940 -310560
29970 -310560
30000 -310560
30030 -310560
30060 -310560
30090 -310560
30120 -310560
30150 -310560
30180 -310560
30210 -310560
30240 -310560
30270 -310560
30300 -310560
30330 -310560
30360 -310560
30390 -310560
30420 -310560
30450 -310560
30480 -310060
30510 -310060
30540 -310060
30570 -310060
30600 -310060
30630 -310060
30660 -310060
30690 -310060
30720 -310060
30750 -310060
30780 -310060
30810 -310060
30840 -310060
30870 -310060
30900 -310060
30930 -310024
30960 -310024
30990 -310024
31020 -310024
31050 -310024
31080 -310024
31110 -310024
31140 -310024
31170 -310024
31200 -310024
31230 -310024
31260 -310024
31290 -309941
31320 -309941
31350 -309941
31380 -309941
31410 -309941
31440 -309941
31470 -309941
31500 -309886
31530 -309886
31560 -309886
31590 -309886
31620 -309886
31650 -309886
31680 -309886
31710 -309886
31740 -309886
31770 -309886
31800 -309886
31830 -309886
31860 -309886
31890 -309886
31920 -309886
31950 -309886
31980 -309886
32010 -309886
32040 -309886
32070 -309886
32100 -309886
32130 -309573
32160 -309573
32190 -309573
32220 -309573
32250 -309573
32280 -309573
32310 -309573
32340 -309573
32370 -309573
32400 -309573
32430 -309573
32460 -309573
32490 -309573
32520 -309573
32550 -309573
32580 -309573
32610 -309573
32640 -309573
32670 -309573
32700 -309573
32730 -309573
32760 -309573
32790 -309573
32820 -309573
32850 -309573
32880 -309573
32910 -309573
32940 -309573
32970 -309573
33000 -309573
33030 -309573
33060 -309573
33090 -309573
33120 -309573
33150 -309573
33180 -309573
33210 -309573
33240 -309573
33270 -309573
33300 -309573
33330 -309573
33360 -309573
33390 -309573
33420 -309573
33450 -309573
33480 -309573
33510 -309573
33540 -309573
33570 -309573
33600 -309573
33630 -309573
33660 -309573
33690 -309573
33720 -309573
33750 -309573
33780 -309573
33810 -309573
33840 -309573
33870 -309573
33900 -309573
33930 -309573
33960 -309573
33990 -309573
34020 -309573
34050 -309573
34080 -309573
34110 -309573
34140 -309573
34170 -309573
34200 -309573
34230 -309573
34260 -309551
34290 -309551
34320 -309551
34350 -309551
34380 -309551
34410 -309551
34440 -309551
34470 -309551
34500 -309551
34530 -309551
34560 -309551
34590 -309551
34620 -309551
34650 -309551
34680 -309551
34710 -309551
34740 -309551
34770 -309551
34800 -309551
34830 -309551
34860 -309551
34890 -309551
34920 -309551
34950 -309551
34980 -309551
35010 -309551
35040 -309551
35070 -309551
35100 -309551
35130 -309551
35160 -309551
35190 -309551
35220 -309551
35250 -309551
35280 -309551
35310 -309551
35340 -309551
35370 -309551
35400 -309551
35430 -309551
35460 -309551
35490 -309551
35520 -309551
35550 -309551
35580 -309551
35610 -309551
35640 -309551
35670 -309551
35700 -309551
35730 -309551
35760 -309551
35790 -309551
35820 -309551
35850 -309551
35880 -309551
35910 -309551
35940 -309457
35970 -309457
36000 -309457
36030 -309457
36060 -309457
36090 -309457
36120 -309457
36150 -309457
36180 -309457
36210 -309457
36240 -309457
36270 -309457
36300 -309457
36330 -309457
36360 -309457
36390 -309457
36420 -309457
36450 -309457
36480 -309457
36510 -309457
36540 -309457
36570 -309457
36600 -309457
36630 -309457
36660 -309457
36690 -309457
36720 -309457
36750 -309457
36780 -309457
36810 -309457
36840 -309457
36870 -309457
36900 -309457
36930 -309457
36960 -309457
36990 -309457
37020 -309457
37050 -309457
37080 -309457
37110 -309457
37140 -309457
37170 -309457
37200 -309457
37230 -309457
37260 -309457
37290 -309457
37320 -309457
37350 -309457
37380 -309457
37410 -309457
37440 -309457
37470 -309457
37500 -309457
37530 -309419
37560 -309419
37590 -309419
37620 -309419
37650 -309419
37680 -309419
37710 -309173
37740 -309173
37770 -309173
37800 -309173
37830 -309173
37860 -309173
37890 -309173
37920 -309173
37950 -309173
37980 -309173
38010 -309173
38040 -309173
38070 -309173
38100 -309173
38130 -309173
38160 -309173
38190 -309173
38220 -309173
38250 -309173
38280 -309173
38310 -309173
38340 -309173
38370 -309173
38400 -309173
38430 -309173
38460 -309173
38490 -309173
38520 -309173
38550 -309173
38580 -309173
38610 -309173
38640 -309173
38670 -309173
38700 -309173
38730 -309173
38760 -309173
38790 -309173
38820 -309168
38850 -309168
38880 -309168
38910 -309168
38940 -309168
38970 -309168
39000 -309168
39030 -309168
39060 -309168
39090 -309168
39120 -309168
39150 -309168
39180 -309168
39210 -309138
39240 -309138
39270 -309138
39300 -309138
39330 -309138
39360 -309138
39390 -309138
39420 -309138
39450 -309138
39480 -309138
39510 -309138
39540 -309138
39570 -309138
39600 -309138
39630 -309138
39660 -309138
39690 -309138
39720 -309138
39750 -309138
39780 -309138
39810 -309138
39840 -309138
39870 -309138
39900 -309138
39930 -309138
39960 -309138
39990 -309055
40020 -309055
40050 -309055
40080 -309055
40110 -309055
40140 -309055
40170 -309055
40200 -309055
40230 -309055
40260 -309055
40290 -309055
40320 -309055
40350 -309055
40380 -309055
40410 -309055
40440 -309055
40470 -309055
40500 -309055
40530 -309055
40560 -309055
40590 -309055
40620 -309055
40650 -309055
40680 -309055
40710 -309055
40740 -309055
40770 -309055
40800 -309055
40830 -309055
40860 -309055
40890 -309055
40920 -309055
40950 -309055
40980 -309055
41010 -309055
41040 -309055
41070 -309055
41100 -309055
41130 -309055
41160 -309055
41190 -309055
41220 -309055
41250 -309055
41280 -309055
41310 -309055
41340 -309055
41370 -309055
41400 -309055
41430 -309055
41460 -309055
41490 -309055
41520 -309055
41550 -309055
41580 -309055
41610 -309055
41640 -309055
41670 -309055
41700 -309055
41730 -309055
41760 -309055
41790 -309055
41820 -309055
41850 -309055
41880 -309055
41910 -309055
41940 -309055
41970 -309055
42000 -309055
42030 -309055
42060 -309055
42090 -309055
42120 -309055
42150 -309055
42180 -309055
42210 -309055
42240 -309055
42270 -309055
42300 -309055
42330 -309055
42360 -309055
42390 -309055
42420 -309055
42450 -309055
42480 -309055
42510 -309055
42540 -309055
42570 -309055
42600 -309055
42630 -309055
42660 -309055
42690 -309055
42720 -309055
42750 -309055
42780 -309055
42810 -309055
42840 -309036
42870 -309036
42900 -309036
42930 -309036
42960 -309036
42990 -309036
43020 -309036
43050 -309036
43080 -309036
43110 -309036
43140 -309036
43170 -309036
43200 -309036
43230 -308937
43260 -308937
43290 -308937
43320 -308937
43350 -308937
43380 -308937
43410 -308937
43440 -308937
43470 -308937
43500 -308937
43530 -308937
43560 -308937
43590 -308937
43620 -308937
43650 -308937
43680 -308937
43710 -308937
43740 -308559
43770 -308559
43800 -308559
43830 -308559
43860 -308559
43890 -308559
43920 -308559
43950 -308559
43980 -308559
44010 -308559
44040 -308559
44070 -308559
44100 -308559
44130 -308559
44160 -308559
44190 -308559
44220 -308559
44250 -308559
44280 -308559
44310 -308559
44340 -308559
44370 -308559
44400 -308559
44430 -308559
44460 -308559
44490 -308559
44520 -308559
44550 -308559
44580 -308559
44610 -308559
44640 -308559
44670 -308559
44700 -308559
44730 -308559
44760 -308559
44790 -308559
44820 -308559
44850 -308559
44880 -308559
44910 -308559
44940 -308559
44970 -308559
45000 -308559
45030 -308559
45060 -308559
45090 -308559
45120 -308559
45150 -307635
45180 -307635
45210 -307635
45240 -307635
45270 -307635
45300 -307635
45330 -307635
45360 -307635
45390 -307635
45420 -307635
45450 -307635
45480 -307635
45510 -307635
45540 -307635
45570 -307635
45600 -307526
45630 -307526
45660 -307526
45690 -307526
45720 -306938
45750 -306938
45780 -306938
45810 -306938
45840 -306938
45870 -306938
45900 -306938
45930 -306938
45960 -306938
45990 -306938
46020 -306938
46050 -306938
46080 -306938
46110 -306938
46140 -306938
46170 -306938
46200 -306938
46230 -306938
46260 -306938
46290 -306938
46320 -306938
46350 -306938
46380 -306938
46410 -306938
46440 -306938
46470 -306938
46500 -306938
46530 -306938
46560 -306938
46590 -306938
46620 -306938
46650 -306938
46680 -306938
46710 -306938
46740 -306938
46770 -306938
46800 -306905
46830 -306905
46860 -306905
46890 -306905
46920 -306905
46950 -306905
46980 -306905
47010 -306905
47040 -306905
47070 -306905
47100 -306905
47130 -306905
47160 -306905
47190 -306905
47220 -306905
47250 -306905
47280 -306905
47310 -306905
47340 -306905
47370 -306905
47400 -306905
47430 -306905
47460 -306905
47490 -306725
47520 -306725
47550 -306725
47580 -306725
47610 -306725
47640 -306725
47670 -306725
47700 -306725
47730 -306725
47760 -306725
47790 -306538
47820 -306538
47850 -306538
47880 -306538
47910 -306538
47940 -306538
47970 -306538
48000 -306538
48030 -306538
48060 -306538
48090 -306538
48120 -306538
48150 -306538
48180 -306538
48210 -306538
48240 -306538
48270 -306538
48300 -306538
48330 -306538
48360 -306538
48390 -306538
48420 -306538
48450 -306538
48480 -306538
48510 -306538
48540 -306538
48570 -306538
48600 -306538
48630 -306538
48660 -306538
48690 -306538
48720 -306538
48750 -306538
48780 -306538
48810 -306538
48840 -306538
48870 -306538
48900 -306538
48930 -306538
48960 -306538
48990 -306538
49020 -306538
49050 -306538
49080 -306538
49110 -306538
49140 -306538
49170 -306538
49200 -306538
49230 -306538
49260 -306538
49290 -306538
49320 -306538
49350 -306538
49380 -306538
49410 -306538
49440 -306538
49470 -306538
49500 -306538
49530 -306538
49560 -306538
49590 -306538
49620 -306538
49650 -306538
49680 -306538
49710 -306538
49740 -306538
49770 -306538
49800 -306538
49830 -306361
49860 -306361
49890 -306361
49920 -306361
49950 -306361
49980 -306361
50010 -306361
50040 -306361
50070 -306361
50100 -306361
50130 -306361
50160 -306361
50190 -306361
50220 -306361
50250 -306361
50280 -306361
50310 -306361
50340 -306361
50370 -306361
50400 -306361
50430 -306361
50460 -306361
50490 -306361
50520 -306361
50550 -306361
50580 -306361
50610 -306361
50640 -306361
50670 -306361
50700 -306361
50730 -306361
50760 -306361
50790 -306361
50820 -306361
50850 -306361
50880 -306361
50910 -306361
50940 -306361
50970 -306361
51000 -306361
51030 -306361
51060 -306361
51090 -306361
51120 -306361
51150 -306361
51180 -306361
51210 -306361
51240 -306361
51270 -306361
51300 -306361
51330 -306361
51360 -306361
51390 -306361
51420 -306361
51450 -306361
51480 -306361
51510 -306361
51540 -306361
51570 -306361
51600 -306361
51630 -306361
51660 -306183
51690 -306183
51720 -306183
51750 -306183
51780 -306183
51810 -306183
51840 -306183
51870 -306183
51900 -306183
51930 -306183
51960 -306183
51990 -306183
52020 -306183
52050 -306183
52080 -306103
52110 -306103
52140 -306074
52170 -306074
52200 -306074
52230 -306074
52260 -306074
52290 -306074
52320 -306074
52350 -306074
52380 -306074
52410 -306074
52440 -306074
52470 -306074
52500 -306074
52530 -306074
52560 -306074
52590 -306074
52620 -306074
52650 -306074
52680 -306074
52710 -306074
52740 -306074
52770 -306074
52800 -306074
52830 -306074
52860 -306074
52890 -306074
52920 -306074
52950 -306074
52980 -306074
53010 -306074
53040 -306074
53070 -306074
53100 -306074
53130 -306074
53160 -306074
53190 -306074
53220 -306074
53250 -306074
53280 -306074
53310 -306074
53340 -306074
53370 -306074
53400 -306074
53430 -306074
53460 -306074
53490 -306074
53520 -306074
53550 -306074
53580 -306074
53610 -306074
53640 -306074
53670 -306074
53700 -306074
53730 -306074
53760 -306074
53790 -306074
53820 -306074
53850 -306074
53880 -306074
53910 -306074
53940 -306074
53970 -306074
54000 -306074
54030 -306074
54060 -306074
54090 -306074
54120 -306074
54150 -306074
54180 -306074
54210 -306074
54240 -306074
54270 -306074
54300 -306074
54330 -306074
54360 -306074
54390 -306074
54420 -306074
54450 -306074
54480 -306074
54510 -306074
54540 -306074
54570 -306074
54600 -306074
54630 -306074
54660 -306074
54690 -306074
54720 -306074
54750 -306074
54780 -306074
54810 -306074
54840 -306074
54870 -306074
54900 -306074
54930 -306074
54960 -306074
54990 -306074
55020 -306074
55050 -306074
55080 -306074
55110 -306074
55140 -306074
55170 -306074
55200 -306074
55230 -306074
55260 -306074
55290 -306074
55320 -306074
55350 -306074
55380 -306074
55410 -306074
55440 -306074
55470 -306074
55500 -306074
55530 -306074
55560 -306074
55590 -306074
55620 -306074
55650 -306074
55680 -306074
55710 -306074
55740 -306074
55770 -306074
55800 -306074
55830 -306074
55860 -306074
55890 -306074
55920 -306074
55950 -306074
55980 -306074
56010 -306074
56040 -306074
56070 -306074
56100 -306074
56130 -306074
56160 -306074
56190 -306074
56220 -306074
56250 -306074
56280 -306074
56310 -306074
56340 -306074
56370 -306074
56400 -306074
56430 -306074
56460 -306074
56490 -306074
56520 -306074
56550 -306074
56580 -306074
56610 -306074
56640 -306074
56670 -306074
56700 -306074
56730 -306074
56760 -306074
56790 -306074
56820 -306074
56850 -306074
56880 -306074
56910 -306074
56940 -306074
56970 -306074
57000 -306074
57030 -306074
57060 -306074
57090 -306074
57120 -306074
57150 -306074
57180 -306074
57210 -306074
57240 -306074
57270 -306074
57300 -306074
57330 -306074
57360 -306074
57390 -306074
57420 -306074
57450 -306074
57480 -306074
57510 -306074
57540 -306074
57570 -306074
57600 -306074
57630 -306074
57660 -306074
57690 -306074
57720 -306074
57750 -306074
57780 -306074
57810 -306074
57840 -306074
57870 -306074
57900 -306074
57930 -306074
57960 -306074
57990 -306074
58020 -306074
58050 -306074
58080 -306074
58110 -306074
58140 -306074
58170 -306074
58200 -306074
58230 -306074
58260 -306074
58290 -306074
58320 -306074
58350 -306074
58380 -306074
58410 -306074
58440 -306074
58470 -306074
58500 -306074
58530 -306074
58560 -306074
58590 -306074
58620 -306074
58650 -306074
58680 -306074
58710 -306074
58740 -306074
58770 -306074
58800 -306074
58830 -306074
58860 -306074
58890 -306074
58920 -306074
58950 -306074
58980 -306074
59010 -306074
59040 -306074
59070 -306074
59100 -306074
59130 -306074
59160 -306074
59190 -306074
59220 -306074
59250 -306074
59280 -306074
59310 -306074
59340 -306074
59370 -306074
59400 -306074
59430 -306074
59460 -306074
59490 -306074
59520 -306074
59550 -306074
59580 -306074
59610 -306074
59640 -306074
59670 -306074
59700 -306074
59730 -306074
59760 -306074
59790 -306074
59820 -306074
59850 -306074
59880 -306074
59910 -306074
59940 -306074
59970 -306074
60000 -306074
60030 -306074
60060 -306074
60090 -306074
60120 -306074
60150 -306074
60180 -306074
60210 -306074
60240 -306074
60270 -306074
60300 -306074
60330 -306074
60360 -306074
60390 -306074
60420 -306074
60450 -306052
60480 -306052
60510 -306052
60540 -306052
60570 -306052
60600 -306052
60630 -306052
60660 -306052
60690 -306052
60720 -306052
60750 -306052
60780 -306052
60810 -306052
60840 -306052
60870 -306052
60900 -306052
60930 -306052
60960 -306052
60990 -306052
61020 -306052
61050 -306052
61080 -306052
61110 -306052
61140 -306052
61170 -306052
61200 -306052
61230 -306052
61260 -306052
61290 -306052
61320 -306052
61350 -306052
61380 -306052
61410 -306052
61440 -306052
61470 -306052
61500 -306052
61530 -306052
61560 -306052
61590 -306052
61620 -306052
61650 -306052
61680 -305940
61710 -305940
61740 -305940
61770 -305940
61800 -305940
61830 -305940
61860 -305940
61890 -305940
61920 -305940
61950 -305940
61980 -305940
62010 -305940
62040 -305940
62070 -305940
62100 -305940
62130 -305940
62160 -305940
62190 -305940
62220 -305940
62250 -305940
62280 -305940
62310 -305940
62340 -305940
62370 -305940
62400 -305940
62430 -305940
62460 -305940
62490 -305940
62520 -305940
62550 -305940
62580 -305940
62610 -305939
62640 -305939
62670 -305939
62700 -305939
62730 -305939
62760 -305939
62790 -305939
62820 -305939
62850 -305939
62880 -305939
62910 -305939
62940 -305939
62970 -305939
63000 -305939
63030 -305939
63060 -305939
63090 -305939
63120 -305939
63150 -305939
63180 -305939
63210 -305939
63240 -305865
63270 -305865
63300 -305865
63330 -305865
63360 -305865
63390 -305865
63420 -305865
63450 -305865
63480 -305865
63510 -305865
63540 -305865
63570 -305865
63600 -305865
63630 -305865
63660 -305865
63690 -305865
63720 -305865
63750 -305865
63780 -305865
63810 -305865
63840 -305865
63870 -305865
63900 -305865
63930 -305865
63960 -305865
63990 -305865
64020 -305865
64050 -305865
64080 -305865
64110 -305865
64140 -305865
64170 -305865
64200 -305865
64230 -305865
64260 -305865
64290 -305865
64320 -305865
64350 -305865
64380 -305865
64410 -305865
64440 -305865
64470 -305865
64500 -305865
64530 -305865
64560 -305865
64590 -305865
64620 -305865
64650 -305865
64680 -305865
64710 -305865
64740 -305865
64770 -305865
64800 -305854
64830 -305854
64860 -305854
64890 -305646
64920 -305646
64950 -305646
64980 -305646
65010 -305646
65040 -305646
65070 -305646
65100 -305646
65130 -305646
65160 -305646
65190 -305646
65220 -305646
65250 -305646
65280 -305646
65310 -305646
65340 -305646
65370 -305646
65400 -305646
65430 -305646
65460 -305646
65490 -305646
65520 -305646
65550 -305646
65580 -305646
65610 -305646
65640 -305646
65670 -305646
65700 -305646
65730 -305646
65760 -305646
65790 -305646
65820 -305646
65850 -305646
65880 -305646
65910 -305646
65940 -305646
65970 -305646
66000 -305646
66030 -305646
66060 -305646
66090 -305646
66120 -305646
66150 -305646
66180 -305646
66210 -305646
66240 -305646
66270 -305646
66300 -305646
66330 -305646
66360 -305646
66390 -305646
66420 -305646
66450 -305646
66480 -305646
66510 -305646
66540 -305646
66570 -305646
66600 -305646
66630 -305646
66660 -305646
66690 -305646
66720 -305646
66750 -305646
66780 -305646
66810 -305646
66840 -305646
66870 -305646
66900 -305646
66930 -305646
66960 -305646
66990 -305646
67020 -305646
67050 -305646
67080 -305646
67110 -305646
67140 -305646
67170 -305646
67200 -305646
67230 -305646
67260 -305646
67290 -305646
67320 -305646
67350 -305646
67380 -305646
67410 -305646
67440 -305646
67470 -305646
67500 -305646
67530 -305646
67560 -305646
67590 -305646
67620 -305646
67650 -305646
67680 -305600
67710 -305600
67740 -305600
67770 -305600
67800 -305600
67830 -305600
67860 -305600
67890 -305600
67920 -305390
67950 -305390
67980 -305390
68010 -305390
68040 -305390
68070 -305390
68100 -305390
68130 -305390
68160 -305390
68190 -305390
68220 -305390
68250 -305390
68280 -305390
68310 -305390
68340 -305390
68370 -305390
68400 -305390
68430 -305390
68460 -305390
68490 -305390
68520 -305390
68550 -305390
68580 -305390
68610 -305390
68640 -305390
68670 -305390
68700 -305390
68730 -305390
68760 -305390
68790 -305390
68820 -305390
68850 -305390
68880 -305390
68910 -305390
68940 -305390
68970 -305390
69000 -305390
69030 -305390
69060 -305390
69090 -305390
69120 -305390
69150 -305390
69180 -305390
69210 -305390
69240 -305390
69270 -305390
69300 -305390
69330 -305390
69360 -305390
69390 -305390
69420 -305390
69450 -305390
69480 -305390
69510 -305390
69540 -305390
69570 -305390
69600 -305390
69630 -305390
69660 -305390
69690 -305390
69720 -305390
69750 -305390
69780 -305390
69810 -305390
69840 -305390
69870 -305390
69900 -305390
69930 -305390
69960 -305390
69990 -305390
70020 -305390
70050 -305390
70080 -305390
70110 -305390
70140 -305390
70170 -305390
70200 -305390
70230 -305390
70260 -305390
70290 -305390
70320 -305390
70350 -305390
70380 -305390
70410 -305390
70440 -305390
70470 -305390
70500 -305390
70530 -305390
70560 -305390
70590 -305390
70620 -304898
70650 -304898
70680 -304898
70710 -304898
70740 -304898
70770 -304898
70800 -304898
70830 -304898
70860 -304898
70890 -304898
70920 -304898
70950 -304898
70980 -304898
71010 -304898
71040 -304898
71070 -304898
71100 -304898
71130 -304898
71160 -304898
71190 -304898
71220 -304748
71250 -304748
71280 -304748
71310 -304748
71340 -304748
71370 -304748
71400 -304748
71430 -304748
71460 -304748
71490 -304748
71520 -304748
71550 -304748
71580 -304748
71610 -304748
71640 -304748
71670 -304748
71700 -304748
71730 -304748
71760 -304748
71790 -304748
71820 -304748
71850 -304748
71880 -304748
71910 -304748
71940 -304748
71970 -304748
72000 -304748
72030 -304748
72060 -304748
72090 -304748
72120 -304748
72150 -304748
72180 -304748
72210 -304748
72240 -304748
72270 -304748
72300 -304748
72330 -304748
72360 -304748
72390 -304748
72420 -304748
72450 -304748
72480 -304748
72510 -304748
72540 -304748
72570 -304748
72600 -304748
72630 -304748
72660 -304748
72690 -304748
72720 -304748
72750 -304748
72780 -304748
72810 -304748
72840 -304748
72870 -304748
72900 -304748
72930 -304748
72960 -304748
72990 -304748
73020 -304748
73050 -304748
73080 -304748
73110 -304748
73140 -304748
73170 -304748
73200 -304748
73230 -304748
73260 -304748
73290 -304748
73320 -304748
73350 -304748
73380 -304748
73410 -304748
73440 -304748
73470 -304748
73500 -304748
73530 -304748
73560 -304748
73590 -304748
73620 -304748
73650 -304748
73680 -304748
73710 -304748
73740 -304748
73770 -304748
73800 -304748
73830 -304748
73860 -304748
73890 -304748
73920 -304748
73950 -304748
73980 -304748
74010 -304748
74040 -304748
74070 -304748
74100 -304748
74130 -304748
74160 -304748
74190 -304748
74220 -304748
74250 -304748
74280 -304748
74310 -304748
74340 -304748
74370 -304748
74400 -304748
74430 -304748
74460 -304748
74490 -304748
74520 -304748
74550 -304748
74580 -304748
74610 -304748
74640 -304748
74670 -304748
74700 -304748
74730 -304748
74760 -304748
74790 -304748
74820 -304748
74850 -304748
74880 -304748
74910 -304748
74940 -304748
74970 -304748
75000 -304748
75030 -304748
75060 -304748
75090 -304748
75120 -304748
75150 -304748
75180 -304748
75210 -304748
75240 -304748
75270 -304748
75300 -304748
75330 -304748
75360 -304748
75390 -304748
75420 -304748
75450 -304748
75480 -304748
75510 -304748
75540 -304748
75570 -304748
75600 -304748
75630 -304748
75660 -304748
75690 -304748
75720 -304748
75750 -304748
75780 -304748
75810 -304748
75840 -304748
75870 -304748
75900 -304698
75930 -304698
75960 -304698
75990 -304698
76020 -304698
76050 -304698
76080 -304698
76110 -304698
76140 -304698
76170 -304698
76200 -304698
76230 -304698
76260 -304698
76290 -304698
76320 -304698
76350 -304698
76380 -304698
76410 -304698
76440 -304698
76470 -304698
76500 -304698
76530 -304698
76560 -304698
76590 -304698
76620 -304698
76650 -304698
76680 -304698
76710 -304698
76740 -304698
76770 -304698
76800 -304698
76830 -304698
76860 -304698
76890 -304698
76920 -304698
76950 -304698
76980 -304698
77010 -304698
77040 -304698
77070 -304698
77100 -304698
77130 -304698
77160 -304698
77190 -304698
77220 -304698
77250 -304698
77280 -304489
77310 -304489
77340 -304489
77370 -304489
77400 -304489
77430 -304489
77460 -304489
77490 -304489
77520 -304489
77550 -304489
77580 -304489
77610 -304489
77640 -304489
77670 -304489
77700 -304489
77730 -304489
77760 -304489
77790 -304489
77820 -304489
77850 -304452
77880 -304452
77910 -304452
77940 -304452
77970 -304452
78000 -304452
78030 -304452
78060 -304452
78090 -304452
78120 -304452
78150 -304452
78180 -304452
78210 -304452
78240 -304452
78270 -304452
78300 -304452
78330 -304452
78360 -304452
78390 -304452
78420 -304452
78450 -304452
78480 -304452
78510 -304452
78540 -304452
78570 -304452
78600 -304452
78630 -304452
78660 -304452
78690 -304452
78720 -304452
78750 -304452
78780 -304452
78810 -304452
78840 -304452
78870 -304452
78900 -304452
78930 -304452
78960 -304452
78990 -304452
79020 -304452
79050 -304452
79080 -304452
79110 -304452
79140 -304452
79170 -304452
79200 -304452
79230 -304452
79260 -304452
79290 -304452
79320 -304452
79350 -304452
79380 -304452
79410 -304452
79440 -304452
79470 -304452
79500 -304452
79530 -304452
79560 -304452
79590 -304452
79620 -304452
79650 -304452
79680 -304452
79710 -304452
79740 -304452
79770 -304452
79800 -304452
79830 -304452
79860 -304452
79890 -304452
79920 -304452
79950 -304452
79980 -304452
80010 -304452
80040 -304452
80070 -304452
80100 -304452
80130 -304452
80160 -304452
80190 -304452
80220 -304452
80250 -304452
80280 -304452
80310 -304452
80340 -304429
80370 -304429
80400 -304429
80430 -304429
80460 -304429
80490 -304429
80520 -304429
80550 -304429
80580 -304429
80610 -304429
80640 -304429
80670 -304429
80700 -304429
80730 -304429
80760 -304429
80790 -304429
80820 -304429
80850 -304429
80880 -304429
80910 -304429
80940 -304429
80970 -304429
81000 -304429
81030 -304429
81060 -304429
81090 -304429
81120 -304429
81150 -304429
81180 -304429
81210 -304429
81240 -304429
81270 -304429
81300 -304429
81330 -304429
81360 -304429
81390 -304429
81420 -304429
81450 -304429
81480 -304429
81510 -304429
81540 -304429
81570 -304429
81600 -304429
81630 -304429
81660 -304429
81690 -304297
81720 -304297
81750 -304297
81780 -304297
81810 -304297
81840 -304297
81870 -304297
81900 -304297
81930 -304297
81960 -304297
81990 -304297
82020 -304297
82050 -304297
82080 -304297
82110 -304297
82140 -304297
82170 -304297
82200 -304297
82230 -304297
82260 -304297
82290 -304297
82320 -304297
82350 -304297
82380 -304297
82410 -304297
82440 -304297
82470 -304297
82500 -304297
82530 -304297
82560 -304297
82590 -304297
82620 -304297
82650 -304297
82680 -304297
82710 -304297
82740 -304297
82770 -304297
82800 -304297
82830 -304297
82860 -304297
82890 -304297
82920 -304297
82950 -304297
82980 -304297
83010 -304297
83040 -304297
83070 -304297
83100 -304297
83130 -304297
83160 -304297
83190 -304297
83220 -304297
83250 -304297
83280 -304297
83310 -304297
83340 -304297
83370 -304297
83400 -304297
83430 -304297
83460 -304297
83490 -304297
83520 -304297
83550 -304297
83580 -304297
83610 -304297
83640 -304290
83670 -304290
83700 -304290
83730 -304290
83760 -304290
83790 -304290
83820 -304290
83850 -304290
83880 -304290
83910 -304290
83940 -304290
83970 -304290
84000 -304290
84030 -304290
84060 -304290
84090 -304290
84120 -304290
84150 -304290
84180 -304290
84210 -304290
84240 -304290
84270 -304290
84300 -304290
84330 -304290
84360 -304290
84390 -304290
84420 -304290
84450 -304290
84480 -304290
84510 -304290
84540 -304290
84570 -304290
84600 -304290
84630 -304290
84660 -304290
84690 -304290
84720 -304290
84750 -304290
84780 -304290
84810 -304290
84840 -304290
84870 -304290
84900 -304290
84930 -304290
84960 -304290
84990 -304290
85020 -304290
85050 -304290
85080 -304290
85110 -304290
85140 -304290
85170 -304290
85200 -304290
85230 -304290
85260 -304290
85290 -304290
85320 -304290
85350 -304290
85380 -304290
85410 -304290
85440 -304290
85470 -304290
85500 -304290
85530 -304290
85560 -304290
85590 -304290
85620 -304290
85650 -304290
85680 -304290
85710 -304290
85740 -304290
85770 -304290
85800 -304290
85830 -304290
85860 -304290
85890 -304290
85920 -304290
85950 -304290
85980 -304290
86010 -304290
86040 -304290
86070 -304290
86100 -304290
86130 -304290
86160 -304290
86190 -304290
86220 -304290
86250 -304290
86280 -304290
86310 -304290
86340 -304290
86370 -304290
86400 -304290
86430 -304290
86460 -304290
86490 -304290
86520 -304290
86550 -304290
86580 -304290
86610 -304290
86640 -304290
86670 -304290
86700 -304290
86730 -304290
86760 -304290
86790 -304290
86820 -304290
86850 -304290
86880 -304290
86910 -304290
86940 -304290
86970 -304290
87000 -304290
87030 -304290
87060 -304290
87090 -304290
87120 -304290
87150 -304290
87180 -304290
87210 -304290
87240 -304290
87270 -304290
87300 -304290
87330 -304290
87360 -304290
87390 -304290
87420 -304290
87450 -304290
87480 -304290
87510 -304290
87540 -304290
87570 -304290
87600 -304290
87630 -304290
87660 -304290
87690 -304290
87720 -304290
87750 -304290
87780 -304290
87810 -304290
87840 -304290
87870 -304290
87900 -304290
87930 -304008
87960 -304008
87990 -304008
88020 -304008
88050 -304008
88080 -304008
88110 -304008
88140 -304008
88170 -304008
88200 -304008
88230 -304008
88260 -304008
88290 -304008
88320 -304008
88350 -304008
88380 -304008
88410 -304008
88440 -304008
88470 -304008
88500 -304008
88530 -304008
88560 -304008
88590 -304008
88620 -304008
88650 -304008
88680 -304008
88710 -304008
88740 -304008
88770 -304008
88800 -304008
88830 -304008
88860 -304008
88890 -304008
88920 -304008
88950 -304008
88980 -304008
89010 -304008
89040 -304008
89070 -304008
89100 -304008
89130 -304008
89160 -304008
89190 -304008
89220 -304008
89250 -304008
89280 -304008
89310 -304008
89340 -304008
89370 -304008
89400 -304008
89430 -304008
89460 -304008
89490 -304008
89520 -304008
89550 -304008
89580 -304008
89610 -304008
89640 -304008
89670 -304008
89700 -304008
89730 -304008
89760 -304008
89790 -304008
89820 -304008
89850 -304008
89880 -304008
89910 -304008
89940 -304008
89970 -304008
90000 -304008
90030 -304008
90060 -304008
90090 -304008
90120 -304008
90150 -304008
90180 -304008
90210 -304008
90240 -304008
90270 -304008
90300 -304008
90330 -303932
90360 -303932
90390 -303932
90420 -303932
90450 -303932
90480 -303932
90510 -303932
90540 -303932
90570 -303932
90600 -303932
90630 -303932
90660 -303932
90690 -303932
90720 -303932
90750 -303403
90780 -303403
90810 -303403
90840 -303403
90870 -303403
90900 -303403
90930 -303403
90960 -303403
90990 -303403
91020 -303403
91050 -303403
91080 -303403
91110 -303403
91140 -303403
91170 -303403
91200 -303403
91230 -303403
91260 -303403
91290 -303403
91320 -303403
91350 -303403
91380 -303403
91410 -303403
91440 -303403
91470 -303403
91500 -303403
91530 -303403
91560 -303403
91590 -303403
91620 -303403
91650 -303403
91680 -303403
91710 -303403
91740 -303403
91770 -303403
91800 -303403
91830 -303403
91860 -303403
91890 -303403
91920 -303403
91950 -303403
91980 -303403
92010 -303403
92040 -303254
92070 -303254
92100 -303254
92130 -303254
92160 -303254
92190 -303254
92220 -303254
92250 -303254
92280 -303254
92310 -303254
92340 -303254
92370 -303254
92400 -303254
92430 -303254
92460 -303254
92490 -303254
92520 -303254
92550 -303068
92580 -303068
92610 -303068
92640 -303068
92670 -303068
92700 -303068
92730 -303068
92760 -303068
92790 -303068
92820 -303068
92850 -303068
92880 -303068
92910 -303068
92940 -303068
92970 -303068
93000 -303068
93030 -303068
93060 -303068
93090 -303068
93120 -303068
93150 -303068
93180 -303068
93210 -303068
93240 -303068
93270 -303068
93300 -303068
93330 -303068
93360 -303068
93390 -303068
93420 -303068
93450 -303068
93480 -302683
93510 -302683
93540 -302683
93570 -302419
93600 -302419
93630 -302419
93660 -302419
93690 -302419
93720 -302419
93750 -302419
93780 -302419
93810 -302419
93840 -302419
93870 -302419
93900 -302419
93930 -302419
93960 -302419
93990 -302419
94020 -302419
94050 -302419
94080 -302419
94110 -302419
94140 -302419
94170 -302419
94200 -302419
94230 -302419
94260 -302419
94290 -302419
94320 -302419
94350 -302419
94380 -302419
94410 -302419
94440 -302419
94470 -302419
94500 -302419
94530 -302419
94560 -302419
94590 -302419
94620 -302419
94650 -302419
94680 -302419
94710 -302419
94740 -302419
94770 -302419
94800 -302419
94830 -302419
94860 -302419
94890 -302419
94920 -302419
94950 -302419
94980 -302419
95010 -302419
95040 -302419
95070 -302419
95100 -302419
95130 -302419
95160 -302419
95190 -302419
95220 -302419
95250 -302419
95280 -302419
95310 -302419
95340 -302419
95370 -302419
95400 -302419
95430 -302419
95460 -302419
95490 -302419
95520 -302419
95550 -302419
95580 -302419
95610 -302419
95640 -302419
95670 -302419
95700 -302419
95730 -302419
95760 -302419
95790 -302419
95820 -302419
95850 -302419
95880 -302419
95910 -302419
95940 -302419
95970 -302419
96000 -302419
96030 -302419
96060 -302419
96090 -302419
96120 -302419
96150 -302419
96180 -302419
96210 -302419
96240 -302419
96270 -302419
96300 -302419
96330 -302419
96360 -302419
96390 -302419
96420 -302419
96450 -302419
96480 -302419
96510 -302419
96540 -302419
96570 -302419
96600 -302419
96630 -302419
96660 -302419
96690 -302419
96720 -302419
96750 -302419
96780 -302419
96810 -302419
96840 -302419
96870 -302419
96900 -302419
96930 -302419
96960 -302419
96990 -302419
97020 -302419
97050 -302419
97080 -302419
97110 -302419
97140 -302419
97170 -302419
97200 -302419
97230 -302419
97260 -302419
97290 -302419
97320 -302419
97350 -302419
97380 -302419
97410 -302419
97440 -302419
97470 -302419
97500 -302419
97530 -302419
97560 -302419
97590 -302419
97620 -302419
97650 -302419
97680 -302419
97710 -302419
97740 -302419
97770 -302419
97800 -302419
97830 -302419
97860 -302419
97890 -302419
97920 -302419
97950 -302419
97980 -302419
98010 -302419
98040 -302419
98070 -302419
98100 -302419
98130 -302419
98160 -302419
98190 -302419
98220 -302419
98250 -302419
98280 -302419
98310 -302419
98340 -302419
98370 -302419
98400 -302419
98430 -302419
98460 -302419
98490 -302419
98520 -302419
98550 -302419
98580 -302419
98610 -302419
98640 -302419
98670 -302419
98700 -302419
98730 -302419
98760 -302419
98790 -302419
98820 -302419
98850 -302419
98880 -302419
98910 -302419
98940 -302419
98970 -302419
99000 -302419
99030 -302419
99060 -302419
99090 -302419
99120 -302419
99150 -302419
99180 -302419
99210 -302419
99240 -302419
99270 -302419
99300 -302419
99330 -302419
99360 -302419
99390 -302419
99420 -302419
99450 -302419
99480 -302419
99510 -302419
99540 -302419
99570 -302419
99600 -302419
99630 -302419
99660 -302419
99690 -302419
99720 -302419
99750 -302419
99780 -302419
99810 -302419
99840 -302419
99870 -302419
99900 -302419
99930 -302419
99960 -302419
99990 -302419
100020 -302419
100050 -302419
100080 -302419
100110 -302419
100140 -302419
100170 -302419
100200 -302419
100230 -302419
100260 -302419
100290 -302419
100320 -302419
100350 -302419
100380 -302419
100410 -302419
100440 -302419
100470 -302419
100500 -302419
100530 -302419
100560 -302419
100590 -302416
100620 -302416
100650 -302416
100680 -302416
100710 -302416
100740 -302416
100770 -302416
100800 -302416
100830 -302416
100860 -302416
100890 -302416
100920 -302416
100950 -302416
100980 -302416
101010 -302416
101040 -302416
101070 -302416
101100 -302416
101130 -302416
101160 -302416
101190 -302416
101220 -302416
101250 -302416
101280 -302416
101310 -302416
101340 -302416
101370 -302416
101400 -302416
101430 -302416
101460 -302416
101490 -302416
101520 -302416
101550 -302416
101580 -302416
101610 -302416
101640 -302416
101670 -302416
101700 -302416
101730 -302416
101760 -302416
101790 -302416
101820 -302416
101850 -302416
101880 -302416
101910 -302416
101940 -302416
101970 -302416
102000 -302416
102030 -302416
102060 -302416
102090 -302416
102120 -302416
102150 -302416
102180 -302416
102210 -302416
102240 -302416
102270 -302416
102300 -302416
102330 -302416
102360 -302416
102390 -302416
102420 -302416
102450 -302416
102480 -302416
102510 -302416
102540 -302416
102570 -302416
102600 -302416
102630 -302416
102660 -302416
102690 -302416
102720 -302416
102750 -302416
102780 -302416
102810 -302416
102840 -302416
102870 -302416
102900 -302416
102930 -302416
102960 -302416
102990 -302416
103020 -302416
103050 -302416
103080 -302416
103110 -302416
103140 -302416
103170 -302416
103200 -302416
103230 -302416
103260 -302416
103290 -302416
103320 -302416
103350 -302416
103380 -302416
103410 -302416
103440 -302416
103470 -302416
103500 -302416
103530 -302416
103560 -302416
103590 -302416
103620 -302416
103650 -302416
103680 -302416
103710 -302416
103740 -302416
103770 -302416
103800 -302416
103830 -302416
103860 -302416
103890 -302416
103920 -302416
103950 -302416
103980 -302416
104010 -302416
104040 -302416
104070 -302416
104100 -302416
104130 -302416
104160 -302416
104190 -302416
104220 -302416
104250 -302416
104280 -302416
104310 -302416
104340 -302416
104370 -302416
104400 -302416
104430 -302416
104460 -302416
104490 -302416
104520 -302416
104550 -302416
104580 -302416
104610 -302416
104640 -302416
104670 -302416
104700 -302416
104730 -302416
104760 -302416
104790 -302416
104820 -302416
104850 -302416
104880 -302416
104910 -302416
104940 -302416
104970 -302416
105000 -302416
105030 -302416
105060 -302416
105090 -302416
105120 -302416
105150 -302416
105180 -302416
105210 -302416
105240 -302376
105270 -302376
105300 -302376
105330 -302376
105360 -302376
105390 -302376
105420 -302376
105450 -302376
105480 -302376
105510 -302376
105540 -302376
105570 -302376
105600 -302376
105630 -302376
105660 -302376
105690 -302376
105720 -302376
105750 -302376
105780 -302376
105810 -302376
105840 -302376
105870 -302376
105900 -302376
105930 -302376
105960 -302376
105990 -302376
106020 -302376
106050 -302295
106080 -302295
106110 -302295
106140 -302295
106170 -302295
106200 -302295
106230 -302295
106260 -302295
106290 -302295
106320 -302295
106350 -302295
106380 -302295
106410 -302295
106440 -302295
106470 -302295
106500 -302295
106530 -302295
106560 -302295
106590 -302295
106620 -302295
106650 -302295
106680 -302295
106710 -302295
106740 -302295
106770 -302295
106800 -302295
106830 -302295
106860 -302295
106890 -302295
106920 -302295
106950 -302295
106980 -302295
107010 -302295
107040 -302295
107070 -301970
107100 -301970
107130 -301970
107160 -301970
107190 -301970
107220 -301970
107250 -301970
107280 -301970
107310 -301970
107340 -301970
107370 -301970
107400 -301970
107430 -301970
107460 -301970
107490 -301970
107520 -301970
107550 -301970
107580 -301970
107610 -301970
107640 -301970
107670 -301970
107700 -301970
107730 -301970
107760 -301970
107790 -301970
107820 -301970
107850 -301970
107880 -301970
107910 -301970
107940 -301970
107970 -301732
108000 -301732
108030 -301732
108060 -301732
108090 -301732
108120 -301732
108150 -301466
108180 -301466
108210 -301466
108240 -301466
108270 -301466
108300 -301466
108330 -301466
108360 -301466
108390 -301466
108420 -301466
108450 -301466
108480 -301466
108510 -301466
108540 -301466
108570 -301466
108600 -301466
108630 -301466
108660 -301466
108690 -301466
108720 -301466
108750 -301466
108780 -301466
108810 -301466
108840 -301466
108870 -301466
108900 -301466
108930 -301466
108960 -301466
108990 -301466
109020 -301466
109050 -301466
109080 -301466
109110 -301466
109140 -301466
109170 -301466
109200 -301466
109230 -301466
109260 -301466
109290 -301466
109320 -301466
109350 -301466
109380 -301466
109410 -301466
109440 -301466
109470 -301466
109500 -301466
109530 -301466
109560 -301466
109590 -301466
109620 -301466
109650 -301466
109680 -301466
109710 -301466
109740 -301466
109770 -301466
109800 -301466
109830 -301466
109860 -301466
109890 -301466
109920 -301466
109950 -301466
109980 -301466
110010 -301466
110040 -301466
110070 -301466
110100 -301466
110130 -301466
110160 -301466
110190 -301466
110220 -301466
110250 -301466
110280 -301466
110310 -301466
110340 -301466
110370 -301466
110400 -301466
110430 -301466
110460 -301466
110490 -301466
110520 -301466
110550 -301466
110580 -301466
110610 -301466
110640 -301466
110670 -301466
110700 -301466
110730 -301466
110760 -301466
110790 -301466
110820 -301466
110850 -301466
110880 -301466
110910 -301466
110940 -301466
110970 -301466
111000 -301466
111030 -301466
111060 -301466
111090 -301466
111120 -301466
111150 -301466
111180 -301466
111210 -301466
111240 -301466
111270 -301466
111300 -301466
111330 -301466
111360 -301466
111390 -301466
111420 -301466
111450 -301466
111480 -301466
111510 -301442
111540 -301442
111570 -301442
111600 -301442
111630 -301442
111660 -301442
111690 -301442
111720 -301442
111750 -301442
111780 -301442
111810 -301442
111840 -301442
111870 -301442
111900 -301442
111930 -301442
111960 -301354
111990 -301333
112020 -301333
112050 -301333
112080 -301333
112110 -301333
112140 -301333
112170 -301333
112200 -301333
112230 -301333
112260 -301333
112290 -301333
112320 -301333
112350 -301333
112380 -301333
112410 -301333
112440 -301333
112470 -301333
112500 -301333
112530 -301333
112560 -301333
112590 -301333
112620 -301333
112650 -301333
112680 -301333
112710 -301333
112740 -301333
112770 -301333
112800 -301333
112830 -301333
112860 -301333
112890 -301333
112920 -301333
112950 -301333
112980 -301333
113010 -301333
113040 -301333
113070 -301333
113100 -301333
113130 -301333
113160 -301333
113190 -301333
113220 -301333
113250 -301333
113280 -301333
113310 -301333
113340 -301333
113370 -301333
113400 -301333
113430 -301333
113460 -301333
113490 -301333
113520 -301333
113550 -301333
113580 -301333
113610 -301333
113640 -301333
113670 -301333
113700 -301333
113730 -301333
113760 -301333
113790 -301333
113820 -301333
113850 -301333
113880 -301333
113910 -301333
113940 -301333
113970 -301333
114000 -301333
114030 -301238
114060 -301238
114090 -301238
114120 -301238
114150 -301238
114180 -301238
114210 -301238
114240 -301238
114270 -301238
114300 -301238
114330 -301238
114360 -301238
114390 -301238
114420 -301238
114450 -301238
114480 -301238
114510 -301238
114540 -301231
114570 -301231
114600 -301231
114630 -301231
114660 -301231
114690 -301231
114720 -301231
114750 -301231
114780 -301231
114810 -301231
114840 -301231
114870 -301231
114900 -301231
114930 -301231
114960 -301231
114990 -301231
115020 -301231
115050 -301231
115080 -301231
115110 -301231
115140 -301231
115170 -301231
115200 -301231
115230 -301231
115260 -301231
115290 -301231
115320 -301231
115350 -301231
115380 -301231
115410 -301231
115440 -301231
115470 -301231
115500 -301231
115530 -301231
115560 -301231
115590 -301231
115620 -301231
115650 -301231
115680 -301231
115710 -301231
115740 -301231
115770 -301231
115800 -301231
115830 -301231
115860 -301231
115890 -301231
115920 -301231
115950 -301231
115980 -301231
116010 -301231
116040 -301231
116070 -301162
116100 -301162
116130 -301006
116160 -301006
116190 -301006
116220 -301006
116250 -300982
116280 -300982
116310 -300982
116340 -300982
116370 -300982
116400 -300982
116430 -300982
116460 -300982
116490 -300982
116520 -300982
116550 -300982
116580 -300982
116610 -300982
116640 -300982
116670 -300982
116700 -300982
116730 -300982
116760 -300982
116790 -300982
116820 -300982
116850 -300982
116880 -300982
116910 -300982
116940 -300982
116970 -300982
117000 -300982
117030 -300982
117060 -300982
117090 -300982
117120 -300982
117150 -300982
117180 -300982
117210 -300982
117240 -300982
117270 -300982
117300 -300982
117330 -300982
117360 -300982
117390 -300982
117420 -300982
117450 -300982
117480 -300982
117510 -300904
117540 -300904
117570 -300904
117600 -300904
117630 -300904
117660 -300904
117690 -300904
117720 -300904
117750 -300904
117780 -300904
117810 -300904
117840 -300904
117870 -300904
117900 -300904
117930 -300904
117960 -300904
117990 -300904
118020 -300904
118050 -300904
118080 -300904
118110 -300904
118140 -300904
118170 -300904
118200 -300904
118230 -300904
118260 -300904
118290 -300904
118320 -300904
118350 -300904
118380 -300904
118410 -300904
118440 -300904
118470 -300904
118500 -300904
118530 -300904
118560 -300904
118590 -300904
118620 -300904
118650 -300904
118680 -300904
118710 -300904
118740 -300904
118770 -300904
118800 -300904
118830 -300904
118860 -300904
118890 -300904
118920 -300904
118950 -300904
118980 -300904
119010 -300904
119040 -300904
119070 -300904
119100 -300904
119130 -300904
119160 -300904
119190 -300904
119220 -300904
119250 -300904
119280 -300904
119310 -300904
119340 -300904
119370 -300904
119400 -300904
119430 -300904
119460 -300904
119490 -300904
119520 -300904
119550 -300904
119580 -300904
119610 -300904
119640 -300904
119670 -300904
119700 -300904
119730 -300904
119760 -300904
119790 -300904
119820 -300904
119850 -300904
119880 -300904
119910 -300904
119940 -300904
119970 -300904
120000 -300904
120030 -300904
120060 -300904
120090 -300904
120120 -300904
120150 -300904
120180 -300904
120210 -300904
120240 -300904
120270 -300904
120300 -300904
120330 -300904
120360 -300904
120390 -300904
120420 -300904
120450 -300904
120480 -300904
120510 -300904
120540 -300904
120570 -300904
120600 -300904
120630 -300904
120660 -300904
120690 -300904
120720 -300904
120750 -300904
120780 -300904
120810 -300904
120840 -300904
120870 -300904
120900 -300904
120930 -300904
120960 -300904
120990 -300904
121020 -300904
121050 -300904
121080 -300904
121110 -300887
121140 -300887
121170 -300887
121200 -300887
121230 -300887
121260 -300887
121290 -300887
121320 -300887
121350 -300887
121380 -300887
121410 -300887
121440 -300887
121470 -300887
121500 -300887
121530 -300887
121560 -300887
121590 -300887
121620 -300887
121650 -300887
121680 -300887
121710 -300887
121740 -300887
121770 -300887
121800 -300887
121830 -300887
121860 -300887
121890 -300887
121920 -300887
121950 -300887
121980 -300800
122010 -300800
122040 -300800
122070 -300800
122100 -300800
122130 -300800
122160 -300800
122190 -300800
122220 -300800
122250 -300800
122280 -300800
122310 -300800
122340 -300800
122370 -300800
122400 -300800
122430 -300800
122460 -300800
122490 -300800
122520 -300800
122550 -300800
122580 -300800
122610 -300800
122640 -300800
122670 -300800
122700 -300800
122730 -300800
122760 -300800
122790 -300800
122820 -300800
122850 -300800
122880 -300800
122910 -300800
122940 -300800
122970 -300800
123000 -300800
123030 -300800
123060 -300800
123090 -300800
123120 -300800
123150 -300800
123180 -300800
123210 -300800
123240 -300800
123270 -300800
123300 -300800
123330 -300800
123360 -300800
123390 -300800
123420 -300800
123450 -300800
123480 -300800
123510 -300800
123540 -300800
123570 -300800
123600 -300800
123630 -300800
123660 -300800
123690 -300800
123720 -300800
123750 -300800
123780 -300800
123810 -300800
123840 -300800
123870 -300800
123900 -300800
123930 -300800
123960 -300800
123990 -300800
124020 -300800
124050 -300800
124080 -300800
124110 -300800
124140 -300800
124170 -300800
124200 -300800
124230 -300800
124260 -300800
124290 -300800
124320 -300800
124350 -300800
124380 -300800
124410 -300800
124440 -300800
124470 -300800
124500 -300800
124530 -300800
124560 -300800
124590 -300800
124620 -300800
124650 -300800
124680 -300800
124710 -300800
124740 -300800
124770 -300800
124800 -300800
124830 -300800
124860 -300800
124890 -300800
124920 -300800
124950 -300800
124980 -300800
125010 -300800
125040 -300800
125070 -300800
125100 -300800
125130 -300800
125160 -300800
125190 -300800
125220 -300800
125250 -300800
125280 -300800
125310 -300800
125340 -300800
125370 -300800
125400 -300800
125430 -300800
125460 -300800
125490 -300800
125520 -300800
125550 -300800
125580 -300800
125610 -300800
125640 -300800
125670 -300800
125700 -300800
125730 -300800
125760 -300800
125790 -300800
125820 -300800
125850 -300800
125880 -300800
125910 -300800
125940 -300800
125970 -300800
126000 -300800
126030 -300800
126060 -300800
126090 -300800
126120 -300800
126150 -300800
126180 -300800
126210 -300800
126240 -300800
126270 -300800
126300 -300800
126330 -300800
126360 -300800
126390 -300800
126420 -300800
126450 -300800
126480 -300800
126510 -300800
126540 -300800
126570 -300602
126600 -300602
126630 -300548
126660 -300548
126690 -300548
126720 -300548
126750 -300548
126780 -300548
126810 -300548
126840 -300548
126870 -300548
126900 -300548
126930 -300548
126960 -300548
126990 -300548
127020 -300548
127050 -300548
127080 -300548
127110 -300548
127140 -300548
127170 -300548
127200 -300548
127230 -300548
127260 -300548
127290 -300548
127320 -300548
127350 -300548
127380 -300548
127410 -300548
127440 -300548
127470 -300548
127500 -300548
127530 -300548
127560 -300548
127590 -300548
127620 -300548
127650 -300548
127680 -300548
127710 -300548
127740 -300548
127770 -300548
127800 -300548
127830 -300548
127860 -300548
127890 -300548
127920 -300548
127950 -300548
127980 -300548
128010 -300548
128040 -300548
128070 -300548
128100 -300548
128130 -300548
128160 -300548
128190 -300548
128220 -300548
128250 -300548
128280 -300548
128310 -300548
128340 -300548
128370 -300548
128400 -300548
128430 -300548
128460 -300548
128490 -300548
128520 -300548
128550 -300548
128580 -300548
128610 -300548
128640 -300548
128670 -300548
128700 -300548
128730 -300548
128760 -300548
128790 -300548
128820 -300548
128850 -300548
128880 -300548
128910 -300548
128940 -300548
128970 -300548
129000 -300548
129030 -300548
129060 -300548
129090 -300548
129120 -300548
129150 -300548
129180 -300548
129210 -300548
129240 -300548
129270 -300548
129300 -300548
129330 -300548
129360 -300548
129390 -300548
129420 -300548
129450 -300548
129480 -300548
129510 -300548
129540 -300548
129570 -300548
129600 -300548
129630 -300548
129660 -300548
129690 -300548
129720 -300548
129750 -300548
129780 -300548
129810 -300548
129840 -300548
129870 -300548
129900 -300548
129930 -300548
129960 -300548
129990 -300548
130020 -300548
130050 -300548
130080 -300548
130110 -300548
130140 -300548
130170 -300548
130200 -300548
130230 -300548
130260 -300548
130290 -300548
130320 -300548
130350 -300548
130380 -300548
130410 -300548
130440 -300548
130470 -300548
130500 -300548
130530 -300548
130560 -300548
130590 -300548
130620 -300548
130650 -300548
130680 -300548
130710 -300548
130740 -300548
130770 -300548
130800 -300548
130830 -300548
130860 -300548
130890 -300548
130920 -300548
130950 -300548
130980 -300548
131010 -300548
131040 -300548
131070 -300548
131100 -300548
131130 -300548
131160 -300548
131190 -300548
131220 -300548
131250 -300548
131280 -300548
131310 -300548
131340 -300548
131370 -300548
131400 -300548
131430 -300548
131460 -300548
131490 -300548
131520 -300548
131550 -300548
131580 -300548
131610 -300548
131640 -300548
131670 -300548
131700 -300548
131730 -300548
131760 -300548
131790 -300548
131820 -300548
131850 -300548
131880 -300548
131910 -300548
131940 -300548
131970 -300548
132000 -300548
132030 -300548
132060 -300548
132090 -300548
132120 -300548
132150 -300548
132180 -300548
132210 -300548
132240 -300548
132270 -300548
132300 -300548
132330 -300548
132360 -300548
132390 -300548
132420 -300548
132450 -300548
132480 -300548
132510 -300548
132540 -300548
132570 -300548
132600 -300548
132630 -300548
132660 -300548
132690 -300548
132720 -300548
132750 -300548
132780 -300548
132810 -300548
132840 -300548
132870 -300548
132900 -300548
132930 -300548
132960 -300548
132990 -300548
133020 -300548
133050 -300548
133080 -300548
133110 -300548
133140 -300548
133170 -300548
133200 -300548
133230 -300548
133260 -300548
133290 -300548
133320 -300548
133350 -300548
133380 -300548
133410 -300548
133440 -300548
133470 -300548
133500 -300548
133530 -300548
133560 -300548
133590 -300548
133620 -300548
133650 -300548
133680 -300548
133710 -300548
133740 -300548
133770 -300548
133800 -300548
133830 -300548
133860 -300548
133890 -300548
133920 -300548
133950 -300548
133980 -300548
134010 -300548
134040 -300548
134070 -300548
134100 -300548
134130 -300548
134160 -300548
134190 -300548
134220 -300548
134250 -300548
134280 -300548
134310 -300548
134340 -300548
134370 -300548
134400 -300548
134430 -300548
134460 -300548
134490 -300548
134520 -300548
134550 -300548
134580 -300548
134610 -300548
134640 -300548
134670 -300548
134700 -300548
134730 -300548
134760 -300548
134790 -300548
134820 -300548
134850 -300548
134880 -300548
134910 -300548
134940 -300548
134970 -300548
135000 -300548
135030 -300548
135060 -300548
135090 -300548
135120 -300548
135150 -300548
135180 -300548
135210 -300548
135240 -300548
135270 -300548
135300 -300548
135330 -300548
135360 -300548
135390 -300548
135420 -300548
135450 -300548
135480 -300548
135510 -300548
135540 -300548
135570 -300548
135600 -300548
135630 -300548
135660 -300548
135690 -300548
135720 -300548
135750 -300548
135780 -300548
135810 -300548
135840 -300548
135870 -300548
135900 -300548
135930 -300548
135960 -300548
135990 -300548
136020 -300548
136050 -300548
136080 -300548
136110 -300548
136140 -300548
136170 -300548
136200 -300548
136230 -300548
136260 -300548
136290 -300548
136320 -300548
136350 -300548
136380 -300548
136410 -300548
136440 -300548
136470 -300548
136500 -300548
136530 -300548
136560 -300548
136590 -300548
136620 -300548
136650 -300548
136680 -300548
136710 -300548
136740 -300548
136770 -300548
136800 -300548
136830 -300548
136860 -300548
136890 -300548
136920 -300548
136950 -300548
136980 -300548
137010 -300548
137040 -300548
137070 -300548
137100 -300548
137130 -300548
137160 -300548
137190 -300548
137220 -300548
137250 -300548
137280 -300548
137310 -300548
137340 -300548
137370 -300548
137400 -300548
137430 -300548
137460 -300548
137490 -300548
137520 -300548
137550 -300548
137580 -300548
137610 -300548
137640 -300548
137670 -300548
137700 -300548
137730 -300548
137760 -300548
137790 -300548
137820 -300548
137850 -300548
137880 -300548
137910 -300548
137940 -300548
137970 -300548
138000 -300548
138030 -300548
138060 -300548
138090 -300548
138120 -300548
138150 -300548
138180 -300548
138210 -300548
138240 -300548
138270 -300548
138300 -300548
138330 -300548
138360 -300548
138390 -300548
138420 -300548
138450 -300548
138480 -300548
138510 -300548
138540 -300548
138570 -300548
138600 -300548
138630 -300548
138660 -300548
138690 -300548
138720 -300548
138750 -300548
138780 -300548
138810 -300548
138840 -300548
138870 -300548
138900 -300548
138930 -300548
138960 -300548
138990 -300548
139020 -300548
139050 -300548
139080 -300548
139110 -300312
139140 -300312
139170 -300312
139200 -300312
139230 -300312
139260 -300312
139290 -300312
139320 -300312
139350 -300312
139380 -300312
139410 -300312
139440 -300312
139470 -300312
139500 -300312
139530 -300312
139560 -300312
139590 -300312
139620 -300312
139650 -300312
139680 -300312
139710 -300312
139740 -300312
139770 -300312
139800 -300312
139830 -300312
139860 -300312
139890 -300312
139920 -300312
139950 -300312
139980 -300312
140010 -300312
140040 -300312
140070 -300312
140100 -300312
140130 -300312
140160 -300312
140190 -300312
140220 -300312
140250 -300312
140280 -300312
140310 -300312
140340 -300312
140370 -300312
140400 -300312
140430 -300312
140460 -300312
140490 -300312
140520 -300312
140550 -300312
140580 -300312
140610 -300312
140640 -300312
140670 -300312
140700 -300312
140730 -300312
140760 -300312
140790 -300312
140820 -300312
140850 -300312
140880 -300312
140910 -300312
140940 -300312
140970 -300312
141000 -300312
141030 -300312
141060 -300312
