60 -357766
90 -357766
120 -357766
150 -357766
180 -357766
210 -357334
240 -357334
270 -357334
300 -357334
330 -355525
360 -355525
390 -355125
420 -355125
450 -355022
480 -355022
510 -354812
540 -354812
570 -354812
600 -354812
630 -354812
660 -354600
690 -354600
720 -351071
750 -351071
780 -351050
810 -351050
840 -349955
870 -349955
900 -349955
930 -349955
960 -349955
990 -349955
1020 -349955
1050 -349557
1080 -346714
1110 -346714
1140 -346714
1170 -346714
1200 -346714
1230 -345903
1260 -345903
1290 -345903
1320 -345903
1350 -345903
1380 -345903
1410 -345903
1440 -345274
1470 -345274
1500 -345274
1530 -345274
1560 -344647
1590 -344647
1620 -342864
1650 -342864
1680 -342864
1710 -342864
1740 -342864
1770 -342864
1800 -342864
1830 -342817
1860 -342817
1890 -342817
1920 -342817
1950 -342817
1980 -342817
2010 -342817
2040 -342817
2070 -342817
2100 -342817
2130 -342817
2160 -342817
2190 -342817
2220 -342817
2250 -342817
2280 -342817
2310 -342817
2340 -342817
2370 -342817
2400 -342817
2430 -342817
2460 -342817
2490 -342817
2520 -342817
2550 -342817
2580 -342817
2610 -342817
2640 -342817
2670 -342817
2700 -342817
2730 -342817
2760 -342817
2790 -342817
2820 -342817
2850 -342817
2880 -342817
2910 -342817
2940 -342817
2970 -342817
3000 -342817
3030 -342817
3060 -342817
3090 -342817
3120 -342817
3150 -342817
3180 -342817
3210 -342817
3240 -342817
3270 -342757
3300 -342757
3330 -342757
3360 -342757
3390 -342757
3420 -342757
3450 -342757
3480 -342757
3510 -342757
3540 -342757
3570 -342757
3600 -342211
3630 -342211
3660 -342211
3690 -342211
3720 -341978
3750 -341978
3780 -341424
3810 -341424
3840 -341424
3870 -341424
3900 -341424
3930 -341424
3960 -341424
3990 -341424
4020 -341424
4050 -341424
4080 -341424
4110 -341424
4140 -341424
4170 -341424
4200 -341424
4230 -341424
4260 -341424
4290 -341424
4320 -341424
4350 -341139
4380 -341139
4410 -341139
4440 -341139
4470 -341084
4500 -341084
4530 -341084
4560 -340176
4590 -340176
4620 -340176
4650 -340176
4680 -340176
4710 -340176
4740 -340176
4770 -340176
4800 -340176
4830 -340176
4860 -340176
4890 -340176
4920 -340176
4950 -340176
4980 -340176
5010 -340176
5040 -340176
5070 -340176
5100 -340176
5130 -340176
5160 -340176
5190 -340005
5220 -340005
5250 -340005
5280 -340005
5310 -340005
5340 -339865
5370 -339865
5400 -339865
5430 -339865
5460 -339865
5490 -339865
5520 -339865
5550 -339865
5580 -339865
5610 -339865
5640 -339865
5670 -339865
5700 -338922
5730 -338922
5760 -338922
5790 -338922
5820 -338922
5850 -338922
5880 -338922
5910 -338922
5940 -338837
5970 -338837
6000 -338837
6030 -338837
6060 -338837
6090 -338837
6120 -338837
6150 -338837
6180 -338837
6210 -338837
6240 -338837
6270 -338837
6300 -338837
6330 -338837
6360 -338837
6390 -338837
6420 -338837
6450 -338626
6480 -338626
6510 -338453
6540 -338453
6570 -338453
6600 -337841
6630 -337841
6660 -337841
6690 -337841
6720 -337841
6750 -337841
6780 -337841
6810 -337841
6840 -337841
6870 -337841
6900 -337841
6930 -337841
6960 -337841
6990 -337841
7020 -337841
7050 -337841
7080 -337841
7110 -337841
7140 -337841
7170 -337841
7200 -337841
7230 -337841
7260 -337841
7290 -337841
7320 -337841
7350 -337841
7380 -337841
7410 -337841
7440 -337841
7470 -337841
7500 -337841
7530 -337841
7560 -337841
7590 -337841
7620 -337841
7650 -337841
7680 -337841
7710 -337841
7740 -337841
7770 -337841
7800 -337841
7830 -337841
7860 -337841
7890 -337841
7920 -337841
7950 -337787
7980 -337575
8010 -337575
8040 -336284
8070 -336284
8100 -336284
8130 -336284
8160 -336284
8190 -336284
8220 -336284
8250 -336284
8280 -336284
8310 -336284
8340 -336284
8370 -336284
8400 -336284
8430 -336284
8460 -336284
8490 -336284
8520 -336060
8550 -336060
8580 -336060
8610 -336060
8640 -336060
8670 -336060
8700 -336060
8730 -336060
8760 -336060
8790 -336060
8820 -335939
8850 -335939
8880 -335783
8910 -335699
8940 -335699
8970 -335699
9000 -335699
9030 -335699
9060 -335699
9090 -335699
9120 -335699
9150 -335699
9180 -335699
9210 -335699
9240 -335699
9270 -335699
9300 -335699
9330 -335699
9360 -335699
9390 -335699
9420 -335699
9450 -335699
9480 -335699
9510 -335699
9540 -335699
9570 -335699
9600 -335699
9630 -335699
9660 -335699
9690 -335525
9720 -335525
9750 -335525
9780 -335525
9810 -335525
9840 -335525
9870 -335525
9900 -335525
9930 -335525
9960 -335525
9990 -335525
10020 -335525
10050 -335525
10080 -335525
10110 -335525
10140 -334606
10170 -334606
10200 -334606
10230 -334606
10260 -333601
10290 -333601
10320 -333601
10350 -333601
10380 -333601
10410 -333601
10440 -333601
10470 -333601
10500 -333601
10530 -333601
10560 -333601
10590 -333601
10620 -333601
10650 -333601
10680 -333601
10710 -333601
10740 -333601
10770 -333601
10800 -333601
10830 -333601
10860 -333601
10890 -333601
10920 -333601
10950 -333601
10980 -333601
11010 -333601
11040 -333601
11070 -333601
11100 -333601
11130 -333601
11160 -333601
11190 -333601
11220 -333601
11250 -333601
11280 -333601
11310 -333601
11340 -333601
11370 -333601
11400 -333601
11430 -333601
11460 -333601
11490 -333081
11520 -333081
11550 -333081
11580 -333081
11610 -332976
11640 -332976
11670 -332976
11700 -332976
11730 -332976
11760 -332976
11790 -332976
11820 -331781
11850 -331781
11880 -331781
11910 -331781
11940 -331781
11970 -331781
12000 -331781
12030 -331781
12060 -331781
12090 -331781
12120 -331781
12150 -331781
12180 -331781
12210 -331781
12240 -331781
12270 -331781
12300 -331781
12330 -331781
12360 -331781
12390 -331781
12420 -331781
12450 -331111
12480 -331111
12510 -331111
12540 -331111
12570 -331111
12600 -331111
12630 -331111
12660 -331111
12690 -331066
12720 -331066
12750 -331066
12780 -331066
12810 -331066
12840 -331066
12870 -331066
12900 -331066
12930 -331066
12960 -331066
12990 -331066
13020 -331066
13050 -331066
13080 -331066
13110 -331066
13140 -331066
13170 -331066
13200 -331066
13230 -331066
13260 -331066
13290 -331066
13320 -331066
13350 -331066
13380 -331066
13410 -331066
13440 -330335
13470 -330335
13500 -330335
13530 -330335
13560 -330335
13590 -330335
13620 -330335
13650 -330335
13680 -330335
13710 -329402
13740 -329402
13770 -329402
13800 -329402
13830 -329402
13860 -329402
13890 -329402
13920 -329402
13950 -329402
13980 -329402
14010 -329402
14040 -329402
14070 -329402
14100 -329402
14130 -329402
14160 -329402
14190 -329402
14220 -329402
14250 -329402
14280 -329402
14310 -329402
14340 -329402
14370 -329402
14400 -329402
14430 -329402
14460 -329402
14490 -329402
14520 -329402
14550 -329402
14580 -329402
14610 -329402
14640 -329402
14670 -329402
14700 -329402
14730 -329402
14760 -329402
14790 -329402
14820 -329402
14850 -329402
14880 -329402
14910 -329402
14940 -329402
14970 -329402
15000 -329402
15030 -329402
15060 -329402
15090 -329402
15120 -329402
15150 -329402
15180 -329402
15210 -329402
15240 -329402
15270 -329402
15300 -329402
15330 -329402
15360 -329164
15390 -329164
15420 -329164
15450 -329164
15480 -329164
15510 -329164
15540 -329164
15570 -329164
15600 -329164
15630 -329164
15660 -329101
15690 -329101
15720 -329101
15750 -329101
15780 -329101
15810 -329101
15840 -329101
15870 -329090
15900 -329090
15930 -329090
15960 -329090
15990 -329090
16020 -329090
16050 -329090
16080 -329090
16110 -329090
16140 -328590
16170 -328590
16200 -328590
16230 -328590
16260 -328590
16290 -328590
16320 -328590
16350 -328590
16380 -328590
16410 -328590
16440 -328590
16470 -328590
16500 -328590
16530 -328590
16560 -328590
16590 -328590
16620 -328590
16650 -328590
16680 -328590
16710 -328590
16740 -328590
16770 -328590
16800 -328590
16830 -328590
16860 -328590
16890 -328590
16920 -328590
16950 -328590
16980 -328590
17010 -328590
17040 -328580
17070 -328580
17100 -328580
17130 -328580
17160 -328580
17190 -328580
17220 -328580
17250 -328580
17280 -328580
17310 -328580
17340 -328580
17370 -328580
17400 -328580
17430 -328580
17460 -328580
17490 -328580
17520 -328580
17550 -328580
17580 -328580
17610 -328580
17640 -328580
17670 -328580
17700 -328580
17730 -328580
17760 -328580
17790 -328580
17820 -328580
17850 -328580
17880 -328580
17910 -328580
17940 -328580
17970 -328580
18000 -328580
18030 -328580
18060 -328580
18090 -328437
18120 -328437
18150 -328437
18180 -328437
18210 -328437
18240 -328437
18270 -328437
18300 -328437
18330 -328437
18360 -328437
18390 -328437
18420 -328437
18450 -328437
18480 -328437
18510 -328437
18540 -328437
18570 -328437
18600 -328437
18630 -328437
18660 -328437
18690 -328437
18720 -328437
18750 -328437
18780 -328437
18810 -328437
18840 -328437
18870 -328437
18900 -328437
18930 -328437
18960 -328437
18990 -328437
19020 -328437
19050 -328437
19080 -328437
19110 -328437
19140 -328437
19170 -328437
19200 -328437
19230 -328437
19260 -328437
19290 -328437
19320 -328437
19350 -328437
19380 -328437
19410 -328437
19440 -328143
19470 -328143
19500 -328143
19530 -328143
19560 -328143
19590 -328143
19620 -328143
19650 -328143
19680 -328143
19710 -328143
19740 -328143
19770 -328143
19800 -328051
19830 -328051
19860 -328051
19890 -328051
19920 -328051
19950 -328051
19980 -328051
20010 -328051
20040 -328051
20070 -328051
20100 -328051
20130 -328051
20160 -328051
20190 -328051
20220 -328051
20250 -328051
20280 -328051
20310 -328051
20340 -328051
20370 -328051
20400 -328051
20430 -328051
20460 -328051
20490 -328001
20520 -328001
20550 -328001
20580 -328001
20610 -328001
20640 -328001
20670 -328001
20700 -328001
20730 -328001
20760 -328001
20790 -328001
20820 -328001
20850 -328000
20880 -328000
20910 -327866
20940 -327866
20970 -327866
21000 -327866
21030 -327866
21060 -327866
21090 -327734
21120 -327734
21150 -327734
21180 -327734
21210 -327734
21240 -327734
21270 -327734
21300 -327493
21330 -327493
21360 -327493
21390 -327493
21420 -327493
21450 -327493
21480 -327493
21510 -327493
21540 -327493
21570 -327493
21600 -327493
21630 -327493
21660 -327493
21690 -327493
21720 -327493
21750 -327493
21780 -327493
21810 -327493
21840 -327493
21870 -327493
21900 -327493
21930 -327493
21960 -327493
21990 -327493
22020 -327493
22050 -327493
22080 -327493
22110 -327493
22140 -327493
22170 -327493
22200 -327493
22230 -327493
22260 -327493
22290 -327493
22320 -327493
22350 -327493
22380 -327493
22410 -327493
22440 -327493
22470 -327493
22500 -327493
22530 -327493
22560 -327493
22590 -327493
22620 -327493
22650 -326942
22680 -326942
22710 -326942
22740 -326942
22770 -326942
22800 -326942
22830 -326520
22860 -326520
22890 -326520
22920 -326520
22950 -326520
22980 -326520
23010 -326520
23040 -326520
23070 -326520
23100 -326520
23130 -326520
23160 -325980
23190 -325980
23220 -325980
23250 -325980
23280 -325980
23310 -325980
23340 -325980
23370 -325980
23400 -325980
23430 -325980
23460 -325980
23490 -325980
23520 -325980
23550 -325980
23580 -325980
23610 -325980
23640 -325980
23670 -325980
23700 -325980
23730 -325980
23760 -325669
23790 -325669
23820 -325669
23850 -325669
23880 -325669
23910 -325559
23940 -325559
23970 -325559
24000 -325559
24030 -325559
24060 -325559
24090 -325559
24120 -325559
24150 -325559
24180 -325559
24210 -325559
24240 -325559
24270 -325559
24300 -325559
24330 -325559
24360 -325559
24390 -325559
24420 -325559
24450 -325559
24480 -325559
24510 -325559
24540 -325559
24570 -325559
24600 -325559
24630 -325559
24660 -325559
24690 -325559
24720 -325559
24750 -325559
24780 -325559
24810 -325559
24840 -325559
24870 -325559
24900 -325559
24930 -325559
24960 -325559
24990 -325559
25020 -325559
25050 -325559
25080 -325559
25110 -325559
25140 -325559
25170 -325559
25200 -325559
25230 -325559
25260 -325559
25290 -325559
25320 -325559
25350 -325559
25380 -325559
25410 -325559
25440 -325559
25470 -325559
25500 -325559
25530 -325559
25560 -325559
25590 -325559
25620 -325559
25650 -325559
25680 -325559
25710 -325559
25740 -325559
25770 -325559
25800 -325559
25830 -325559
25860 -325559
25890 -325559
25920 -325559
25950 -325559
25980 -325559
26010 -325559
26040 -325559
26070 -325559
26100 -325559
26130 -325559
26160 -325559
26190 -325559
26220 -325559
26250 -325559
26280 -325559
26310 -325559
26340 -325559
26370 -325559
26400 -325559
26430 -325559
26460 -325559
26490 -325559
26520 -325559
26550 -325559
26580 -325559
26610 -325559
26640 -325559
26670 -325559
26700 -325559
26730 -325559
26760 -325559
26790 -325559
26820 -325559
26850 -325559
26880 -325559
26910 -325559
26940 -325559
26970 -325559
27000 -325559
27030 -325559
27060 -325559
27090 -325559
27120 -325559
27150 -325559
27180 -325559
27210 -325559
27240 -325559
27270 -325559
27300 -325559
27330 -325559
27360 -325559
27390 -325559
27420 -325559
27450 -325559
27480 -325559
27510 -325559
27540 -325559
27570 -325559
27600 -325559
27630 -325559
27660 -325559
27690 -325559
27720 -325502
27750 -325502
27780 -325502
27810 -325502
27840 -325502
27870 -325502
27900 -325502
27930 -325502
27960 -325502
27990 -325502
28020 -325502
28050 -325502
28080 -325502
28110 -325502
28140 -325502
28170 -325502
28200 -325502
28230 -325502
28260 -325502
28290 -325502
28320 -325502
28350 -325502
28380 -325502
28410 -325502
28440 -325502
28470 -325502
28500 -325502
28530 -325502
28560 -325502
28590 -325502
28620 -325502
28650 -325502
28680 -325502
28710 -325502
28740 -325502
28770 -325502
28800 -325502
28830 -325502
28860 -325502
28890 -325502
28920 -325502
28950 -325502
28980 -325502
29010 -325502
29040 -325502
29070 -325502
29100 -325502
29130 -325502
29160 -325502
29190 -325502
29220 -325502
29250 -324565
29280 -324565
29310 -324565
29340 -324565
29370 -324565
29400 -324565
29430 -324565
29460 -324565
29490 -324565
29520 -324565
29550 -324565
29580 -324565
29610 -324565
29640 -324565
29670 -324565
29700 -324565
29730 -324565
29760 -324565
29790 -324565
29820 -324530
29850 -324530
29880 -324530
29910 -324530
29940 -324530
29970 -324530
30000 -324345
30030 -324345
30060 -324345
30090 -324345
30120 -324345
30150 -324345
30180 -324345
30210 -324345
30240 -324345
30270 -324345
30300 -324345
30330 -324345
30360 -324345
30390 -324345
30420 -324345
30450 -324345
30480 -324345
30510 -324345
30540 -324345
30570 -324345
30600 -324345
30630 -323885
30660 -323885
30690 -323885
30720 -323885
30750 -323885
30780 -323885
30810 -323885
30840 -323885
30870 -323885
30900 -323885
30930 -323885
30960 -323885
30990 -323885
31020 -323885
31050 -323885
31080 -323885
31110 -323885
31140 -323885
31170 -323885
31200 -323818
31230 -323818
31260 -323818
31290 -323818
31320 -323818
31350 -323818
31380 -323818
31410 -323818
31440 -323818
31470 -323818
31500 -323818
31530 -323818
31560 -323818
31590 -323818
31620 -323818
31650 -323818
31680 -323818
31710 -323818
31740 -323818
31770 -323818
31800 -323818
31830 -323818
31860 -323818
31890 -323818
31920 -323818
31950 -323818
31980 -323818
32010 -323818
32040 -323818
32070 -323818
32100 -323818
32130 -323818
32160 -323818
32190 -323818
32220 -323818
32250 -323692
32280 -323692
32310 -323692
32340 -323692
32370 -323692
32400 -323692
32430 -323692
32460 -323692
32490 -323692
32520 -323692
32550 -323692
32580 -323692
32610 -323692
32640 -323692
32670 -323692
32700 -323692
32730 -323692
32760 -323692
32790 -323692
32820 -323692
32850 -323692
32880 -323692
32910 -323692
32940 -323692
32970 -323692
33000 -323692
33030 -323692
33060 -323400
33090 -323400
33120 -323400
33150 -323400
33180 -323400
33210 -323400
33240 -323400
33270 -323400
33300 -323400
33330 -323400
33360 -323400
33390 -323400
33420 -323400
33450 -323400
33480 -323400
33510 -323400
33540 -323400
33570 -323400
33600 -323400
33630 -323400
33660 -323400
33690 -323400
33720 -323400
33750 -323400
33780 -323400
33810 -323400
33840 -323400
33870 -323400
33900 -323400
33930 -323400
33960 -323400
33990 -323400
34020 -323400
34050 -323400
34080 -323400
34110 -323400
34140 -323400
34170 -323400
34200 -323400
34230 -323400
34260 -323400
34290 -323400
34320 -323400
34350 -323400
34380 -323400
34410 -323400
34440 -323400
34470 -323400
34500 -323400
34530 -323400
34560 -323400
34590 -323400
34620 -323400
34650 -323400
34680 -323400
34710 -323400
34740 -323400
34770 -323400
34800 -323400
34830 -323400
34860 -323400
34890 -323400
34920 -323400
34950 -323400
34980 -323400
35010 -323400
35040 -323400
35070 -323400
35100 -323400
35130 -323400
35160 -323400
35190 -323400
35220 -323400
35250 -323400
35280 -323400
35310 -323400
35340 -323400
35370 -323400
35400 -323400
35430 -323400
35460 -323400
35490 -323400
35520 -323400
35550 -323400
35580 -323400
35610 -323400
35640 -323400
35670 -323400
35700 -323400
35730 -323400
35760 -323400
35790 -323400
35820 -323400
35850 -323400
35880 -323400
35910 -323400
35940 -323400
35970 -323400
36000 -323400
36030 -323400
36060 -323400
36090 -323400
36120 -323400
36150 -323400
36180 -323400
36210 -323400
36240 -323083
36270 -323083
36300 -323083
36330 -323083
36360 -323083
36390 -323083
36420 -323083
36450 -323083
36480 -323083
36510 -323083
36540 -323083
36570 -323083
36600 -323083
36630 -323083
36660 -323083
36690 -323083
36720 -323083
36750 -323083
36780 -323083
36810 -323083
36840 -323083
36870 -323083
36900 -323083
36930 -323083
36960 -323083
36990 -323083
37020 -323083
37050 -323083
37080 -323083
37110 -323083
37140 -323083
37170 -323083
37200 -323083
37230 -323083
37260 -323083
37290 -323083
37320 -323083
37350 -323083
37380 -323083
37410 -323083
37440 -323083
37470 -323083
37500 -323083
37530 -323083
37560 -323083
37590 -323083
37620 -323083
37650 -323083
37680 -323083
37710 -323083
37740 -323083
37770 -323083
37800 -323083
37830 -323083
37860 -323083
37890 -323083
37920 -323083
37950 -323083
37980 -323083
38010 -323083
38040 -323083
38070 -323083
38100 -323083
38130 -323083
38160 -323083
38190 -323083
38220 -323083
38250 -323083
38280 -323083
38310 -323083
38340 -323083
38370 -323083
38400 -323083
38430 -323083
38460 -323083
38490 -323083
38520 -323083
38550 -323083
38580 -323083
38610 -323083
38640 -323083
38670 -323083
38700 -323083
38730 -323083
38760 -323083
38790 -323083
38820 -323083
38850 -323083
38880 -323083
38910 -323083
38940 -323083
38970 -323083
39000 -323083
39030 -323083
39060 -323083
39090 -323083
39120 -323083
39150 -323083
39180 -323083
39210 -323083
39240 -323083
39270 -323083
39300 -323083
39330 -323083
39360 -323083
39390 -323083
39420 -323083
39450 -323083
39480 -323083
39510 -323083
39540 -323083
39570 -323083
39600 -323083
39630 -323083
39660 -323083
39690 -323083
39720 -323083
39750 -323083
39780 -323083
39810 -323083
39840 -323083
39870 -323083
39900 -323083
39930 -323083
39960 -323083
39990 -323083
40020 -323083
40050 -323083
40080 -323083
40110 -323083
40140 -323083
40170 -323083
40200 -323083
40230 -323083
40260 -323083
40290 -323083
40320 -323083
40350 -323083
40380 -323083
40410 -323012
40440 -323012
40470 -323012
40500 -323012
40530 -323012
40560 -323012
40590 -323012
40620 -323012
40650 -323012
40680 -323012
40710 -323012
40740 -323012
40770 -323012
40800 -323012
40830 -323012
40860 -323012
40890 -323012
40920 -323012
40950 -323012
40980 -323012
41010 -323012
41040 -323012
41070 -323012
41100 -323012
41130 -323012
41160 -323012
41190 -323012
41220 -323012
41250 -323012
41280 -323012
41310 -323012
41340 -323012
41370 -323012
41400 -323012
41430 -323012
41460 -323012
41490 -323012
41520 -323012
41550 -323012
41580 -323012
41610 -323012
41640 -323012
41670 -323012
41700 -323012
41730 -323012
41760 -323012
41790 -323012
41820 -323012
41850 -323012
41880 -323012
41910 -323012
41940 -323012
41970 -323012
42000 -323012
42030 -323012
42060 -323012
42090 -323012
42120 -323012
42150 -323012
42180 -323012
42210 -323012
42240 -323012
42270 -323012
42300 -323012
42330 -323012
42360 -323012
42390 -323012
42420 -323012
42450 -323012
42480 -323012
42510 -323012
42540 -323012
42570 -323012
42600 -323012
42630 -323012
42660 -323012
42690 -323012
42720 -323012
42750 -323012
42780 -323012
42810 -323012
42840 -323012
42870 -323012
42900 -323012
42930 -323012
42960 -323012
42990 -323012
43020 -323012
43050 -323012
43080 -323012
43110 -323012
43140 -323012
43170 -323012
43200 -323012
43230 -323012
43260 -323012
43290 -323012
43320 -323012
43350 -323012
43380 -323012
43410 -323012
43440 -323012
43470 -323012
43500 -323012
43530 -323012
43560 -323012
43590 -323012
43620 -323012
43650 -323012
43680 -323012
43710 -323012
43740 -323012
43770 -323012
43800 -323012
43830 -323012
43860 -323012
43890 -323012
43920 -323012
43950 -323012
43980 -323012
44010 -323012
44040 -323012
44070 -323012
44100 -323012
44130 -323012
44160 -323012
44190 -323012
44220 -323012
44250 -323012
44280 -323012
44310 -323012
44340 -322872
44370 -322872
44400 -322872
44430 -322872
44460 -322872
44490 -322872
44520 -322872
44550 -322872
44580 -322872
44610 -322872
44640 -322872
44670 -322872
44700 -322872
44730 -322872
44760 -322872
44790 -322872
44820 -322872
44850 -322872
44880 -322872
44910 -322872
44940 -322872
44970 -322872
45000 -322872
45030 -322872
45060 -322872
45090 -322872
45120 -322872
45150 -322872
45180 -322872
45210 -322872
45240 -322872
45270 -322872
45300 -322872
45330 -322872
45360 -322872
45390 -322872
45420 -322872
45450 -322872
45480 -322872
45510 -322872
45540 -322872
45570 -322872
45600 -322872
45630 -322872
45660 -322872
45690 -322872
45720 -322872
45750 -322872
45780 -322872
45810 -322872
45840 -322872
45870 -322872
45900 -322872
45930 -322872
45960 -322872
45990 -322872
46020 -322872
46050 -322872
46080 -322872
46110 -322872
46140 -322872
46170 -322872
46200 -322872
46230 -322872
46260 -322872
46290 -322872
46320 -322872
46350 -322872
46380 -322872
46410 -322872
46440 -322872
46470 -322872
46500 -322872
46530 -322872
46560 -322872
46590 -322872
46620 -322872
46650 -322872
46680 -322872
46710 -322872
46740 -322872
46770 -322872
46800 -322872
46830 -322872
46860 -322872
46890 -322872
46920 -322872
46950 -322872
46980 -322872
47010 -322872
47040 -322872
47070 -322872
47100 -322872
47130 -322872
47160 -322872
47190 -322803
47220 -322803
47250 -322803
47280 -322803
47310 -322803
47340 -322803
47370 -322803
47400 -322803
47430 -322803
47460 -322803
47490 -322803
47520 -322803
47550 -322803
47580 -322803
47610 -322803
47640 -322803
47670 -322803
47700 -322803
47730 -322803
47760 -322803
47790 -322803
47820 -322803
47850 -322803
47880 -322803
47910 -322803
47940 -322803
47970 -322803
48000 -322803
48030 -322803
48060 -322803
48090 -322803
48120 -322803
48150 -322803
48180 -322803
48210 -322803
48240 -322803
48270 -322803
48300 -322803
48330 -322803
48360 -322803
48390 -322517
48420 -322517
48450 -322517
48480 -322517
48510 -322517
48540 -322517
48570 -322517
48600 -322517
48630 -322517
48660 -322517
48690 -322517
48720 -322517
48750 -322517
48780 -322517
48810 -322517
48840 -322517
48870 -322517
48900 -322517
48930 -322517
48960 -322517
48990 -322517
49020 -322517
49050 -322517
49080 -322517
49110 -322517
49140 -322517
49170 -322517
49200 -322517
49230 -322517
49260 -322517
49290 -322517
49320 -322517
49350 -322517
49380 -322517
49410 -322517
49440 -322517
49470 -322517
49500 -322517
49530 -322517
49560 -322517
49590 -322517
49620 -322517
49650 -322517
49680 -322517
49710 -322517
49740 -322517
49770 -322517
49800 -322517
49830 -322517
49860 -322517
49890 -322517
49920 -322517
49950 -322517
49980 -322517
50010 -322517
50040 -322517
50070 -322517
50100 -322517
50130 -322517
50160 -322517
50190 -322517
50220 -322517
50250 -322517
50280 -322517
50310 -322517
50340 -322517
50370 -322517
50400 -322517
50430 -322517
50460 -322214
50490 -322214
50520 -322214
50550 -322214
50580 -322038
50610 -322038
50640 -322038
50670 -322038
50700 -322038
50730 -322038
50760 -322038
50790 -322038
50820 -322038
50850 -322038
50880 -322038
50910 -322038
50940 -322038
50970 -322038
51000 -322038
51030 -322038
51060 -322038
51090 -322038
51120 -322038
51150 -322038
51180 -322038
51210 -322038
51240 -322038
51270 -322038
51300 -322038
51330 -322038
51360 -322038
51390 -322038
51420 -322038
51450 -322038
51480 -322038
51510 -322038
51540 -322038
51570 -322038
51600 -322038
51630 -322038
51660 -322038
51690 -322038
51720 -322038
51750 -322018
51780 -322018
51810 -322018
51840 -322018
51870 -322018
51900 -322018
51930 -322018
51960 -322018
51990 -322018
52020 -321935
52050 -321935
52080 -321935
52110 -321935
52140 -321935
52170 -321935
52200 -321935
52230 -321935
52260 -321935
52290 -321935
52320 -321935
52350 -321935
52380 -321935
52410 -321935
52440 -321834
52470 -321834
52500 -321834
52530 -321834
52560 -321834
52590 -321834
52620 -321834
52650 -321834
52680 -321834
52710 -321834
52740 -321834
52770 -321834
52800 -321834
52830 -321834
52860 -321834
52890 -321834
52920 -321834
52950 -321834
52980 -321834
53010 -321834
53040 -321834
53070 -321834
53100 -321834
53130 -321834
53160 -321834
53190 -321834
53220 -321834
53250 -321834
53280 -321834
53310 -321834
53340 -321834
53370 -321834
53400 -321834
53430 -321834
53460 -321834
53490 -321834
53520 -321834
53550 -321834
53580 -321834
53610 -321834
53640 -321834
53670 -321834
53700 -321834
53730 -321834
53760 -321834
53790 -321834
53820 -321834
53850 -321834
53880 -321834
53910 -321834
53940 -321834
53970 -321834
54000 -321834
54030 -321834
54060 -321834
54090 -321834
54120 -321834
54150 -321818
54180 -321818
54210 -321614
54240 -321614
54270 -321614
54300 -321614
54330 -321614
54360 -321614
54390 -321614
54420 -321614
54450 -321614
54480 -321614
54510 -321614
54540 -321614
54570 -321438
54600 -321438
54630 -321438
54660 -321438
54690 -321438
54720 -321438
54750 -321438
54780 -321438
54810 -321438
54840 -321438
54870 -321438
54900 -321438
54930 -321438
54960 -321438
54990 -321438
55020 -321438
55050 -321438
55080 -321438
55110 -321438
55140 -321438
55170 -321438
55200 -321438
55230 -321438
55260 -321438
55290 -321438
55320 -321438
55350 -321438
55380 -321438
55410 -321438
55440 -321438
55470 -321438
55500 -321438
55530 -321438
55560 -321438
55590 -321438
55620 -321438
55650 -321438
55680 -321438
55710 -321438
55740 -321438
55770 -321438
55800 -321438
55830 -321438
55860 -321438
55890 -321438
55920 -321438
55950 -321438
55980 -321438
56010 -321438
56040 -321438
56070 -321438
56100 -321438
56130 -321438
56160 -321438
56190 -321438
56220 -321438
56250 -321438
56280 -321438
56310 -321438
56340 -321438
56370 -321438
56400 -321438
56430 -321438
56460 -321438
56490 -321438
56520 -321438
56550 -321438
56580 -321438
56610 -321438
56640 -321438
56670 -321438
56700 -321438
56730 -321438
56760 -321438
56790 -321438
56820 -321438
56850 -321438
56880 -321438
56910 -321438
56940 -321438
56970 -321438
57000 -321438
57030 -321438
57060 -321438
57090 -321438
57120 -321438
57150 -321438
57180 -321438
57210 -321438
57240 -321438
57270 -321438
57300 -321438
57330 -321438
57360 -321438
57390 -321438
57420 -321438
57450 -321438
57480 -321438
57510 -321438
57540 -321438
57570 -321438
57600 -321438
57630 -321438
57660 -321316
57690 -321316
57720 -321316
57750 -321316
57780 -321276
57810 -321276
57840 -321276
57870 -321276
57900 -321276
57930 -321276
57960 -321276
57990 -321276
58020 -321276
58050 -321276
58080 -321276
58110 -321276
58140 -321276
58170 -321276
58200 -321276
58230 -321276
58260 -321276
58290 -321276
58320 -321276
58350 -321276
58380 -321276
58410 -321276
58440 -321276
58470 -321276
58500 -321276
58530 -321276
58560 -321276
58590 -321276
58620 -321276
58650 -321276
58680 -321276
58710 -321276
58740 -321276
58770 -321276
58800 -321276
58830 -321276
58860 -321276
58890 -321276
58920 -321268
58950 -321268
58980 -321268
59010 -321268
59040 -321268
59070 -321268
59100 -321268
59130 -321268
59160 -321268
59190 -321268
59220 -321268
59250 -321268
59280 -321268
59310 -321268
59340 -321268
59370 -321268
59400 -321268
59430 -321268
59460 -321268
59490 -321268
59520 -321268
59550 -321268
59580 -321268
59610 -321268
59640 -321268
59670 -321268
59700 -321268
59730 -321268
59760 -321268
59790 -321268
59820 -321268
59850 -321268
59880 -321268
59910 -321268
59940 -321268
59970 -321268
60000 -321268
60030 -321268
60060 -321268
60090 -321268
60120 -321268
60150 -321268
60180 -321268
60210 -321268
60240 -321268
60270 -321268
60300 -321268
60330 -321268
60360 -321268
60390 -321268
60420 -321268
60450 -321268
60480 -321268
60510 -321268
60540 -321268
60570 -321268
60600 -321268
60630 -321268
60660 -321268
60690 -321268
60720 -321268
60750 -321268
60780 -321268
60810 -321268
60840 -321268
60870 -321268
60900 -321268
60930 -321268
60960 -321268
60990 -321268
61020 -321268
61050 -321268
61080 -321268
61110 -321268
61140 -321268
61170 -321268
61200 -321268
61230 -321268
61260 -321268
61290 -321268
61320 -321268
61350 -321268
61380 -321268
61410 -321268
61440 -320904
61470 -320904
61500 -320904
61530 -320904
61560 -320904
61590 -320904
61620 -320904
61650 -320904
61680 -320904
61710 -320904
61740 -320904
61770 -320904
61800 -320904
61830 -320904
61860 -320904
61890 -320904
61920 -320904
61950 -320904
61980 -320904
62010 -320904
62040 -320904
62070 -320904
62100 -320904
62130 -320904
62160 -320904
62190 -320904
62220 -320904
62250 -320904
62280 -320904
62310 -320904
62340 -320904
62370 -320904
62400 -320904
62430 -320904
62460 -320904
62490 -320904
62520 -320904
62550 -320904
62580 -320904
62610 -320904
62640 -320904
62670 -320904
62700 -320904
62730 -320904
62760 -320904
62790 -320904
62820 -320904
62850 -320904
62880 -320904
62910 -320904
62940 -320904
62970 -320904
63000 -320904
63030 -320904
63060 -320904
63090 -320904
63120 -320904
63150 -320904
63180 -320904
63210 -320904
63240 -320904
63270 -320904
63300 -320904
63330 -320904
63360 -320904
63390 -320904
63420 -320904
63450 -320904
63480 -320904
63510 -320904
63540 -320904
63570 -320904
63600 -320904
63630 -320904
63660 -320904
63690 -320904
63720 -320904
63750 -320904
63780 -320904
63810 -320904
63840 -320904
63870 -320904
63900 -320904
63930 -320904
63960 -320904
63990 -320904
64020 -320904
64050 -320904
64080 -320904
64110 -320904
64140 -320904
64170 -320904
64200 -320904
64230 -320904
64260 -320904
64290 -320904
64320 -320904
64350 -320904
64380 -320904
64410 -320904
64440 -320904
64470 -320767
64500 -320767
64530 -320767
64560 -320767
64590 -320767
64620 -320767
64650 -320767
64680 -320767
64710 -320767
64740 -320767
64770 -320767
64800 -320767
64830 -320767
64860 -320442
64890 -320442
64920 -320442
64950 -320442
64980 -320442
65010 -320442
65040 -320442
65070 -320442
65100 -320393
65130 -320393
65160 -320393
65190 -320393
65220 -320393
65250 -320393
65280 -320393
65310 -320393
65340 -320393
65370 -320393
65400 -320393
65430 -320393
65460 -320393
65490 -320393
65520 -320393
65550 -320393
65580 -320393
65610 -320393
65640 -320393
65670 -320393
65700 -320393
65730 -320393
65760 -320393
65790 -320393
65820 -320107
65850 -320107
65880 -320107
65910 -320107
65940 -320107
65970 -320107
66000 -320107
66030 -320107
66060 -320107
66090 -320107
66120 -320107
66150 -320107
66180 -320107
66210 -320107
66240 -320107
66270 -320107
66300 -320107
66330 -320107
66360 -320107
66390 -320107
66420 -320107
66450 -320107
66480 -320107
66510 -320107
66540 -320107
66570 -320107
66600 -320107
66630 -320107
66660 -320107
66690 -320107
66720 -320107
66750 -320107
66780 -319903
66810 -319903
66840 -319903
66870 -319903
66900 -319903
66930 -319903
66960 -319903
66990 -319903
67020 -319903
67050 -319903
67080 -319903
67110 -319903
67140 -319903
67170 -319903
67200 -319903
67230 -319903
67260 -319903
67290 -319903
67320 -319903
67350 -319903
67380 -319903
67410 -319903
67440 -319903
67470 -319903
67500 -319903
67530 -319903
67560 -319264
67590 -319264
67620 -319264
67650 -319264
67680 -319264
67710 -319264
67740 -319264
67770 -319264
67800 -319264
67830 -319264
67860 -319264
67890 -319264
67920 -319264
67950 -319264
67980 -319264
68010 -319264
68040 -319264
68070 -319264
68100 -319264
68130 -319264
68160 -319264
68190 -319264
68220 -319264
68250 -319264
68280 -319090
68310 -319090
68340 -319090
68370 -319090
68400 -319090
68430 -319090
68460 -319090
68490 -319090
68520 -319090
68550 -319090
68580 -319090
68610 -319090
68640 -319090
68670 -319090
68700 -319090
68730 -319090
68760 -319090
68790 -319090
68820 -319090
68850 -319090
68880 -319090
68910 -319090
68940 -319090
68970 -319030
69000 -319030
69030 -319030
69060 -319030
69090 -319030
69120 -319030
69150 -319030
69180 -319030
69210 -319030
69240 -319030
69270 -319030
69300 -319030
69330 -319030
69360 -319030
69390 -319030
69420 -319030
69450 -319030
69480 -319030
69510 -319030
69540 -319030
69570 -318827
69600 -318827
69630 -318827
69660 -318827
69690 -318827
69720 -318827
69750 -318827
69780 -318827
69810 -318827
69840 -318827
69870 -318827
69900 -318827
69930 -318827
69960 -318827
69990 -318827
70020 -318734
70050 -318734
70080 -318734
70110 -318734
70140 -318734
70170 -318734
70200 -318734
70230 -318734
70260 -318734
70290 -318734
70320 -318734
70350 -318734
70380 -318734
70410 -318734
70440 -318734
70470 -318734
70500 -318734
70530 -318734
70560 -318734
70590 -318734
70620 -318734
70650 -318734
70680 -318734
70710 -318734
70740 -318734
70770 -318734
70800 -318734
70830 -318734
70860 -318734
70890 -318734
70920 -318734
70950 -318734
70980 -318734
71010 -318734
71040 -318734
71070 -318734
71100 -318734
71130 -318734
71160 -318734
71190 -318734
71220 -318734
71250 -318734
71280 -318734
71310 -318734
71340 -318734
71370 -318734
71400 -318734
71430 -318734
71460 -318734
71490 -318566
71520 -318566
71550 -318566
71580 -318566
71610 -318566
71640 -318566
71670 -318566
71700 -318566
71730 -318566
71760 -318566
71790 -318566
71820 -318566
71850 -318566
71880 -318566
71910 -318566
71940 -318566
71970 -318566
72000 -318566
72030 -318566
72060 -318566
72090 -318566
72120 -318566
72150 -318566
72180 -318566
72210 -318566
72240 -318566
72270 -318566
72300 -318566
72330 -318566
72360 -318566
72390 -318566
72420 -318566
72450 -318566
72480 -318566
72510 -318566
72540 -318566
72570 -318566
72600 -318566
72630 -318566
72660 -318566
72690 -318566
72720 -318566
72750 -318566
72780 -318566
72810 -318566
72840 -318566
72870 -318566
72900 -318566
72930 -318566
72960 -318566
72990 -318566
73020 -318566
73050 -318566
73080 -318566
73110 -318566
73140 -318566
73170 -318566
73200 -318551
73230 -318457
73260 -318442
73290 -318425
73320 -318425
73350 -318425
73380 -318425
73410 -318425
73440 -318425
73470 -318425
73500 -318425
73530 -318425
73560 -318425
73590 -318425
73620 -318425
73650 -318425
73680 -318425
73710 -318425
73740 -318425
73770 -318425
73800 -318425
73830 -318425
73860 -318425
73890 -318425
73920 -318425
73950 -318425
73980 -318425
74010 -318425
74040 -318425
74070 -318425
74100 -318425
74130 -318425
74160 -318425
74190 -318425
74220 -318425
74250 -318425
74280 -318425
74310 -318425
74340 -318425
74370 -318425
74400 -318425
74430 -318425
74460 -318425
74490 -318425
74520 -318425
74550 -318425
74580 -318425
74610 -318425
74640 -318425
74670 -318425
74700 -318425
74730 -318425
74760 -318424
74790 -318424
74820 -318424
74850 -318424
74880 -318117
74910 -318117
74940 -318117
74970 -318117
75000 -318117
75030 -318117
75060 -318117
75090 -318117
75120 -318117
75150 -318117
75180 -318117
75210 -318117
75240 -318117
75270 -318117
75300 -318117
75330 -318117
75360 -318117
75390 -318117
75420 -318117
75450 -318117
75480 -318117
75510 -318117
75540 -318117
75570 -318117
75600 -318117
75630 -318117
75660 -318117
75690 -318117
75720 -318117
75750 -318117
75780 -318117
75810 -318117
75840 -318117
75870 -318117
75900 -318117
75930 -318117
75960 -318117
75990 -318117
76020 -318117
76050 -318117
76080 -318117
76110 -318117
76140 -318117
76170 -318117
76200 -318117
76230 -318117
76260 -318117
76290 -318117
76320 -318117
76350 -318117
76380 -318117
76410 -318101
76440 -318101
76470 -318101
76500 -318101
76530 -318101
76560 -318101
76590 -318101
76620 -318101
76650 -318101
76680 -318101
76710 -318101
76740 -318101
76770 -318101
76800 -318101
76830 -318101
76860 -318101
76890 -318101
76920 -318101
76950 -318101
76980 -318101
77010 -318101
77040 -318101
77070 -318101
77100 -318101
77130 -318101
77160 -318101
77190 -318101
77220 -318101
77250 -318101
77280 -318101
77310 -318101
77340 -318101
77370 -318101
77400 -318101
77430 -318101
77460 -318101
77490 -318101
77520 -318101
77550 -318101
77580 -318101
77610 -318101
77640 -318101
77670 -318101
77700 -318101
77730 -318101
77760 -318101
77790 -318101
77820 -318101
77850 -318101
77880 -318101
77910 -318101
77940 -318101
77970 -318101
78000 -318101
78030 -318101
78060 -318101
78090 -318101
78120 -318101
78150 -318101
78180 -318101
78210 -318101
78240 -318101
78270 -318101
78300 -318101
78330 -318101
78360 -318101
78390 -318101
78420 -318101
78450 -318101
78480 -318101
78510 -318101
78540 -318101
78570 -318101
78600 -318101
78630 -318101
78660 -318101
78690 -318101
78720 -318101
78750 -318101
78780 -318101
78810 -318101
78840 -318101
78870 -318101
78900 -318101
78930 -318101
78960 -318101
78990 -318101
79020 -318101
79050 -318101
79080 -318101
79110 -318101
79140 -318101
79170 -318101
79200 -318101
79230 -318101
79260 -318101
79290 -317964
79320 -317964
79350 -317964
79380 -317964
79410 -317964
79440 -317964
79470 -317964
79500 -317634
79530 -317634
79560 -317634
79590 -317634
79620 -317634
79650 -317634
79680 -317634
79710 -317634
79740 -317634
79770 -317167
79800 -317167
79830 -317167
79860 -316969
79890 -316969
79920 -316969
79950 -316969
79980 -316969
80010 -316969
80040 -316969
80070 -316969
80100 -316969
80130 -316969
80160 -316969
80190 -316969
80220 -316969
80250 -316969
80280 -316969
80310 -316969
80340 -316969
80370 -316969
80400 -316969
80430 -316969
80460 -316969
80490 -316969
80520 -316969
80550 -316969
80580 -316969
80610 -316969
80640 -316969
80670 -316969
80700 -316969
80730 -316969
80760 -316969
80790 -316969
80820 -316969
80850 -316969
80880 -316969
80910 -316969
80940 -316969
80970 -316969
81000 -316969
81030 -316969
81060 -316969
81090 -316969
81120 -316969
81150 -316969
81180 -316969
81210 -316969
81240 -316969
81270 -316969
81300 -316969
81330 -316969
81360 -316969
81390 -316969
81420 -316969
81450 -316969
81480 -316969
81510 -316969
81540 -316969
81570 -316969
81600 -316969
81630 -316969
81660 -316969
81690 -316969
81720 -316969
81750 -316969
81780 -316969
81810 -316969
81840 -316969
81870 -316969
81900 -316969
81930 -316969
81960 -316969
81990 -316969
82020 -316969
82050 -316969
82080 -316969
82110 -316969
82140 -316969
82170 -316969
82200 -316969
82230 -316969
82260 -316969
82290 -316969
82320 -316969
82350 -316969
82380 -316898
82410 -316898
82440 -316898
82470 -316898
82500 -316898
82530 -316898
82560 -316898
82590 -316898
82620 -316898
82650 -316898
82680 -316898
82710 -316898
82740 -316898
82770 -316898
82800 -316898
82830 -316898
82860 -316898
82890 -316898
82920 -316898
82950 -316898
82980 -316898
83010 -316898
83040 -316898
83070 -316898
83100 -316898
83130 -316898
83160 -316898
83190 -316898
83220 -316898
83250 -316898
83280 -316898
83310 -316898
83340 -316898
83370 -316898
83400 -316898
83430 -316898
83460 -316898
83490 -316898
83520 -316898
83550 -316898
83580 -316898
83610 -316898
83640 -316898
83670 -316898
83700 -316898
83730 -316898
83760 -316898
83790 -316898
83820 -316898
83850 -316898
83880 -316898
83910 -316898
83940 -316898
83970 -316898
84000 -316898
84030 -316898
84060 -316898
84090 -316898
84120 -316898
84150 -316898
84180 -316898
84210 -316898
84240 -316898
84270 -316898
84300 -316898
84330 -316898
84360 -316898
84390 -316898
84420 -316898
84450 -316898
84480 -316898
84510 -316898
84540 -316898
84570 -316898
84600 -316898
84630 -316898
84660 -316898
84690 -316898
84720 -316898
84750 -316898
84780 -316898
84810 -316898
84840 -316898
84870 -316898
84900 -316898
84930 -316898
84960 -316898
84990 -316898
85020 -316898
85050 -316898
85080 -316898
85110 -316898
85140 -316898
85170 -316898
85200 -316898
85230 -316898
85260 -316898
85290 -316898
85320 -316898
85350 -316898
85380 -316898
85410 -316898
85440 -316898
85470 -316898
85500 -316898
85530 -316898
85560 -316898
85590 -316898
85620 -316898
85650 -316898
85680 -316898
85710 -316898
85740 -316898
85770 -316898
85800 -316898
85830 -316898
85860 -316898
85890 -316898
85920 -316898
85950 -316898
85980 -316898
86010 -316898
86040 -316898
86070 -316898
86100 -316898
86130 -316898
86160 -316898
86190 -316898
86220 -316898
86250 -316898
86280 -316898
86310 -316898
86340 -316898
86370 -316898
86400 -316898
86430 -316898
86460 -316898
86490 -316898
86520 -316898
86550 -316898
86580 -316898
86610 -316898
86640 -316898
86670 -316898
86700 -316898
86730 -316898
86760 -316898
86790 -316898
86820 -316898
86850 -316898
86880 -316898
86910 -316898
86940 -316898
86970 -316898
87000 -316898
87030 -316898
87060 -316898
87090 -316898
87120 -316898
87150 -316898
87180 -316898
87210 -316898
87240 -316898
87270 -316898
87300 -316898
87330 -316898
87360 -316898
87390 -316898
87420 -316898
87450 -316898
87480 -316898
87510 -316898
87540 -316898
87570 -316898
87600 -316898
87630 -316898
87660 -316898
87690 -316898
87720 -316898
87750 -316898
87780 -316898
87810 -316898
87840 -316898
87870 -316898
87900 -316898
87930 -316898
87960 -316898
87990 -316898
88020 -316898
88050 -316898
88080 -316898
88110 -316898
88140 -316898
88170 -316898
88200 -316898
88230 -316898
88260 -316898
88290 -316898
88320 -316898
88350 -316898
88380 -316898
88410 -316898
88440 -316898
88470 -316898
88500 -316898
88530 -316898
88560 -316898
88590 -316898
88620 -316898
88650 -316898
88680 -316898
88710 -316773
88740 -316773
88770 -316773
88800 -316773
88830 -316773
88860 -316119
88890 -316119
88920 -316119
88950 -316119
88980 -316119
89010 -316119
89040 -316119
89070 -316119
89100 -316119
89130 -316119
89160 -316119
89190 -316119
89220 -316119
89250 -316119
89280 -316119
89310 -316119
89340 -316119
89370 -316119
89400 -316119
89430 -316119
89460 -316119
89490 -316119
89520 -316119
89550 -316119
89580 -316119
89610 -316119
89640 -316119
89670 -316119
89700 -316119
89730 -316119
89760 -316119
89790 -316119
89820 -316119
89850 -316119
89880 -316119
89910 -316119
89940 -316119
89970 -316119
90000 -316119
90030 -316119
90060 -316119
90090 -316119
90120 -316119
90150 -316119
90180 -316119
90210 -316119
90240 -316119
90270 -316119
90300 -316119
90330 -316119
90360 -316119
90390 -316119
90420 -316119
90450 -316119
90480 -316119
90510 -316119
90540 -316119
90570 -316119
90600 -316119
90630 -316119
90660 -316119
90690 -316119
90720 -316119
90750 -316119
90780 -316119
90810 -316119
90840 -316119
90870 -316119
90900 -316119
90930 -316119
90960 -316119
90990 -316119
91020 -316119
91050 -316119
91080 -316119
91110 -316119
91140 -316119
91170 -316119
91200 -316119
91230 -316119
91260 -316119
91290 -316119
91320 -316119
91350 -316119
91380 -316119
91410 -316119
91440 -316119
91470 -316119
91500 -316119
91530 -316119
91560 -316119
91590 -316119
91620 -316119
91650 -316119
91680 -316119
91710 -316119
91740 -316119
91770 -316119
91800 -316119
91830 -316119
91860 -316119
91890 -316119
91920 -316119
91950 -316119
91980 -316119
92010 -316119
92040 -316119
92070 -316119
92100 -316119
92130 -316119
92160 -316119
92190 -316119
92220 -316119
92250 -316119
92280 -316119
92310 -316119
92340 -316119
92370 -316119
92400 -316119
92430 -316119
92460 -316119
92490 -316119
92520 -316119
92550 -316119
92580 -316119
92610 -316119
92640 -316119
92670 -316119
92700 -316119
92730 -316119
92760 -316119
92790 -316119
92820 -316119
92850 -316119
92880 -316119
92910 -316119
92940 -316119
92970 -316119
93000 -316119
93030 -316119
93060 -316119
93090 -316119
93120 -316119
93150 -316119
93180 -316119
93210 -316119
93240 -316119
93270 -316119
93300 -316119
93330 -316119
93360 -316119
93390 -316119
