60 -451365
90 -451365
120 -451129
150 -451129
180 -449818
210 -448645
240 -448645
270 -448645
300 -448645
330 -448645
360 -445087
390 -441526
420 -441526
450 -441526
480 -441526
510 -441526
540 -441526
570 -441526
600 -441526
630 -441526
660 -441515
690 -440800
720 -440785
750 -440785
780 -440785
810 -440785
840 -440785
870 -438485
900 -438485
930 -438485
960 -438485
990 -438485
1020 -438485
1050 -438485
1080 -438485
1110 -438428
1140 -438428
1170 -437935
1200 -437935
1230 -437150
1260 -437150
1290 -437076
1320 -437076
1350 -437076
1380 -437076
1410 -437076
1440 -437076
1470 -437076
1500 -437076
1530 -437076
1560 -437076
1590 -437076
1620 -437076
1650 -437076
1680 -437076
1710 -437076
1740 -437076
1770 -437076
1800 -437076
1830 -437076
1860 -437076
1890 -437076
1920 -436923
1950 -436923
1980 -436923
2010 -436788
2040 -436754
2070 -435470
2100 -435470
2130 -434323
2160 -434323
2190 -434323
2220 -434323
2250 -434323
2280 -434323
2310 -434323
2340 -434323
2370 -434323
2400 -434323
2430 -434323
2460 -434323
2490 -434323
2520 -434323
2550 -434323
2580 -434323
2610 -434198
2640 -434198
2670 -433318
2700 -433318
2730 -433318
2760 -433318
2790 -433318
2820 -433318
2850 -433318
2880 -433318
2910 -433086
2940 -433086
2970 -433086
3000 -432004
3030 -432004
3060 -432004
3090 -432004
3120 -432004
3150 -432004
3180 -432004
3210 -432004
3240 -432004
3270 -432004
3300 -432004
3330 -432004
3360 -432004
3390 -432004
3420 -431953
3450 -431953
3480 -431953
3510 -431953
3540 -431953
3570 -431953
3600 -431953
3630 -431953
3660 -431888
3690 -431888
3720 -431888
3750 -431740
3780 -431740
3810 -431740
3840 -431222
3870 -430449
3900 -430449
3930 -430449
3960 -430449
3990 -430449
4020 -430449
4050 -430449
4080 -430449
4110 -430223
4140 -430223
4170 -430223
4200 -430067
4230 -426189
4260 -426189
4290 -426189
4320 -426189
4350 -426189
4380 -426189
4410 -426189
4440 -426189
4470 -426189
4500 -426189
4530 -426189
4560 -426189
4590 -426123
4620 -426123
4650 -426123
4680 -426123
4710 -426123
4740 -426123
4770 -426123
4800 -426123
4830 -426123
4860 -426123
4890 -426123
4920 -426123
4950 -426123
4980 -426123
5010 -426123
5040 -426123
5070 -426123
5100 -426123
5130 -426123
5160 -426123
5190 -426123
5220 -426123
5250 -426123
5280 -426123
5310 -426123
5340 -426123
5370 -426123
5400 -426123
5430 -426123
5460 -426123
5490 -426123
5520 -426123
5550 -426123
5580 -426123
5610 -426123
5640 -426123
5670 -426123
5700 -426123
5730 -426123
5760 -426123
5790 -426123
5820 -426123
5850 -426123
5880 -426123
5910 -426123
5940 -426123
5970 -426123
6000 -426123
6030 -426123
6060 -426123
6090 -426123
6120 -426123
6150 -426123
6180 -426123
6210 -426123
6240 -426123
6270 -426123
6300 -426123
6330 -426123
6360 -426123
6390 -426123
6420 -426123
6450 -426123
6480 -426123
6510 -426123
6540 -426123
6570 -426123
6600 -425426
6630 -424194
6660 -424194
6690 -424194
6720 -423814
6750 -423814
6780 -423814
6810 -422598
6840 -422598
6870 -422598
6900 -422598
6930 -422598
6960 -422598
6990 -422598
7020 -422580
7050 -422580
7080 -422580
7110 -422580
7140 -422580
7170 -422580
7200 -422580
7230 -422580
7260 -422281
7290 -422281
7320 -422281
7350 -422281
7380 -422281
7410 -422281
7440 -422281
7470 -422281
7500 -422281
7530 -422281
7560 -422281
7590 -422281
7620 -422281
7650 -422281
7680 -422281
7710 -422281
7740 -422281
7770 -422281
7800 -422281
7830 -422281
7860 -422281
7890 -422281
7920 -422281
7950 -422281
7980 -421882
8010 -421882
8040 -421882
8070 -421882
8100 -421882
8130 -421882
8160 -421882
8190 -421882
8220 -421882
8250 -421882
8280 -421882
8310 -421882
8340 -421882
8370 -421882
8400 -421882
8430 -421882
8460 -421882
8490 -421882
8520 -421882
8550 -421882
8580 -421882
8610 -421882
8640 -421882
8670 -421882
8700 -421822
8730 -421822
8760 -421822
8790 -421822
8820 -421822
8850 -421822
8880 -421822
8910 -421635
8940 -421635
8970 -421635
9000 -421635
9030 -421635
9060 -421635
9090 -421635
9120 -421635
9150 -421635
9180 -421635
9210 -421635
9240 -421635
9270 -421635
9300 -421635
9330 -421635
9360 -421635
9390 -421635
9420 -421635
9450 -421635
9480 -421635
9510 -421635
9540 -421635
9570 -421635
9600 -421635
9630 -421635
9660 -421635
9690 -421635
9720 -421635
9750 -421635
9780 -421635
9810 -421635
9840 -421635
9870 -421635
9900 -421635
9930 -421635
9960 -421506
9990 -421506
10020 -421474
10050 -421474
10080 -421474
10110 -421474
10140 -421474
10170 -421474
10200 -421474
10230 -421474
10260 -421474
10290 -421474
10320 -421474
10350 -421474
10380 -421474
10410 -421474
10440 -421474
10470 -421474
10500 -421474
10530 -421474
10560 -421474
10590 -421474
10620 -421474
10650 -421474
10680 -421474
10710 -421474
10740 -421474
10770 -421474
10800 -421474
10830 -421474
10860 -421474
10890 -421474
10920 -421474
10950 -421474
10980 -421474
11010 -421474
11040 -421474
11070 -421474
11100 -421474
11130 -421474
11160 -421474
11190 -421474
11220 -421474
11250 -421474
11280 -421474
11310 -421474
11340 -421474
11370 -421474
11400 -421474
11430 -421474
11460 -421474
11490 -421474
11520 -421474
11550 -421474
11580 -421442
11610 -421442
11640 -421442
11670 -421442
11700 -421442
11730 -421442
11760 -421442
11790 -421442
11820 -421442
11850 -421266
11880 -421266
11910 -421266
11940 -421266
11970 -421266
12000 -421266
12030 -421266
12060 -421266
12090 -421266
12120 -421266
12150 -421266
12180 -421266
12210 -421266
12240 -421266
12270 -421266
12300 -421266
12330 -421266
12360 -421266
12390 -421266
12420 -421266
12450 -421266
12480 -421266
12510 -421266
12540 -421266
12570 -421266
12600 -421266
12630 -421266
12660 -421266
12690 -421266
12720 -421266
12750 -421266
12780 -421266
12810 -421266
12840 -421266
12870 -420797
12900 -420797
12930 -420797
12960 -420797
12990 -420797
13020 -420797
13050 -420797
13080 -420797
13110 -420797
13140 -420797
13170 -420797
13200 -420797
13230 -420797
13260 -420797
13290 -420797
13320 -420797
13350 -420797
13380 -420797
13410 -420797
13440 -420797
13470 -420797
13500 -420797
13530 -420797
13560 -420797
13590 -420797
13620 -420797
13650 -420797
13680 -420797
13710 -420797
13740 -420797
13770 -420797
13800 -419686
13830 -419686
13860 -419686
13890 -419686
13920 -419686
13950 -419686
13980 -419686
14010 -419686
14040 -419686
14070 -419686
14100 -419686
14130 -419686
14160 -419686
14190 -419686
14220 -419686
14250 -419686
14280 -419686
14310 -419686
14340 -419686
14370 -419686
14400 -419686
14430 -419686
14460 -419686
14490 -419686
14520 -419686
14550 -419686
14580 -419686
14610 -419686
14640 -419686
14670 -419686
14700 -419686
14730 -419686
14760 -419686
14790 -419686
14820 -419686
14850 -419686
14880 -419686
14910 -419686
14940 -419686
14970 -419686
15000 -419686
15030 -419686
15060 -419686
15090 -419686
15120 -419686
15150 -419686
15180 -419686
15210 -419686
15240 -419686
15270 -419686
15300 -419686
15330 -419686
15360 -419686
15390 -419686
15420 -419686
15450 -419686
15480 -419686
15510 -419686
15540 -419686
15570 -419686
15600 -419686
15630 -419686
15660 -419686
15690 -419686
15720 -419686
15750 -419686
15780 -419497
15810 -419497
15840 -419497
15870 -419409
15900 -419409
15930 -419409
15960 -419409
15990 -419409
16020 -419409
16050 -419409
16080 -419409
16110 -419409
16140 -419409
16170 -419409
16200 -419409
16230 -419409
16260 -419409
16290 -419409
16320 -419409
16350 -419409
16380 -419409
16410 -419409
16440 -419409
16470 -419409
16500 -419409
16530 -419409
16560 -419409
16590 -419409
16620 -419409
16650 -419409
16680 -419409
16710 -419409
16740 -419409
16770 -419409
16800 -419409
16830 -419409
16860 -419409
16890 -419409
16920 -419409
16950 -419409
16980 -419409
17010 -419409
17040 -419409
17070 -419409
17100 -419409
17130 -419409
17160 -419409
17190 -419409
17220 -419309
17250 -419309
17280 -419309
17310 -419309
17340 -419309
17370 -419309
17400 -419309
17430 -419309
17460 -419309
17490 -419309
17520 -419309
17550 -419309
17580 -419309
17610 -419309
17640 -419309
17670 -419309
17700 -419309
17730 -419309
17760 -419309
17790 -419309
17820 -419309
17850 -419108
17880 -419108
17910 -419108
17940 -419108
17970 -419108
18000 -419108
18030 -419108
18060 -419108
18090 -419108
18120 -419108
18150 -418579
18180 -418579
18210 -418579
18240 -418579
18270 -418579
18300 -418579
18330 -418579
18360 -418579
18390 -418579
18420 -418579
18450 -418579
18480 -418579
18510 -418579
18540 -418579
18570 -418579
18600 -418579
18630 -418579
18660 -418579
18690 -418579
18720 -418579
18750 -418579
18780 -418579
18810 -418579
18840 -418579
18870 -418579
18900 -418579
18930 -418579
18960 -418579
18990 -418579
19020 -418579
19050 -418579
19080 -418579
19110 -418579
19140 -418579
19170 -418579
19200 -418325
19230 -418325
19260 -418325
19290 -418325
19320 -418325
19350 -418325
19380 -418325
19410 -418325
19440 -418325
19470 -418325
19500 -418325
19530 -418325
19560 -418325
19590 -418325
19620 -418325
19650 -418325
19680 -418325
19710 -418325
19740 -418325
19770 -418325
19800 -418325
19830 -418325
19860 -418325
19890 -418325
19920 -418325
19950 -418325
19980 -418325
20010 -418325
20040 -418325
20070 -418325
20100 -418325
20130 -418325
20160 -418325
20190 -418325
20220 -418325
20250 -418325
20280 -418325
20310 -418187
20340 -418187
20370 -418187
20400 -418187
20430 -418187
20460 -418187
20490 -418187
20520 -418187
20550 -418187
20580 -418187
20610 -418187
20640 -418187
20670 -418187
20700 -418187
20730 -418187
20760 -418187
20790 -418187
20820 -418187
20850 -418187
20880 -418187
20910 -418187
20940 -418187
20970 -418187
21000 -418187
21030 -418187
21060 -418187
21090 -418187
21120 -418187
21150 -418187
21180 -418187
21210 -418187
21240 -418187
21270 -418187
21300 -418187
21330 -418187
21360 -418187
21390 -418187
21420 -418187
21450 -418187
21480 -418187
21510 -418093
21540 -418093
21570 -418093
21600 -418093
21630 -418093
21660 -418093
21690 -418093
21720 -417865
21750 -417865
21780 -417865
21810 -417865
21840 -417865
21870 -417865
21900 -417865
21930 -417865
21960 -417865
21990 -417865
22020 -417865
22050 -417865
22080 -417865
22110 -417865
22140 -417865
22170 -417865
22200 -417865
22230 -417865
22260 -417865
22290 -417865
22320 -417865
22350 -417408
22380 -417408
22410 -417408
22440 -417408
22470 -417235
22500 -417235
22530 -417235
22560 -417235
22590 -417235
22620 -417235
22650 -417235
22680 -417235
22710 -417235
22740 -417197
22770 -417197
22800 -417197
22830 -417197
22860 -417197
22890 -417197
22920 -417197
22950 -417197
22980 -417197
23010 -417197
23040 -417197
23070 -417197
23100 -417197
23130 -417197
23160 -417197
23190 -417197
23220 -417197
23250 -417197
23280 -417197
23310 -417197
23340 -417197
23370 -417197
23400 -417197
23430 -417197
23460 -417197
23490 -417197
23520 -417197
23550 -417197
23580 -417197
23610 -417197
23640 -417197
23670 -417197
23700 -417156
23730 -417156
23760 -417156
23790 -417156
23820 -417156
23850 -417156
23880 -417156
23910 -417156
23940 -417156
23970 -417156
24000 -417156
24030 -417156
24060 -416921
24090 -416921
24120 -416921
24150 -416921
24180 -416921
24210 -416921
24240 -416435
24270 -416392
24300 -416392
24330 -416392
24360 -416392
24390 -416392
24420 -416392
24450 -416392
24480 -416392
24510 -416392
24540 -416392
24570 -416392
24600 -416392
24630 -416392
24660 -416392
24690 -416392
24720 -416392
24750 -416392
24780 -416392
24810 -416392
24840 -416392
24870 -416392
24900 -416392
24930 -416392
24960 -416392
24990 -416392
25020 -416392
25050 -416392
25080 -416392
25110 -416392
25140 -416392
25170 -416392
25200 -416392
25230 -416392
25260 -416391
25290 -416391
25320 -416391
25350 -416391
25380 -416391
25410 -416391
25440 -416391
25470 -416391
25500 -416391
25530 -416391
25560 -416391
25590 -416391
25620 -416391
25650 -416391
25680 -416391
25710 -416391
25740 -416391
25770 -416391
25800 -416391
25830 -416391
25860 -416391
25890 -416391
25920 -416391
25950 -416391
25980 -416391
26010 -416391
26040 -416391
26070 -416391
26100 -416391
26130 -416391
26160 -416391
26190 -416391
26220 -416391
26250 -416391
26280 -416391
26310 -416391
26340 -416391
26370 -416391
26400 -416391
26430 -416391
26460 -416391
26490 -416391
26520 -416391
26550 -415270
26580 -415270
26610 -415270
26640 -415270
26670 -415270
26700 -415270
26730 -415270
26760 -415270
26790 -415270
26820 -415270
26850 -415270
26880 -415270
26910 -415270
26940 -415270
26970 -415270
27000 -415270
27030 -415270
27060 -415270
27090 -415270
27120 -415270
27150 -415270
27180 -415270
27210 -415270
27240 -415270
27270 -415270
27300 -415270
27330 -415270
27360 -415270
27390 -415270
27420 -415270
27450 -415270
27480 -415270
27510 -415270
27540 -415270
27570 -415270
27600 -415270
27630 -415270
27660 -415270
27690 -415270
27720 -415270
27750 -415270
27780 -415118
27810 -415118
27840 -415118
27870 -415118
27900 -415118
27930 -415118
27960 -415118
27990 -415118
28020 -415118
28050 -415118
28080 -415118
28110 -415118
28140 -415118
28170 -415118
28200 -415118
28230 -415118
28260 -415118
28290 -415118
28320 -415118
28350 -415118
28380 -415118
28410 -415118
28440 -415118
28470 -415118
28500 -415118
28530 -415118
28560 -415118
28590 -415118
28620 -415118
28650 -415118
28680 -415118
28710 -415118
28740 -415118
28770 -415118
28800 -415118
28830 -415118
28860 -415118
28890 -415118
28920 -415118
28950 -415118
28980 -415118
29010 -415118
29040 -415118
29070 -415118
29100 -415118
29130 -415118
29160 -415118
29190 -415118
29220 -415118
29250 -415118
29280 -415118
29310 -415118
29340 -415118
29370 -415118
29400 -415118
29430 -415118
29460 -415118
29490 -415118
29520 -415118
29550 -415118
29580 -415118
29610 -415118
29640 -415118
29670 -415118
29700 -415118
29730 -415118
29760 -415118
29790 -415118
29820 -415118
29850 -415118
29880 -415118
29910 -415083
29940 -415083
29970 -415083
30000 -415083
30030 -415083
30060 -415083
30090 -415083
30120 -415083
30150 -415083
30180 -415083
30210 -415083
30240 -415083
30270 -415083
30300 -415083
30330 -415083
30360 -415083
30390 -415083
30420 -415083
30450 -415083
30480 -415083
30510 -415083
30540 -415083
30570 -415083
30600 -415083
30630 -415083
30660 -415083
30690 -415083
30720 -415083
30750 -415083
30780 -415083
30810 -415083
30840 -415083
30870 -415083
30900 -415083
30930 -415083
30960 -415083
30990 -415083
31020 -415083
31050 -415083
31080 -415083
31110 -415083
31140 -415083
31170 -415083
31200 -415083
31230 -415083
31260 -415083
31290 -415083
31320 -415083
31350 -415083
31380 -415083
31410 -415083
31440 -415083
31470 -415083
31500 -415083
31530 -415083
31560 -415083
31590 -415083
31620 -415083
31650 -415083
31680 -415083
31710 -415083
31740 -414593
31770 -414593
31800 -414593
31830 -414593
31860 -414593
31890 -414593
31920 -414593
31950 -414593
31980 -414593
32010 -414593
32040 -414543
32070 -414543
32100 -414543
32130 -414493
32160 -414493
32190 -414493
32220 -414493
32250 -414493
32280 -414493
32310 -414493
32340 -414493
32370 -414493
32400 -414493
32430 -414493
32460 -414493
32490 -414493
32520 -414493
32550 -414493
32580 -414493
32610 -414493
32640 -414493
32670 -414493
32700 -414493
32730 -414493
32760 -414493
32790 -414493
32820 -414493
32850 -414493
32880 -414493
32910 -414493
32940 -414493
32970 -414493
33000 -414493
33030 -414493
33060 -414493
33090 -414493
33120 -414493
33150 -414493
33180 -414493
33210 -414493
33240 -414493
33270 -414493
33300 -414493
33330 -414493
33360 -414493
33390 -414493
33420 -414493
33450 -414493
33480 -414420
33510 -414420
33540 -414420
33570 -414420
33600 -414420
33630 -414420
33660 -414420
33690 -414420
33720 -414420
33750 -414420
33780 -414420
33810 -414420
33840 -414420
33870 -414420
33900 -414420
33930 -414420
33960 -414420
33990 -414420
34020 -414420
34050 -414420
34080 -414420
34110 -414420
34140 -414420
34170 -414420
34200 -414420
34230 -414420
34260 -414420
34290 -414420
34320 -414420
34350 -414420
34380 -414420
34410 -414420
34440 -414420
34470 -414420
34500 -414420
34530 -414420
34560 -414420
34590 -414420
34620 -414420
34650 -414420
34680 -414420
34710 -414420
34740 -414420
34770 -414420
34800 -414169
34830 -414169
34860 -414169
34890 -414169
34920 -414169
34950 -414169
34980 -414169
35010 -414169
35040 -414169
35070 -414169
35100 -414169
35130 -414169
35160 -414169
35190 -414169
35220 -414169
35250 -414169
35280 -414169
35310 -414070
35340 -414070
35370 -414070
35400 -414070
35430 -414065
35460 -414065
35490 -414065
35520 -414065
35550 -414065
35580 -414065
35610 -414065
35640 -414065
35670 -414065
35700 -414065
35730 -414065
35760 -414065
35790 -414065
35820 -414065
35850 -414065
35880 -414065
35910 -414065
35940 -414065
35970 -414065
36000 -414065
36030 -414065
36060 -414065
36090 -414065
36120 -414065
36150 -414065
36180 -414065
36210 -414065
36240 -414065
36270 -414065
36300 -414065
36330 -414065
36360 -414065
36390 -414065
36420 -414065
36450 -414065
