60 -457405
90 -457405
120 -456178
150 -456178
180 -453899
210 -453899
240 -453802
270 -452348
300 -452348
330 -452348
360 -452348
390 -452348
420 -452348
450 -451853
480 -451853
510 -451853
540 -451350
570 -450659
600 -450659
630 -450356
660 -450325
690 -449617
720 -449617
750 -449349
780 -449349
810 -449349
840 -448608
870 -445674
900 -445674
930 -445674
960 -445674
990 -445674
1020 -445674
1050 -445674
1080 -445674
1110 -445674
1140 -444706
1170 -444706
1200 -444706
1230 -444706
1260 -444706
1290 -444706
1320 -444706
1350 -444706
1380 -442079
1410 -442079
1440 -442079
1470 -441113
1500 -441113
1530 -440818
1560 -440818
1590 -440818
1620 -440818
1650 -440818
1680 -440818
1710 -440818
1740 -440818
1770 -440818
1800 -440818
1830 -440818
1860 -440818
1890 -440818
1920 -440818
1950 -440668
1980 -440668
2010 -440668
2040 -440668
2070 -440668
2100 -440668
2130 -440668
2160 -440668
2190 -440668
2220 -440668
2250 -440668
2280 -440668
2310 -440668
2340 -440668
2370 -440668
2400 -440668
2430 -440668
2460 -440668
2490 -440668
2520 -440633
2550 -440633
2580 -440633
2610 -440633
2640 -440633
2670 -440633
2700 -440633
2730 -440633
2760 -440633
2790 -438248
2820 -438248
2850 -438248
2880 -438248
2910 -438248
2940 -437761
2970 -437761
3000 -437761
3030 -437761
3060 -436901
3090 -436901
3120 -436901
3150 -436901
3180 -436901
3210 -436901
3240 -436901
3270 -436901
3300 -436901
3330 -436901
3360 -436901
3390 -436901
3420 -436901
3450 -436901
3480 -436901
3510 -436901
3540 -436901
3570 -436901
3600 -436901
3630 -436901
3660 -436901
3690 -436901
3720 -436901
3750 -436901
3780 -436901
3810 -436901
3840 -436901
3870 -436901
3900 -436098
3930 -436098
3960 -436098
3990 -436098
4020 -436098
4050 -436098
4080 -436098
4110 -436098
4140 -436098
4170 -436098
4200 -436098
4230 -436098
4260 -436098
4290 -436098
4320 -436098
4350 -436098
4380 -436098
4410 -436098
4440 -436098
4470 -436098
4500 -436098
4530 -435362
4560 -435362
4590 -433746
4620 -433746
4650 -433746
4680 -433746
4710 -433746
4740 -433746
4770 -433746
4800 -433746
4830 -433746
4860 -433746
4890 -433746
4920 -433746
4950 -433703
4980 -432921
5010 -432921
5040 -432886
5070 -432886
5100 -432886
5130 -432886
5160 -432886
5190 -432886
5220 -432310
5250 -431331
5280 -431331
5310 -431331
5340 -431331
5370 -431331
5400 -431331
5430 -430023
5460 -430023
5490 -430023
5520 -430023
5550 -430023
5580 -430023
5610 -430023
5640 -430023
5670 -430023
5700 -430023
5730 -430023
5760 -430023
5790 -430023
5820 -430023
5850 -430023
5880 -429692
5910 -429692
5940 -429692
5970 -429692
6000 -429692
6030 -429692
6060 -429692
6090 -429692
6120 -429692
6150 -429692
6180 -429692
6210 -429692
6240 -429692
6270 -429692
6300 -429692
6330 -429692
6360 -429692
6390 -429277
6420 -429277
6450 -429277
6480 -429277
6510 -429277
6540 -429277
6570 -429277
6600 -429277
6630 -429277
6660 -429277
6690 -428442
6720 -428442
6750 -428442
6780 -428442
6810 -428442
6840 -428442
6870 -428442
6900 -428442
6930 -428442
6960 -428442
6990 -428442
7020 -428442
7050 -428442
7080 -428442
7110 -428442
7140 -428442
7170 -428442
7200 -428442
7230 -428442
7260 -428442
7290 -428442
7320 -428442
7350 -428442
7380 -428442
7410 -428442
7440 -428442
7470 -428442
7500 -428442
7530 -428442
7560 -428442
7590 -428442
7620 -427856
7650 -427844
7680 -427844
7710 -427844
7740 -427844
7770 -427844
7800 -427844
7830 -427844
7860 -427844
7890 -427844
7920 -427844
7950 -427844
7980 -427844
8010 -427844
8040 -427844
8070 -427844
8100 -427844
8130 -427844
8160 -427844
8190 -427563
8220 -427563
8250 -427563
8280 -427262
8310 -427262
8340 -427262
8370 -427262
8400 -427262
8430 -427262
8460 -427262
8490 -427262
8520 -427262
8550 -427262
8580 -427262
8610 -427262
8640 -427262
8670 -427262
8700 -427262
8730 -427262
8760 -427262
8790 -427262
8820 -427262
8850 -427262
8880 -427262
8910 -427262
8940 -427262
8970 -427262
9000 -427262
9030 -427262
9060 -427262
9090 -427261
9120 -427261
9150 -427261
9180 -427261
9210 -427261
9240 -426266
9270 -426266
9300 -426266
9330 -426266
9360 -426266
9390 -426266
9420 -426266
9450 -426266
9480 -426266
9510 -426266
9540 -426266
9570 -426266
9600 -426266
9630 -426266
9660 -426266
9690 -426266
9720 -426266
9750 -426266
9780 -426266
9810 -426266
9840 -426266
9870 -426266
9900 -426266
9930 -426266
9960 -426266
9990 -426266
10020 -426266
10050 -426266
10080 -426266
10110 -426266
10140 -426266
10170 -426266
10200 -426266
10230 -426266
10260 -426266
10290 -426266
10320 -426266
10350 -426266
10380 -426266
10410 -426266
10440 -426266
10470 -426266
10500 -426266
10530 -426266
10560 -426266
10590 -426266
10620 -426266
10650 -426266
10680 -426266
10710 -426266
10740 -426266
10770 -426266
10800 -426266
10830 -426266
10860 -426266
10890 -426266
10920 -426266
10950 -426266
10980 -426266
11010 -426266
11040 -426266
11070 -426266
11100 -426266
11130 -426266
11160 -426266
11190 -426266
11220 -426266
11250 -426266
11280 -426266
11310 -426266
11340 -426266
11370 -426266
11400 -426266
11430 -426266
11460 -426266
11490 -426266
11520 -426266
11550 -426266
11580 -426266
11610 -426266
11640 -426266
11670 -426266
11700 -426266
11730 -426266
11760 -426266
11790 -426266
11820 -426266
11850 -426266
11880 -426266
11910 -426266
11940 -426266
11970 -426266
12000 -426266
12030 -426266
12060 -426266
12090 -426266
12120 -426266
12150 -426266
12180 -426266
12210 -426266
12240 -426266
12270 -426266
12300 -426266
12330 -426266
12360 -426266
12390 -426266
12420 -426266
12450 -426266
12480 -426266
12510 -426266
12540 -426266
12570 -426266
12600 -426266
12630 -426266
12660 -426266
12690 -426266
12720 -426266
12750 -426266
12780 -426266
12810 -426266
12840 -426266
12870 -426266
12900 -426266
12930 -426266
12960 -426266
12990 -425716
13020 -425716
13050 -425716
13080 -425716
13110 -425716
13140 -425716
13170 -425716
13200 -425716
13230 -425716
13260 -425716
13290 -425716
13320 -425716
13350 -425716
13380 -425716
13410 -425716
13440 -425716
13470 -425716
13500 -425716
13530 -425716
13560 -425716
13590 -425716
13620 -425716
13650 -425716
13680 -425716
13710 -425716
13740 -425716
13770 -425716
13800 -425716
13830 -425716
13860 -425716
13890 -425716
13920 -425716
13950 -425716
13980 -425716
14010 -425716
14040 -425716
14070 -425716
14100 -425716
14130 -425716
14160 -425716
14190 -425716
14220 -425716
14250 -425716
14280 -425716
14310 -425716
14340 -425716
14370 -425716
14400 -425716
14430 -425716
14460 -425716
14490 -425716
14520 -425616
14550 -425616
14580 -425616
14610 -425616
14640 -425616
14670 -425616
14700 -425616
14730 -425616
14760 -425616
14790 -425616
14820 -425616
14850 -425616
14880 -425616
14910 -425616
14940 -425616
14970 -425616
15000 -425616
15030 -425616
15060 -425616
15090 -424129
15120 -424129
15150 -424129
15180 -424129
15210 -424112
15240 -424112
15270 -424112
15300 -424112
15330 -424112
15360 -424112
15390 -424112
15420 -424112
15450 -424112
15480 -424112
15510 -424112
15540 -424112
15570 -424112
15600 -424112
15630 -424112
15660 -424112
15690 -424112
15720 -424112
15750 -423912
15780 -423912
15810 -423912
15840 -423912
15870 -423912
15900 -423912
15930 -423912
15960 -423912
15990 -423912
16020 -423912
16050 -423912
16080 -423912
16110 -423912
16140 -423912
16170 -423912
16200 -423912
16230 -423912
16260 -423912
16290 -423912
16320 -423912
16350 -423912
16380 -423912
16410 -423912
16440 -423912
16470 -423912
16500 -423912
16530 -423912
16560 -423912
16590 -423912
16620 -423912
16650 -423912
16680 -423912
16710 -423912
16740 -423912
16770 -423912
16800 -423912
16830 -423912
16860 -423912
16890 -423912
16920 -423912
16950 -423912
16980 -423912
17010 -423912
17040 -423912
17070 -423912
17100 -423912
17130 -423912
17160 -423912
17190 -423912
17220 -423912
17250 -423912
17280 -423912
17310 -423912
17340 -423912
17370 -423912
17400 -423912
17430 -423912
17460 -423912
17490 -423912
17520 -423912
17550 -423912
17580 -423912
17610 -423912
17640 -423530
17670 -423530
17700 -423530
17730 -423530
17760 -423530
17790 -423530
17820 -423530
17850 -423530
17880 -423530
17910 -423530
17940 -423530
17970 -423530
18000 -423513
18030 -423513
18060 -423513
18090 -423513
18120 -423513
18150 -423513
18180 -423513
18210 -423513
18240 -423513
18270 -423313
18300 -423313
18330 -423313
18360 -423313
18390 -423313
18420 -423313
18450 -423313
18480 -423313
18510 -423313
18540 -423313
18570 -423313
18600 -423313
18630 -423313
18660 -423313
18690 -423313
18720 -423313
18750 -423313
18780 -423313
18810 -423313
18840 -423313
18870 -423313
18900 -423313
18930 -423313
18960 -423313
18990 -423313
19020 -423313
19050 -423313
19080 -423313
19110 -423313
19140 -423313
19170 -423313
19200 -423313
19230 -423313
19260 -422809
19290 -422809
19320 -422809
19350 -422809
19380 -422809
19410 -422809
19440 -422809
19470 -422809
19500 -422698
19530 -422698
19560 -422698
19590 -422698
19620 -422698
19650 -422698
19680 -422619
19710 -422619
19740 -422619
19770 -422619
19800 -422619
19830 -422619
19860 -422619
19890 -422619
19920 -422619
19950 -422619
19980 -422619
20010 -422619
20040 -422619
20070 -422619
20100 -422619
20130 -422619
20160 -422619
20190 -422619
20220 -422619
20250 -422619
20280 -422619
20310 -422619
20340 -422619
20370 -422619
20400 -422619
20430 -422619
20460 -422619
20490 -422619
20520 -422619
20550 -422619
20580 -422619
20610 -422619
20640 -422619
20670 -422619
20700 -422619
20730 -422619
20760 -422619
20790 -422619
20820 -422619
20850 -422619
20880 -422619
20910 -422619
20940 -422619
20970 -422619
21000 -422619
21030 -422619
21060 -422619
21090 -422619
21120 -422619
21150 -422619
21180 -422619
21210 -422619
21240 -422619
21270 -422619
21300 -422619
21330 -422619
21360 -422619
21390 -422619
21420 -422619
21450 -422619
21480 -422619
21510 -422619
21540 -422002
21570 -422002
21600 -422002
21630 -422002
21660 -422002
21690 -422002
21720 -422002
21750 -422002
21780 -422002
21810 -422002
21840 -422002
21870 -422002
21900 -422002
21930 -422002
21960 -422002
21990 -422002
22020 -422002
22050 -422002
22080 -422002
22110 -422002
22140 -422002
22170 -422002
22200 -422002
22230 -422002
22260 -422002
22290 -422002
22320 -422002
22350 -422002
22380 -422002
22410 -422002
22440 -422002
22470 -422002
22500 -422002
22530 -421400
22560 -421400
22590 -421400
22620 -421400
22650 -421400
22680 -421400
22710 -421400
22740 -421400
22770 -421400
22800 -421400
22830 -421400
22860 -421400
22890 -421400
22920 -421400
22950 -421400
22980 -421400
23010 -421400
23040 -421400
23070 -421400
23100 -421400
23130 -421400
23160 -421400
23190 -421400
23220 -421400
23250 -421400
23280 -421400
23310 -421400
23340 -421400
23370 -421400
23400 -421400
23430 -421400
23460 -421400
23490 -421400
23520 -421400
23550 -421400
23580 -421400
23610 -421400
23640 -421400
23670 -421400
23700 -421400
23730 -421400
23760 -421400
23790 -421400
23820 -421400
23850 -421276
23880 -421276
23910 -421276
23940 -421276
23970 -421276
24000 -421276
24030 -421276
24060 -421276
24090 -421276
24120 -421276
24150 -421276
24180 -421276
24210 -421276
24240 -421276
24270 -421276
24300 -421276
24330 -421276
24360 -421067
24390 -421067
24420 -421067
24450 -421067
24480 -421067
24510 -421067
24540 -421067
24570 -421067
24600 -421067
24630 -421067
24660 -421067
24690 -421067
24720 -421067
24750 -421067
24780 -421067
24810 -421067
24840 -421067
24870 -421067
24900 -421067
24930 -421067
24960 -421067
24990 -421067
25020 -421067
25050 -421067
25080 -421067
25110 -421067
25140 -421067
25170 -421067
25200 -421067
25230 -421067
25260 -421067
25290 -421067
25320 -421067
25350 -421067
25380 -421067
25410 -421067
25440 -421067
25470 -421067
25500 -421067
25530 -421067
25560 -421067
25590 -421067
25620 -421067
25650 -421067
25680 -421067
25710 -421067
25740 -421067
25770 -421067
25800 -421067
25830 -421067
25860 -421067
25890 -421067
25920 -421067
25950 -421067
25980 -421067
26010 -421067
26040 -421067
26070 -421067
26100 -421067
26130 -421067
26160 -421067
26190 -421067
26220 -421067
26250 -421067
26280 -421067
26310 -421067
26340 -421067
26370 -421067
26400 -421067
26430 -421067
26460 -421067
26490 -421067
26520 -421067
26550 -421067
26580 -421067
26610 -421067
26640 -421067
26670 -421067
26700 -421067
26730 -421067
26760 -421067
26790 -421067
26820 -421067
26850 -421067
26880 -421067
26910 -421067
26940 -421067
26970 -421067
27000 -421067
27030 -421067
27060 -421067
27090 -421067
27120 -421067
27150 -421067
27180 -421067
27210 -421067
27240 -421067
27270 -421067
27300 -421067
27330 -421067
27360 -421067
27390 -421067
27420 -421067
27450 -421067
27480 -421067
27510 -421067
27540 -421067
27570 -421067
27600 -421067
27630 -421067
27660 -421067
27690 -421067
27720 -421067
27750 -421067
27780 -421067
27810 -421067
27840 -421067
27870 -421067
27900 -421067
27930 -420248
27960 -419787
27990 -419787
28020 -419787
28050 -419787
28080 -419787
28110 -419787
28140 -419787
28170 -419787
28200 -419787
28230 -419787
28260 -419787
28290 -419787
28320 -419787
28350 -419787
28380 -419787
28410 -419787
28440 -419787
28470 -419787
28500 -419787
28530 -419787
28560 -419787
28590 -419787
28620 -419787
28650 -419787
28680 -419787
28710 -419787
28740 -419787
28770 -419787
28800 -419787
28830 -419787
28860 -419787
28890 -419787
28920 -419787
28950 -419787
28980 -419787
29010 -419787
29040 -419787
29070 -419787
29100 -419748
29130 -419748
29160 -419748
29190 -419748
29220 -419748
29250 -419748
29280 -419748
29310 -419748
29340 -419748
29370 -419748
29400 -419748
29430 -419748
29460 -419748
29490 -419748
29520 -419748
29550 -419748
29580 -419748
29610 -419715
29640 -419715
29670 -419715
29700 -419715
29730 -419715
29760 -419715
29790 -419715
29820 -419715
29850 -419715
29880 -419715
29910 -419715
29940 -419715
29970 -419715
30000 -419715
30030 -419715
30060 -419715
30090 -419715
30120 -419715
30150 -419715
30180 -419671
30210 -419671
30240 -419671
30270 -419671
30300 -419671
30330 -419671
30360 -419671
30390 -419671
30420 -419671
30450 -419671
30480 -419671
30510 -419671
30540 -419671
30570 -419671
30600 -419671
30630 -419671
30660 -419671
30690 -419671
30720 -419671
30750 -419671
30780 -419671
30810 -419671
30840 -419671
30870 -419671
30900 -419671
30930 -419671
30960 -419671
30990 -419671
31020 -419671
31050 -419671
31080 -419671
31110 -419671
31140 -419671
31170 -419671
31200 -419671
31230 -419671
31260 -419671
31290 -419671
31320 -419671
31350 -419671
31380 -419671
31410 -419671
31440 -419671
31470 -419671
31500 -419671
31530 -419671
31560 -419671
31590 -419671
31620 -419671
31650 -419671
31680 -419671
31710 -419671
31740 -419671
31770 -419671
31800 -419671
31830 -419671
31860 -419671
31890 -419671
31920 -419671
31950 -419671
31980 -419671
32010 -419671
32040 -418931
32070 -418931
32100 -418931
32130 -418931
32160 -418931
32190 -418931
32220 -418931
32250 -418931
32280 -418931
32310 -418931
32340 -418931
32370 -418931
32400 -418931
32430 -418844
32460 -418844
32490 -418304
32520 -418304
32550 -418304
32580 -418304
32610 -418304
32640 -418304
32670 -418304
32700 -418304
32730 -418304
32760 -418304
32790 -418304
32820 -418304
32850 -418304
32880 -418196
32910 -418196
32940 -418196
32970 -418196
33000 -418196
33030 -418196
33060 -418196
33090 -418196
33120 -418196
33150 -418138
33180 -418138
33210 -418138
33240 -418138
33270 -417959
33300 -417959
33330 -417959
33360 -417959
33390 -417959
33420 -417959
33450 -417959
33480 -417959
33510 -417959
33540 -417959
33570 -417959
33600 -417959
33630 -417959
33660 -417959
33690 -417959
33720 -417959
33750 -417956
33780 -417956
33810 -417956
33840 -417956
33870 -417956
33900 -417956
33930 -417956
33960 -417956
33990 -417956
34020 -417956
34050 -417956
34080 -417956
34110 -417956
34140 -417956
34170 -417956
34200 -417956
34230 -417956
34260 -417956
34290 -417956
34320 -417956
34350 -417956
34380 -417956
34410 -417809
34440 -417809
34470 -417809
34500 -417809
34530 -417809
34560 -417809
34590 -417809
34620 -417809
34650 -417809
34680 -417809
34710 -417809
34740 -417809
34770 -417809
34800 -417809
34830 -417809
34860 -417809
34890 -417809
34920 -417809
34950 -417809
34980 -417809
35010 -417809
35040 -417809
35070 -417809
35100 -417809
35130 -417809
35160 -417809
35190 -417809
35220 -417809
35250 -417809
35280 -417809
35310 -417809
35340 -417809
35370 -417809
35400 -417809
35430 -417809
35460 -417809
35490 -417809
35520 -417809
35550 -417809
35580 -417809
35610 -417809
35640 -417809
35670 -417809
35700 -417809
35730 -417809
35760 -417809
35790 -417809
35820 -417809
35850 -417809
35880 -417809
35910 -417809
35940 -417809
35970 -417809
36000 -417809
36030 -417809
36060 -417809
36090 -417809
36120 -417809
36150 -417809
36180 -417809
36210 -417809
36240 -417809
36270 -417809
36300 -417809
36330 -417809
36360 -417809
36390 -417809
36420 -417809
36450 -417809
36480 -417809
36510 -417809
36540 -417809
36570 -417809
36600 -417809
36630 -417809
36660 -417809
36690 -417809
36720 -417809
36750 -417809
36780 -417809
36810 -417809
36840 -417809
36870 -417809
36900 -417809
36930 -417809
36960 -417809
36990 -417809
37020 -417809
37050 -417809
37080 -417809
37110 -417809
37140 -417809
37170 -417809
37200 -417809
37230 -417809
37260 -417809
37290 -417809
37320 -417809
37350 -417809
37380 -417809
37410 -417809
37440 -417809
37470 -417809
37500 -417809
37530 -417809
37560 -417809
37590 -417809
37620 -417809
37650 -417809
37680 -417809
37710 -417809
37740 -417809
37770 -417809
37800 -417809
37830 -417809
37860 -417809
37890 -417809
37920 -417809
37950 -417809
37980 -417809
38010 -417809
38040 -417809
38070 -417809
38100 -417809
38130 -417809
38160 -417809
38190 -417809
38220 -417809
38250 -417809
38280 -417809
38310 -417809
38340 -417809
38370 -417809
38400 -417809
38430 -417809
38460 -417809
38490 -417809
38520 -417809
38550 -417809
38580 -417809
38610 -417809
38640 -417809
38670 -417809
38700 -417809
38730 -417809
38760 -417270
38790 -417270
38820 -417270
38850 -417270
38880 -417270
38910 -417270
38940 -417270
38970 -417270
39000 -417270
39030 -417270
39060 -417270
39090 -417270
39120 -417270
39150 -417270
39180 -417270
39210 -417270
39240 -417270
39270 -417270
39300 -417270
39330 -417270
39360 -417270
39390 -417270
39420 -417270
39450 -417270
39480 -417270
39510 -417270
39540 -417270
39570 -417270
39600 -417270
39630 -417270
39660 -417270
39690 -417270
39720 -417270
39750 -417270
39780 -417270
39810 -417270
39840 -417270
39870 -417270
39900 -417270
39930 -417270
39960 -417270
39990 -417270
40020 -417270
40050 -417270
40080 -417270
40110 -417270
40140 -417270
40170 -417270
40200 -417270
40230 -417270
40260 -417270
40290 -417270
40320 -417270
40350 -417270
40380 -417270
40410 -417270
40440 -417270
40470 -417270
40500 -417270
40530 -417270
40560 -417041
40590 -417041
40620 -417041
40650 -417041
40680 -417041
40710 -417041
40740 -417041
40770 -417041
40800 -417041
40830 -417041
40860 -417041
40890 -417041
40920 -417041
40950 -417041
40980 -417041
41010 -417041
41040 -417041
41070 -417041
41100 -417041
41130 -417041
41160 -417041
41190 -417041
41220 -417041
41250 -417041
41280 -417041
41310 -417041
41340 -417041
41370 -417041
41400 -417041
41430 -417041
41460 -417041
41490 -417041
41520 -417041
41550 -417041
41580 -417041
41610 -417041
41640 -417041
41670 -417041
41700 -417041
41730 -417041
41760 -417041
41790 -417041
41820 -417041
41850 -417041
41880 -417041
41910 -417041
41940 -417041
41970 -417041
42000 -417041
42030 -417041
42060 -417041
42090 -417041
42120 -417041
42150 -417041
42180 -417041
42210 -417041
42240 -417041
42270 -417041
42300 -417041
42330 -417041
42360 -417041
42390 -417041
42420 -417041
42450 -417041
42480 -417041
42510 -417041
42540 -417041
42570 -417041
42600 -417041
42630 -417041
42660 -417041
42690 -417041
42720 -417041
42750 -417041
42780 -417041
42810 -417041
42840 -417041
42870 -417041
42900 -417041
42930 -417041
42960 -417041
42990 -417041
43020 -417041
43050 -417041
43080 -417041
43110 -417041
43140 -417041
43170 -417041
43200 -417041
43230 -417041
43260 -417041
43290 -417041
43320 -417041
43350 -417041
43380 -417041
43410 -417041
43440 -417041
43470 -417041
43500 -417041
43530 -417041
43560 -417041
43590 -417041
43620 -416756
43650 -416756
43680 -416756
43710 -416756
43740 -416756
43770 -416756
43800 -416756
43830 -416714
43860 -416714
43890 -416714
43920 -416714
43950 -416714
43980 -416714
44010 -416714
44040 -416714
44070 -416714
44100 -416714
44130 -416714
44160 -416714
44190 -416714
44220 -416714
44250 -416714
44280 -416714
44310 -416714
44340 -416714
44370 -416714
44400 -416714
44430 -416714
44460 -416714
44490 -416714
44520 -416714
44550 -416714
44580 -416714
44610 -416714
44640 -416714
44670 -416714
44700 -416714
44730 -416714
44760 -416714
44790 -416714
44820 -416714
44850 -416714
44880 -416714
44910 -416714
44940 -416714
44970 -416714
45000 -416714
45030 -416714
45060 -416714
45090 -416714
45120 -416714
45150 -416714
45180 -416714
45210 -416714
45240 -416714
45270 -416482
45300 -416482
45330 -416482
45360 -416482
45390 -416482
45420 -416482
45450 -416482
45480 -416482
45510 -416482
45540 -416482
45570 -416482
45600 -416482
45630 -416482
45660 -416482
45690 -416482
45720 -416482
45750 -416482
45780 -416482
45810 -416482
45840 -416482
45870 -416482
45900 -416482
45930 -416482
45960 -416482
45990 -416482
46020 -416482
46050 -416482
46080 -416482
46110 -416482
46140 -416482
46170 -416482
46200 -416482
46230 -416482
46260 -416482
46290 -416482
46320 -416482
46350 -416482
46380 -416482
46410 -416482
46440 -416482
46470 -416482
46500 -416482
46530 -416482
46560 -416482
46590 -416482
46620 -416482
46650 -416482
46680 -416482
46710 -416482
46740 -416482
46770 -416482
46800 -416482
46830 -416482
46860 -416482
46890 -416482
46920 -416482
46950 -416482
46980 -416482
47010 -416482
47040 -416482
47070 -416482
47100 -416482
47130 -416482
47160 -416482
47190 -416482
47220 -416482
47250 -416482
47280 -416482
47310 -416482
47340 -416482
47370 -416482
47400 -416482
47430 -416482
47460 -416482
47490 -416482
47520 -416482
47550 -416482
47580 -416482
47610 -416482
47640 -416482
47670 -416482
47700 -416482
47730 -416482
47760 -416482
47790 -416482
47820 -416482
47850 -416480
47880 -416480
47910 -416480
47940 -416480
47970 -416480
48000 -416480
48030 -416480
48060 -416480
48090 -416480
48120 -416480
48150 -416480
48180 -416480
48210 -416480
48240 -416480
48270 -416480
48300 -416480
48330 -416480
48360 -416480
48390 -416480
48420 -416480
48450 -416480
48480 -416480
48510 -416480
48540 -416480
48570 -416480
48600 -416480
48630 -416480
48660 -416480
48690 -416480
48720 -416480
48750 -416480
48780 -416480
48810 -416480
48840 -416480
48870 -416480
48900 -416480
48930 -416480
48960 -416480
48990 -416480
49020 -416480
49050 -416480
49080 -416480
49110 -416480
49140 -416480
49170 -416480
49200 -416480
49230 -416480
49260 -416480
49290 -416480
49320 -416480
49350 -416480
49380 -416480
49410 -416480
49440 -416480
49470 -416480
49500 -416480
49530 -416480
49560 -416480
49590 -416480
49620 -416480
49650 -416480
49680 -416480
49710 -416480
49740 -416480
49770 -416480
49800 -416480
49830 -416480
49860 -416480
49890 -416480
49920 -416480
49950 -416480
49980 -416480
50010 -416480
50040 -416480
50070 -416480
50100 -416480
50130 -416480
50160 -416480
50190 -416480
50220 -416480
50250 -416480
50280 -416480
50310 -416480
50340 -416480
50370 -416480
50400 -416216
50430 -416216
50460 -416216
50490 -416216
50520 -416216
50550 -416216
50580 -416216
50610 -416216
50640 -416216
50670 -416216
50700 -416216
50730 -416216
50760 -416216
50790 -416216
50820 -416216
50850 -416216
50880 -416216
50910 -416216
50940 -416216
50970 -416216
51000 -416216
51030 -416216
51060 -416216
51090 -416216
51120 -416216
51150 -416216
51180 -416216
51210 -416216
51240 -416216
51270 -416216
51300 -416216
51330 -416216
51360 -416216
51390 -416216
51420 -416216
51450 -416216
51480 -416216
51510 -416216
51540 -416216
51570 -416216
51600 -416216
51630 -416216
51660 -416216
51690 -416216
51720 -416216
51750 -416216
51780 -416216
51810 -416216
51840 -416216
51870 -416216
51900 -416216
51930 -416216
51960 -416216
51990 -416216
52020 -416216
52050 -416216
52080 -416216
52110 -416216
52140 -416216
52170 -416216
52200 -416216
52230 -416216
52260 -416216
52290 -416216
52320 -416216
52350 -416216
52380 -416216
52410 -416216
52440 -416216
52470 -416216
52500 -416216
52530 -416216
52560 -416216
52590 -416216
52620 -416216
52650 -416216
52680 -416216
52710 -416216
52740 -416216
52770 -416216
52800 -416216
52830 -416216
52860 -416216
52890 -416216
52920 -416216
52950 -416216
52980 -416216
53010 -416216
53040 -416216
53070 -416216
53100 -416216
53130 -416216
53160 -416216
53190 -416216
53220 -416216
53250 -416216
53280 -416216
53310 -416216
53340 -416216
53370 -416216
53400 -416216
53430 -416216
53460 -416216
53490 -416216
53520 -416216
53550 -416216
53580 -416216
53610 -416216
53640 -416216
53670 -416216
53700 -416216
53730 -416216
53760 -416216
53790 -416216
53820 -416216
53850 -416216
53880 -416216
53910 -416216
53940 -416216
53970 -416216
54000 -416216
54030 -416216
54060 -416216
54090 -416216
54120 -416216
54150 -416216
54180 -416216
54210 -416216
54240 -416216
54270 -416216
54300 -416216
54330 -416216
54360 -416216
54390 -416216
54420 -416216
54450 -416216
54480 -416216
54510 -416216
54540 -416216
54570 -416216
54600 -416216
54630 -416216
54660 -416216
54690 -416216
54720 -416216
54750 -416216
54780 -416216
54810 -416216
54840 -416216
54870 -416216
54900 -416216
54930 -416216
54960 -416216
54990 -416216
55020 -416216
55050 -416216
55080 -416006
55110 -416006
55140 -416006
55170 -416006
55200 -416006
55230 -416006
55260 -416006
55290 -416006
55320 -416006
55350 -416006
55380 -416006
55410 -416006
55440 -416006
55470 -416006
55500 -416006
55530 -416006
55560 -416006
55590 -416006
55620 -416006
55650 -416006
55680 -416006
55710 -416006
55740 -416006
55770 -416006
55800 -416006
55830 -416006
55860 -416006
55890 -416006
55920 -416006
55950 -416006
55980 -416006
56010 -416006
56040 -416006
56070 -416006
56100 -416006
56130 -416006
56160 -416006
56190 -416006
56220 -416006
56250 -416006
56280 -416006
56310 -416006
56340 -416006
56370 -416006
56400 -416006
56430 -416006
56460 -416006
56490 -416006
56520 -416006
56550 -416006
56580 -416006
56610 -416006
56640 -416006
56670 -416006
56700 -416006
56730 -416006
56760 -416006
56790 -416006
56820 -416006
56850 -416006
56880 -416006
56910 -416006
56940 -416006
56970 -416006
57000 -416006
57030 -416006
57060 -416006
57090 -416006
57120 -416006
57150 -416006
57180 -416006
57210 -416006
57240 -416006
57270 -416006
57300 -416006
57330 -416006
57360 -416006
57390 -416006
57420 -416006
57450 -416006
57480 -416006
57510 -416006
57540 -416006
57570 -416006
57600 -416006
57630 -416006
57660 -416006
57690 -416006
57720 -416006
57750 -416006
57780 -416006
57810 -416006
57840 -416006
57870 -416006
57900 -416006
57930 -416006
57960 -416006
57990 -416006
58020 -416006
58050 -416006
58080 -416006
58110 -416006
58140 -416006
58170 -416006
58200 -416006
58230 -416006
58260 -416006
58290 -416006
58320 -416006
58350 -416006
58380 -416006
58410 -416006
58440 -416006
58470 -416006
58500 -416006
58530 -416006
58560 -416006
58590 -416006
58620 -416006
58650 -416006
58680 -416006
58710 -416006
58740 -416006
58770 -416006
58800 -416006
58830 -416006
58860 -416006
58890 -416006
58920 -416006
58950 -416006
58980 -416006
59010 -416006
59040 -416006
59070 -416006
59100 -416006
59130 -416006
59160 -416006
59190 -416006
59220 -416006
59250 -416006
59280 -416006
59310 -416006
59340 -416006
59370 -416006
59400 -416006
59430 -416006
59460 -416006
59490 -416006
59520 -416006
59550 -416006
59580 -416006
59610 -416006
59640 -416006
59670 -416006
59700 -416006
59730 -416006
59760 -416006
59790 -416006
59820 -416006
59850 -416006
59880 -416006
59910 -416006
59940 -416006
59970 -416006
60000 -416006
60030 -416006
60060 -416006
60090 -416006
60120 -416006
60150 -416006
60180 -416006
60210 -416006
60240 -416006
60270 -416006
60300 -416006
60330 -416006
60360 -416006
60390 -416006
60420 -416006
60450 -416006
60480 -416006
60510 -416006
60540 -416006
60570 -416006
60600 -416006
60630 -416006
60660 -416006
60690 -416006
60720 -416006
60750 -416006
60780 -416006
60810 -416006
60840 -416006
60870 -416006
60900 -416006
60930 -416006
60960 -416006
60990 -416006
61020 -416006
61050 -416006
61080 -416006
61110 -416006
61140 -416006
61170 -416006
61200 -416006
61230 -416006
61260 -416006
61290 -415898
61320 -415898
61350 -415898
61380 -415898
61410 -415898
61440 -415898
61470 -415898
61500 -415898
61530 -415898
61560 -415898
61590 -415898
61620 -415898
61650 -415898
61680 -415898
61710 -415898
61740 -415898
61770 -415898
61800 -415898
61830 -415898
61860 -415898
61890 -415898
61920 -415898
61950 -415898
61980 -415898
62010 -415898
62040 -415898
62070 -415898
62100 -415898
62130 -415898
62160 -415898
62190 -415898
62220 -415898
62250 -415898
62280 -415898
62310 -415898
62340 -415898
62370 -415898
62400 -415898
62430 -415898
62460 -415898
62490 -415898
62520 -415898
62550 -415898
62580 -415898
62610 -415898
62640 -415898
62670 -415898
62700 -415898
62730 -415898
62760 -415898
62790 -415898
62820 -415898
62850 -415898
62880 -415898
62910 -415898
62940 -415898
62970 -415898
63000 -415898
63030 -415898
63060 -415898
63090 -415898
63120 -415898
63150 -415898
63180 -415898
63210 -415898
63240 -415898
63270 -415898
63300 -415898
63330 -415898
63360 -415898
63390 -415898
63420 -415898
63450 -415898
63480 -415898
63510 -415898
63540 -415898
63570 -415898
63600 -415898
63630 -415898
63660 -415898
63690 -415898
63720 -415898
63750 -415898
63780 -415898
63810 -415898
63840 -415898
63870 -415898
63900 -415898
63930 -415898
63960 -415898
63990 -415898
64020 -415898
64050 -415898
64080 -415898
64110 -415898
64140 -415870
64170 -415870
64200 -415870
64230 -415870
64260 -415870
64290 -415870
64320 -415870
64350 -415870
64380 -415870
64410 -415870
64440 -415870
64470 -415870
64500 -415870
64530 -415870
64560 -415870
64590 -415870
64620 -415870
64650 -415870
64680 -415870
64710 -415870
64740 -415870
64770 -415870
64800 -415870
64830 -415870
64860 -415870
64890 -415870
64920 -415870
64950 -415870
64980 -415870
65010 -415870
65040 -415870
65070 -415870
65100 -415870
65130 -415870
65160 -415870
65190 -415870
65220 -415870
65250 -415870
65280 -415870
65310 -415870
65340 -415870
65370 -415870
65400 -415870
65430 -415870
65460 -415870
65490 -415870
65520 -415870
65550 -415870
65580 -415870
65610 -415870
65640 -415870
65670 -415870
65700 -415870
65730 -415870
65760 -415870
65790 -415870
65820 -415870
65850 -415870
65880 -415870
65910 -415870
65940 -415870
65970 -415870
66000 -415870
66030 -415870
66060 -415870
66090 -415870
66120 -415870
66150 -415870
66180 -415870
66210 -415870
66240 -415870
66270 -415870
66300 -415870
66330 -415870
66360 -415870
66390 -415870
66420 -415870
66450 -415870
66480 -415870
66510 -415870
66540 -415870
66570 -415870
66600 -415870
66630 -415870
66660 -415870
66690 -415870
66720 -415870
66750 -415870
66780 -415870
66810 -415870
66840 -415870
66870 -415870
66900 -415870
66930 -415870
66960 -415870
66990 -415870
67020 -415870
67050 -415870
67080 -415870
67110 -415870
67140 -415870
67170 -415870
67200 -415870
67230 -415870
67260 -415870
67290 -415870
67320 -415870
67350 -415870
67380 -415870
67410 -415870
67440 -415870
67470 -415870
67500 -415870
67530 -415870
67560 -415870
67590 -415870
67620 -415870
67650 -415870
67680 -415870
67710 -415870
67740 -415870
67770 -415870
67800 -415870
67830 -415870
67860 -415870
67890 -415870
67920 -415870
67950 -415870
67980 -415870
68010 -415870
68040 -415870
68070 -415870
68100 -415870
68130 -415870
68160 -415870
68190 -415870
68220 -415870
68250 -415870
68280 -415870
68310 -415870
68340 -415870
68370 -415870
68400 -415870
68430 -415870
68460 -415870
68490 -415870
68520 -415870
68550 -415870
68580 -415870
68610 -415870
68640 -415870
68670 -415870
68700 -415870
68730 -415870
68760 -415870
68790 -415870
68820 -415870
68850 -415870
68880 -415870
68910 -415870
68940 -415870
68970 -415870
69000 -415870
69030 -415870
69060 -415870
69090 -415870
69120 -415870
69150 -415870
69180 -415870
69210 -415870
69240 -415870
69270 -415870
69300 -415870
69330 -415870
69360 -415870
69390 -415870
69420 -415870
69450 -415870
69480 -415870
69510 -415870
69540 -415870
69570 -415870
69600 -415870
69630 -415870
69660 -415870
69690 -415870
69720 -415870
69750 -415870
69780 -415870
69810 -415870
69840 -415870
69870 -415870
69900 -415870
69930 -415870
69960 -415870
69990 -415870
70020 -415870
70050 -415870
70080 -415870
70110 -415870
70140 -415870
70170 -415870
70200 -415870
70230 -415870
70260 -415870
70290 -415870
70320 -415870
70350 -415870
70380 -415870
70410 -415870
70440 -415870
70470 -415870
70500 -415870
70530 -415870
70560 -415870
70590 -415870
70620 -415870
70650 -415870
70680 -415870
70710 -415870
70740 -415870
70770 -415870
70800 -415870
70830 -415870
70860 -415870
70890 -415870
70920 -415870
70950 -415870
70980 -415870
71010 -415870
71040 -415870
71070 -415870
71100 -415870
71130 -415870
71160 -415870
71190 -415870
71220 -415870
71250 -415870
71280 -415870
71310 -415870
71340 -415870
71370 -415870
71400 -415870
71430 -415870
71460 -415870
71490 -415870
71520 -415870
71550 -415870
71580 -415870
71610 -415870
71640 -415870
71670 -415870
71700 -415870
71730 -415870
71760 -415870
71790 -415854
71820 -415854
71850 -415854
71880 -415854
71910 -415854
71940 -415854
71970 -415854
72000 -415854
72030 -415854
72060 -415854
72090 -415854
72120 -415854
72150 -415854
72180 -415854
72210 -415854
72240 -415854
72270 -415854
72300 -415854
72330 -415854
72360 -415854
72390 -415854
72420 -415854
72450 -415854
72480 -415854
72510 -415854
72540 -415854
72570 -415854
72600 -415854
72630 -415854
72660 -415854
72690 -415854
72720 -415854
72750 -415854
72780 -415854
72810 -415854
72840 -415719
72870 -415719
72900 -415719
72930 -415719
72960 -415719
72990 -415719
73020 -415719
73050 -415719
73080 -415719
73110 -415719
73140 -415719
73170 -415719
73200 -415719
73230 -415719
73260 -415719
73290 -415719
73320 -415719
73350 -415719
73380 -415719
73410 -415719
73440 -415719
73470 -415719
73500 -415719
73530 -415719
73560 -415719
73590 -415719
73620 -415719
73650 -415719
73680 -415719
73710 -415719
73740 -415719
73770 -415719
73800 -415719
73830 -415719
73860 -415719
73890 -415719
73920 -415719
73950 -415719
73980 -415719
74010 -415719
74040 -415719
74070 -415719
74100 -415719
74130 -415719
74160 -415719
74190 -415719
74220 -415719
74250 -415719
74280 -415719
74310 -415719
74340 -415719
74370 -415719
74400 -415719
74430 -415719
74460 -415719
74490 -415719
74520 -415719
74550 -415719
74580 -415719
74610 -415719
74640 -415719
74670 -415719
74700 -415719
74730 -415719
74760 -415719
74790 -415719
74820 -415719
74850 -415719
74880 -415719
74910 -415719
74940 -415719
74970 -415719
75000 -415719
75030 -415719
75060 -415719
75090 -415719
75120 -415719
75150 -415719
75180 -415669
75210 -415669
75240 -415669
75270 -415669
75300 -415669
75330 -415669
75360 -415669
75390 -415579
75420 -415579
75450 -415579
75480 -415579
75510 -415579
75540 -415579
75570 -415579
75600 -415579
75630 -415579
75660 -415579
75690 -415579
75720 -415579
75750 -415579
75780 -415579
75810 -415579
75840 -415579
75870 -415579
75900 -415579
75930 -415579
75960 -415579
75990 -415579
76020 -415579
76050 -415579
76080 -415579
76110 -415579
76140 -415579
76170 -415579
76200 -415579
76230 -415579
76260 -415579
76290 -415579
76320 -415579
76350 -415579
76380 -415579
76410 -415512
76440 -415512
76470 -415512
76500 -415512
76530 -415512
76560 -415512
76590 -415512
76620 -415512
76650 -415512
76680 -415512
76710 -415512
76740 -415512
76770 -415512
76800 -415512
76830 -415512
76860 -415512
76890 -415512
76920 -415512
76950 -415512
76980 -415512
77010 -415512
77040 -415512
77070 -415512
77100 -415512
77130 -415512
77160 -415512
77190 -415512
77220 -415512
77250 -415512
77280 -415512
77310 -415512
77340 -415512
77370 -415512
77400 -415512
77430 -415512
77460 -415512
77490 -415512
77520 -415512
77550 -415512
77580 -415512
77610 -415512
77640 -415512
77670 -415512
77700 -415512
77730 -415512
77760 -415512
77790 -415512
77820 -415512
77850 -415512
77880 -415512
77910 -415512
77940 -415512
77970 -415512
78000 -415512
78030 -415512
78060 -415512
78090 -415512
78120 -415512
78150 -415512
78180 -415512
78210 -415512
78240 -415512
78270 -415512
78300 -415512
78330 -415512
78360 -415512
78390 -415512
78420 -415512
78450 -415512
78480 -415512
78510 -415512
78540 -415512
78570 -415512
78600 -415512
78630 -415512
78660 -415512
78690 -415512
78720 -415512
78750 -415512
78780 -415512
78810 -415512
78840 -415512
78870 -415512
78900 -415512
78930 -415512
78960 -415512
78990 -415512
79020 -415512
79050 -415512
79080 -415512
79110 -415512
79140 -415512
79170 -415512
79200 -415512
79230 -415512
79260 -415512
79290 -415512
79320 -415512
79350 -415512
79380 -415512
79410 -415512
79440 -415512
79470 -415512
79500 -415512
79530 -415512
79560 -415512
79590 -415512
79620 -415512
79650 -415512
79680 -415512
79710 -415512
79740 -415512
79770 -415512
79800 -415512
79830 -415512
79860 -415512
79890 -415512
79920 -415512
79950 -415185
79980 -415185
80010 -415185
80040 -415185
80070 -415185
80100 -415185
80130 -415185
80160 -415185
80190 -415185
80220 -415185
80250 -415185
80280 -415185
80310 -415185
80340 -415185
80370 -415185
80400 -415185
80430 -415185
80460 -415185
80490 -415185
80520 -415185
80550 -415185
80580 -415185
80610 -415185
80640 -415185
80670 -415185
80700 -415185
80730 -415185
80760 -415185
80790 -415185
80820 -415185
80850 -415185
80880 -415185
80910 -415185
80940 -415185
80970 -415185
81000 -415185
81030 -415185
81060 -415185
81090 -415185
81120 -415185
81150 -415185
81180 -415185
81210 -415185
81240 -415185
81270 -415185
81300 -415185
81330 -415185
81360 -415185
81390 -415185
81420 -415185
81450 -415185
81480 -415185
81510 -415185
81540 -415185
81570 -415185
81600 -415185
81630 -415185
81660 -415185
81690 -415185
81720 -415185
81750 -415185
81780 -415185
81810 -415185
81840 -415185
81870 -415185
81900 -415185
81930 -415185
81960 -415185
81990 -415185
82020 -415185
82050 -415185
82080 -415185
82110 -415185
82140 -415185
82170 -415185
82200 -415185
82230 -415185
82260 -415185
82290 -415185
82320 -415185
82350 -415185
82380 -415185
82410 -415185
82440 -415185
82470 -415185
82500 -415185
82530 -415185
82560 -415185
82590 -415185
82620 -415185
82650 -415185
82680 -415185
82710 -415185
82740 -415185
82770 -415185
82800 -415185
82830 -415185
82860 -415185
82890 -415185
82920 -415185
82950 -415185
82980 -415185
83010 -415185
83040 -415185
83070 -415185
83100 -415185
83130 -415185
83160 -415185
83190 -415185
83220 -415185
83250 -415185
83280 -415185
83310 -415185
83340 -415185
83370 -415185
83400 -415185
83430 -415185
83460 -415185
83490 -415185
83520 -415185
83550 -415185
83580 -415185
83610 -415185
83640 -415185
83670 -415185
83700 -415185
83730 -415185
83760 -415185
83790 -415185
83820 -415185
83850 -415185
83880 -415185
83910 -415185
83940 -415185
83970 -415185
84000 -415185
84030 -415185
84060 -415185
84090 -415185
84120 -415185
84150 -415185
84180 -415185
84210 -415185
84240 -415185
84270 -415185
84300 -415185
84330 -415185
84360 -415185
84390 -415185
84420 -415185
84450 -415185
84480 -415185
84510 -415185
84540 -415185
84570 -415185
84600 -415185
84630 -415185
84660 -415185
84690 -415185
84720 -415185
84750 -415185
84780 -415185
84810 -415185
84840 -415185
84870 -415185
84900 -415185
84930 -415185
84960 -415185
84990 -415185
85020 -415185
85050 -415185
85080 -415185
85110 -415185
85140 -415185
85170 -415185
85200 -415185
85230 -415185
85260 -415185
85290 -415185
85320 -415185
85350 -415185
85380 -415185
85410 -415185
85440 -415185
85470 -415185
85500 -415185
85530 -415185
85560 -415185
85590 -415185
85620 -415185
85650 -415185
85680 -415185
85710 -415185
85740 -415185
85770 -415185
85800 -415185
85830 -415185
85860 -415185
85890 -415185
85920 -415185
85950 -415185
85980 -415185
86010 -415185
86040 -415185
86070 -415185
86100 -415185
86130 -415185
86160 -415185
86190 -415185
86220 -415185
86250 -415185
86280 -415185
86310 -415185
86340 -413787
86370 -413787
86400 -413787
86430 -413787
86460 -413787
86490 -413787
86520 -413787
86550 -413787
86580 -413787
86610 -413787
86640 -413787
86670 -413787
86700 -413787
86730 -413787
86760 -413787
86790 -413787
86820 -413787
86850 -413787
86880 -413787
86910 -413787
86940 -413787
86970 -413787
87000 -413787
87030 -413787
87060 -413787
87090 -413787
87120 -413787
87150 -413787
87180 -413787
87210 -413787
87240 -413787
87270 -413787
87300 -413787
87330 -413787
87360 -413787
87390 -413787
87420 -413787
87450 -413787
87480 -413787
87510 -413787
87540 -413787
87570 -413787
87600 -413787
87630 -413787
87660 -413787
87690 -413787
87720 -413787
87750 -413787
87780 -413787
87810 -413787
87840 -413787
87870 -413787
87900 -413787
87930 -413787
87960 -413787
87990 -413787
88020 -413787
88050 -413787
88080 -413787
88110 -413787
88140 -413787
88170 -413787
88200 -413787
88230 -413787
88260 -413787
88290 -413787
88320 -413787
88350 -413787
88380 -413787
88410 -413787
88440 -413787
88470 -413787
88500 -413787
88530 -413787
88560 -413787
88590 -413787
88620 -413787
88650 -413787
88680 -413787
88710 -413787
88740 -413787
88770 -413787
88800 -413787
88830 -413787
88860 -413787
88890 -413787
88920 -413787
88950 -413787
88980 -413787
89010 -413787
89040 -413787
89070 -413787
89100 -413787
89130 -413787
89160 -413787
89190 -413787
89220 -413787
89250 -413787
89280 -413787
89310 -413787
89340 -413787
89370 -413787
89400 -413787
89430 -413787
89460 -413787
89490 -413787
89520 -413787
89550 -413787
89580 -413787
89610 -413787
89640 -413787
89670 -413787
89700 -413787
89730 -413787
89760 -413787
89790 -413787
89820 -413787
89850 -413787
89880 -413787
89910 -413787
89940 -413787
89970 -413787
90000 -413787
90030 -413787
90060 -413787
90090 -413787
90120 -413787
90150 -413787
90180 -413787
90210 -413787
90240 -413787
90270 -413787
90300 -413787
90330 -413787
90360 -413787
90390 -413787
90420 -413787
90450 -413787
90480 -413787
90510 -413787
90540 -413787
90570 -413787
90600 -413787
90630 -413787
90660 -413787
90690 -413787
90720 -413787
90750 -413787
90780 -413787
90810 -413787
90840 -413787
90870 -413787
90900 -413787
90930 -413787
90960 -413787
90990 -413787
91020 -413787
91050 -413787
91080 -413787
91110 -413787
91140 -413787
91170 -413787
91200 -413787
91230 -413787
91260 -413787
91290 -413787
91320 -413787
91350 -413787
91380 -413787
91410 -413787
91440 -413787
91470 -413787
91500 -413787
91530 -413787
91560 -413787
91590 -413787
91620 -413787
91650 -413787
91680 -413787
91710 -413787
91740 -413787
91770 -413787
91800 -413787
91830 -413787
91860 -413787
91890 -413787
91920 -413787
91950 -413787
91980 -413787
92010 -413787
92040 -413787
92070 -413787
92100 -413787
92130 -413787
92160 -413787
92190 -413787
92220 -413787
92250 -413787
92280 -413787
92310 -413787
92340 -413787
92370 -413787
92400 -413787
92430 -413787
92460 -413787
92490 -413787
92520 -413787
92550 -413787
92580 -413787
92610 -413787
92640 -413787
92670 -413787
92700 -413787
92730 -413787
92760 -413787
92790 -413787
92820 -413787
92850 -413787
92880 -413787
92910 -413787
92940 -413787
92970 -413787
93000 -413787
93030 -413787
93060 -413787
93090 -413787
93120 -413787
93150 -413787
93180 -413787
93210 -413787
93240 -413787
93270 -413787
93300 -413787
93330 -413787
93360 -413787
93390 -413787
93420 -413787
93450 -413787
93480 -413787
93510 -413787
93540 -413787
93570 -413787
93600 -413787
93630 -413787
93660 -413787
93690 -413787
93720 -413787
93750 -413787
93780 -413787
93810 -413787
93840 -413787
93870 -413787
93900 -413787
93930 -413787
93960 -413787
93990 -413787
94020 -413787
94050 -413787
94080 -413787
94110 -413787
94140 -413787
94170 -413787
94200 -413787
94230 -413787
94260 -413787
94290 -413787
94320 -413787
94350 -413787
94380 -413787
94410 -413787
94440 -413787
94470 -413787
94500 -413787
94530 -413787
94560 -413787
94590 -413787
94620 -413787
94650 -413787
94680 -413787
94710 -413787
94740 -413787
94770 -413787
94800 -413787
94830 -413787
94860 -413787
94890 -413787
94920 -413787
94950 -413787
94980 -413787
95010 -413787
95040 -413787
95070 -413787
95100 -413787
95130 -413787
95160 -413787
95190 -413787
95220 -413787
95250 -413787
95280 -413787
95310 -413787
95340 -413787
95370 -413787
95400 -413787
95430 -413787
95460 -413787
95490 -413787
95520 -413787
95550 -413787
95580 -413787
95610 -413787
95640 -413787
95670 -413787
95700 -413787
95730 -413787
95760 -413787
95790 -413787
95820 -413787
95850 -413787
95880 -413787
95910 -413787
95940 -413787
95970 -413787
96000 -413787
96030 -413787
96060 -413787
96090 -413787
96120 -413787
96150 -413787
96180 -413787
96210 -413787
96240 -413787
96270 -413787
96300 -413787
96330 -413787
96360 -413739
96390 -413739
96420 -413739
96450 -413739
96480 -413739
96510 -413739
96540 -413739
96570 -413739
96600 -413739
96630 -413739
96660 -413739
96690 -413739
96720 -413739
96750 -413739
96780 -413739
96810 -413739
96840 -413739
96870 -413739
96900 -413739
96930 -413739
96960 -413739
96990 -413739
97020 -413739
97050 -413739
97080 -413739
97110 -413739
97140 -413739
97170 -413739
97200 -413739
97230 -413739
97260 -413739
97290 -413739
97320 -413739
97350 -413739
97380 -413739
97410 -413739
97440 -413739
97470 -413739
97500 -413739
97530 -413739
97560 -413739
97590 -413739
97620 -413739
97650 -413739
97680 -413739
97710 -413739
97740 -413739
97770 -413739
97800 -413739
97830 -413739
97860 -413739
97890 -413739
97920 -413739
97950 -413739
97980 -413739
98010 -413739
98040 -413739
98070 -413739
98100 -413739
98130 -413739
98160 -413739
98190 -413739
98220 -413739
98250 -413739
98280 -413739
98310 -413739
98340 -413739
98370 -413739
98400 -413739
98430 -413739
98460 -413739
98490 -413739
98520 -413739
98550 -413739
98580 -413739
98610 -413739
98640 -413739
98670 -413658
98700 -413658
98730 -413658
98760 -413658
98790 -413658
98820 -413658
98850 -413658
98880 -413658
98910 -413658
98940 -413658
98970 -413658
99000 -413658
99030 -413658
99060 -413658
99090 -413658
99120 -413658
99150 -413658
99180 -413658
99210 -413658
99240 -413658
99270 -413658
99300 -413658
99330 -413658
99360 -413658
99390 -413658
99420 -413658
99450 -413658
99480 -413658
99510 -413658
99540 -413658
99570 -413658
99600 -413658
99630 -413658
99660 -413658
99690 -413658
99720 -413658
99750 -413658
99780 -413658
99810 -413658
99840 -413658
99870 -413658
99900 -413658
99930 -413658
99960 -413658
99990 -413658
100020 -413658
100050 -413658
100080 -413658
100110 -413658
100140 -413658
100170 -413658
100200 -413658
100230 -413658
100260 -413658
100290 -413658
100320 -413658
100350 -413658
100380 -413658
100410 -413658
100440 -413658
100470 -413658
100500 -413658
100530 -413658
100560 -413658
100590 -413658
100620 -413658
100650 -413658
100680 -413658
100710 -413658
100740 -413658
100770 -413658
100800 -413658
100830 -413658
100860 -413658
100890 -413658
100920 -413658
100950 -413658
100980 -413658
101010 -413658
101040 -413658
101070 -413658
101100 -413658
101130 -413658
101160 -413658
101190 -413658
101220 -413658
101250 -413658
101280 -413658
101310 -413658
101340 -413658
101370 -413658
101400 -413658
101430 -413658
101460 -413658
101490 -413658
101520 -413658
101550 -413658
101580 -413658
101610 -413658
101640 -413658
101670 -413658
101700 -413658
101730 -413658
101760 -413658
101790 -413658
101820 -413658
101850 -413658
101880 -413658
101910 -413658
101940 -413658
101970 -413658
102000 -413658
102030 -413658
102060 -413658
102090 -413658
102120 -413658
102150 -413658
102180 -413658
102210 -413658
102240 -413658
102270 -413658
102300 -413658
102330 -413658
102360 -413658
102390 -413658
102420 -413658
102450 -413658
102480 -413658
102510 -413658
102540 -413658
102570 -413658
102600 -413658
102630 -413658
102660 -413658
102690 -413658
102720 -413658
102750 -413658
102780 -413658
102810 -413658
102840 -413658
102870 -413658
102900 -413658
102930 -413658
102960 -413658
102990 -413658
103020 -413658
103050 -413658
103080 -413658
103110 -413658
103140 -413658
103170 -413658
103200 -413658
103230 -413658
103260 -413658
103290 -413658
103320 -413658
103350 -413658
103380 -413658
103410 -413658
103440 -413658
103470 -413658
103500 -413658
103530 -413658
103560 -413658
103590 -413658
103620 -413658
103650 -413658
103680 -413658
103710 -413658
103740 -413658
103770 -413658
103800 -413658
103830 -413658
103860 -413658
103890 -413658
103920 -413658
103950 -413658
103980 -413658
104010 -413658
104040 -413658
104070 -413658
104100 -413658
104130 -413658
104160 -413658
104190 -413658
104220 -413658
104250 -413658
104280 -413658
104310 -413658
104340 -413658
104370 -413658
104400 -413658
104430 -413658
104460 -413658
104490 -413658
104520 -413658
104550 -413658
104580 -413658
104610 -413658
104640 -413658
104670 -413658
104700 -413658
104730 -413658
104760 -413658
104790 -413658
104820 -413658
104850 -413658
104880 -413658
104910 -413658
104940 -413658
104970 -413658
105000 -413658
105030 -413658
105060 -413658
105090 -413658
105120 -413658
105150 -413658
105180 -413658
105210 -413658
105240 -413658
105270 -413658
105300 -413658
105330 -413658
105360 -413658
105390 -413658
105420 -413658
105450 -413658
105480 -413658
105510 -413658
105540 -413658
105570 -413658
105600 -413658
105630 -413658
105660 -413658
105690 -413658
105720 -413658
105750 -413658
105780 -413658
105810 -413658
105840 -413658
105870 -413658
105900 -413658
105930 -413658
105960 -413658
105990 -413658
106020 -413658
106050 -413658
106080 -413658
106110 -413658
106140 -413658
106170 -413658
106200 -413658
106230 -413658
106260 -413658
106290 -413658
106320 -413658
106350 -413658
106380 -413658
106410 -413658
106440 -413658
106470 -413658
106500 -413658
106530 -413658
106560 -413658
106590 -413658
106620 -413658
106650 -413658
106680 -413658
106710 -413658
106740 -413658
106770 -413658
106800 -413658
106830 -413658
106860 -413658
106890 -413658
106920 -413658
106950 -413658
106980 -413658
107010 -413658
107040 -413658
107070 -413658
107100 -413658
107130 -413658
107160 -413658
107190 -413658
107220 -412982
107250 -412982
107280 -412982
107310 -412982
107340 -412982
107370 -412982
107400 -412982
107430 -412982
107460 -412982
107490 -412982
107520 -412982
107550 -412982
107580 -412982
107610 -412982
107640 -412982
107670 -412982
107700 -412982
107730 -412982
107760 -412982
107790 -412982
107820 -412982
107850 -412982
107880 -412982
107910 -412982
107940 -412982
107970 -412982
108000 -412982
108030 -412982
108060 -412982
108090 -412982
108120 -412982
108150 -412982
108180 -412982
108210 -412982
108240 -412982
108270 -412806
108300 -412806
108330 -412806
108360 -412806
108390 -412806
108420 -412806
108450 -412806
108480 -412806
108510 -412806
108540 -412806
108570 -412806
108600 -412806
108630 -412806
108660 -412806
108690 -412806
108720 -412806
108750 -412806
108780 -412806
108810 -412806
108840 -412806
108870 -412806
108900 -412806
108930 -412806
108960 -412806
108990 -412806
109020 -412806
109050 -412806
109080 -412806
109110 -412806
109140 -412806
109170 -412806
109200 -412806
109230 -412806
109260 -412806
109290 -412806
109320 -412806
109350 -412806
109380 -412806
109410 -412806
109440 -412806
109470 -412806
109500 -412806
109530 -412806
109560 -412806
109590 -412806
109620 -412806
109650 -412806
109680 -412806
109710 -412806
109740 -412806
109770 -412806
109800 -412806
109830 -412806
109860 -412806
109890 -412644
109920 -412644
109950 -412644
109980 -412644
110010 -412644
110040 -412644
110070 -412644
110100 -412644
110130 -412644
110160 -412644
110190 -412644
110220 -412644
110250 -412644
110280 -412644
110310 -412644
110340 -412644
110370 -412644
110400 -412644
110430 -412644
110460 -412644
110490 -412644
110520 -412644
110550 -412644
110580 -412644
110610 -412644
110640 -412644
110670 -412644
110700 -412644
110730 -412644
110760 -412644
110790 -412644
110820 -412644
110850 -412644
110880 -412644
110910 -412644
110940 -412644
110970 -412644
111000 -412644
111030 -412644
111060 -412644
111090 -412644
111120 -412644
111150 -412644
111180 -412644
111210 -412644
111240 -412644
111270 -412644
111300 -412644
111330 -412644
111360 -412644
111390 -412644
111420 -412644
111450 -412644
111480 -412644
111510 -412644
111540 -412644
111570 -412644
111600 -412644
111630 -412644
111660 -412644
111690 -412644
111720 -412644
111750 -412644
111780 -412644
111810 -412644
111840 -412644
111870 -412644
111900 -412644
111930 -412644
111960 -412644
111990 -412644
112020 -412644
112050 -412644
112080 -412644
112110 -412644
112140 -412644
112170 -412644
112200 -412644
112230 -412644
112260 -412644
112290 -412644
112320 -412644
112350 -412644
112380 -412644
112410 -412644
112440 -412644
112470 -412644
112500 -412644
112530 -412644
112560 -412644
112590 -412644
112620 -412644
112650 -412644
112680 -412644
112710 -412644
112740 -412644
112770 -412644
112800 -412644
112830 -412644
112860 -412644
112890 -412644
112920 -412644
112950 -412644
112980 -412644
113010 -412644
113040 -412644
113070 -412644
113100 -412644
113130 -412644
113160 -412644
113190 -412644
113220 -412644
113250 -412644
113280 -412644
113310 -412644
113340 -412644
113370 -412644
113400 -412644
113430 -412644
113460 -412644
113490 -412644
113520 -412644
113550 -412644
113580 -412644
113610 -412644
113640 -412644
113670 -412644
113700 -412644
113730 -412644
113760 -412644
113790 -412644
113820 -412644
113850 -412644
113880 -412644
113910 -412644
113940 -412644
113970 -412644
114000 -412644
114030 -412644
114060 -412644
114090 -412644
114120 -412644
114150 -412644
114180 -412644
114210 -412644
114240 -412644
114270 -412644
114300 -412644
114330 -412644
114360 -412644
114390 -412644
114420 -412644
114450 -412644
114480 -412644
114510 -412644
114540 -412644
114570 -412644
114600 -412644
114630 -412644
114660 -412644
114690 -412644
114720 -412644
114750 -412644
114780 -412644
114810 -412644
114840 -412644
114870 -412644
114900 -412644
114930 -412644
114960 -412644
114990 -412644
115020 -412644
115050 -412644
115080 -412644
115110 -412644
115140 -412644
115170 -412644
115200 -412644
115230 -412644
115260 -412644
115290 -412644
115320 -412644
115350 -412644
115380 -412644
115410 -412644
115440 -412644
115470 -412644
115500 -412644
115530 -412644
115560 -412644
115590 -412644
115620 -412644
115650 -412644
115680 -412644
115710 -412644
115740 -412644
115770 -412644
115800 -412644
115830 -412644
115860 -412644
115890 -412644
115920 -412644
115950 -412644
115980 -412644
116010 -412644
116040 -412644
116070 -412644
116100 -412644
116130 -412644
116160 -412644
116190 -412644
116220 -412644
116250 -412644
116280 -412644
116310 -412644
116340 -412644
116370 -412644
116400 -412644
116430 -412644
116460 -412644
116490 -412644
116520 -412644
116550 -412644
116580 -412644
116610 -412644
116640 -412644
116670 -412644
116700 -412644
116730 -412644
116760 -412644
116790 -412644
116820 -412644
116850 -412644
116880 -412644
116910 -412644
116940 -412644
116970 -412644
117000 -412644
117030 -412644
117060 -412644
117090 -412644
117120 -412644
117150 -412644
117180 -412644
117210 -412644
117240 -412644
117270 -412644
117300 -412644
117330 -412644
117360 -412644
117390 -412644
117420 -412644
117450 -412644
117480 -412644
117510 -412644
117540 -412644
117570 -412644
117600 -412644
117630 -412644
117660 -412644
117690 -412644
117720 -412644
117750 -412644
117780 -412644
117810 -412644
117840 -412644
