60 -295630
90 -295630
120 -295630
150 -295630
180 -295630
210 -295630
240 -295630
270 -295630
300 -295630
330 -291632
360 -291632
390 -290306
420 -290306
450 -289485
480 -289485
510 -288818
540 -287524
570 -287524
600 -287524
630 -287524
660 -287524
690 -287524
720 -287524
750 -287524
780 -287524
810 -286521
840 -286521
870 -286521
900 -286521
930 -286521
960 -286521
990 -286521
1020 -286521
1050 -286521
1080 -286521
1110 -286521
1140 -286521
1170 -286521
1200 -286521
1230 -286521
1260 -286521
1290 -286521
1320 -285582
1350 -284862
1380 -284862
1410 -284862
1440 -284514
1470 -284514
1500 -284265
1530 -284211
1560 -284211
1590 -283625
1620 -283625
1650 -283625
1680 -283625
1710 -283625
1740 -283625
1770 -282425
1800 -282282
1830 -282282
1860 -281777
1890 -281040
1920 -280539
1950 -280539
1980 -280539
2010 -280539
2040 -280539
2070 -280311
2100 -280311
2130 -280311
2160 -280311
2190 -280311
2220 -280311
2250 -280170
2280 -280170
2310 -280170
2340 -280170
2370 -279898
2400 -279613
2430 -279613
2460 -279613
2490 -279427
2520 -279405
2550 -279405
2580 -279405
2610 -279405
2640 -279405
2670 -279405
2700 -279405
2730 -279405
2760 -278428
2790 -278428
2820 -278428
2850 -278428
2880 -278428
2910 -278428
2940 -278428
2970 -278362
3000 -278362
3030 -278362
3060 -278362
3090 -278362
3120 -278362
3150 -278362
3180 -278331
3210 -278331
3240 -278232
3270 -278122
3300 -277961
3330 -277961
3360 -277961
3390 -277961
3420 -277961
3450 -277961
3480 -277961
3510 -277961
3540 -277961
3570 -277961
3600 -277747
3630 -277747
3660 -277747
3690 -277747
3720 -277485
3750 -277485
3780 -277485
3810 -277485
3840 -277485
3870 -277485
3900 -277485
3930 -277485
3960 -277485
3990 -277485
4020 -277485
4050 -277485
4080 -277485
4110 -277485
4140 -277485
4170 -277485
4200 -277485
4230 -277443
4260 -277441
4290 -277441
4320 -277441
4350 -277441
4380 -276894
4410 -276894
4440 -276841
4470 -276475
4500 -276475
4530 -276475
4560 -276475
4590 -276475
4620 -276475
4650 -276475
4680 -276475
4710 -276475
4740 -276475
4770 -276475
4800 -276000
4830 -276000
4860 -276000
4890 -276000
4920 -276000
4950 -276000
4980 -276000
5010 -276000
5040 -276000
5070 -276000
5100 -276000
5130 -276000
5160 -276000
5190 -276000
5220 -276000
5250 -276000
5280 -276000
5310 -276000
5340 -276000
5370 -276000
5400 -276000
5430 -276000
5460 -276000
5490 -276000
5520 -275307
5550 -275307
5580 -275307
5610 -275307
5640 -275307
5670 -275307
5700 -275307
5730 -275307
5760 -275307
5790 -275307
5820 -275307
5850 -275307
5880 -275307
5910 -275307
5940 -275307
5970 -275307
6000 -275307
6030 -274378
6060 -274378
6090 -274378
6120 -274378
6150 -274377
6180 -274377
6210 -274377
6240 -274377
6270 -274377
6300 -274377
6330 -274000
6360 -274000
6390 -273837
6420 -273753
6450 -273589
6480 -273589
6510 -273589
6540 -273589
6570 -273589
6600 -273589
6630 -273589
6660 -273589
6690 -273589
6720 -273589
6750 -273589
6780 -273589
6810 -273589
6840 -273589
6870 -273589
6900 -273589
6930 -273589
6960 -273589
6990 -273589
7020 -273589
7050 -273589
7080 -273589
7110 -273589
7140 -273589
7170 -273589
7200 -273406
7230 -273406
7260 -273328
7290 -273328
7320 -273328
7350 -273328
7380 -273328
7410 -273328
7440 -273328
7470 -273328
7500 -273328
7530 -273328
7560 -273328
7590 -273328
7620 -273328
7650 -273328
7680 -273328
7710 -273328
7740 -273328
7770 -273328
7800 -273328
7830 -273328
7860 -273328
7890 -273328
7920 -273328
7950 -273328
7980 -273328
8010 -273328
8040 -273328
8070 -273328
8100 -273328
8130 -273328
8160 -273328
8190 -273328
8220 -273328
8250 -272622
8280 -272622
8310 -272622
8340 -272622
8370 -272622
8400 -272510
8430 -272510
8460 -272510
8490 -272510
8520 -272510
8550 -272510
8580 -272510
8610 -272510
8640 -272334
8670 -272334
8700 -272334
8730 -272334
8760 -272334
8790 -272334
8820 -272334
8850 -272334
8880 -272334
8910 -272334
8940 -272334
8970 -272334
9000 -272334
9030 -272334
9060 -272334
9090 -272334
9120 -272334
9150 -272334
9180 -272334
9210 -272334
9240 -272334
9270 -272334
9300 -272334
9330 -272334
9360 -272334
9390 -272282
9420 -272282
9450 -272282
9480 -272282
9510 -272282
9540 -272282
9570 -272282
9600 -272282
9630 -272282
9660 -272282
9690 -272282
9720 -272282
9750 -272282
9780 -272242
9810 -272242
9840 -272242
9870 -272242
9900 -272242
9930 -272164
9960 -272164
9990 -272164
10020 -272164
10050 -272164
10080 -272164
10110 -272164
10140 -271311
10170 -271119
10200 -271119
10230 -271119
10260 -271119
10290 -271060
10320 -271060
10350 -271060
10380 -271060
10410 -271060
10440 -271060
10470 -271060
10500 -271060
10530 -271060
10560 -271060
10590 -271060
10620 -271060
10650 -271060
10680 -271060
10710 -271060
10740 -271060
10770 -271060
10800 -271060
10830 -271060
10860 -271060
10890 -271060
10920 -271060
10950 -271060
10980 -271060
11010 -271060
11040 -271060
11070 -271060
11100 -271060
11130 -271060
11160 -271060
11190 -271060
11220 -271060
11250 -271060
11280 -271060
11310 -271060
11340 -271060
11370 -271060
11400 -271060
11430 -271060
11460 -271060
11490 -271060
11520 -271060
11550 -271041
11580 -271041
11610 -271041
11640 -271041
11670 -271041
11700 -271041
11730 -271041
11760 -271041
11790 -271041
11820 -271041
11850 -271041
11880 -271041
11910 -271041
11940 -271041
11970 -271041
12000 -270932
12030 -270932
12060 -270932
12090 -270932
12120 -270845
12150 -270845
12180 -270685
12210 -270685
12240 -270685
12270 -270685
12300 -270685
12330 -270685
12360 -270685
12390 -270685
12420 -270685
12450 -270685
12480 -270685
12510 -270472
12540 -270472
12570 -270472
12600 -270472
12630 -270394
12660 -270394
12690 -270394
12720 -270394
12750 -270394
12780 -270394
12810 -270394
12840 -270382
12870 -270382
12900 -270382
12930 -270382
12960 -270382
12990 -270382
13020 -270217
13050 -270217
13080 -270217
13110 -270217
13140 -270217
13170 -270217
13200 -270217
13230 -270217
13260 -270217
13290 -270217
13320 -270217
13350 -270217
13380 -270217
13410 -270217
13440 -270141
13470 -270141
13500 -270141
13530 -270141
13560 -270141
13590 -270141
13620 -270141
13650 -270141
13680 -270141
13710 -270141
13740 -270141
13770 -269665
13800 -269665
13830 -269665
13860 -269665
13890 -269665
13920 -269665
13950 -269665
13980 -269665
14010 -269665
14040 -269665
14070 -269665
14100 -269665
14130 -269665
14160 -269665
14190 -269665
14220 -269665
14250 -269665
14280 -269665
14310 -269665
14340 -269665
14370 -269665
14400 -269665
14430 -269665
14460 -269537
14490 -269537
14520 -269537
14550 -269537
14580 -269537
14610 -269537
14640 -269537
14670 -269537
14700 -269537
14730 -269537
14760 -269537
14790 -269537
14820 -269447
14850 -269447
14880 -269447
14910 -269387
14940 -269237
14970 -269237
15000 -269237
15030 -269237
15060 -269237
15090 -269237
15120 -269237
15150 -269237
15180 -269237
15210 -269237
15240 -269237
15270 -269237
15300 -269237
15330 -269237
15360 -269237
15390 -269237
15420 -269237
15450 -269237
15480 -269237
15510 -268896
15540 -268896
15570 -268896
15600 -268896
15630 -268896
15660 -268896
15690 -268896
15720 -268736
15750 -268736
15780 -268736
15810 -268736
15840 -268736
15870 -268519
15900 -268519
15930 -268277
15960 -268277
15990 -268277
16020 -268252
16050 -268252
16080 -268252
16110 -268252
16140 -268252
16170 -268252
16200 -268252
16230 -268252
16260 -268252
16290 -268252
16320 -268067
16350 -268067
16380 -268067
16410 -268067
16440 -267751
16470 -267751
16500 -267751
16530 -267751
16560 -267751
16590 -267751
16620 -267751
16650 -267751
16680 -267751
16710 -267747
16740 -267747
16770 -267747
16800 -267747
16830 -267747
16860 -267747
16890 -267747
16920 -267747
16950 -267747
16980 -267425
17010 -267425
17040 -267425
17070 -267425
17100 -267425
17130 -267425
17160 -267425
17190 -267425
17220 -267425
17250 -267425
17280 -267425
17310 -267425
17340 -267425
17370 -267425
17400 -267425
17430 -267425
17460 -267425
17490 -267425
17520 -267425
17550 -267425
17580 -267425
17610 -267425
17640 -267425
17670 -267425
17700 -267425
17730 -267425
17760 -267425
17790 -267425
17820 -267425
17850 -266722
17880 -266722
17910 -266722
17940 -266722
17970 -266722
18000 -266715
18030 -266715
18060 -266715
18090 -266715
18120 -266715
18150 -266715
18180 -266579
18210 -266579
18240 -266579
18270 -266579
18300 -266579
18330 -266579
18360 -266579
18390 -266579
18420 -266579
18450 -266579
18480 -266579
18510 -266579
18540 -266579
18570 -266579
18600 -266579
18630 -266579
18660 -266579
18690 -266579
18720 -266579
18750 -266579
18780 -266579
18810 -266444
18840 -266444
18870 -266444
18900 -266444
18930 -266444
18960 -266444
18990 -266444
19020 -266444
19050 -266444
19080 -266444
19110 -266444
19140 -266444
19170 -266022
19200 -266022
19230 -266022
19260 -266022
19290 -266022
19320 -266022
19350 -266022
19380 -266022
19410 -265973
19440 -265973
19470 -265973
19500 -265973
19530 -265973
19560 -265973
19590 -265973
19620 -265973
19650 -265973
19680 -265973
19710 -265973
19740 -265782
19770 -265782
19800 -265782
19830 -265782
19860 -265782
19890 -265782
19920 -265782
19950 -265782
19980 -265295
20010 -265295
20040 -265295
20070 -265295
20100 -265295
20130 -265295
20160 -265295
20190 -265295
20220 -265295
20250 -265295
20280 -265295
20310 -265295
20340 -265295
20370 -265295
20400 -265295
20430 -265295
20460 -265295
20490 -265295
20520 -265295
20550 -265277
20580 -265277
20610 -265277
20640 -265277
20670 -265277
20700 -265277
20730 -265274
20760 -265274
20790 -265274
20820 -265274
20850 -265274
20880 -265274
20910 -265274
20940 -265274
20970 -264786
21000 -264786
21030 -264786
21060 -264786
21090 -264786
21120 -264786
21150 -264786
21180 -264719
21210 -264719
21240 -264719
21270 -264719
21300 -264719
21330 -264719
21360 -264719
21390 -264682
21420 -264682
21450 -264682
21480 -264682
21510 -264682
21540 -264682
21570 -264682
21600 -264682
21630 -264682
21660 -264682
21690 -264682
21720 -264682
21750 -264682
21780 -264682
21810 -264682
21840 -264682
21870 -264682
21900 -264682
21930 -264682
21960 -264682
21990 -264682
22020 -264682
22050 -264682
22080 -264682
22110 -264682
22140 -264682
22170 -264540
22200 -264540
22230 -264540
22260 -264540
22290 -264540
22320 -264540
22350 -264540
22380 -264540
22410 -264540
22440 -264540
22470 -264540
22500 -264515
22530 -264515
22560 -264515
22590 -264515
22620 -264515
22650 -264515
22680 -264515
22710 -264515
22740 -264515
22770 -264515
22800 -264515
22830 -264515
22860 -264515
22890 -264515
22920 -264515
22950 -264515
22980 -264515
23010 -264515
23040 -264515
23070 -264515
23100 -264515
23130 -264515
23160 -264515
23190 -264515
23220 -264515
23250 -264515
23280 -264515
23310 -264515
23340 -264515
23370 -264515
23400 -264515
23430 -264515
23460 -264515
23490 -263819
23520 -263819
23550 -263819
23580 -263819
23610 -263819
23640 -263819
23670 -263819
23700 -263819
23730 -263819
23760 -263819
23790 -263819
23820 -263819
23850 -263819
23880 -263819
23910 -263819
23940 -263819
23970 -263719
24000 -263719
24030 -263719
24060 -263719
24090 -263719
24120 -263719
24150 -263719
24180 -263719
24210 -263719
24240 -263719
24270 -263719
24300 -263719
24330 -263719
24360 -263719
24390 -263719
24420 -263419
24450 -263419
24480 -263419
24510 -263419
24540 -263217
24570 -262966
24600 -262966
24630 -262966
24660 -262966
24690 -262966
24720 -262966
24750 -262966
24780 -262966
24810 -262966
24840 -262966
24870 -262966
24900 -262966
24930 -262966
24960 -262966
24990 -262966
25020 -262966
25050 -262966
25080 -262966
25110 -262966
25140 -262966
25170 -262966
25200 -262966
25230 -262966
25260 -262966
25290 -262966
25320 -262966
25350 -262966
25380 -262966
25410 -262966
25440 -262966
25470 -262966
25500 -262903
25530 -262903
25560 -262903
25590 -262903
25620 -262903
25650 -262903
25680 -262903
25710 -262903
25740 -262903
25770 -262903
25800 -262903
25830 -262903
25860 -262903
25890 -262903
25920 -262903
25950 -262903
25980 -262903
26010 -262903
26040 -262903
26070 -262903
26100 -262903
26130 -262869
26160 -262869
26190 -262869
26220 -262869
26250 -262869
26280 -262869
26310 -262869
26340 -262869
26370 -262869
26400 -262869
26430 -262869
26460 -262869
26490 -262869
26520 -262869
26550 -262869
26580 -262869
26610 -262869
26640 -262869
26670 -262869
26700 -262869
26730 -262869
26760 -262869
26790 -262869
26820 -262869
26850 -262869
26880 -262869
26910 -262869
26940 -262869
26970 -262869
27000 -262869
27030 -262869
27060 -262869
27090 -262869
27120 -262869
27150 -262869
27180 -262869
27210 -262869
27240 -262869
27270 -262869
27300 -262869
27330 -262869
27360 -262869
27390 -262869
27420 -262869
27450 -262869
27480 -262869
27510 -262869
27540 -262869
27570 -262869
27600 -262869
27630 -262869
27660 -262869
27690 -262869
27720 -262869
27750 -262869
27780 -262869
27810 -262685
27840 -262685
27870 -262685
27900 -262685
27930 -262685
27960 -262685
27990 -262676
28020 -262676
28050 -262676
28080 -262676
28110 -262676
28140 -262676
28170 -262676
28200 -262676
28230 -262676
28260 -262676
28290 -262676
28320 -262676
28350 -262676
28380 -262676
28410 -262676
28440 -262676
28470 -262676
28500 -262676
28530 -262676
28560 -262676
28590 -262676
28620 -262676
28650 -262676
28680 -262676
28710 -262357
28740 -262357
28770 -262357
28800 -262357
28830 -262357
28860 -262357
28890 -262357
28920 -262357
28950 -262357
28980 -262357
29010 -262357
29040 -262357
29070 -262357
29100 -262357
29130 -262357
29160 -262357
29190 -262357
29220 -262357
29250 -262357
29280 -262357
29310 -262357
29340 -262357
29370 -262357
29400 -262357
29430 -262357
29460 -262357
29490 -262357
29520 -262357
29550 -262357
29580 -262357
29610 -262357
29640 -262357
29670 -262357
29700 -262357
29730 -262357
29760 -262299
29790 -262299
29820 -262253
29850 -262253
29880 -262253
29910 -262253
29940 -262253
29970 -262253
30000 -262253
30030 -262253
30060 -262253
30090 -262253
30120 -262253
30150 -262253
30180 -262253
30210 -262253
30240 -262253
30270 -262253
30300 -262253
30330 -262253
30360 -262253
30390 -262253
30420 -262253
30450 -262253
30480 -262253
30510 -262253
30540 -262253
30570 -262253
30600 -262253
30630 -262253
30660 -262253
30690 -262253
30720 -262253
30750 -262253
30780 -262253
30810 -262253
30840 -262156
30870 -262156
30900 -262156
30930 -262156
30960 -262156
30990 -262156
31020 -262156
31050 -262156
31080 -262156
31110 -262156
31140 -262156
31170 -262156
31200 -262156
31230 -262039
31260 -262039
31290 -262039
31320 -261963
31350 -261949
31380 -261949
31410 -261949
31440 -261949
31470 -261949
31500 -261949
31530 -261949
31560 -261949
31590 -261949
31620 -261949
31650 -261949
31680 -261949
31710 -261949
31740 -261949
31770 -261949
31800 -261949
31830 -261949
31860 -261949
31890 -261949
31920 -261949
31950 -261949
31980 -261949
32010 -261949
32040 -261949
32070 -261949
32100 -261949
32130 -261949
32160 -261949
32190 -261949
32220 -261949
32250 -261833
32280 -261833
32310 -261833
32340 -261833
32370 -261833
32400 -261833
32430 -261833
32460 -261833
32490 -261833
32520 -261833
32550 -261833
32580 -261833
32610 -261778
32640 -261778
32670 -261778
32700 -261778
32730 -261778
32760 -261778
32790 -261778
32820 -261778
32850 -261776
32880 -261776
32910 -261776
32940 -261776
32970 -261776
33000 -261776
33030 -261776
33060 -261776
33090 -261776
33120 -261776
33150 -261776
33180 -261776
33210 -261776
33240 -261776
33270 -261776
33300 -261776
33330 -261776
33360 -261776
33390 -261776
33420 -261776
33450 -261776
33480 -261776
33510 -261776
33540 -261776
33570 -261776
33600 -261776
33630 -261776
33660 -261776
33690 -261776
33720 -261776
33750 -261776
33780 -261776
33810 -261638
33840 -261638
33870 -261638
33900 -261638
33930 -261638
33960 -261638
33990 -261638
34020 -261638
34050 -261638
34080 -261638
34110 -261638
34140 -261638
34170 -261638
34200 -261638
34230 -261638
34260 -261638
34290 -261638
34320 -261596
34350 -261596
34380 -261596
34410 -261596
34440 -261596
34470 -261596
34500 -261501
34530 -261501
34560 -261501
34590 -261501
34620 -261501
34650 -261501
34680 -261501
34710 -261501
34740 -261501
34770 -261501
34800 -261501
34830 -261501
34860 -261501
34890 -261501
34920 -261501
34950 -261501
34980 -261501
35010 -261501
35040 -261501
35070 -261501
35100 -261450
35130 -261450
35160 -261450
35190 -261450
35220 -261450
35250 -261450
35280 -261450
35310 -261450
35340 -261450
35370 -261450
35400 -261450
35430 -261450
35460 -261450
35490 -261450
35520 -261450
35550 -261450
35580 -261400
35610 -261400
35640 -261400
35670 -261400
35700 -261400
35730 -261400
35760 -261400
35790 -261400
35820 -261400
35850 -261400
35880 -261400
35910 -261400
35940 -261167
35970 -261167
36000 -261167
36030 -261167
36060 -261167
36090 -261167
36120 -261167
36150 -261167
36180 -261167
36210 -261167
36240 -261167
36270 -261167
36300 -261167
36330 -261167
36360 -261167
36390 -261167
36420 -261167
36450 -261167
36480 -261167
36510 -261167
36540 -261167
36570 -261167
36600 -261167
36630 -261167
36660 -261167
36690 -261167
36720 -261167
36750 -261167
36780 -261167
36810 -261167
36840 -261167
36870 -261167
36900 -261167
36930 -261167
36960 -261167
36990 -261167
37020 -261167
37050 -261167
37080 -261167
37110 -261167
37140 -261167
37170 -261167
37200 -261167
37230 -261167
37260 -261166
37290 -261166
37320 -261166
37350 -261166
37380 -261166
37410 -261166
37440 -261166
37470 -261166
37500 -261166
37530 -261166
37560 -261166
37590 -261166
37620 -261166
37650 -261166
37680 -261166
37710 -261166
37740 -261166
37770 -261166
37800 -261152
37830 -261152
37860 -261152
37890 -261152
37920 -261152
37950 -261152
37980 -261152
38010 -261152
38040 -261152
38070 -261152
38100 -261152
38130 -261152
38160 -261152
38190 -261152
38220 -261152
38250 -261152
38280 -261152
38310 -261152
38340 -261152
38370 -261152
38400 -260970
38430 -260970
38460 -260970
38490 -260970
38520 -260970
38550 -260970
38580 -260970
38610 -260970
38640 -260970
38670 -260970
38700 -260970
38730 -260970
38760 -260970
38790 -260970
38820 -260814
38850 -260814
38880 -260814
38910 -260814
38940 -260814
38970 -260814
39000 -260814
39030 -260814
39060 -260814
39090 -260814
39120 -260814
39150 -260814
39180 -260814
39210 -260814
39240 -260814
39270 -260814
39300 -260814
39330 -260814
39360 -260814
39390 -260811
39420 -260811
39450 -260811
39480 -260811
39510 -260811
39540 -260811
39570 -260811
39600 -260811
39630 -260811
39660 -260811
39690 -260811
39720 -260811
39750 -260811
39780 -260811
39810 -260811
39840 -260811
39870 -260811
39900 -260661
39930 -260661
39960 -260661
39990 -260661
40020 -260661
40050 -260661
40080 -260661
40110 -260661
40140 -260661
40170 -260661
40200 -260661
40230 -260661
40260 -260661
40290 -260661
40320 -260661
40350 -260661
40380 -260661
40410 -260661
40440 -260661
40470 -260661
40500 -260661
40530 -260661
40560 -260661
40590 -260661
40620 -260661
40650 -260661
40680 -260661
40710 -260661
40740 -260661
40770 -260661
40800 -260661
40830 -260661
40860 -260661
40890 -260661
40920 -260661
40950 -260661
40980 -260661
41010 -260661
41040 -260661
41070 -260661
41100 -260661
41130 -260661
41160 -260661
41190 -260661
41220 -260661
41250 -260285
41280 -260285
41310 -260285
41340 -260285
41370 -260285
41400 -260285
41430 -260285
41460 -260285
41490 -260285
41520 -260285
41550 -260285
41580 -260285
41610 -260285
41640 -260285
41670 -260285
41700 -260285
41730 -260285
41760 -260285
41790 -260285
41820 -260285
41850 -260285
41880 -260285
41910 -260285
41940 -260285
41970 -260285
42000 -260285
42030 -260285
42060 -260285
42090 -260285
42120 -260285
42150 -260285
42180 -260285
42210 -260285
42240 -260285
42270 -260285
42300 -260285
42330 -260285
42360 -260285
42390 -260285
42420 -260285
42450 -260285
42480 -260285
42510 -260285
42540 -260285
42570 -260285
42600 -260285
42630 -260285
42660 -260285
42690 -260285
42720 -260285
42750 -260285
42780 -260285
42810 -260285
42840 -260285
42870 -260285
42900 -260285
42930 -260285
42960 -260285
42990 -260285
43020 -260285
43050 -260285
43080 -260285
43110 -260285
43140 -260285
43170 -260285
43200 -260285
43230 -260285
43260 -260285
43290 -260285
43320 -260285
43350 -260285
43380 -260285
43410 -260285
43440 -260285
43470 -260285
43500 -260285
43530 -260285
43560 -260285
43590 -260285
43620 -260285
43650 -260285
43680 -260285
43710 -260285
43740 -260285
43770 -260285
43800 -260285
43830 -260285
43860 -260285
43890 -260285
43920 -260285
43950 -260285
43980 -260285
44010 -260214
44040 -260214
44070 -260214
44100 -260214
44130 -260214
44160 -260214
44190 -260214
44220 -260214
44250 -260214
44280 -260214
44310 -260214
44340 -260214
44370 -260214
44400 -260214
44430 -260214
44460 -260214
44490 -260214
44520 -260214
44550 -260214
44580 -260214
44610 -260214
44640 -260214
44670 -260214
44700 -260214
44730 -260214
44760 -260214
44790 -260214
44820 -260214
44850 -260214
44880 -260214
44910 -260214
44940 -260214
44970 -260214
45000 -260214
45030 -260214
45060 -260214
45090 -260214
45120 -260214
45150 -260214
45180 -260214
45210 -260214
45240 -260214
45270 -259903
45300 -259903
45330 -259903
45360 -259903
45390 -259903
45420 -259903
45450 -259903
45480 -259903
45510 -259903
45540 -259903
45570 -259903
45600 -259903
45630 -259496
45660 -259496
45690 -259472
45720 -259472
45750 -259472
45780 -259423
45810 -259423
45840 -259423
45870 -259423
45900 -259384
45930 -259384
45960 -259384
45990 -259384
46020 -259358
46050 -259358
46080 -259358
46110 -259358
46140 -259358
46170 -259358
46200 -259358
46230 -259358
46260 -259358
46290 -259358
46320 -259358
46350 -259358
46380 -259358
46410 -259358
46440 -259305
46470 -259305
46500 -259305
46530 -259305
46560 -259305
46590 -259305
46620 -259305
46650 -259305
46680 -259305
46710 -259305
46740 -259291
46770 -259291
46800 -259291
46830 -259291
46860 -258881
46890 -258881
46920 -258881
46950 -258881
46980 -258881
47010 -258881
47040 -258881
47070 -258881
47100 -258881
47130 -258881
47160 -258881
47190 -258881
47220 -258881
47250 -258881
47280 -258881
47310 -258824
47340 -258824
47370 -258824
47400 -258824
47430 -258824
47460 -258824
47490 -258824
47520 -258824
47550 -258753
47580 -258753
47610 -258753
47640 -258753
47670 -258753
47700 -258753
47730 -258753
47760 -258753
47790 -258753
47820 -258753
47850 -258753
47880 -258753
47910 -258753
47940 -258753
47970 -258753
48000 -258753
48030 -258753
48060 -258753
48090 -258753
48120 -258753
48150 -258753
48180 -258753
48210 -258753
48240 -258753
48270 -258753
48300 -258753
48330 -258753
48360 -258753
48390 -258753
48420 -258753
48450 -258753
48480 -258753
48510 -258753
48540 -258753
48570 -258753
48600 -258753
48630 -258753
48660 -258753
48690 -258753
48720 -258753
48750 -258753
48780 -258753
48810 -258753
48840 -258753
48870 -258753
48900 -258753
48930 -258753
48960 -258753
48990 -258730
49020 -258730
49050 -258730
49080 -258730
49110 -258471
49140 -258471
49170 -258471
49200 -258471
49230 -258471
49260 -258471
49290 -258471
49320 -258137
49350 -258137
49380 -258137
49410 -258137
49440 -258137
49470 -258137
49500 -258137
49530 -258137
49560 -258137
49590 -258137
49620 -258137
49650 -258137
49680 -258137
49710 -258123
49740 -258061
49770 -258061
49800 -258061
49830 -257968
49860 -257968
49890 -257968
49920 -257968
49950 -257968
49980 -257968
50010 -257968
50040 -257968
50070 -257968
50100 -257331
50130 -257331
50160 -257331
50190 -257331
50220 -257331
50250 -257331
50280 -257331
50310 -257331
50340 -257331
50370 -257331
50400 -257331
50430 -257331
50460 -257331
50490 -257331
50520 -257331
50550 -257331
50580 -257331
50610 -257331
50640 -257331
50670 -257331
50700 -257331
50730 -257331
50760 -257331
50790 -257331
50820 -257331
50850 -257331
50880 -257331
50910 -257331
50940 -257331
50970 -257331
51000 -257331
51030 -257331
51060 -257331
51090 -257331
51120 -257331
51150 -257331
51180 -257331
51210 -257331
51240 -257331
51270 -257331
51300 -257331
51330 -257331
51360 -257331
51390 -257331
51420 -257331
51450 -257331
51480 -257331
51510 -257331
51540 -257331
51570 -257331
51600 -257331
51630 -257331
51660 -257331
51690 -257331
51720 -257331
51750 -257331
51780 -257331
51810 -257331
51840 -257331
51870 -257331
51900 -257331
51930 -257331
51960 -257331
51990 -257331
52020 -257331
52050 -257331
52080 -257331
52110 -257331
52140 -257331
52170 -257331
52200 -257331
52230 -257331
52260 -257331
52290 -257331
52320 -257331
52350 -257331
52380 -257331
52410 -257331
52440 -257331
52470 -257331
52500 -257331
52530 -257331
52560 -257127
52590 -257127
52620 -257127
52650 -257127
52680 -257127
52710 -257127
52740 -257013
52770 -257013
52800 -257013
52830 -257013
52860 -257013
52890 -257013
52920 -257013
52950 -257013
52980 -257013
53010 -257013
53040 -257013
53070 -257013
53100 -257013
53130 -257013
53160 -257013
53190 -257013
53220 -257013
53250 -257013
53280 -257013
53310 -257013
53340 -257013
53370 -257013
53400 -257013
53430 -257013
53460 -257013
53490 -257013
53520 -256951
53550 -256951
53580 -256951
53610 -256951
53640 -256951
53670 -256951
53700 -256951
53730 -256951
53760 -256951
53790 -256951
53820 -256951
53850 -256951
53880 -256951
53910 -256951
53940 -256951
53970 -256951
54000 -256951
54030 -256951
54060 -256951
54090 -256951
54120 -256951
54150 -256951
54180 -256951
54210 -256951
54240 -256951
54270 -256951
54300 -256951
54330 -256951
54360 -256951
54390 -256951
54420 -256951
54450 -256951
54480 -256951
54510 -256951
54540 -256951
54570 -256951
54600 -256951
54630 -256951
54660 -256951
54690 -256951
54720 -256951
54750 -256951
54780 -256951
54810 -256951
54840 -256951
54870 -256951
54900 -256951
54930 -256951
54960 -256951
54990 -256951
55020 -256951
55050 -256951
55080 -256951
55110 -256951
55140 -256951
55170 -256951
55200 -256951
55230 -256899
55260 -256899
55290 -256899
55320 -256899
55350 -256899
55380 -256899
55410 -256899
55440 -256899
55470 -256899
55500 -256899
55530 -256899
55560 -256899
55590 -256899
55620 -256899
55650 -256899
55680 -256899
55710 -256899
55740 -256899
55770 -256899
55800 -256899
55830 -256899
55860 -256899
55890 -256899
55920 -256899
55950 -256899
55980 -256899
56010 -256899
56040 -256899
56070 -256899
56100 -256899
56130 -256899
56160 -256899
56190 -256899
56220 -256899
56250 -256899
56280 -256899
56310 -256899
56340 -256899
56370 -256899
56400 -256899
56430 -256899
56460 -256899
56490 -256899
56520 -256899
56550 -256899
56580 -256899
56610 -256899
56640 -256899
56670 -256899
56700 -256899
56730 -256899
56760 -256899
56790 -256899
56820 -256899
56850 -256899
56880 -256899
56910 -256899
56940 -256899
56970 -256899
57000 -256899
57030 -256899
57060 -256899
57090 -256899
57120 -256899
57150 -256899
57180 -256899
57210 -256899
57240 -256899
57270 -256899
57300 -256899
57330 -256899
57360 -256899
57390 -256899
57420 -256899
57450 -256823
57480 -256823
57510 -256823
57540 -256823
57570 -256823
57600 -256823
57630 -256823
57660 -256823
57690 -256823
57720 -256823
57750 -256823
57780 -256823
57810 -256823
57840 -256823
57870 -256823
57900 -256823
57930 -256823
57960 -256823
57990 -256823
58020 -256823
58050 -256823
58080 -256823
58110 -256823
58140 -256823
58170 -256823
58200 -256823
58230 -256823
58260 -256823
58290 -256823
58320 -256823
58350 -256823
58380 -256823
58410 -256823
58440 -256823
58470 -256823
58500 -256823
58530 -256823
58560 -256823
58590 -256823
58620 -256823
58650 -256823
58680 -256823
58710 -256823
58740 -256823
58770 -256823
58800 -256823
58830 -256823
58860 -256823
58890 -256823
58920 -256823
58950 -256823
58980 -256823
59010 -256823
59040 -256823
59070 -256823
59100 -256823
59130 -256823
59160 -256823
59190 -256823
59220 -256823
59250 -256823
59280 -256823
59310 -256823
59340 -256823
59370 -256823
59400 -256823
59430 -256823
59460 -256823
59490 -256823
59520 -256823
59550 -256823
59580 -256823
59610 -256823
59640 -256823
59670 -256823
59700 -256823
59730 -256823
59760 -256823
59790 -256823
59820 -256823
59850 -256823
59880 -256823
59910 -256823
59940 -256823
59970 -256823
60000 -256823
60030 -256823
60060 -256823
60090 -256823
60120 -256823
60150 -256823
60180 -256823
60210 -256763
60240 -256763
60270 -256763
60300 -256763
60330 -256763
60360 -256645
60390 -256645
60420 -256645
60450 -256645
60480 -256645
60510 -256645
60540 -256645
60570 -256645
60600 -256645
60630 -256645
60660 -256645
60690 -256645
60720 -256645
60750 -256645
60780 -256645
60810 -256645
60840 -256645
60870 -256645
60900 -256645
60930 -256645
60960 -256645
60990 -256645
61020 -256645
61050 -256645
61080 -256645
61110 -256645
61140 -256645
61170 -256645
61200 -256645
61230 -256645
61260 -256645
61290 -256645
61320 -256645
61350 -256645
61380 -256645
61410 -256645
61440 -256645
61470 -256645
61500 -256645
61530 -256645
61560 -256645
61590 -256645
61620 -256645
61650 -256645
61680 -256645
61710 -256645
61740 -256645
61770 -256645
61800 -256645
61830 -256645
61860 -256645
61890 -256645
61920 -256645
61950 -256645
61980 -256645
62010 -256645
62040 -256645
62070 -256645
62100 -256613
62130 -256613
62160 -256610
62190 -256610
62220 -256610
62250 -256610
62280 -256610
62310 -256610
62340 -256610
62370 -256610
62400 -256610
62430 -256610
62460 -256610
62490 -256610
62520 -256610
62550 -256610
62580 -256610
62610 -256610
62640 -256610
62670 -256610
62700 -256610
62730 -256587
62760 -256587
62790 -256587
62820 -256587
62850 -256587
62880 -256587
62910 -256587
62940 -256587
62970 -256587
63000 -256587
63030 -256587
63060 -256587
63090 -256587
63120 -256587
63150 -256587
63180 -256587
63210 -256587
63240 -256587
63270 -256587
63300 -256587
63330 -256587
63360 -256587
63390 -256587
63420 -256587
63450 -256587
63480 -256587
63510 -256587
63540 -256587
63570 -256587
63600 -256587
63630 -256587
63660 -256587
63690 -256587
63720 -256587
63750 -256587
63780 -256587
63810 -256587
63840 -256587
63870 -256587
63900 -256587
63930 -256587
63960 -256587
63990 -256587
64020 -256587
64050 -256587
64080 -256587
64110 -256587
64140 -256587
64170 -256581
64200 -256581
64230 -256581
64260 -256581
64290 -256581
64320 -256581
64350 -256581
64380 -256581
64410 -256581
64440 -256581
64470 -256519
64500 -256519
64530 -256519
64560 -256519
64590 -256519
64620 -256519
64650 -256519
64680 -256519
64710 -256496
64740 -256482
64770 -256482
64800 -256482
64830 -256482
64860 -256482
64890 -256482
64920 -256482
64950 -256482
64980 -256482
65010 -256482
65040 -256482
65070 -256482
65100 -256482
65130 -256482
65160 -256482
65190 -256482
65220 -256434
65250 -256434
65280 -256434
65310 -256434
65340 -256434
65370 -256434
65400 -256434
65430 -256434
65460 -256331
65490 -256331
65520 -256331
65550 -256248
65580 -256248
65610 -256248
65640 -256248
65670 -256248
65700 -256248
65730 -256248
65760 -256248
65790 -256248
65820 -256248
65850 -256248
65880 -256248
65910 -256248
65940 -256248
65970 -256248
66000 -256248
66030 -256248
66060 -256248
66090 -256248
66120 -256248
66150 -256248
66180 -256248
66210 -256248
66240 -256248
66270 -256248
66300 -256248
66330 -256248
66360 -256248
66390 -256248
66420 -256248
66450 -256248
66480 -256248
66510 -256248
66540 -256248
66570 -256248
66600 -256248
66630 -256248
66660 -256248
66690 -256248
66720 -256248
66750 -256248
66780 -256248
66810 -256248
66840 -256248
66870 -256236
66900 -256236
66930 -256236
66960 -256236
66990 -256236
67020 -256236
67050 -256236
67080 -256236
67110 -256236
67140 -256236
67170 -256236
67200 -256236
67230 -256236
67260 -256236
67290 -256236
67320 -256236
67350 -256236
67380 -256236
67410 -256236
67440 -256236
67470 -256236
67500 -256236
67530 -256236
67560 -256236
67590 -256236
67620 -256236
67650 -256236
67680 -256236
67710 -256236
67740 -256236
67770 -256236
67800 -256236
67830 -256236
67860 -256236
67890 -256236
67920 -256236
67950 -256236
67980 -256236
68010 -256236
68040 -256236
68070 -256236
68100 -256236
68130 -256236
68160 -256236
68190 -256236
68220 -256236
68250 -256236
68280 -256236
68310 -256236
68340 -256236
68370 -256236
68400 -256236
68430 -256236
68460 -256236
68490 -256236
68520 -256236
68550 -256236
68580 -256236
68610 -256236
68640 -256236
68670 -256236
68700 -256236
68730 -256236
68760 -256236
68790 -256236
68820 -256236
68850 -256236
68880 -256236
68910 -256236
68940 -256236
68970 -256236
69000 -256236
69030 -256236
69060 -256236
69090 -256236
69120 -256236
69150 -256145
69180 -256145
69210 -256145
69240 -256145
69270 -256145
69300 -256145
69330 -256145
69360 -256145
69390 -256145
69420 -256145
69450 -256145
69480 -256145
69510 -256097
69540 -256097
69570 -256097
69600 -256097
69630 -256097
69660 -256097
69690 -256097
69720 -256097
69750 -256097
69780 -256097
69810 -256097
69840 -256097
69870 -256097
69900 -256097
69930 -256097
69960 -256097
69990 -256097
70020 -256097
70050 -256097
70080 -256097
70110 -256097
70140 -256097
70170 -256097
70200 -256097
70230 -256097
70260 -256097
70290 -256097
70320 -256097
70350 -256097
70380 -256097
70410 -256097
70440 -256097
70470 -256097
70500 -256097
70530 -256097
70560 -256097
70590 -255947
70620 -255947
70650 -255947
70680 -255947
70710 -255947
70740 -255947
70770 -255947
70800 -255947
70830 -255947
70860 -255947
70890 -255947
70920 -255947
70950 -255947
70980 -255947
71010 -255947
71040 -255947
71070 -255947
71100 -255947
71130 -255947
71160 -255947
71190 -255947
71220 -255947
71250 -255947
71280 -255947
71310 -255947
71340 -255947
71370 -255947
71400 -255947
71430 -255947
71460 -255947
71490 -255947
71520 -255947
71550 -255947
71580 -255947
71610 -255947
71640 -255947
71670 -255947
71700 -255947
71730 -255947
71760 -255947
71790 -255947
71820 -255947
71850 -255947
71880 -255947
71910 -255947
71940 -255947
71970 -255947
72000 -255947
72030 -255947
72060 -255947
72090 -255947
72120 -255947
72150 -255947
72180 -255947
72210 -255947
72240 -255947
72270 -255947
72300 -255947
72330 -255947
72360 -255947
72390 -255947
72420 -255947
72450 -255947
72480 -255947
72510 -255947
72540 -255947
72570 -255947
72600 -255947
72630 -255947
72660 -255947
72690 -255947
72720 -255947
72750 -255947
72780 -255947
72810 -255947
72840 -255947
72870 -255947
72900 -255947
72930 -255947
72960 -255947
72990 -255947
73020 -255947
73050 -255947
73080 -255947
73110 -255947
73140 -255947
73170 -255947
73200 -255947
73230 -255947
73260 -255947
73290 -255947
73320 -255933
73350 -255933
73380 -255933
73410 -255933
73440 -255933
73470 -255933
73500 -255933
73530 -255933
73560 -255933
73590 -255933
73620 -255933
73650 -255933
73680 -255933
73710 -255933
73740 -255933
73770 -255933
73800 -255933
73830 -255867
73860 -255867
73890 -255867
73920 -255867
73950 -255867
73980 -255867
74010 -255867
74040 -255867
74070 -255867
74100 -255867
74130 -255867
74160 -255867
74190 -255867
74220 -255867
74250 -255867
74280 -255867
74310 -255867
74340 -255867
74370 -255867
74400 -255867
74430 -255867
74460 -255867
74490 -255867
74520 -255867
74550 -255867
74580 -255867
74610 -255867
74640 -255867
74670 -255867
74700 -255867
74730 -255867
74760 -255867
74790 -255867
74820 -255867
74850 -255867
74880 -255867
74910 -255867
74940 -255867
74970 -255867
75000 -255867
75030 -255867
75060 -255867
75090 -255867
75120 -255867
75150 -255867
75180 -255867
75210 -255867
75240 -255867
75270 -255867
75300 -255867
75330 -255867
75360 -255867
75390 -255867
75420 -255867
75450 -255867
75480 -255867
75510 -255867
75540 -255867
75570 -255867
75600 -255867
75630 -255867
75660 -255867
75690 -255867
75720 -255867
75750 -255867
75780 -255867
75810 -255867
75840 -255867
75870 -255867
75900 -255867
75930 -255867
75960 -255867
75990 -255867
76020 -255867
76050 -255867
76080 -255852
76110 -255852
76140 -255852
76170 -255852
76200 -255852
76230 -255852
76260 -255852
76290 -255852
76320 -255852
76350 -255852
76380 -255852
76410 -255852
76440 -255852
76470 -255852
76500 -255852
76530 -255852
76560 -255852
76590 -255852
76620 -255852
76650 -255852
76680 -255852
76710 -255852
76740 -255852
76770 -255852
76800 -255852
76830 -255852
76860 -255852
76890 -255852
76920 -255852
76950 -255852
76980 -255852
77010 -255852
77040 -255852
77070 -255852
77100 -255852
77130 -255852
77160 -255852
77190 -255852
77220 -255852
77250 -255852
77280 -255852
77310 -255852
77340 -255852
77370 -255852
77400 -255852
77430 -255852
77460 -255852
77490 -255852
77520 -255852
77550 -255852
77580 -255852
77610 -255852
77640 -255852
77670 -255852
77700 -255852
77730 -255852
77760 -255852
77790 -255852
77820 -255852
77850 -255852
77880 -255852
77910 -255852
77940 -255852
77970 -255852
78000 -255852
78030 -255852
78060 -255852
78090 -255852
78120 -255852
78150 -255852
78180 -255852
78210 -255852
78240 -255852
78270 -255852
78300 -255852
78330 -255852
78360 -255852
78390 -255852
78420 -255852
78450 -255852
78480 -255852
78510 -255852
78540 -255852
78570 -255852
78600 -255852
78630 -255852
78660 -255852
78690 -255852
78720 -255852
78750 -255852
78780 -255852
78810 -255852
78840 -255852
78870 -255852
78900 -255852
78930 -255852
78960 -255852
78990 -255852
79020 -255852
79050 -255852
79080 -255852
79110 -255852
79140 -255852
79170 -255852
79200 -255852
79230 -255852
79260 -255852
79290 -255852
79320 -255852
79350 -255852
79380 -255852
79410 -255852
79440 -255852
79470 -255852
79500 -255852
79530 -255852
79560 -255852
79590 -255852
79620 -255852
79650 -255852
79680 -255852
79710 -255852
79740 -255852
79770 -255852
79800 -255852
79830 -255852
79860 -255852
79890 -255852
79920 -255832
79950 -255765
79980 -255765
80010 -255765
80040 -255765
80070 -255574
80100 -255574
80130 -255574
80160 -255574
80190 -255574
80220 -255574
80250 -255574
80280 -255574
80310 -255574
80340 -255574
80370 -255574
80400 -255574
80430 -255574
80460 -255574
80490 -255574
80520 -255574
80550 -255574
80580 -255574
80610 -255574
80640 -255519
80670 -255519
80700 -255519
80730 -255519
80760 -255519
80790 -255519
80820 -255519
80850 -255519
80880 -255429
80910 -255429
80940 -255429
80970 -255429
81000 -255429
81030 -255429
81060 -255429
81090 -255429
81120 -255429
81150 -255429
81180 -255429
81210 -255429
81240 -255429
81270 -255429
81300 -255429
81330 -255429
81360 -255429
81390 -255429
81420 -255429
81450 -255429
81480 -255429
81510 -255429
81540 -255429
81570 -255429
81600 -255429
81630 -255429
81660 -255429
81690 -255429
81720 -255429
81750 -255429
81780 -255429
81810 -255429
81840 -255429
81870 -255429
81900 -255429
81930 -255429
81960 -255429
81990 -255429
82020 -255429
82050 -255429
82080 -255429
82110 -255429
82140 -255429
82170 -255429
82200 -255429
82230 -255429
82260 -255429
82290 -255429
82320 -255429
82350 -255429
82380 -255429
82410 -255429
82440 -255429
82470 -255429
82500 -255429
82530 -255429
82560 -255429
82590 -255429
82620 -255429
82650 -255429
82680 -255429
82710 -255429
82740 -255429
82770 -255429
82800 -255429
82830 -255429
82860 -255429
82890 -255429
82920 -255429
82950 -255429
82980 -255429
83010 -255429
83040 -255429
83070 -255429
83100 -255429
83130 -255429
83160 -255429
83190 -255429
83220 -255429
83250 -255429
83280 -255429
83310 -255429
83340 -255429
83370 -255429
83400 -255429
83430 -255429
83460 -255429
83490 -255429
83520 -255429
83550 -255429
83580 -255429
83610 -255429
83640 -255429
83670 -255429
83700 -255429
83730 -255429
83760 -255383
83790 -255383
83820 -255383
83850 -255383
83880 -255383
83910 -255383
83940 -255383
83970 -255383
84000 -255383
84030 -255383
84060 -255383
84090 -255383
84120 -255383
84150 -255383
84180 -255383
84210 -255383
84240 -255383
84270 -255383
84300 -255383
84330 -255340
84360 -255340
84390 -255340
84420 -255340
84450 -255340
84480 -255340
84510 -255340
84540 -255340
84570 -255340
84600 -255340
84630 -255340
84660 -255340
84690 -255340
84720 -255340
84750 -255340
84780 -255340
84810 -255340
84840 -255340
84870 -255340
84900 -255340
84930 -255340
84960 -255340
84990 -255340
85020 -255340
85050 -255340
85080 -255340
85110 -255340
85140 -255340
85170 -255340
85200 -255340
85230 -255340
85260 -255071
85290 -255071
85320 -255071
85350 -255071
85380 -255071
85410 -255071
85440 -255071
85470 -255071
85500 -255071
85530 -255071
85560 -255071
85590 -255071
85620 -255071
85650 -255071
85680 -255071
85710 -255071
85740 -255071
85770 -255071
85800 -255071
85830 -255071
85860 -255071
85890 -255071
85920 -255071
85950 -255071
85980 -255071
86010 -255071
86040 -255071
86070 -255071
86100 -254874
86130 -254874
86160 -254874
86190 -254874
86220 -254874
86250 -254874
86280 -254874
86310 -254874
86340 -254874
86370 -254874
86400 -254874
86430 -254874
86460 -254814
86490 -254814
86520 -254814
86550 -254814
86580 -254814
86610 -254814
86640 -254814
86670 -254814
86700 -254814
86730 -254814
86760 -254814
86790 -254814
86820 -254814
86850 -254814
86880 -254814
86910 -254814
86940 -254814
86970 -254814
87000 -254814
87030 -254814
87060 -254814
87090 -254814
87120 -254814
87150 -254812
87180 -254812
87210 -254812
87240 -254812
87270 -254812
87300 -254812
87330 -254812
87360 -254812
87390 -254812
87420 -254812
87450 -254812
87480 -254812
87510 -254812
87540 -254812
87570 -254812
87600 -254812
87630 -254812
87660 -254812
87690 -254812
87720 -254812
87750 -254812
87780 -254812
87810 -254812
87840 -254812
87870 -254812
87900 -254812
87930 -254812
87960 -254812
87990 -254812
88020 -254812
88050 -254812
88080 -254812
88110 -254812
88140 -254812
88170 -254812
88200 -254812
88230 -254812
88260 -254812
88290 -254812
88320 -254812
88350 -254812
88380 -254812
88410 -254812
88440 -254812
88470 -254812
88500 -254812
88530 -254812
88560 -254812
88590 -254812
88620 -254812
88650 -254812
88680 -254812
88710 -254812
88740 -254812
88770 -254812
88800 -254812
88830 -254812
88860 -254766
88890 -254766
88920 -254766
88950 -254766
88980 -254766
89010 -254766
89040 -254766
89070 -254766
89100 -254766
89130 -254766
89160 -254766
89190 -254766
89220 -254766
89250 -254766
89280 -254766
89310 -254766
89340 -254766
89370 -254766
89400 -254766
89430 -254766
89460 -254766
89490 -254766
89520 -254766
89550 -254766
89580 -254766
89610 -254766
89640 -254766
89670 -254766
89700 -254766
89730 -254766
89760 -254766
89790 -254766
89820 -254766
89850 -254766
89880 -254766
89910 -254766
89940 -254766
89970 -254766
90000 -254766
90030 -254766
90060 -254766
90090 -254766
90120 -254766
90150 -254766
90180 -254766
90210 -254766
90240 -254766
90270 -254766
90300 -254766
90330 -254766
90360 -254766
90390 -254766
90420 -254766
90450 -254766
90480 -254766
90510 -254766
90540 -254766
90570 -254766
90600 -254766
90630 -254766
90660 -254766
90690 -254766
90720 -254766
90750 -254766
90780 -254766
90810 -254766
90840 -254766
90870 -254766
90900 -254766
90930 -254766
90960 -254766
90990 -254766
91020 -254766
91050 -254766
91080 -254766
91110 -254766
91140 -254766
91170 -254766
91200 -254766
91230 -254766
91260 -254766
91290 -254766
91320 -254766
91350 -254766
91380 -254766
91410 -254766
91440 -254766
91470 -254766
91500 -254766
91530 -254766
91560 -254766
91590 -254766
91620 -254766
91650 -254766
91680 -254766
91710 -254766
91740 -254766
91770 -254766
91800 -254766
91830 -254766
91860 -254766
91890 -254766
91920 -254766
91950 -254766
91980 -254766
92010 -254766
92040 -254766
92070 -254766
92100 -254766
92130 -254766
92160 -254766
92190 -254766
92220 -254766
92250 -254766
92280 -254766
92310 -254766
92340 -254766
92370 -254766
92400 -254766
92430 -254710
92460 -254710
92490 -254710
92520 -254710
92550 -254710
92580 -254710
92610 -254710
92640 -254710
92670 -254710
92700 -254710
92730 -254710
92760 -254710
92790 -254710
92820 -254710
92850 -254710
92880 -254710
92910 -254710
92940 -254710
92970 -254710
93000 -254710
93030 -254710
93060 -254710
93090 -254710
93120 -254710
93150 -254710
93180 -254710
93210 -254710
93240 -254710
93270 -254710
93300 -254710
93330 -254710
93360 -254710
93390 -254710
93420 -254710
93450 -254710
93480 -254710
93510 -254710
93540 -254710
93570 -254710
93600 -254710
93630 -254710
93660 -254710
93690 -254710
93720 -254710
93750 -254710
93780 -254705
93810 -254705
93840 -254705
93870 -254705
93900 -254705
93930 -254705
93960 -254705
93990 -254705
94020 -254705
94050 -254705
94080 -254705
94110 -254705
94140 -254705
94170 -254705
94200 -254705
94230 -254705
94260 -254705
94290 -254705
94320 -254705
94350 -254705
94380 -254705
94410 -254705
94440 -254705
94470 -254705
94500 -254705
94530 -254705
94560 -254705
94590 -254705
94620 -254705
94650 -254705
94680 -254705
94710 -254705
94740 -254705
94770 -254705
94800 -254677
94830 -254677
94860 -254677
94890 -254677
94920 -254677
94950 -254677
94980 -254677
95010 -254677
95040 -254677
95070 -254677
95100 -254677
95130 -254677
95160 -254677
95190 -254677
95220 -254677
95250 -254677
95280 -254677
95310 -254677
95340 -254677
95370 -254677
95400 -254677
95430 -254677
95460 -254677
95490 -254677
95520 -254677
95550 -254677
95580 -254677
95610 -254677
95640 -254677
95670 -254677
95700 -254677
95730 -254677
95760 -254677
95790 -254677
95820 -254677
95850 -254677
95880 -254677
95910 -254677
95940 -254677
95970 -254677
96000 -254677
96030 -254677
96060 -254677
96090 -254677
96120 -254677
96150 -254677
96180 -254667
96210 -254667
96240 -254667
96270 -254667
96300 -254667
96330 -254667
96360 -254667
96390 -254667
96420 -254667
96450 -254667
96480 -254667
96510 -254667
96540 -254667
96570 -254667
96600 -254667
96630 -254667
96660 -254667
96690 -254667
96720 -254667
96750 -254667
96780 -254667
96810 -254667
96840 -254667
96870 -254667
96900 -254667
96930 -254667
96960 -254667
96990 -254667
97020 -254667
97050 -254667
97080 -254667
97110 -254667
97140 -254667
97170 -254667
97200 -254667
97230 -254667
97260 -254667
97290 -254667
97320 -254667
97350 -254667
97380 -254667
97410 -254667
97440 -254667
97470 -254667
97500 -254667
97530 -254667
97560 -254667
97590 -254667
97620 -254667
97650 -254667
97680 -254667
97710 -254667
97740 -254667
97770 -254667
97800 -254667
97830 -254667
97860 -254667
97890 -254667
97920 -254667
97950 -254667
97980 -254663
98010 -254663
98040 -254663
98070 -254663
98100 -254663
98130 -254663
98160 -254663
98190 -254663
98220 -254663
98250 -254663
98280 -254663
98310 -254663
98340 -254663
98370 -254663
98400 -254663
98430 -254663
98460 -254663
98490 -254663
98520 -254663
98550 -254663
98580 -254663
98610 -254663
98640 -254663
98670 -254663
98700 -254663
98730 -254663
98760 -254663
98790 -254663
98820 -254663
98850 -254663
98880 -254663
98910 -254663
98940 -254663
98970 -254663
99000 -254663
99030 -254663
99060 -254663
99090 -254663
99120 -254663
99150 -254663
99180 -254663
99210 -254663
99240 -254663
99270 -254663
99300 -254663
99330 -254663
99360 -254513
99390 -254513
99420 -254513
99450 -254513
99480 -254513
99510 -254513
99540 -254513
99570 -254513
99600 -254513
99630 -254513
