60 -446201
90 -446201
120 -446201
150 -446201
180 -446201
210 -446201
240 -446201
270 -446201
300 -445791
330 -444910
360 -444910
390 -444804
420 -444804
450 -444804
480 -444804
510 -444804
540 -444804
570 -444804
600 -444804
630 -444804
660 -444804
690 -444804
720 -444804
750 -444804
780 -441311
810 -440609
840 -440609
870 -440609
900 -440609
930 -440609
960 -440609
990 -440609
1020 -440609
1050 -440609
1080 -440344
1110 -438001
1140 -438001
1170 -438001
1200 -438001
1230 -435843
1260 -435843
1290 -435843
1320 -435843
1350 -435843
1380 -435843
1410 -435843
1440 -435843
1470 -435843
1500 -435843
1530 -435843
1560 -435843
1590 -435843
1620 -435843
1650 -435843
1680 -435843
1710 -435843
1740 -435843
1770 -435843
1800 -435843
1830 -435843
1860 -435843
1890 -435843
1920 -435843
1950 -435843
1980 -435843
2010 -435843
2040 -435607
2070 -435607
2100 -435505
2130 -435505
2160 -435505
2190 -435505
2220 -435505
2250 -435505
2280 -435505
2310 -435505
2340 -435505
2370 -435505
2400 -432884
2430 -432884
2460 -432884
2490 -432884
2520 -432884
2550 -432884
2580 -432884
2610 -432884
2640 -432884
2670 -432884
2700 -432884
2730 -432884
2760 -432884
2790 -432884
2820 -432884
2850 -432884
2880 -432884
2910 -432884
2940 -432884
2970 -432884
3000 -432884
3030 -432765
3060 -432765
3090 -432763
3120 -432763
3150 -432403
3180 -432403
3210 -432403
3240 -431667
3270 -431667
3300 -431276
3330 -431276
3360 -431276
3390 -431276
3420 -431276
3450 -431276
3480 -430967
3510 -430967
3540 -430967
3570 -430759
3600 -430759
3630 -430759
3660 -430759
3690 -430759
3720 -430759
3750 -430306
3780 -430306
3810 -430306
3840 -430306
3870 -430306
3900 -430306
3930 -430306
3960 -430306
3990 -430306
4020 -430306
4050 -430306
4080 -430306
4110 -430306
4140 -430306
4170 -430306
4200 -430306
4230 -429006
4260 -429006
4290 -429006
4320 -429006
4350 -429006
4380 -429006
4410 -429006
4440 -429006
4470 -429006
4500 -429006
4530 -429006
4560 -429006
4590 -429006
4620 -429006
4650 -429006
4680 -429006
4710 -429006
4740 -429006
4770 -429006
4800 -429006
4830 -429006
4860 -429006
4890 -429006
4920 -429006
4950 -429006
4980 -429006
5010 -429006
5040 -429006
5070 -429006
5100 -429006
5130 -429006
5160 -429006
5190 -429006
5220 -429006
5250 -428828
5280 -428828
5310 -428828
5340 -428828
5370 -428828
5400 -428828
5430 -428828
5460 -428828
5490 -428828
5520 -428828
5550 -428828
5580 -428457
5610 -428457
5640 -428457
5670 -428457
5700 -427364
5730 -427364
5760 -427364
5790 -427364
5820 -427364
5850 -427364
5880 -427364
5910 -427364
5940 -427364
5970 -427364
6000 -427364
6030 -427364
6060 -427364
6090 -427364
6120 -427364
6150 -427364
6180 -427364
6210 -427364
6240 -427364
6270 -427364
6300 -427364
6330 -427364
6360 -427364
6390 -427364
6420 -427364
6450 -427364
6480 -427364
6510 -427364
6540 -427364
6570 -427364
6600 -427364
6630 -427364
6660 -427364
6690 -427348
6720 -427348
6750 -427348
6780 -427348
6810 -427348
6840 -427348
6870 -427348
6900 -427348
6930 -427348
6960 -427348
6990 -427348
7020 -427348
7050 -427348
7080 -427348
7110 -427348
7140 -427348
7170 -427348
7200 -427348
7230 -427348
7260 -427348
7290 -427348
7320 -427348
7350 -427348
7380 -427348
7410 -427348
7440 -427348
7470 -427348
7500 -427348
7530 -427348
7560 -427348
7590 -427348
7620 -427348
7650 -427348
7680 -426712
7710 -426712
7740 -426712
7770 -426712
7800 -426712
7830 -426712
7860 -426712
7890 -426712
7920 -426712
7950 -426712
7980 -426712
8010 -426712
8040 -426712
8070 -426712
8100 -426712
8130 -426712
8160 -426712
8190 -426712
8220 -426712
8250 -426698
8280 -426698
8310 -426698
8340 -426698
8370 -426698
8400 -426698
8430 -426698
8460 -426698
8490 -426698
8520 -426698
8550 -426698
8580 -426698
8610 -426698
8640 -426698
8670 -426698
8700 -426698
8730 -426344
8760 -426344
8790 -426344
8820 -426344
8850 -426344
8880 -426344
8910 -426196
8940 -426196
8970 -426196
9000 -426196
9030 -426196
9060 -426196
9090 -425170
9120 -425170
9150 -425170
9180 -425170
9210 -425170
9240 -425170
9270 -425170
9300 -425170
9330 -425170
9360 -425170
9390 -425170
9420 -425170
9450 -425170
9480 -425170
9510 -425170
9540 -425170
9570 -425170
9600 -425170
9630 -425170
9660 -425170
9690 -425170
9720 -425046
9750 -425046
9780 -425046
9810 -425046
9840 -425046
9870 -425046
9900 -425046
9930 -425046
9960 -425046
9990 -425046
10020 -425046
10050 -425046
10080 -425046
10110 -425046
10140 -425046
10170 -425046
10200 -425046
10230 -425046
10260 -425046
10290 -425046
10320 -425046
10350 -425046
10380 -425046
10410 -425046
10440 -425046
10470 -425046
10500 -425046
10530 -425046
10560 -425046
10590 -425046
10620 -425046
10650 -425046
10680 -425046
10710 -425046
10740 -425046
10770 -425046
10800 -425046
10830 -425046
10860 -425046
10890 -425046
10920 -424831
10950 -424831
10980 -424831
11010 -424831
11040 -424831
11070 -424831
11100 -424831
11130 -424831
11160 -424802
11190 -424802
11220 -424802
11250 -424802
11280 -424802
11310 -424802
11340 -424802
11370 -424802
11400 -424802
11430 -424802
11460 -424802
11490 -424802
11520 -423476
11550 -423476
11580 -423476
11610 -423476
11640 -423476
11670 -423476
11700 -423476
11730 -423476
11760 -423476
11790 -423476
11820 -423476
11850 -423476
11880 -423476
11910 -423476
11940 -423476
11970 -423476
12000 -423476
12030 -423476
12060 -423476
12090 -423476
12120 -423476
12150 -423476
12180 -423476
12210 -423476
12240 -423476
12270 -423476
12300 -423476
12330 -423476
12360 -423476
12390 -423476
12420 -423476
12450 -423476
12480 -423476
12510 -423476
12540 -423476
12570 -423476
12600 -423476
12630 -423476
12660 -423476
12690 -423476
12720 -423476
12750 -423476
12780 -423476
12810 -423476
12840 -423476
12870 -423476
12900 -423476
12930 -423476
12960 -423476
12990 -423476
13020 -423476
13050 -423476
13080 -423476
13110 -423476
13140 -423476
13170 -423476
13200 -423476
13230 -423476
13260 -423476
13290 -423476
13320 -423476
13350 -423476
13380 -423476
13410 -423476
13440 -423476
13470 -423476
13500 -423476
13530 -423476
13560 -423476
13590 -423476
13620 -423476
13650 -423476
13680 -423476
13710 -423476
13740 -423476
13770 -423476
13800 -423476
13830 -423476
13860 -423476
13890 -423476
13920 -423476
13950 -423476
13980 -423476
14010 -423476
14040 -423476
14070 -423476
14100 -423476
14130 -423476
14160 -423476
14190 -423476
14220 -423476
14250 -423476
14280 -423476
14310 -423476
14340 -423476
14370 -423476
14400 -423476
14430 -423476
14460 -423476
14490 -423476
14520 -423476
14550 -423476
14580 -423476
14610 -423476
14640 -423476
14670 -423476
14700 -422532
14730 -422532
14760 -422532
14790 -422532
14820 -422532
14850 -422532
14880 -422532
14910 -422532
14940 -422532
14970 -422532
15000 -422532
15030 -422532
15060 -422532
15090 -422532
15120 -422532
15150 -422532
15180 -422532
15210 -422532
15240 -422532
15270 -422532
15300 -422532
15330 -422532
15360 -422532
15390 -422532
15420 -422532
15450 -422532
15480 -422532
15510 -422297
15540 -422297
15570 -422297
15600 -422297
15630 -422297
15660 -422297
15690 -422297
15720 -422297
15750 -422297
15780 -422297
15810 -422297
15840 -422297
15870 -422297
15900 -422297
15930 -422297
15960 -422297
15990 -422297
16020 -422297
16050 -422297
16080 -422297
16110 -422297
16140 -422297
16170 -422111
16200 -422111
16230 -422111
16260 -422111
16290 -422111
16320 -422111
16350 -422111
16380 -422111
16410 -422111
16440 -422111
16470 -422111
16500 -422111
16530 -422111
16560 -422111
16590 -422111
16620 -422111
16650 -422111
16680 -422111
16710 -422111
16740 -422111
16770 -422111
16800 -422111
16830 -422111
16860 -422111
16890 -422013
16920 -422013
16950 -422013
16980 -422013
17010 -422013
17040 -422013
17070 -422013
17100 -422013
17130 -421333
17160 -421333
17190 -421333
17220 -421333
17250 -421333
17280 -421333
17310 -421333
17340 -421333
17370 -421333
17400 -421333
17430 -421333
17460 -421333
17490 -421333
17520 -421333
17550 -421333
17580 -421298
17610 -421298
17640 -421298
17670 -421298
17700 -421298
17730 -421298
17760 -421298
17790 -421298
17820 -421298
17850 -421298
17880 -420616
17910 -420616
17940 -420616
17970 -420616
18000 -420616
18030 -420616
18060 -420616
18090 -420616
18120 -420616
18150 -420616
18180 -420616
18210 -420616
18240 -420616
18270 -420616
18300 -420616
18330 -420616
18360 -420616
18390 -420616
18420 -420616
18450 -420616
18480 -420616
18510 -420616
18540 -420616
18570 -420616
18600 -420616
18630 -420616
18660 -420616
18690 -420616
18720 -420616
18750 -420616
18780 -420616
18810 -420616
18840 -419910
18870 -419910
18900 -419910
18930 -419910
18960 -419910
18990 -419910
19020 -419910
19050 -419910
19080 -419910
19110 -419910
19140 -419910
19170 -419910
19200 -419910
19230 -419910
19260 -419910
19290 -419910
19320 -419910
19350 -419910
19380 -419910
19410 -419910
19440 -419910
19470 -419910
19500 -419910
19530 -419910
19560 -419910
19590 -419910
19620 -419910
19650 -419910
19680 -419174
19710 -419174
19740 -419174
19770 -419174
19800 -419174
19830 -419174
19860 -419174
19890 -419174
19920 -419174
19950 -419174
19980 -419174
20010 -419174
20040 -419174
20070 -419174
20100 -419174
20130 -419174
20160 -419174
20190 -419174
20220 -419174
20250 -419174
20280 -419174
20310 -419174
20340 -419174
20370 -419174
20400 -419174
20430 -419174
20460 -419174
20490 -419174
20520 -419174
20550 -419174
20580 -419174
20610 -419174
20640 -419174
20670 -419174
20700 -419174
20730 -419174
20760 -419174
20790 -419174
20820 -419174
20850 -419174
20880 -419174
20910 -419174
20940 -419174
20970 -419174
21000 -419174
21030 -419174
21060 -419174
21090 -419174
21120 -419174
21150 -419174
21180 -419174
21210 -419174
21240 -419174
21270 -419174
21300 -419174
21330 -419174
21360 -419174
21390 -419174
21420 -419174
21450 -419174
21480 -419174
21510 -419160
21540 -419160
21570 -418968
21600 -418968
21630 -418968
21660 -418963
21690 -418963
21720 -418963
21750 -418963
21780 -418963
21810 -418963
21840 -418963
21870 -418963
21900 -418963
21930 -418963
21960 -418963
21990 -418963
22020 -418963
22050 -418963
22080 -418963
22110 -418963
22140 -418963
22170 -418963
22200 -418963
22230 -418963
22260 -418963
22290 -418963
22320 -418963
22350 -418963
22380 -418963
22410 -418963
22440 -418963
22470 -418963
22500 -418963
22530 -418963
22560 -418963
22590 -418963
22620 -418963
22650 -418963
22680 -418963
22710 -418963
22740 -418963
22770 -418963
22800 -418963
22830 -418963
22860 -418963
22890 -418963
22920 -418963
22950 -418963
22980 -418963
23010 -418963
23040 -418963
23070 -418963
23100 -418963
23130 -418963
23160 -418963
23190 -418963
23220 -418963
23250 -418963
23280 -418963
23310 -418963
23340 -418963
23370 -418963
23400 -418963
23430 -418963
23460 -418963
23490 -418963
23520 -418963
23550 -414509
23580 -414509
23610 -414509
23640 -414509
23670 -414509
23700 -414509
23730 -414509
23760 -414509
23790 -414509
23820 -414509
23850 -414509
23880 -414509
23910 -414509
23940 -414509
23970 -414509
24000 -414509
24030 -414509
24060 -414509
24090 -414509
24120 -414509
24150 -414509
24180 -414509
24210 -414509
24240 -414509
24270 -414509
24300 -414509
24330 -414509
24360 -414509
24390 -414509
24420 -414509
24450 -414509
24480 -414509
24510 -414509
24540 -414509
24570 -414509
24600 -414509
24630 -414509
24660 -414509
24690 -414509
24720 -414176
24750 -414176
24780 -414176
24810 -414176
24840 -414176
24870 -414176
24900 -414176
24930 -414176
24960 -414176
24990 -414176
25020 -414176
25050 -414176
25080 -414176
25110 -414176
25140 -414176
25170 -414176
25200 -414176
25230 -414176
25260 -414176
25290 -414176
25320 -414176
25350 -414176
25380 -414176
25410 -414176
25440 -414176
25470 -414176
25500 -414176
25530 -414176
25560 -414176
25590 -414176
25620 -414176
25650 -414176
25680 -414176
25710 -414176
25740 -414176
25770 -414176
25800 -414176
25830 -414176
25860 -414176
25890 -414176
25920 -414176
25950 -414176
25980 -414176
26010 -414176
26040 -414176
26070 -414176
26100 -414176
26130 -414162
26160 -414162
26190 -414162
26220 -414162
26250 -414009
26280 -414009
26310 -414009
26340 -414009
26370 -414009
26400 -414009
26430 -414009
26460 -414009
26490 -414009
26520 -413906
26550 -413906
26580 -413906
26610 -413906
26640 -413906
26670 -413906
26700 -413906
26730 -413906
26760 -413906
26790 -413906
26820 -413906
26850 -413906
26880 -413906
26910 -413906
26940 -413906
26970 -413906
27000 -413906
27030 -413906
27060 -413906
27090 -413906
27120 -413906
27150 -413906
27180 -413906
27210 -413906
27240 -413906
27270 -413906
27300 -413906
27330 -413906
27360 -413906
27390 -413906
27420 -413906
27450 -413906
27480 -413906
27510 -413906
27540 -413906
27570 -413906
27600 -413906
27630 -413906
27660 -413906
27690 -413906
27720 -413906
27750 -413906
27780 -413906
27810 -413906
27840 -413906
27870 -413906
27900 -413906
27930 -413906
27960 -413906
27990 -413906
28020 -413906
28050 -413906
28080 -413906
28110 -413906
28140 -413906
28170 -413906
28200 -413906
28230 -413906
28260 -413906
28290 -413906
28320 -413906
28350 -413906
28380 -413906
28410 -413906
28440 -413906
28470 -413906
28500 -413906
28530 -413906
28560 -413906
28590 -413906
28620 -413906
28650 -413906
28680 -413906
28710 -413906
28740 -413906
28770 -413906
28800 -413906
28830 -413906
28860 -413906
28890 -413906
28920 -413906
28950 -413906
28980 -413906
29010 -413906
29040 -413906
29070 -413906
29100 -413906
29130 -413906
29160 -413906
29190 -413906
29220 -413906
29250 -413906
29280 -413906
29310 -413906
29340 -413906
29370 -413906
29400 -413906
29430 -413906
29460 -413906
29490 -413906
29520 -413906
29550 -413906
29580 -413906
29610 -413906
29640 -413906
29670 -413906
29700 -413906
29730 -413906
29760 -413906
29790 -413906
29820 -413906
29850 -413906
29880 -413885
29910 -413885
29940 -413885
29970 -413885
30000 -413885
30030 -413733
30060 -413733
30090 -413733
30120 -413733
30150 -413733
30180 -413733
30210 -413733
30240 -413733
30270 -413733
30300 -413733
30330 -413733
30360 -413733
30390 -413733
30420 -413733
30450 -413733
30480 -413733
30510 -413733
30540 -413733
30570 -413733
30600 -413733
30630 -413733
30660 -413733
30690 -413733
30720 -413733
30750 -413733
30780 -413733
30810 -413733
30840 -413733
30870 -413733
30900 -413733
30930 -413733
30960 -413733
30990 -413733
31020 -413733
31050 -413733
31080 -413733
31110 -413733
31140 -413733
31170 -413733
31200 -413733
31230 -413733
31260 -413733
31290 -413733
31320 -413733
31350 -413733
31380 -413616
31410 -413616
31440 -413616
31470 -413616
31500 -413616
31530 -413616
31560 -413616
31590 -413616
31620 -413616
31650 -413616
31680 -413616
31710 -413616
31740 -413616
31770 -413616
31800 -413616
31830 -413616
31860 -413616
31890 -413616
31920 -413616
31950 -413616
31980 -413616
32010 -413616
32040 -413616
32070 -413616
32100 -413616
32130 -413616
32160 -413616
32190 -413616
32220 -413616
32250 -413616
32280 -413616
32310 -413616
32340 -413616
32370 -413616
32400 -413616
32430 -413616
32460 -413616
32490 -413616
32520 -413616
32550 -413616
32580 -413616
32610 -413616
32640 -413616
32670 -413616
32700 -413616
32730 -413616
32760 -413616
32790 -413616
32820 -413616
32850 -413616
32880 -413616
32910 -413616
32940 -413616
32970 -413616
33000 -413616
33030 -413616
33060 -413616
33090 -413616
33120 -413616
33150 -413616
33180 -413616
33210 -413616
33240 -413616
33270 -413616
33300 -413616
33330 -413616
33360 -413616
33390 -413616
33420 -413616
33450 -413616
33480 -413616
33510 -413616
33540 -413616
33570 -413616
33600 -413616
33630 -413616
33660 -413616
33690 -413616
33720 -413616
33750 -413311
33780 -413311
33810 -413311
33840 -413311
33870 -413311
33900 -413311
33930 -413311
33960 -413311
33990 -413311
34020 -413311
34050 -413311
34080 -413311
34110 -413311
34140 -413311
34170 -413311
34200 -413311
34230 -413311
34260 -413311
34290 -413311
34320 -413311
34350 -413311
34380 -413311
34410 -413311
34440 -413311
34470 -413311
34500 -413311
34530 -413311
34560 -413311
34590 -413311
34620 -413311
34650 -413311
34680 -413311
34710 -413311
34740 -413311
34770 -413311
34800 -413311
34830 -413311
34860 -413311
34890 -413311
34920 -413311
34950 -412441
34980 -412441
35010 -412441
35040 -412441
35070 -412441
35100 -412441
35130 -412441
35160 -412441
35190 -412439
35220 -412439
35250 -412439
35280 -412439
35310 -412439
35340 -412439
35370 -412439
35400 -412439
35430 -412439
35460 -412439
35490 -412439
35520 -412439
35550 -412439
35580 -412439
35610 -412439
35640 -412439
35670 -412439
35700 -412439
35730 -412439
35760 -412439
35790 -412439
35820 -412439
35850 -412439
35880 -412439
35910 -412439
35940 -412439
35970 -412439
36000 -412439
36030 -412439
36060 -412439
36090 -412439
36120 -412439
36150 -412439
36180 -412439
36210 -412439
36240 -412439
36270 -412439
36300 -412439
36330 -412358
36360 -412358
36390 -412358
36420 -412358
36450 -412358
36480 -412358
36510 -412358
36540 -412358
36570 -412358
36600 -412358
36630 -412358
36660 -412358
36690 -412358
36720 -412358
36750 -412358
36780 -412358
36810 -412358
36840 -412358
36870 -412358
36900 -412358
36930 -412358
36960 -412358
36990 -412358
37020 -412358
37050 -412358
37080 -412358
37110 -412358
37140 -412358
37170 -412358
37200 -412358
37230 -412358
37260 -412358
37290 -412358
37320 -412358
37350 -412358
37380 -412358
37410 -412358
37440 -412358
37470 -412358
37500 -412358
37530 -412358
37560 -412358
37590 -412358
37620 -412358
37650 -412358
37680 -412358
37710 -412358
37740 -412358
37770 -412358
37800 -412358
37830 -412358
37860 -412358
37890 -412358
37920 -412358
37950 -412358
37980 -412358
38010 -412358
38040 -412358
38070 -412358
38100 -412358
38130 -412358
38160 -412358
38190 -412358
38220 -412358
38250 -412358
38280 -412358
38310 -412358
38340 -412358
38370 -412358
38400 -412358
38430 -412358
38460 -412358
38490 -412358
38520 -412358
38550 -412358
38580 -412358
38610 -412358
38640 -412358
38670 -412358
38700 -412358
38730 -412358
38760 -412358
38790 -412358
38820 -412358
38850 -412358
38880 -412358
38910 -412358
38940 -412358
38970 -412358
39000 -412358
39030 -412358
39060 -412358
39090 -412358
39120 -412358
39150 -412358
39180 -412358
39210 -412358
39240 -412358
39270 -412358
39300 -412358
39330 -412358
39360 -412358
39390 -412358
39420 -412358
39450 -412358
39480 -412358
39510 -412358
39540 -412358
39570 -412358
39600 -412358
39630 -412358
39660 -412358
39690 -412358
39720 -412358
39750 -412358
39780 -412358
39810 -412358
39840 -412358
39870 -412358
39900 -412358
39930 -412358
39960 -412358
39990 -412358
40020 -412358
40050 -412358
40080 -412358
40110 -412358
40140 -412358
40170 -412358
40200 -412358
40230 -412358
40260 -412358
40290 -412358
40320 -412358
40350 -412358
40380 -412358
40410 -412358
40440 -412358
40470 -412358
40500 -412358
40530 -412358
40560 -412358
40590 -412358
40620 -412358
40650 -412358
40680 -412358
40710 -412358
40740 -412358
40770 -412358
40800 -412358
40830 -412358
40860 -412358
40890 -412358
40920 -412358
40950 -412358
40980 -412358
41010 -412358
41040 -412358
41070 -412358
41100 -412358
41130 -412358
41160 -412358
41190 -412358
41220 -412358
41250 -412358
41280 -412358
41310 -412358
41340 -412358
41370 -412358
41400 -412167
41430 -412167
41460 -412167
41490 -412167
41520 -412167
41550 -412167
41580 -412167
41610 -412167
41640 -412167
41670 -412167
41700 -412167
41730 -412167
41760 -412167
41790 -412167
41820 -412167
41850 -412167
41880 -412167
41910 -412167
41940 -412167
41970 -412167
42000 -412167
42030 -412167
42060 -412167
42090 -412167
42120 -412167
42150 -412167
42180 -412167
42210 -412167
42240 -412167
42270 -412167
42300 -412167
42330 -412167
42360 -412167
42390 -412167
42420 -412167
42450 -412167
42480 -412167
42510 -412167
42540 -412167
42570 -412167
42600 -412167
42630 -412167
42660 -412167
42690 -412167
42720 -412167
42750 -412167
42780 -412167
42810 -412167
42840 -412167
42870 -412167
42900 -412167
42930 -412167
42960 -412167
42990 -412167
43020 -412167
43050 -412167
43080 -412167
43110 -412167
43140 -412167
43170 -412167
43200 -412167
43230 -412167
43260 -412167
43290 -412167
43320 -412167
43350 -412167
43380 -412167
43410 -412167
43440 -412167
43470 -412167
43500 -412167
43530 -412167
43560 -412167
43590 -412167
43620 -412167
43650 -412167
43680 -412167
43710 -412167
43740 -412167
43770 -412167
43800 -412167
43830 -412167
43860 -412167
43890 -412167
43920 -412153
43950 -412153
43980 -412153
44010 -412153
44040 -412153
44070 -412153
44100 -412153
44130 -412153
44160 -412153
44190 -412153
44220 -412153
44250 -412153
44280 -412153
44310 -412153
44340 -412153
44370 -412153
44400 -412153
44430 -412153
44460 -412153
44490 -412153
44520 -412153
44550 -412153
44580 -412153
44610 -412153
44640 -412153
44670 -412153
44700 -412153
44730 -412153
44760 -412153
44790 -411881
44820 -411881
44850 -411881
44880 -411881
44910 -411881
44940 -411881
44970 -411881
45000 -411881
45030 -411881
45060 -411881
45090 -411881
45120 -411881
45150 -411881
45180 -411881
45210 -411881
45240 -411881
45270 -411881
45300 -411881
45330 -411881
45360 -411881
45390 -411881
45420 -411881
45450 -411881
45480 -411881
45510 -411881
45540 -411881
45570 -411881
45600 -411881
45630 -411881
45660 -411881
45690 -411881
45720 -411881
45750 -411881
45780 -411881
45810 -411881
45840 -411881
45870 -411881
45900 -411881
45930 -411881
45960 -411881
45990 -411881
46020 -411881
46050 -411881
46080 -411881
46110 -411881
46140 -411881
46170 -411881
46200 -411881
46230 -411881
46260 -411881
46290 -411881
46320 -411881
46350 -411881
46380 -411881
46410 -411881
46440 -411881
46470 -411881
46500 -411881
46530 -411881
46560 -411881
46590 -411881
46620 -411881
46650 -411881
46680 -411881
46710 -411881
46740 -411881
46770 -411881
46800 -411881
46830 -411881
46860 -411881
46890 -411881
46920 -411881
46950 -411881
46980 -411881
47010 -411881
47040 -411881
47070 -411881
47100 -411881
47130 -411881
47160 -411881
47190 -411881
47220 -411881
47250 -411881
47280 -411881
47310 -411881
47340 -411881
47370 -411881
47400 -411881
47430 -411881
47460 -411881
47490 -411881
47520 -411881
47550 -411881
47580 -411881
47610 -411881
47640 -411881
47670 -411881
47700 -411881
47730 -411881
47760 -411881
47790 -411881
47820 -411881
47850 -411881
47880 -411881
47910 -411881
47940 -411881
47970 -411881
48000 -411881
48030 -411881
48060 -411872
48090 -411872
48120 -411872
48150 -411872
48180 -411872
48210 -411872
48240 -411872
48270 -411872
48300 -411872
48330 -411872
48360 -411872
48390 -411872
48420 -411872
48450 -411872
48480 -411872
48510 -411872
48540 -411872
48570 -411872
48600 -411872
48630 -411872
48660 -411872
48690 -411872
48720 -411872
48750 -411872
48780 -411872
48810 -411872
48840 -411872
48870 -411872
48900 -411872
48930 -411872
48960 -411872
48990 -411872
49020 -411872
49050 -411872
49080 -411872
49110 -411872
49140 -411872
49170 -411872
49200 -411872
49230 -411872
49260 -411872
49290 -411872
49320 -411872
49350 -411872
49380 -411872
49410 -411872
49440 -411872
49470 -411872
49500 -411872
49530 -411872
49560 -411872
49590 -411872
49620 -411872
49650 -411872
49680 -411872
49710 -411872
49740 -411872
49770 -411872
49800 -411872
49830 -411872
49860 -411872
49890 -411872
49920 -411872
49950 -411872
49980 -411872
50010 -411872
50040 -411872
50070 -411872
50100 -411872
50130 -411872
50160 -411872
50190 -411872
50220 -411872
50250 -411872
50280 -411872
50310 -411872
50340 -411872
50370 -411872
50400 -411872
50430 -411872
50460 -411872
50490 -411872
50520 -411872
50550 -411872
50580 -411872
50610 -411872
50640 -411872
50670 -411872
50700 -411872
50730 -411872
50760 -411872
50790 -411872
50820 -411872
50850 -411638
50880 -411638
50910 -411638
50940 -411638
50970 -411638
51000 -411638
51030 -411637
51060 -411637
51090 -411637
51120 -411637
51150 -411637
51180 -411637
51210 -411637
51240 -411637
51270 -411637
51300 -411637
51330 -411637
51360 -411637
51390 -411637
51420 -411637
51450 -411637
51480 -411637
51510 -411637
51540 -411637
51570 -411637
51600 -411637
51630 -411637
51660 -411637
51690 -411637
51720 -411637
51750 -411637
51780 -411637
51810 -411637
51840 -410904
51870 -410904
51900 -410904
51930 -410904
51960 -410904
51990 -410904
52020 -410904
52050 -410904
52080 -410904
52110 -410904
52140 -410904
52170 -410904
52200 -410904
52230 -410904
52260 -410904
52290 -410904
52320 -410904
52350 -410883
52380 -410883
52410 -410883
52440 -410883
52470 -410883
52500 -410883
52530 -410883
52560 -410883
52590 -410883
52620 -410883
52650 -410883
52680 -410883
52710 -410883
52740 -410883
52770 -410883
52800 -410883
52830 -410883
52860 -410883
52890 -410883
52920 -410883
52950 -410883
52980 -410883
53010 -410883
53040 -410883
53070 -410883
53100 -410883
53130 -410883
53160 -410883
53190 -410883
53220 -410883
53250 -410883
53280 -410883
53310 -410883
53340 -410883
53370 -410883
53400 -410883
53430 -410883
53460 -410883
53490 -410883
53520 -410883
53550 -410883
53580 -410883
53610 -410883
53640 -410883
53670 -410883
53700 -410883
53730 -410883
53760 -410675
53790 -410675
53820 -410675
53850 -410675
53880 -410675
53910 -410675
53940 -410675
53970 -410675
54000 -410675
54030 -410675
54060 -410675
54090 -410675
54120 -410675
54150 -410675
54180 -410675
54210 -410675
54240 -410675
54270 -410675
54300 -410675
54330 -410675
54360 -410675
54390 -410675
54420 -410675
54450 -410675
54480 -410675
54510 -410675
54540 -410675
54570 -410675
54600 -410675
54630 -410675
54660 -410675
54690 -410675
54720 -410675
54750 -410675
54780 -410675
54810 -410675
54840 -410675
54870 -410675
54900 -410675
54930 -410675
54960 -410675
54990 -410675
55020 -410675
55050 -410675
55080 -409831
55110 -409831
55140 -409831
55170 -409831
55200 -409831
55230 -409831
55260 -409831
55290 -409831
55320 -409831
55350 -409831
55380 -409831
55410 -409831
55440 -409831
55470 -409831
55500 -409831
55530 -409831
55560 -409831
55590 -409831
55620 -409831
55650 -409831
55680 -409831
55710 -409831
55740 -409831
55770 -409831
55800 -409831
55830 -409831
55860 -409831
55890 -409831
55920 -409831
55950 -409831
55980 -409831
56010 -409831
56040 -409831
56070 -409831
56100 -409831
56130 -409831
56160 -409831
56190 -409831
56220 -409831
56250 -409831
56280 -409831
56310 -409831
56340 -409831
56370 -409768
56400 -409768
56430 -409768
56460 -409768
56490 -409725
56520 -409725
56550 -409725
56580 -409725
56610 -409725
56640 -409725
56670 -409725
56700 -409725
56730 -409725
56760 -409725
56790 -409725
56820 -409725
56850 -409725
56880 -409725
56910 -409725
56940 -409725
56970 -409725
57000 -409725
57030 -409725
57060 -409640
57090 -409640
57120 -409640
57150 -409640
57180 -409640
57210 -409640
57240 -409614
57270 -409614
57300 -409614
57330 -409614
57360 -409614
57390 -409614
57420 -409614
57450 -409614
57480 -409614
57510 -409614
57540 -409614
57570 -409614
57600 -409614
57630 -409614
57660 -409614
57690 -409614
57720 -409614
57750 -409614
57780 -409614
57810 -409614
57840 -409614
57870 -409614
57900 -409614
57930 -409614
57960 -409614
57990 -409614
58020 -409614
58050 -409614
58080 -409614
58110 -409614
58140 -409614
58170 -409614
58200 -409614
58230 -409614
58260 -409614
58290 -409614
58320 -409614
58350 -409614
58380 -409614
58410 -409614
58440 -409614
58470 -409614
58500 -409614
58530 -409614
58560 -409614
58590 -409614
58620 -409614
58650 -409614
58680 -409614
58710 -409614
58740 -409614
58770 -409614
58800 -409614
58830 -409614
58860 -409614
58890 -409614
58920 -409614
58950 -409614
58980 -409614
59010 -409614
59040 -409614
59070 -409614
59100 -409614
59130 -409614
59160 -409614
59190 -409614
59220 -409614
59250 -409614
59280 -409614
59310 -409614
59340 -409614
59370 -409614
59400 -409132
59430 -409132
59460 -409132
59490 -409132
59520 -409132
59550 -409132
59580 -409132
59610 -409132
59640 -409132
59670 -409132
59700 -409132
59730 -409132
59760 -409132
59790 -409132
59820 -409132
59850 -409132
59880 -409132
59910 -409132
59940 -409132
59970 -409132
60000 -409132
60030 -409132
60060 -409132
60090 -409132
60120 -409132
60150 -409132
60180 -409132
60210 -409132
60240 -409132
60270 -409132
60300 -409132
60330 -409132
60360 -409132
60390 -409132
60420 -409132
60450 -409132
60480 -409132
60510 -409132
60540 -409132
60570 -409132
60600 -409132
60630 -409132
60660 -409132
60690 -409132
60720 -409132
60750 -409132
60780 -409132
60810 -409132
60840 -409132
60870 -409132
60900 -409132
60930 -409132
60960 -409132
60990 -409132
61020 -409132
61050 -409132
61080 -409132
61110 -409132
61140 -409132
61170 -409132
61200 -409132
61230 -409132
61260 -409132
61290 -409132
61320 -409132
61350 -409132
61380 -409132
61410 -409132
61440 -409132
61470 -409132
61500 -409132
61530 -409132
61560 -409132
61590 -409132
61620 -409132
61650 -409132
61680 -409132
61710 -409132
61740 -409132
61770 -409132
61800 -409132
61830 -409132
61860 -409132
61890 -409132
61920 -409132
61950 -409132
61980 -409132
62010 -409132
62040 -409132
62070 -409132
62100 -409132
62130 -409132
62160 -409132
62190 -409132
62220 -409132
62250 -409132
62280 -409132
62310 -409132
62340 -409132
62370 -409132
62400 -409132
62430 -409132
62460 -409132
62490 -409132
62520 -409132
62550 -409132
62580 -409132
62610 -409132
62640 -409132
62670 -409132
62700 -409132
62730 -409132
62760 -409132
62790 -409132
62820 -409132
62850 -409132
62880 -409132
62910 -409132
62940 -409132
62970 -409132
63000 -409132
63030 -409132
63060 -409132
63090 -409132
63120 -409132
63150 -409132
63180 -409132
63210 -409132
63240 -409132
63270 -409132
63300 -409132
63330 -409132
63360 -409132
63390 -409132
63420 -409132
63450 -409132
63480 -409132
63510 -409132
63540 -409132
63570 -409132
63600 -409132
63630 -409132
63660 -409132
63690 -409132
63720 -409132
63750 -409132
63780 -409132
63810 -409132
63840 -409132
63870 -409132
63900 -409132
63930 -409132
63960 -409132
63990 -409132
64020 -409132
64050 -409132
64080 -409132
64110 -409132
64140 -409132
64170 -409132
64200 -409132
64230 -409132
64260 -409132
64290 -409132
64320 -409132
64350 -409132
64380 -409132
64410 -409132
64440 -409132
64470 -409132
64500 -409132
64530 -409132
64560 -409132
64590 -409132
64620 -409132
64650 -409132
64680 -409132
64710 -409132
64740 -409132
64770 -409132
64800 -409132
64830 -409132
64860 -409132
64890 -409132
64920 -409132
64950 -409132
64980 -409132
65010 -409132
65040 -409132
65070 -409132
65100 -409132
65130 -409132
65160 -409132
65190 -409132
65220 -409132
65250 -409132
65280 -409132
65310 -409132
65340 -409132
65370 -409132
65400 -409132
65430 -409132
65460 -409132
65490 -409132
65520 -409132
65550 -409132
65580 -409132
65610 -409132
65640 -409132
65670 -409132
65700 -409132
65730 -409132
65760 -409132
65790 -409132
65820 -409132
65850 -409132
65880 -409132
65910 -409132
65940 -409132
65970 -409132
66000 -409132
66030 -409132
66060 -409132
66090 -409132
66120 -409132
66150 -409132
66180 -409132
66210 -409132
66240 -409132
66270 -409132
66300 -409132
66330 -409132
66360 -409132
66390 -409132
66420 -409132
66450 -409132
66480 -409132
66510 -409132
66540 -409132
66570 -409132
66600 -409132
66630 -409132
66660 -409132
66690 -409132
66720 -409132
