60 -376642
90 -376642
120 -374674
150 -374674
180 -374674
210 -374674
240 -372439
270 -372439
300 -371815
330 -370760
360 -369960
390 -369503
420 -365329
450 -365329
480 -363465
510 -363465
540 -363462
570 -362606
600 -362606
630 -362606
660 -362606
690 -362606
720 -362606
750 -362606
780 -362103
810 -361949
840 -361949
870 -361949
900 -361949
930 -361455
960 -361455
990 -361455
1020 -361455
1050 -361455
1080 -361202
1110 -360680
1140 -360680
1170 -360680
1200 -360680
1230 -360680
1260 -360680
1290 -360680
1320 -360680
1350 -360680
1380 -360680
1410 -360680
1440 -360680
1470 -360680
1500 -360598
1530 -360598
1560 -360546
1590 -360546
1620 -360440
1650 -360440
1680 -360440
1710 -360440
1740 -360440
1770 -359403
1800 -359403
1830 -356575
1860 -356575
1890 -356575
1920 -356575
1950 -356307
1980 -356307
2010 -356307
2040 -356307
2070 -356307
2100 -356307
2130 -356307
2160 -356307
2190 -356307
2220 -356307
2250 -356307
2280 -356221
2310 -356221
2340 -356221
2370 -356221
2400 -356221
2430 -356221
2460 -356221
2490 -356221
2520 -356221
2550 -356221
2580 -356221
2610 -356221
2640 -355995
2670 -355995
2700 -355995
2730 -355995
2760 -355995
2790 -355995
2820 -355995
2850 -355995
2880 -355995
2910 -355995
2940 -353177
2970 -353177
3000 -353177
3030 -353177
3060 -353177
3090 -353177
3120 -353117
3150 -353117
3180 -351698
3210 -351366
3240 -351366
3270 -350428
3300 -350277
3330 -350277
3360 -350109
3390 -350109
3420 -350109
3450 -350109
3480 -350109
3510 -350109
3540 -350109
3570 -349172
3600 -348851
3630 -348851
3660 -348677
3690 -348677
3720 -348677
3750 -348677
3780 -348677
3810 -348677
3840 -348677
3870 -348677
3900 -348677
3930 -348677
3960 -348677
3990 -348677
4020 -348677
4050 -348677
4080 -348677
4110 -348677
4140 -348677
4170 -348677
4200 -348677
4230 -348677
4260 -348677
4290 -348677
4320 -348677
4350 -348677
4380 -348677
4410 -348677
4440 -348677
4470 -348677
4500 -347036
4530 -347036
4560 -347036
4590 -347036
4620 -347036
4650 -346898
4680 -346898
4710 -346898
4740 -346898
4770 -346898
4800 -346898
4830 -346898
4860 -346898
4890 -346898
4920 -346898
4950 -346898
4980 -346898
5010 -346898
5040 -346898
5070 -346898
5100 -346898
5130 -346898
5160 -346898
5190 -346898
5220 -346898
5250 -346898
5280 -346898
5310 -346898
5340 -346898
5370 -346898
5400 -346898
5430 -346898
5460 -346898
5490 -346898
5520 -346898
5550 -346898
5580 -346898
5610 -346898
5640 -346745
5670 -346745
5700 -346745
5730 -346745
5760 -346745
5790 -346745
5820 -346718
5850 -346718
5880 -346718
5910 -346718
5940 -346718
5970 -346718
6000 -346718
6030 -346718
6060 -346718
6090 -346718
6120 -346718
6150 -346718
6180 -346718
6210 -346718
6240 -346718
6270 -346718
6300 -346718
6330 -346718
6360 -346718
6390 -346718
6420 -346718
6450 -346479
6480 -346479
6510 -346479
6540 -346479
6570 -346362
6600 -346362
6630 -346362
6660 -346362
6690 -346362
6720 -346362
6750 -346362
6780 -346362
6810 -346362
6840 -346362
6870 -346362
6900 -346362
6930 -346362
6960 -346362
6990 -346362
7020 -346362
7050 -346362
7080 -346362
7110 -346362
7140 -346362
7170 -346362
7200 -346362
7230 -346362
7260 -346362
7290 -346362
7320 -346362
7350 -346362
7380 -346362
7410 -346362
7440 -346362
7470 -346362
7500 -346362
7530 -346362
7560 -345553
7590 -344627
7620 -344627
7650 -344627
7680 -344627
7710 -344627
7740 -344627
7770 -344627
7800 -344627
7830 -344627
7860 -344627
7890 -344627
7920 -344627
7950 -344627
7980 -344627
8010 -344627
8040 -344627
8070 -344627
8100 -344574
8130 -342191
8160 -342191
8190 -342191
8220 -342191
8250 -342191
8280 -342191
8310 -342191
8340 -342191
8370 -342191
8400 -341963
8430 -341963
8460 -341963
8490 -341963
8520 -341963
8550 -341947
8580 -341947
8610 -341947
8640 -341947
8670 -341947
8700 -341947
8730 -341526
8760 -341526
8790 -341526
8820 -341526
8850 -341526
8880 -341526
8910 -341526
8940 -341526
8970 -341526
9000 -341526
9030 -341526
9060 -341526
9090 -341526
9120 -341526
9150 -341526
9180 -341526
9210 -341526
9240 -341526
9270 -341526
9300 -341252
9330 -341252
9360 -341252
9390 -341252
9420 -341252
9450 -341252
9480 -341252
9510 -341252
9540 -341252
9570 -341252
9600 -341252
9630 -341252
9660 -341252
9690 -341252
9720 -341252
9750 -341175
9780 -341175
9810 -341175
9840 -340894
9870 -340894
9900 -340894
9930 -340894
9960 -340894
9990 -340894
10020 -340894
10050 -340894
10080 -340894
10110 -340894
10140 -340894
10170 -340894
10200 -340894
10230 -340894
10260 -340894
10290 -340894
10320 -340894
10350 -340894
10380 -340894
10410 -340894
10440 -340894
10470 -340894
10500 -340894
10530 -340894
10560 -340894
10590 -340894
10620 -340551
10650 -340551
10680 -340551
10710 -340551
10740 -340551
10770 -340551
10800 -340551
10830 -340551
10860 -340551
10890 -340551
10920 -340551
10950 -340551
10980 -340191
11010 -340191
11040 -340191
11070 -340191
11100 -340191
11130 -340191
11160 -340191
11190 -340191
11220 -340191
11250 -340191
11280 -340191
11310 -340191
11340 -340191
11370 -340191
11400 -340191
11430 -340191
11460 -340191
11490 -340191
11520 -340191
11550 -340191
11580 -340191
11610 -340191
11640 -340191
11670 -340191
11700 -340191
11730 -340191
11760 -340191
11790 -340191
11820 -340191
11850 -340191
11880 -340191
11910 -340191
11940 -340191
11970 -340191
12000 -340191
12030 -340191
12060 -340191
12090 -340191
12120 -340191
12150 -340191
12180 -340174
12210 -340174
12240 -340174
12270 -340174
12300 -340174
12330 -340174
12360 -340174
12390 -340174
12420 -340174
12450 -340174
12480 -340174
12510 -340048
12540 -340048
12570 -340048
12600 -340048
12630 -340048
12660 -340048
12690 -340048
12720 -340048
12750 -340048
12780 -340048
12810 -340048
12840 -340048
12870 -340048
12900 -340048
12930 -340048
12960 -340048
12990 -340048
13020 -340048
13050 -340048
13080 -340048
13110 -340048
13140 -340048
13170 -340048
13200 -340048
13230 -340048
13260 -340048
13290 -340048
13320 -340048
13350 -340048
13380 -340048
13410 -340048
13440 -340048
13470 -340048
13500 -340048
13530 -340048
13560 -340048
13590 -340048
13620 -340048
13650 -340048
13680 -340048
13710 -340048
13740 -340048
13770 -340048
13800 -340048
13830 -340048
13860 -340048
13890 -340048
13920 -340048
13950 -340048
13980 -340048
14010 -340048
14040 -340048
14070 -340048
14100 -340048
14130 -340048
14160 -340048
14190 -340048
14220 -340048
14250 -340048
14280 -340048
14310 -340048
14340 -340048
14370 -340048
14400 -340048
14430 -340048
14460 -340048
14490 -340048
14520 -340048
14550 -340048
14580 -340048
14610 -340048
14640 -340048
14670 -340048
14700 -340048
14730 -340048
14760 -340048
14790 -340048
14820 -340048
14850 -340048
14880 -340048
14910 -340048
14940 -340048
14970 -340048
15000 -340048
15030 -340048
15060 -340048
15090 -340048
15120 -340048
15150 -340048
15180 -340048
15210 -340048
15240 -340048
15270 -340048
15300 -340048
15330 -340048
15360 -340048
15390 -340048
15420 -340048
15450 -340048
15480 -340048
15510 -340048
15540 -340048
15570 -340048
15600 -340048
15630 -340048
15660 -340048
15690 -340048
15720 -340048
15750 -340048
15780 -340048
15810 -340048
15840 -340048
15870 -340048
15900 -340048
15930 -340048
15960 -340048
15990 -340048
16020 -340029
16050 -340029
16080 -340002
16110 -340002
16140 -340002
16170 -340002
16200 -340002
16230 -340002
16260 -340002
16290 -340002
16320 -340002
16350 -340002
16380 -340002
16410 -340002
16440 -340002
16470 -340002
16500 -340002
16530 -340002
16560 -340002
16590 -339826
16620 -339826
16650 -339826
16680 -339826
16710 -339826
16740 -339826
16770 -339826
16800 -339826
16830 -339826
16860 -339826
16890 -339826
16920 -339826
16950 -339826
16980 -339826
17010 -339826
17040 -339826
17070 -339826
17100 -339826
17130 -339826
17160 -338340
17190 -338340
17220 -338340
17250 -338340
17280 -338340
17310 -338340
17340 -338256
17370 -338256
17400 -338256
17430 -338256
17460 -338256
17490 -338256
17520 -338256
17550 -338256
17580 -338256
17610 -338256
17640 -338256
17670 -338256
17700 -338256
17730 -338256
17760 -338256
17790 -338256
17820 -338256
17850 -338256
17880 -338256
17910 -338256
17940 -338256
17970 -338256
18000 -338256
18030 -338256
18060 -338256
18090 -338256
18120 -338256
18150 -338256
18180 -338256
18210 -338256
18240 -338256
18270 -338256
18300 -338256
18330 -338256
18360 -338256
18390 -338256
18420 -338256
18450 -338256
18480 -338256
18510 -338256
18540 -338256
18570 -338256
18600 -338256
18630 -338256
18660 -338256
18690 -338256
18720 -338256
18750 -338256
18780 -338256
