60 -304471
90 -304471
120 -301360
150 -301360
180 -301360
210 -300936
240 -300513
270 -300513
300 -300513
330 -300513
360 -300348
390 -300348
420 -299480
450 -299480
480 -297544
510 -297544
540 -296562
570 -296562
600 -294408
630 -294408
660 -294408
690 -294408
720 -294408
750 -294408
780 -294408
810 -294408
840 -294159
870 -294159
900 -294159
930 -294159
960 -294159
990 -294159
1020 -294159
1050 -292046
1080 -292046
1110 -292046
1140 -291987
1170 -291987
1200 -291505
1230 -291505
1260 -291505
1290 -291505
1320 -291505
1350 -291505
1380 -291437
1410 -291301
1440 -291301
1470 -291178
1500 -291178
1530 -290715
1560 -290715
1590 -290715
1620 -290714
1650 -290031
1680 -290031
1710 -289825
1740 -289825
1770 -289825
1800 -289684
1830 -289410
1860 -289218
1890 -287727
1920 -287727
1950 -287727
1980 -287727
2010 -287727
2040 -287727
2070 -287611
2100 -287611
2130 -286901
2160 -286901
2190 -286901
2220 -286901
2250 -286901
2280 -286901
2310 -286901
2340 -286901
2370 -286901
2400 -286901
2430 -286901
2460 -286901
2490 -286901
2520 -286901
2550 -286026
2580 -286026
2610 -286026
2640 -286026
2670 -286026
2700 -286026
2730 -285652
2760 -285652
2790 -285652
2820 -285652
2850 -285652
2880 -285652
2910 -285652
2940 -285652
2970 -284642
3000 -284642
3030 -284642
3060 -284642
3090 -284642
3120 -284642
3150 -284642
3180 -284266
3210 -284266
3240 -284266
3270 -284266
3300 -284266
3330 -284266
3360 -284266
3390 -284266
3420 -284266
3450 -284266
3480 -284266
3510 -284266
3540 -284266
3570 -283609
3600 -283609
3630 -283609
3660 -283609
3690 -283609
3720 -283609
3750 -283609
3780 -283609
3810 -283527
3840 -283527
3870 -283527
3900 -283527
3930 -283527
3960 -283527
3990 -283222
4020 -283222
4050 -283222
4080 -283222
4110 -283222
4140 -283222
4170 -283222
4200 -283222
4230 -282884
4260 -282884
4290 -282884
4320 -282884
4350 -282884
4380 -282884
4410 -282884
4440 -282551
4470 -282188
4500 -282188
4530 -282188
4560 -280934
4590 -280934
4620 -280934
4650 -280934
4680 -280934
4710 -280934
4740 -280934
4770 -280383
4800 -280383
4830 -280383
4860 -280383
4890 -280383
4920 -280383
4950 -280383
4980 -280383
5010 -280383
5040 -279850
5070 -279850
5100 -279850
5130 -279850
5160 -279850
5190 -279850
5220 -279850
5250 -279850
5280 -279850
5310 -279850
5340 -279850
5370 -279850
5400 -279850
5430 -279850
5460 -279850
5490 -279850
5520 -279850
5550 -279850
5580 -279850
5610 -279850
5640 -279850
5670 -279850
5700 -279850
5730 -279850
5760 -279850
5790 -279850
5820 -279850
5850 -279850
5880 -279850
5910 -279848
5940 -279819
5970 -279645
6000 -279645
6030 -279645
6060 -279251
6090 -279251
6120 -279251
6150 -279251
6180 -279251
6210 -279251
6240 -279251
6270 -279251
6300 -279251
6330 -279251
6360 -279251
6390 -279251
6420 -279251
6450 -279251
6480 -279251
6510 -279251
6540 -279251
6570 -279251
6600 -279251
6630 -279049
6660 -279049
6690 -279049
6720 -279049
6750 -279049
6780 -278870
6810 -278870
6840 -278870
6870 -278870
6900 -278870
6930 -278870
6960 -278870
6990 -278870
7020 -278870
7050 -278870
7080 -278519
7110 -278519
7140 -278519
7170 -278519
7200 -278519
7230 -278519
7260 -278519
7290 -277900
7320 -277900
7350 -277900
7380 -277900
7410 -276555
7440 -276555
7470 -276555
7500 -276555
7530 -276555
7560 -276555
7590 -276555
7620 -276555
7650 -276555
7680 -276555
7710 -276555
7740 -276555
7770 -276271
7800 -276271
7830 -276271
7860 -276271
7890 -276271
7920 -276271
7950 -276271
7980 -276271
8010 -276271
8040 -276271
8070 -276271
8100 -276271
8130 -276271
8160 -276130
8190 -276130
8220 -275448
8250 -275448
8280 -275448
8310 -275448
8340 -275448
8370 -275448
8400 -275448
8430 -275448
8460 -275448
8490 -275448
8520 -275448
8550 -275448
8580 -275448
8610 -275448
8640 -275448
8670 -275448
8700 -275448
8730 -275448
8760 -275448
8790 -275448
8820 -275448
8850 -275448
8880 -275448
8910 -275448
8940 -275448
8970 -275448
9000 -275448
9030 -275448
9060 -275448
9090 -275448
9120 -275448
9150 -275448
9180 -275448
9210 -275448
9240 -275448
9270 -275036
9300 -275036
9330 -275036
9360 -275036
9390 -275036
9420 -275036
9450 -275036
9480 -275036
9510 -275036
9540 -274918
9570 -274918
9600 -274918
9630 -274918
9660 -274788
9690 -274788
9720 -274788
9750 -274788
9780 -274788
9810 -274788
9840 -274788
9870 -274788
9900 -274788
9930 -274788
9960 -274788
9990 -274788
10020 -274788
10050 -274788
10080 -274788
10110 -274678
10140 -274678
10170 -274678
10200 -274196
10230 -274196
10260 -273558
10290 -273558
10320 -273558
10350 -273558
10380 -273558
10410 -273558
10440 -273558
10470 -273410
10500 -273410
10530 -273410
10560 -273410
10590 -273410
10620 -273410
10650 -273410
10680 -273410
10710 -273410
10740 -273410
10770 -273410
10800 -273410
10830 -273410
10860 -273410
10890 -273410
10920 -273410
10950 -273410
10980 -273410
11010 -273410
11040 -273410
11070 -273410
11100 -273410
11130 -273113
11160 -273113
11190 -273113
11220 -273113
11250 -273107
11280 -273107
11310 -273107
11340 -273107
11370 -273107
11400 -273107
11430 -273107
11460 -273107
11490 -273107
11520 -273107
11550 -273107
11580 -273107
11610 -273107
11640 -273107
11670 -272921
11700 -272921
11730 -272921
11760 -272921
11790 -272921
11820 -272921
11850 -272921
11880 -272921
11910 -272921
11940 -272921
11970 -272921
12000 -272921
12030 -272921
12060 -272921
12090 -272317
12120 -272317
12150 -272317
12180 -272317
12210 -272317
12240 -272317
12270 -272317
12300 -272317
12330 -272317
12360 -272317
12390 -272317
12420 -272317
12450 -272249
12480 -272249
12510 -272249
12540 -272249
12570 -272249
12600 -272249
12630 -272249
12660 -272249
12690 -272249
12720 -272249
12750 -272249
12780 -272249
12810 -272249
12840 -272249
12870 -272249
12900 -272249
12930 -271846
12960 -271846
12990 -271846
13020 -271846
13050 -271846
13080 -271846
13110 -271846
13140 -271846
13170 -271846
13200 -271846
13230 -271846
13260 -271846
13290 -271846
13320 -271846
13350 -271846
13380 -271846
13410 -271846
13440 -271846
13470 -271846
13500 -271846
13530 -271623
13560 -271623
13590 -271623
13620 -271623
13650 -271623
13680 -271623
13710 -271623
13740 -271623
13770 -271623
13800 -271321
13830 -271321
13860 -271321
13890 -271321
13920 -271321
13950 -271321
13980 -271321
14010 -271321
14040 -271321
14070 -271321
14100 -271321
14130 -271321
14160 -271321
14190 -271321
14220 -271217
14250 -271217
14280 -271217
14310 -271217
14340 -271217
14370 -271217
14400 -271042
14430 -271042
14460 -271042
14490 -271042
14520 -271042
14550 -271042
14580 -271042
14610 -271042
14640 -271042
14670 -271042
14700 -271042
14730 -271042
14760 -271042
14790 -271042
14820 -271042
14850 -271042
14880 -271042
14910 -271042
14940 -271042
14970 -271042
15000 -271042
15030 -271042
15060 -271042
15090 -271042
15120 -271042
15150 -270791
15180 -270791
15210 -270791
15240 -270791
15270 -270791
15300 -270791
15330 -270692
15360 -270692
15390 -270677
15420 -270677
15450 -270677
15480 -270677
15510 -270677
15540 -270677
15570 -270673
15600 -270673
15630 -270673
15660 -270673
15690 -270673
15720 -270673
15750 -270673
15780 -270673
15810 -270673
15840 -270673
15870 -270673
15900 -270673
15930 -270673
15960 -270673
15990 -270673
16020 -270673
16050 -270673
16080 -270673
16110 -270673
16140 -270673
16170 -270642
16200 -270642
16230 -270642
16260 -270642
16290 -270642
16320 -270642
16350 -270642
16380 -270642
16410 -270602
16440 -270602
16470 -270602
16500 -270602
16530 -270602
16560 -270602
16590 -270602
16620 -270602
16650 -270511
16680 -270511
16710 -270511
16740 -270511
16770 -270511
16800 -270511
16830 -270511
16860 -270511
16890 -270511
16920 -270511
16950 -270511
16980 -270511
17010 -270511
17040 -270511
17070 -270511
17100 -270511
17130 -270511
17160 -270511
17190 -270511
17220 -270511
17250 -270511
17280 -270511
17310 -270511
17340 -270511
17370 -270511
17400 -270511
17430 -270511
17460 -270511
17490 -270511
17520 -270511
17550 -270511
17580 -270511
17610 -270511
17640 -270511
17670 -270511
17700 -270437
17730 -270437
17760 -270437
17790 -270437
17820 -270437
17850 -270437
17880 -270437
17910 -270437
17940 -270437
17970 -270437
18000 -270437
18030 -270437
18060 -270437
18090 -270437
18120 -270437
18150 -270437
18180 -270437
18210 -270437
18240 -270437
18270 -270437
18300 -270437
18330 -270437
18360 -270437
18390 -270437
18420 -270437
18450 -270437
18480 -270437
18510 -270327
18540 -270327
18570 -270327
18600 -270327
18630 -270327
18660 -270327
18690 -270327
18720 -270327
18750 -270327
18780 -270327
18810 -270327
18840 -270327
18870 -270327
18900 -270327
18930 -270327
18960 -270327
18990 -270327
19020 -270327
19050 -270327
19080 -270327
19110 -269824
19140 -269824
19170 -269824
19200 -269824
19230 -269824
19260 -269824
19290 -269824
19320 -269824
19350 -269824
19380 -269824
19410 -269824
19440 -269824
19470 -269824
19500 -269824
19530 -269824
19560 -269824
19590 -269824
19620 -269824
19650 -269824
19680 -269824
19710 -269824
19740 -269824
19770 -269824
19800 -269824
19830 -269824
19860 -269680
19890 -269680
19920 -269680
19950 -269602
19980 -269602
20010 -269458
20040 -269458
20070 -269458
20100 -269427
20130 -269427
20160 -269427
20190 -269427
20220 -269427
20250 -269427
20280 -269427
20310 -269427
20340 -269427
20370 -269427
20400 -269427
20430 -269190
20460 -269190
20490 -269190
20520 -269190
20550 -269190
20580 -269190
20610 -269190
20640 -269190
20670 -269190
20700 -269190
20730 -269190
20760 -269190
20790 -269190
20820 -269190
20850 -269190
20880 -269089
20910 -269089
20940 -269043
20970 -268914
21000 -268914
21030 -268914
21060 -268914
21090 -268914
21120 -268914
21150 -268914
21180 -268809
21210 -268809
21240 -268809
21270 -268809
21300 -268797
21330 -268797
21360 -268797
21390 -268797
21420 -268797
21450 -268797
21480 -268797
21510 -268797
21540 -268797
21570 -268797
21600 -268716
21630 -268716
21660 -268716
21690 -268716
21720 -268716
21750 -268716
21780 -268716
21810 -268716
21840 -268716
21870 -268716
21900 -268716
21930 -268716
21960 -268716
21990 -268716
22020 -268716
22050 -268716
22080 -268716
22110 -268716
22140 -268716
22170 -268716
22200 -268716
22230 -268716
22260 -268716
22290 -268716
22320 -268716
22350 -268716
22380 -268716
22410 -268716
22440 -268716
22470 -268716
22500 -268716
22530 -268716
22560 -268716
22590 -268716
22620 -268716
22650 -268716
22680 -268716
22710 -268716
22740 -268716
22770 -268627
22800 -268627
22830 -268627
22860 -268627
22890 -268627
22920 -268627
22950 -268627
22980 -268627
23010 -268627
23040 -268285
23070 -268285
23100 -268285
23130 -268285
23160 -268285
23190 -268285
23220 -268285
23250 -268285
23280 -268285
23310 -268285
23340 -268285
23370 -267547
23400 -267547
23430 -267547
23460 -267547
23490 -267547
23520 -267519
23550 -267519
23580 -267519
23610 -267519
23640 -267254
23670 -267254
23700 -267254
23730 -267254
23760 -267254
23790 -267254
23820 -267254
23850 -267254
23880 -267254
23910 -267254
23940 -266845
23970 -266845
24000 -266845
24030 -266845
24060 -266845
24090 -266845
24120 -266845
24150 -266845
24180 -266845
24210 -266845
24240 -266845
24270 -266845
24300 -266845
24330 -266845
24360 -266845
24390 -266845
24420 -266845
24450 -266845
24480 -266845
24510 -266845
24540 -266845
24570 -266845
24600 -266845
24630 -266835
24660 -266835
24690 -266835
24720 -266835
24750 -266835
24780 -266835
24810 -266835
24840 -266835
24870 -266835
24900 -266835
24930 -266835
24960 -266835
24990 -266835
25020 -266835
25050 -266835
25080 -266835
25110 -266835
25140 -266835
25170 -266835
25200 -266835
25230 -266835
25260 -266835
25290 -266835
25320 -266835
25350 -266835
25380 -266835
25410 -266835
25440 -266835
25470 -266835
25500 -266835
25530 -266835
25560 -266835
25590 -266835
25620 -266835
25650 -266835
25680 -266835
25710 -266835
25740 -266835
25770 -266835
25800 -266466
25830 -266466
25860 -266466
25890 -266466
25920 -266466
25950 -266466
25980 -266466
26010 -266466
26040 -266466
26070 -265999
26100 -265999
26130 -265999
26160 -265999
26190 -265999
26220 -265999
26250 -265999
26280 -265999
26310 -265999
26340 -265999
26370 -265902
26400 -265902
26430 -265902
26460 -265902
26490 -265902
26520 -265902
26550 -265902
26580 -265902
26610 -265902
26640 -265902
26670 -265902
26700 -265902
26730 -265902
26760 -265902
26790 -265902
26820 -265902
26850 -265902
26880 -265902
26910 -265902
26940 -265867
26970 -265867
27000 -265867
27030 -265867
27060 -265867
27090 -265867
27120 -265867
27150 -265863
27180 -265863
27210 -265863
27240 -265863
27270 -265863
27300 -265859
27330 -265859
27360 -265859
27390 -265859
27420 -265859
27450 -265859
27480 -265859
27510 -265560
27540 -265560
27570 -265560
27600 -265560
27630 -265560
27660 -265560
27690 -265560
27720 -265560
27750 -265560
27780 -265560
27810 -265560
27840 -265483
27870 -265483
27900 -265483
27930 -265483
27960 -265483
27990 -265483
28020 -265483
28050 -265483
28080 -265483
28110 -265483
28140 -265483
28170 -265483
28200 -265483
28230 -265483
28260 -265483
28290 -265483
28320 -265483
28350 -265483
28380 -265483
28410 -265483
28440 -265246
28470 -265246
28500 -265246
28530 -265246
28560 -265246
28590 -265246
28620 -265246
28650 -265246
28680 -265246
28710 -265246
28740 -265246
28770 -265246
28800 -265246
28830 -265246
28860 -265246
28890 -265246
28920 -265246
28950 -265246
28980 -265246
29010 -265246
29040 -264912
29070 -264912
29100 -264912
29130 -264912
29160 -264858
29190 -264858
29220 -264858
29250 -264858
29280 -264847
29310 -264847
29340 -264847
29370 -264847
29400 -264847
29430 -264847
29460 -264847
29490 -264847
29520 -264847
29550 -264847
29580 -264847
29610 -264847
29640 -264847
29670 -264847
29700 -264847
29730 -264847
29760 -264847
29790 -264847
29820 -264847
29850 -264812
29880 -264812
29910 -264812
29940 -264812
29970 -264812
30000 -264812
30030 -264812
30060 -264812
30090 -264812
30120 -264812
30150 -264812
30180 -264812
30210 -264812
30240 -264812
30270 -264812
30300 -264812
30330 -264812
30360 -264812
30390 -264812
30420 -264812
30450 -264812
30480 -264812
30510 -264639
30540 -264639
30570 -264639
30600 -264639
30630 -264639
30660 -264639
30690 -264639
30720 -264639
30750 -264333
30780 -264333
30810 -264333
30840 -264333
30870 -264333
30900 -264333
30930 -264333
30960 -264333
30990 -264333
31020 -264333
31050 -264333
31080 -264333
31110 -264333
31140 -264324
31170 -264324
31200 -263909
31230 -263909
31260 -263909
31290 -263909
31320 -263909
31350 -263909
31380 -263909
31410 -263909
31440 -263909
31470 -263909
31500 -263909
31530 -263909
31560 -263909
31590 -263909
31620 -263909
31650 -263876
31680 -263876
31710 -263876
31740 -263876
31770 -263876
31800 -263876
31830 -263876
31860 -263876
31890 -263876
31920 -263876
31950 -263876
31980 -263876
32010 -263876
32040 -263876
32070 -263876
32100 -263876
32130 -263876
32160 -263876
32190 -263876
32220 -263810
32250 -263810
32280 -263810
32310 -263810
32340 -263810
32370 -263810
32400 -263810
32430 -263810
32460 -263810
32490 -263810
32520 -263810
32550 -263810
32580 -263810
32610 -263810
32640 -263810
32670 -263810
32700 -263810
32730 -263810
32760 -263810
32790 -263810
32820 -263810
32850 -263810
32880 -263810
32910 -263789
32940 -263789
32970 -263789
33000 -263789
33030 -263789
33060 -263789
33090 -263789
33120 -263789
33150 -263789
33180 -263789
33210 -263789
33240 -263789
33270 -263789
33300 -263789
33330 -263789
33360 -263789
33390 -263789
33420 -263789
33450 -263789
33480 -263789
33510 -263789
33540 -263789
33570 -263789
33600 -263789
33630 -263789
33660 -263789
33690 -263789
33720 -263789
33750 -263789
33780 -263789
33810 -263789
33840 -263789
33870 -263789
33900 -263789
33930 -263789
33960 -263789
33990 -263789
34020 -263789
34050 -263789
34080 -263789
34110 -263789
34140 -263789
34170 -263789
34200 -263789
34230 -263789
34260 -263789
34290 -263789
34320 -263789
34350 -263789
34380 -263789
34410 -263789
34440 -263789
34470 -263789
34500 -263789
34530 -263789
34560 -263789
34590 -263789
34620 -263789
34650 -263789
34680 -263789
34710 -263789
34740 -263789
34770 -263789
34800 -263789
34830 -263789
34860 -263789
34890 -263789
34920 -263789
34950 -263789
34980 -263789
35010 -263789
35040 -263789
35070 -263789
35100 -263789
35130 -263789
35160 -263789
35190 -263789
35220 -263789
35250 -263789
35280 -263785
35310 -263785
35340 -263785
35370 -263785
35400 -263564
35430 -263564
35460 -263564
35490 -263564
35520 -263564
35550 -263564
35580 -263564
35610 -263564
35640 -263564
35670 -263564
35700 -263564
35730 -263564
35760 -263564
35790 -263564
35820 -263564
35850 -263564
35880 -263564
35910 -263564
35940 -263564
35970 -263564
36000 -263564
36030 -263564
36060 -263564
36090 -263564
36120 -263564
36150 -263564
36180 -263564
36210 -263564
36240 -263564
36270 -263564
36300 -263564
36330 -263564
36360 -263564
36390 -263564
36420 -263564
36450 -263564
36480 -263564
36510 -263564
36540 -263564
36570 -263536
36600 -263536
36630 -263536
36660 -263536
36690 -263536
36720 -263536
36750 -263536
36780 -263536
36810 -263536
36840 -263536
36870 -263536
36900 -263536
36930 -263536
36960 -263536
36990 -263536
37020 -263536
37050 -263536
37080 -263536
37110 -263536
37140 -263536
37170 -263536
37200 -263536
37230 -263536
37260 -263536
37290 -263536
37320 -263536
37350 -263536
37380 -263536
37410 -263536
37440 -263536
37470 -263536
37500 -263536
37530 -263536
37560 -263536
37590 -263536
37620 -263536
37650 -263536
37680 -263536
37710 -263536
37740 -263536
37770 -263536
37800 -263536
37830 -263416
37860 -263416
37890 -263416
37920 -263416
37950 -263416
37980 -263416
38010 -263416
38040 -263416
38070 -263416
38100 -263416
38130 -263416
38160 -263416
38190 -263416
38220 -263416
38250 -263416
38280 -263416
38310 -263416
38340 -263416
38370 -263416
38400 -263416
38430 -263416
38460 -263416
38490 -263416
38520 -263416
38550 -263416
38580 -263416
38610 -263337
38640 -263337
38670 -263337
38700 -263337
38730 -263337
38760 -263337
38790 -263337
38820 -263337
38850 -263337
38880 -263337
38910 -263337
38940 -263337
38970 -263337
39000 -263337
39030 -263337
39060 -263337
39090 -263337
39120 -263337
39150 -263337
39180 -263337
39210 -263337
39240 -263337
39270 -263337
39300 -263337
39330 -263337
39360 -263337
39390 -263337
39420 -263337
39450 -263337
39480 -263337
39510 -263337
39540 -263337
39570 -263337
39600 -263337
39630 -263337
39660 -263337
39690 -263337
39720 -263337
39750 -263337
39780 -263337
39810 -263337
39840 -263337
39870 -263337
39900 -263323
39930 -263323
39960 -263323
39990 -263323
40020 -262934
40050 -262934
40080 -262934
40110 -262934
40140 -262934
40170 -262934
40200 -262902
40230 -262902
40260 -262902
40290 -262902
40320 -262902
40350 -262902
40380 -262902
40410 -262902
40440 -262902
40470 -262902
40500 -262902
40530 -262902
40560 -262902
40590 -262902
40620 -262902
40650 -262902
40680 -262902
40710 -262902
40740 -262902
40770 -262902
40800 -262902
40830 -262902
40860 -262902
40890 -262902
40920 -262902
40950 -262902
40980 -262902
41010 -262902
41040 -262902
41070 -262902
41100 -262902
41130 -262902
41160 -262902
41190 -262902
41220 -262902
41250 -262902
41280 -262902
41310 -262902
41340 -262902
41370 -262902
41400 -262902
41430 -262902
41460 -262902
41490 -262902
41520 -262902
41550 -262902
41580 -262902
41610 -262902
41640 -262902
41670 -262902
41700 -262902
41730 -262902
41760 -262902
41790 -262902
41820 -262902
41850 -262902
41880 -262902
41910 -262902
41940 -262869
41970 -262869
42000 -262869
42030 -262869
42060 -262826
42090 -262826
42120 -262826
42150 -262826
42180 -262826
42210 -262826
42240 -262826
42270 -262826
42300 -262826
42330 -262826
42360 -262826
42390 -262826
42420 -262826
42450 -262826
42480 -262826
42510 -262826
42540 -262826
42570 -262826
42600 -262772
42630 -262772
42660 -262772
42690 -262772
42720 -262772
42750 -262772
42780 -262772
42810 -262772
42840 -262772
42870 -262772
42900 -262772
42930 -262772
42960 -262772
42990 -262772
43020 -262772
43050 -262772
43080 -262772
43110 -262772
43140 -262772
43170 -262772
43200 -262772
43230 -262772
43260 -262772
43290 -262772
43320 -262772
43350 -262772
43380 -262772
43410 -262772
43440 -262772
43470 -262772
43500 -262772
43530 -262772
43560 -262694
43590 -262694
43620 -262694
43650 -262694
43680 -262694
43710 -262694
43740 -262694
43770 -262694
43800 -262694
43830 -262694
43860 -262694
43890 -262694
43920 -262694
43950 -262694
43980 -262694
44010 -262694
44040 -262694
44070 -262694
44100 -262694
44130 -262694
44160 -262694
44190 -262694
44220 -262694
44250 -262694
44280 -262694
44310 -262694
44340 -262415
44370 -262415
44400 -262415
44430 -262415
44460 -262415
44490 -262415
44520 -262415
44550 -262415
44580 -262415
44610 -262415
44640 -262415
44670 -262415
44700 -262415
44730 -262415
44760 -262415
44790 -262415
44820 -262415
44850 -262415
44880 -262415
44910 -262415
44940 -262415
44970 -262415
45000 -262193
45030 -262193
45060 -262193
45090 -262193
45120 -262193
45150 -262193
45180 -262193
45210 -262193
45240 -262193
45270 -262193
45300 -262193
45330 -262193
45360 -262193
45390 -262193
45420 -262193
45450 -262193
45480 -262193
45510 -262193
45540 -262193
45570 -262193
45600 -262193
45630 -262193
45660 -262193
45690 -262193
45720 -262193
45750 -262193
45780 -262193
45810 -262193
45840 -262193
45870 -262193
45900 -262193
45930 -262193
45960 -262184
45990 -262184
46020 -262184
46050 -262184
46080 -262184
46110 -262184
46140 -262184
46170 -262040
46200 -262040
46230 -262040
46260 -262040
46290 -262040
46320 -262040
46350 -262040
46380 -262040
46410 -262040
46440 -262040
46470 -262040
46500 -262040
46530 -262040
46560 -262040
46590 -262040
46620 -262040
46650 -262040
46680 -262040
46710 -262040
46740 -262040
46770 -262040
46800 -262040
46830 -262040
46860 -262040
46890 -262040
46920 -262040
46950 -262040
46980 -262040
47010 -262040
47040 -262040
47070 -262040
47100 -262040
47130 -262040
47160 -262040
47190 -262040
47220 -262040
47250 -262040
47280 -262040
47310 -262040
47340 -262040
47370 -261976
47400 -261976
47430 -261976
47460 -261976
47490 -261976
47520 -261976
47550 -261976
47580 -261976
47610 -261976
47640 -261976
47670 -261960
47700 -261960
47730 -261960
47760 -261960
47790 -261960
47820 -261960
47850 -261960
47880 -261960
47910 -261960
47940 -261960
47970 -261960
48000 -261960
48030 -261960
48060 -261960
48090 -261960
48120 -261960
48150 -261960
48180 -261960
48210 -261960
48240 -261960
48270 -261960
48300 -261960
48330 -261960
48360 -261960
48390 -261960
48420 -261960
48450 -261960
48480 -261960
48510 -261960
48540 -261960
48570 -261960
48600 -261960
48630 -261960
48660 -261960
48690 -261960
48720 -261960
48750 -261960
48780 -261960
48810 -261960
48840 -261960
48870 -261960
48900 -261960
48930 -261960
48960 -261960
48990 -261960
49020 -261793
49050 -261793
49080 -261793
49110 -261793
49140 -261793
49170 -261793
49200 -261793
49230 -261793
49260 -261793
49290 -261793
49320 -261793
49350 -261793
49380 -261793
49410 -261793
49440 -261793
49470 -261793
49500 -261793
49530 -261793
49560 -261793
49590 -261793
49620 -261793
49650 -261793
49680 -261793
49710 -261793
49740 -261793
49770 -261793
49800 -261793
49830 -261793
49860 -261793
49890 -261793
49920 -261793
49950 -261793
49980 -261793
50010 -261793
50040 -261793
50070 -261793
50100 -261770
50130 -261770
50160 -261770
50190 -261770
50220 -261770
50250 -261770
50280 -261770
50310 -261770
50340 -261770
50370 -261770
50400 -261770
50430 -261770
50460 -261770
50490 -261770
50520 -261770
50550 -261770
50580 -261770
50610 -261770
50640 -261770
50670 -261770
50700 -261770
50730 -261770
50760 -261770
50790 -261725
50820 -261725
50850 -261725
50880 -261725
50910 -261725
50940 -261725
50970 -261725
51000 -261725
51030 -261725
51060 -261725
51090 -261725
51120 -261725
51150 -261725
51180 -261725
51210 -261725
51240 -261725
51270 -261725
51300 -261725
51330 -261725
51360 -261725
51390 -261725
51420 -261725
51450 -261725
51480 -261725
51510 -261725
51540 -261725
51570 -261725
51600 -261725
51630 -261725
51660 -261725
51690 -261725
51720 -261725
51750 -261725
51780 -261725
51810 -261725
51840 -261725
51870 -261725
51900 -261725
51930 -261725
51960 -261725
51990 -261725
52020 -261725
52050 -261725
52080 -261725
52110 -261725
52140 -261725
52170 -261725
52200 -261725
52230 -261725
52260 -261725
52290 -261725
52320 -261725
52350 -261725
52380 -261725
52410 -261725
52440 -261725
52470 -261725
52500 -261725
52530 -261725
52560 -261725
52590 -261725
52620 -261725
52650 -261725
52680 -261725
52710 -261725
52740 -261725
52770 -261725
52800 -261725
52830 -261725
52860 -261725
52890 -261725
52920 -261725
52950 -261725
52980 -261725
53010 -261725
53040 -261725
53070 -261725
53100 -261725
53130 -261725
53160 -261725
53190 -261725
53220 -261725
53250 -261725
53280 -261725
53310 -261725
53340 -261725
53370 -261725
53400 -261725
53430 -261725
53460 -261725
53490 -261725
53520 -261725
53550 -261725
53580 -261725
53610 -261725
53640 -261725
53670 -261725
53700 -261725
53730 -261725
53760 -261725
53790 -261725
53820 -261725
53850 -261725
53880 -261725
53910 -261725
53940 -261725
53970 -261725
54000 -261725
54030 -261725
54060 -261725
54090 -261725
54120 -261725
54150 -261725
54180 -261725
54210 -261725
54240 -261725
54270 -261725
54300 -261725
54330 -261725
54360 -261725
54390 -261725
54420 -261725
54450 -261725
54480 -261725
54510 -261725
54540 -261725
54570 -261725
54600 -261725
54630 -261725
54660 -261725
54690 -261725
54720 -261725
54750 -261725
54780 -261725
54810 -261725
54840 -261725
54870 -261725
54900 -261725
54930 -261725
54960 -261725
54990 -261725
55020 -261725
55050 -261725
55080 -261725
55110 -261725
55140 -261725
55170 -261725
55200 -261725
55230 -261725
55260 -261725
55290 -261725
55320 -261725
55350 -261725
55380 -261725
55410 -261725
55440 -261725
55470 -261725
55500 -261725
55530 -261725
55560 -261725
55590 -261725
55620 -261725
55650 -261725
55680 -261725
55710 -261725
55740 -261725
55770 -261725
55800 -261725
55830 -261725
55860 -261725
55890 -261725
55920 -261725
55950 -261725
55980 -261725
56010 -261725
56040 -261725
56070 -261725
56100 -261725
56130 -261725
56160 -261725
56190 -261725
56220 -261725
56250 -261725
56280 -261725
56310 -261725
56340 -261725
56370 -261725
56400 -261725
56430 -261725
56460 -261725
56490 -261725
56520 -261725
56550 -261725
56580 -261725
56610 -261725
56640 -261725
56670 -261725
56700 -261725
56730 -261725
56760 -261725
56790 -261725
56820 -261725
56850 -261725
56880 -261725
56910 -261725
56940 -261725
56970 -261725
57000 -261725
57030 -261725
57060 -261725
57090 -261725
57120 -261725
57150 -261725
57180 -261725
57210 -261725
57240 -261725
57270 -261725
57300 -261725
57330 -261725
57360 -261725
57390 -261725
57420 -261725
57450 -261725
57480 -261637
57510 -261637
57540 -261637
57570 -261637
57600 -261637
57630 -261637
57660 -261637
57690 -261637
57720 -261637
57750 -261637
57780 -261637
57810 -261637
57840 -261637
57870 -261637
57900 -261637
57930 -261637
57960 -261637
57990 -261637
58020 -261637
58050 -261637
58080 -261637
58110 -261637
58140 -261637
58170 -261637
58200 -261637
58230 -261637
58260 -261637
58290 -261637
58320 -261637
58350 -261637
58380 -261637
58410 -261637
58440 -261637
58470 -261637
58500 -261637
58530 -261637
58560 -261637
58590 -261637
58620 -261637
58650 -261637
58680 -261637
58710 -261637
58740 -261637
58770 -261637
58800 -261637
58830 -261637
58860 -261637
58890 -261637
58920 -261637
58950 -261637
58980 -261637
59010 -261637
59040 -261637
59070 -261637
59100 -261637
59130 -261637
59160 -261637
59190 -261637
59220 -261637
59250 -261637
59280 -261637
59310 -261637
59340 -261637
59370 -261637
59400 -261637
59430 -261637
59460 -261637
59490 -261637
59520 -261637
59550 -261637
59580 -261637
59610 -261637
59640 -261637
59670 -261637
59700 -261637
59730 -261637
59760 -261637
59790 -261637
59820 -261637
59850 -261637
59880 -261637
59910 -261637
59940 -261637
59970 -261637
60000 -261637
60030 -261637
60060 -261637
60090 -261637
60120 -261637
60150 -261637
60180 -261637
60210 -261637
60240 -261637
60270 -261637
60300 -261637
60330 -261637
60360 -261637
60390 -261637
60420 -261637
60450 -261637
60480 -261637
60510 -261637
60540 -261637
60570 -261637
60600 -261637
60630 -261637
60660 -261637
60690 -261637
60720 -261637
60750 -261637
60780 -261637
60810 -261637
60840 -261637
60870 -261637
60900 -261637
60930 -261637
60960 -261637
60990 -261637
61020 -261637
61050 -261637
61080 -261637
61110 -261637
61140 -261637
61170 -261637
61200 -261637
61230 -261637
61260 -261637
61290 -261637
61320 -261637
61350 -261637
61380 -261637
61410 -261637
61440 -261637
61470 -261637
61500 -261637
61530 -261637
61560 -261613
61590 -261613
61620 -261613
61650 -261613
61680 -261613
61710 -261613
61740 -261613
61770 -261613
61800 -261613
61830 -261613
61860 -261613
61890 -261613
61920 -261613
61950 -261613
61980 -261613
62010 -261613
62040 -261613
62070 -261613
62100 -261613
62130 -261613
62160 -261613
62190 -261613
62220 -261613
62250 -261613
62280 -261613
62310 -261613
62340 -261577
62370 -261577
62400 -261577
62430 -261577
62460 -261577
62490 -261577
62520 -261577
62550 -261577
62580 -261577
62610 -261577
62640 -261577
62670 -261577
62700 -261577
62730 -261577
62760 -261577
62790 -261577
62820 -261577
62850 -261577
62880 -261577
62910 -261577
62940 -261577
62970 -261544
63000 -261544
63030 -261544
63060 -261544
63090 -261544
63120 -261544
63150 -261544
63180 -261544
63210 -261544
63240 -261544
63270 -261544
63300 -261544
63330 -261544
63360 -261544
63390 -261544
63420 -261544
63450 -261544
63480 -261544
63510 -261544
63540 -261544
63570 -261544
63600 -261544
63630 -261544
63660 -261544
63690 -261544
63720 -261544
63750 -261544
63780 -261544
63810 -261544
63840 -261544
63870 -261544
63900 -261544
63930 -261544
63960 -261544
63990 -261544
64020 -261544
64050 -261544
64080 -261544
64110 -261544
64140 -261544
64170 -261544
64200 -261544
64230 -261544
64260 -261544
64290 -261544
64320 -261544
64350 -261544
64380 -261544
64410 -261544
64440 -261544
64470 -261544
64500 -261544
64530 -261544
64560 -261544
64590 -261544
64620 -261544
64650 -261544
64680 -261544
64710 -261544
64740 -261544
64770 -261544
64800 -261544
64830 -261544
64860 -261493
64890 -260802
64920 -260802
64950 -260802
64980 -260802
65010 -260802
65040 -260802
65070 -260802
65100 -260802
65130 -260802
65160 -260802
65190 -260802
65220 -260802
65250 -260802
65280 -260802
65310 -260802
65340 -260802
65370 -260802
65400 -260802
65430 -260802
65460 -260802
65490 -260802
65520 -260802
65550 -260802
65580 -260802
65610 -260802
65640 -260802
65670 -260802
65700 -260802
65730 -260802
65760 -260802
65790 -260802
65820 -260802
65850 -260802
65880 -260802
65910 -260802
65940 -260802
65970 -260802
66000 -260802
66030 -260802
66060 -260802
66090 -260802
66120 -260802
66150 -260802
66180 -260802
66210 -260802
66240 -260802
66270 -260802
66300 -260802
66330 -260802
66360 -260802
66390 -260802
66420 -260802
66450 -260802
66480 -260802
66510 -260802
66540 -260802
66570 -260802
66600 -260802
66630 -260802
66660 -260802
66690 -260802
66720 -260802
66750 -260802
66780 -260802
66810 -260656
66840 -260656
66870 -260656
66900 -260656
66930 -260656
66960 -260656
66990 -260656
67020 -260656
67050 -260656
67080 -260656
67110 -260656
67140 -260656
67170 -260656
67200 -260656
67230 -260656
67260 -260656
67290 -260656
67320 -260656
67350 -260656
67380 -260656
67410 -260656
67440 -260656
67470 -260656
67500 -260656
67530 -260656
67560 -260656
67590 -260656
67620 -260656
67650 -260656
67680 -260656
67710 -260656
67740 -260656
67770 -260656
67800 -260656
67830 -260656
67860 -260656
67890 -260656
67920 -260656
67950 -260656
67980 -260656
68010 -260656
68040 -260656
68070 -260656
68100 -260656
68130 -260656
68160 -260656
68190 -260656
68220 -260656
68250 -260656
68280 -260656
68310 -260656
68340 -260280
68370 -260280
68400 -260280
68430 -260280
68460 -260280
68490 -260280
68520 -260280
68550 -260280
68580 -260280
68610 -260280
68640 -260280
68670 -260280
68700 -260280
68730 -260280
68760 -260280
68790 -260280
68820 -260280
68850 -260280
68880 -260280
68910 -260280
68940 -260280
68970 -260280
69000 -260280
69030 -260280
69060 -260280
69090 -260280
69120 -260280
69150 -260280
69180 -260280
69210 -260280
69240 -260280
69270 -260280
69300 -260280
69330 -260280
69360 -260280
69390 -260280
69420 -260280
69450 -260280
69480 -260280
69510 -260280
69540 -260280
69570 -260280
69600 -260280
69630 -260280
69660 -260280
69690 -260280
69720 -260267
69750 -260267
69780 -260267
69810 -260267
69840 -260267
69870 -260267
69900 -260267
69930 -260267
69960 -260267
69990 -260267
70020 -260267
70050 -260267
70080 -260267
70110 -260267
70140 -260267
70170 -260267
70200 -260267
70230 -260267
70260 -260267
70290 -260267
70320 -260267
70350 -260267
70380 -260267
70410 -260267
70440 -260267
70470 -260267
70500 -260267
70530 -260267
70560 -260267
70590 -260267
70620 -260267
70650 -260267
70680 -260267
70710 -260267
70740 -260267
70770 -260267
70800 -260267
70830 -260267
70860 -260267
70890 -260267
70920 -260267
70950 -260267
70980 -260267
71010 -260267
71040 -260267
71070 -260267
71100 -260267
71130 -260267
71160 -260267
71190 -260267
71220 -260267
71250 -260267
71280 -260267
71310 -260267
71340 -260267
71370 -260267
71400 -260267
71430 -260267
71460 -260267
71490 -260267
71520 -260267
71550 -260267
71580 -260267
71610 -260267
71640 -260267
71670 -260267
71700 -260267
71730 -260267
71760 -260267
71790 -260267
71820 -260267
71850 -260267
71880 -260267
71910 -260267
71940 -260267
71970 -260267
72000 -260267
72030 -260267
72060 -260267
72090 -260267
72120 -260267
72150 -260267
72180 -260267
72210 -260267
72240 -260267
72270 -260267
72300 -260267
72330 -260267
72360 -260267
72390 -260267
72420 -260267
72450 -260267
72480 -260267
72510 -260267
72540 -260267
72570 -260267
72600 -260267
72630 -260267
72660 -260267
72690 -260267
72720 -260267
72750 -260267
72780 -260267
72810 -260267
72840 -260267
72870 -260267
72900 -260267
72930 -260267
72960 -260267
72990 -260267
73020 -260267
73050 -260267
73080 -260267
73110 -260267
73140 -260267
73170 -260267
73200 -260267
73230 -260267
73260 -260267
73290 -260267
73320 -260267
73350 -260267
73380 -260267
73410 -260267
73440 -260267
73470 -260267
73500 -260267
73530 -260267
73560 -260267
73590 -260267
73620 -260267
73650 -260267
73680 -260267
73710 -260267
73740 -260267
73770 -260267
73800 -260267
73830 -260267
73860 -260267
73890 -260267
73920 -260267
73950 -260267
73980 -260267
74010 -260267
74040 -260267
74070 -260267
74100 -260267
74130 -260267
74160 -260267
74190 -260267
74220 -260267
74250 -260233
74280 -260233
74310 -260233
74340 -260233
74370 -260233
74400 -260233
74430 -260233
74460 -260233
74490 -260233
74520 -260233
74550 -260233
74580 -260233
74610 -260233
74640 -260233
74670 -260233
74700 -260233
74730 -260192
74760 -260192
74790 -260192
74820 -260192
74850 -260192
74880 -260192
74910 -260192
74940 -260192
74970 -260192
75000 -260192
75030 -260192
75060 -260192
75090 -260192
75120 -260192
75150 -260192
75180 -260192
75210 -260192
75240 -260192
75270 -260192
75300 -260192
75330 -260192
75360 -260192
75390 -260192
75420 -260192
75450 -260192
75480 -260192
75510 -260192
75540 -260192
75570 -259979
75600 -259979
75630 -259979
75660 -259979
75690 -259979
75720 -259979
75750 -259979
75780 -259979
75810 -259979
75840 -259979
75870 -259979
75900 -259979
75930 -259979
75960 -259979
75990 -259979
76020 -259979
76050 -259979
76080 -259979
76110 -259979
76140 -259979
76170 -259979
76200 -259979
76230 -259979
76260 -259979
76290 -259979
76320 -259979
76350 -259979
76380 -259979
76410 -259979
76440 -259979
76470 -259979
76500 -259979
76530 -259979
76560 -259979
76590 -259979
76620 -259979
76650 -259979
76680 -259979
76710 -259979
76740 -259979
76770 -259979
76800 -259979
76830 -259979
76860 -259979
76890 -259979
76920 -259979
76950 -259979
76980 -259979
77010 -259979
77040 -259979
77070 -259979
77100 -259979
77130 -259979
77160 -259979
77190 -259979
77220 -259345
77250 -259345
77280 -259345
77310 -259345
77340 -259345
77370 -259345
77400 -259345
77430 -259345
77460 -259345
77490 -259345
77520 -259345
77550 -259345
77580 -259345
77610 -259345
77640 -259345
77670 -259345
77700 -259345
77730 -259345
77760 -259345
77790 -259345
77820 -259345
77850 -259345
77880 -259345
77910 -259345
77940 -259345
77970 -259345
78000 -259345
78030 -259345
78060 -259345
78090 -259345
78120 -259345
78150 -259345
78180 -259345
78210 -259345
78240 -259345
78270 -259345
78300 -259345
78330 -259345
78360 -259345
78390 -259345
78420 -259345
78450 -259345
78480 -259345
78510 -259345
78540 -259345
78570 -259345
78600 -259345
78630 -259345
78660 -259345
78690 -259174
78720 -259174
78750 -259174
78780 -259174
78810 -259174
78840 -259174
78870 -259121
78900 -259121
78930 -259121
78960 -259121
78990 -259121
79020 -259121
79050 -259121
79080 -259121
79110 -259121
79140 -259121
79170 -259121
79200 -259121
79230 -259121
79260 -259121
79290 -259121
79320 -259121
79350 -259121
79380 -259121
79410 -259121
79440 -259121
79470 -259121
79500 -259121
79530 -259121
79560 -259121
79590 -259121
79620 -259121
79650 -259121
79680 -259121
79710 -259121
79740 -259121
79770 -259121
79800 -259121
79830 -259121
79860 -259121
79890 -259121
79920 -259121
79950 -259121
79980 -259121
80010 -259121
80040 -259121
80070 -259121
80100 -259121
80130 -259121
80160 -259121
80190 -259121
80220 -259121
80250 -259121
80280 -259121
80310 -259121
80340 -259121
80370 -259121
80400 -259121
80430 -259121
80460 -259121
80490 -259121
80520 -259121
80550 -259121
80580 -259121
80610 -259121
80640 -259121
80670 -259121
80700 -259121
80730 -259121
80760 -259121
80790 -259121
80820 -259121
80850 -259121
80880 -259121
80910 -259121
80940 -259121
80970 -259121
81000 -259121
81030 -259121
81060 -259121
81090 -259121
81120 -259121
81150 -259121
81180 -259121
81210 -259121
81240 -259121
81270 -259121
81300 -259006
81330 -259006
81360 -259006
81390 -259006
81420 -259006
81450 -259006
81480 -259006
81510 -259006
81540 -259006
81570 -259006
81600 -259006
81630 -259006
81660 -259006
81690 -259006
81720 -259006
81750 -259006
81780 -259006
81810 -259006
81840 -259006
81870 -259006
81900 -259006
81930 -259006
81960 -259006
81990 -259006
82020 -259006
82050 -259006
82080 -259006
82110 -259006
82140 -259006
82170 -259006
82200 -259006
82230 -259006
82260 -259006
82290 -259006
82320 -259006
82350 -259006
82380 -259006
82410 -259006
82440 -259006
82470 -259006
82500 -259006
82530 -259006
82560 -259006
82590 -259006
82620 -259006
82650 -259006
82680 -259006
82710 -259006
82740 -259006
82770 -259006
82800 -259006
82830 -259006
82860 -259006
82890 -259006
82920 -259006
82950 -259006
82980 -259006
83010 -259006
83040 -259006
83070 -259006
83100 -259006
83130 -259006
83160 -259006
83190 -259006
83220 -259006
83250 -259006
83280 -259006
83310 -259006
83340 -258915
83370 -258915
83400 -258915
83430 -258915
83460 -258915
83490 -258915
83520 -258915
83550 -258915
83580 -258915
83610 -258915
83640 -258915
83670 -258915
83700 -258915
83730 -258915
83760 -258915
83790 -258915
83820 -258915
83850 -258915
83880 -258915
83910 -258915
83940 -258915
83970 -258915
84000 -258915
84030 -258915
84060 -258915
84090 -258915
84120 -258915
84150 -258915
84180 -258915
84210 -258915
84240 -258915
84270 -258915
84300 -258915
84330 -258915
84360 -258915
84390 -258915
84420 -258915
84450 -258915
84480 -258915
84510 -258915
84540 -258915
84570 -258915
84600 -258892
84630 -258892
84660 -258892
84690 -258892
84720 -258892
84750 -258892
84780 -258834
84810 -258834
84840 -258834
84870 -258834
84900 -258834
84930 -258834
84960 -258834
84990 -258834
85020 -258834
85050 -258834
85080 -258834
85110 -258834
85140 -258834
85170 -258834
85200 -258834
85230 -258834
85260 -258834
85290 -258834
85320 -258834
85350 -258834
85380 -258834
85410 -258834
85440 -258834
85470 -258834
85500 -258834
85530 -258834
85560 -258834
85590 -258834
85620 -258834
85650 -258834
85680 -258834
85710 -258834
85740 -258834
85770 -258834
85800 -258783
85830 -258783
85860 -258783
85890 -258783
85920 -258783
85950 -258783
85980 -258783
86010 -258783
86040 -258783
86070 -258783
86100 -258783
86130 -258783
86160 -258783
86190 -258783
86220 -258783
86250 -258783
86280 -258783
86310 -258783
86340 -258783
86370 -258783
86400 -258783
86430 -258783
86460 -258783
86490 -258783
86520 -258783
86550 -258783
86580 -258783
86610 -258783
86640 -258783
86670 -258783
86700 -258783
86730 -258783
86760 -258783
86790 -258783
86820 -258783
86850 -258783
86880 -258783
86910 -258783
86940 -258740
86970 -258740
87000 -258740
87030 -258740
87060 -258740
87090 -258740
87120 -258740
87150 -258740
87180 -258740
87210 -258339
87240 -258339
87270 -258339
87300 -258339
87330 -258339
87360 -258339
87390 -258339
87420 -258339
87450 -258339
87480 -258339
87510 -258339
87540 -258339
87570 -258339
87600 -258339
87630 -258339
87660 -258339
87690 -258339
87720 -258339
87750 -258208
87780 -258208
87810 -258208
87840 -258208
87870 -258208
87900 -258208
87930 -258208
87960 -258208
87990 -258208
88020 -258208
88050 -258208
88080 -258208
88110 -258208
88140 -258208
88170 -258208
88200 -258208
88230 -258208
88260 -258208
88290 -258208
88320 -258189
88350 -258189
88380 -258189
88410 -258189
88440 -258189
88470 -258189
88500 -258189
88530 -258189
88560 -258189
88590 -258147
88620 -258147
88650 -258147
88680 -258147
88710 -258147
88740 -258147
88770 -258147
88800 -258147
88830 -258147
88860 -258147
88890 -258147
88920 -258147
88950 -258147
88980 -258147
89010 -258147
89040 -258147
89070 -258147
89100 -258147
89130 -258147
89160 -258147
89190 -258147
89220 -258147
89250 -258147
89280 -258147
89310 -258147
89340 -258147
89370 -258147
89400 -258147
89430 -258147
89460 -258147
89490 -258147
89520 -258147
89550 -258147
89580 -258147
89610 -258147
89640 -258147
89670 -258147
89700 -258147
89730 -258147
89760 -258147
89790 -258147
89820 -258147
89850 -258147
89880 -258147
89910 -258147
89940 -258147
89970 -258147
90000 -258147
90030 -258147
90060 -258147
90090 -258147
90120 -258147
90150 -258147
90180 -258147
90210 -258147
90240 -258147
90270 -258147
90300 -258147
90330 -258147
90360 -258147
90390 -258147
90420 -258147
90450 -258147
90480 -258147
90510 -258147
90540 -258147
90570 -258147
90600 -258147
90630 -258147
90660 -258147
90690 -258147
90720 -258147
90750 -258147
90780 -258147
90810 -258147
90840 -258147
90870 -258147
90900 -258147
90930 -258147
90960 -258147
90990 -258147
91020 -258147
91050 -258147
91080 -258147
91110 -258147
91140 -258147
91170 -258147
91200 -258147
91230 -258147
91260 -258147
91290 -258147
91320 -258147
91350 -258147
91380 -258147
91410 -258147
91440 -258147
91470 -258147
91500 -258147
91530 -258147
91560 -258147
91590 -258147
91620 -258147
91650 -258147
91680 -258147
91710 -258147
91740 -258147
91770 -258147
91800 -258147
91830 -258134
91860 -258134
91890 -258134
91920 -258134
91950 -258134
91980 -258134
92010 -258134
92040 -258134
92070 -258134
92100 -258134
92130 -258134
92160 -258134
92190 -258134
92220 -258134
92250 -258134
92280 -258134
92310 -258134
92340 -258134
92370 -258134
92400 -258134
92430 -258134
92460 -258134
92490 -258134
92520 -258134
92550 -258134
92580 -258134
92610 -258134
92640 -258134
92670 -258134
92700 -257987
92730 -257987
92760 -257636
92790 -257636
92820 -257636
92850 -257636
92880 -257636
92910 -257636
92940 -257636
92970 -257636
93000 -257636
93030 -257636
93060 -257636
93090 -257636
93120 -257636
93150 -257636
93180 -257636
93210 -257636
93240 -257636
93270 -257636
93300 -257636
93330 -257636
93360 -257636
93390 -257636
93420 -257636
93450 -257636
93480 -257636
93510 -257636
93540 -257636
93570 -257636
93600 -257636
93630 -257636
93660 -257636
93690 -257636
93720 -257636
93750 -257636
93780 -257636
93810 -257636
93840 -257636
93870 -257636
93900 -257636
93930 -257636
93960 -257636
93990 -257636
94020 -257636
94050 -257636
94080 -257636
94110 -257636
94140 -257636
94170 -257636
94200 -257636
94230 -257636
94260 -257636
94290 -257636
94320 -257636
94350 -257636
94380 -257636
94410 -257636
94440 -257636
94470 -257636
94500 -257636
94530 -257636
94560 -257636
94590 -257636
94620 -257636
94650 -257636
94680 -257636
94710 -257636
94740 -257636
94770 -257636
94800 -257596
94830 -257596
94860 -257596
94890 -257596
94920 -257596
94950 -257596
94980 -257596
95010 -257596
95040 -257596
95070 -257596
95100 -257596
95130 -257596
95160 -257596
95190 -257596
95220 -257596
95250 -257596
95280 -257596
95310 -257596
95340 -257596
95370 -257596
95400 -257596
95430 -257596
95460 -257596
95490 -257596
95520 -257596
95550 -257596
95580 -257596
95610 -257596
95640 -257596
95670 -257596
95700 -257596
95730 -257596
95760 -257596
95790 -257596
95820 -257596
95850 -257596
95880 -257596
95910 -257596
95940 -257596
95970 -257596
96000 -257596
96030 -257596
96060 -257520
96090 -257520
96120 -257520
96150 -257520
96180 -257520
96210 -257520
96240 -257520
96270 -257520
96300 -257520
96330 -257520
96360 -257520
96390 -257520
96420 -257128
96450 -257128
96480 -257128
96510 -257128
96540 -257128
96570 -257128
96600 -257128
96630 -257128
96660 -257128
96690 -257128
96720 -257128
96750 -257128
96780 -257128
96810 -257128
96840 -257128
96870 -257128
96900 -257128
96930 -257128
96960 -257128
96990 -257128
97020 -257128
97050 -257128
97080 -257128
97110 -257128
97140 -257128
97170 -257128
97200 -257128
97230 -257128
97260 -257128
97290 -257128
97320 -257128
97350 -257128
97380 -257128
97410 -257128
97440 -257128
97470 -257128
97500 -257128
97530 -257128
97560 -257128
97590 -257128
97620 -257128
97650 -257128
97680 -257128
97710 -257128
97740 -257128
97770 -257128
97800 -257128
97830 -257128
97860 -257128
97890 -257128
97920 -257128
97950 -257128
97980 -257128
98010 -257128
98040 -257128
98070 -257128
98100 -257128
98130 -257128
98160 -257117
98190 -257117
98220 -257117
98250 -257117
98280 -257117
98310 -257117
98340 -257117
98370 -257117
98400 -257117
98430 -257117
98460 -257117
98490 -257117
98520 -257117
98550 -257117
98580 -257117
98610 -257117
98640 -257117
98670 -257117
98700 -257117
98730 -257117
98760 -257117
98790 -257117
98820 -257117
98850 -257117
98880 -257117
98910 -257117
98940 -257117
98970 -257117
99000 -257117
99030 -257117
99060 -257117
99090 -257117
99120 -257117
99150 -257117
99180 -257117
99210 -257117
99240 -257117
99270 -257117
99300 -257117
99330 -257117
99360 -257117
99390 -257117
99420 -257117
99450 -257117
99480 -257117
99510 -257117
99540 -257074
99570 -257074
99600 -257074
99630 -257074
99660 -257074
99690 -257074
99720 -257074
99750 -257074
99780 -257074
99810 -257074
99840 -257074
99870 -257074
99900 -257074
99930 -257074
99960 -257074
99990 -257074
100020 -257074
100050 -257074
100080 -257074
100110 -257074
100140 -257074
100170 -257074
100200 -257074
100230 -257074
100260 -257074
100290 -257074
100320 -257074
100350 -257074
100380 -257074
100410 -257074
100440 -257074
100470 -257074
100500 -257074
100530 -257074
100560 -257051
100590 -257051
100620 -257051
100650 -257051
100680 -257051
100710 -257051
100740 -257051
100770 -257051
100800 -257051
100830 -257051
100860 -257051
100890 -257051
100920 -257051
100950 -257051
100980 -257051
101010 -257051
101040 -257051
101070 -257051
101100 -257051
101130 -257025
101160 -257025
101190 -257025
101220 -257025
101250 -257025
101280 -257025
101310 -257025
101340 -257025
101370 -257025
101400 -257025
101430 -257025
101460 -257025
101490 -257025
101520 -257025
101550 -257025
101580 -257025
101610 -257025
101640 -257025
101670 -257025
101700 -257025
101730 -257025
101760 -257025
101790 -257025
101820 -257025
101850 -257025
101880 -257025
101910 -257025
101940 -257025
101970 -257025
102000 -257025
102030 -257025
102060 -257025
102090 -257025
102120 -257025
102150 -257025
102180 -257025
102210 -257025
102240 -257025
102270 -257025
102300 -257025
102330 -257025
102360 -257025
102390 -257025
102420 -257025
102450 -257025
102480 -257025
102510 -257025
102540 -257025
102570 -257025
102600 -257025
102630 -257025
102660 -257025
102690 -256910
102720 -256910
102750 -256910
102780 -256910
102810 -256910
102840 -256910
102870 -256910
102900 -256910
102930 -256910
102960 -256910
102990 -256910
103020 -256910
103050 -256910
103080 -256910
103110 -256910
103140 -256910
103170 -256910
103200 -256910
103230 -256910
103260 -256910
103290 -256910
103320 -256910
103350 -256910
103380 -256910
103410 -256910
103440 -256910
103470 -256910
103500 -256910
103530 -256910
103560 -256910
103590 -256910
103620 -256910
103650 -256910
103680 -256910
103710 -256910
103740 -256910
103770 -256910
103800 -256910
103830 -256910
103860 -256910
103890 -256910
103920 -256910
103950 -256910
103980 -256910
104010 -256910
104040 -256859
104070 -256859
104100 -256859
104130 -256859
104160 -256859
104190 -256859
104220 -256859
104250 -256859
104280 -256859
104310 -256859
104340 -256859
104370 -256859
104400 -256859
104430 -256859
104460 -256859
104490 -256859
104520 -256859
104550 -256859
104580 -256859
104610 -256859
104640 -256859
104670 -256859
104700 -256859
104730 -256859
104760 -256859
104790 -256859
104820 -256859
104850 -256859
104880 -256859
104910 -256859
104940 -256859
104970 -256859
105000 -256859
105030 -256859
105060 -256859
105090 -256859
105120 -256859
105150 -256859
105180 -256859
105210 -256859
105240 -256859
105270 -256859
105300 -256859
105330 -256859
105360 -256859
105390 -256859
105420 -256859
105450 -256859
105480 -256859
105510 -256859
105540 -256859
105570 -256859
105600 -256859
105630 -256859
105660 -256859
105690 -256859
105720 -256859
105750 -256859
105780 -256859
105810 -256859
105840 -256859
105870 -256859
105900 -256859
105930 -256859
105960 -256859
105990 -256859
106020 -256859
106050 -256859
106080 -256859
106110 -256859
106140 -256859
106170 -256799
106200 -256799
106230 -256799
106260 -256799
106290 -256799
106320 -256799
106350 -256799
106380 -256799
106410 -256799
106440 -256799
106470 -256799
106500 -256799
106530 -256799
106560 -256799
106590 -256799
106620 -256799
106650 -256799
106680 -256799
106710 -256799
106740 -256799
106770 -256799
106800 -256799
106830 -256799
106860 -256799
106890 -256799
106920 -256799
106950 -256799
106980 -256799
107010 -256799
107040 -256799
107070 -256799
107100 -256799
107130 -256799
107160 -256799
107190 -256799
107220 -256799
107250 -256799
107280 -256799
107310 -256799
107340 -256799
107370 -256799
107400 -256799
107430 -256799
107460 -256799
107490 -256799
107520 -256799
107550 -256799
107580 -256799
107610 -256799
107640 -256799
107670 -256799
107700 -256799
107730 -256799
107760 -256799
107790 -256799
107820 -256799
107850 -256799
107880 -256799
107910 -256799
107940 -256799
107970 -256799
108000 -256799
108030 -256799
108060 -256799
108090 -256799
108120 -256799
108150 -256799
108180 -256799
108210 -256799
108240 -256799
108270 -256799
108300 -256799
108330 -256799
108360 -256799
108390 -256799
108420 -256799
108450 -256799
108480 -256799
108510 -256799
108540 -256799
108570 -256799
108600 -256743
108630 -256743
108660 -256743
108690 -256743
108720 -256743
108750 -256743
108780 -256743
108810 -256743
108840 -256743
108870 -256743
108900 -256743
108930 -256743
108960 -256743
108990 -256743
109020 -256743
109050 -256743
109080 -256743
109110 -256743
109140 -256743
109170 -256743
109200 -256743
109230 -256743
109260 -256743
109290 -256743
109320 -256743
109350 -256743
109380 -256743
109410 -256743
109440 -256743
109470 -256743
109500 -256743
109530 -256725
109560 -256725
109590 -256725
109620 -256725
109650 -256725
109680 -256725
109710 -256655
109740 -256655
109770 -256655
109800 -256655
109830 -256655
109860 -256655
109890 -256655
109920 -256655
109950 -256655
109980 -256655
110010 -256655
110040 -256655
110070 -256655
110100 -256655
110130 -256655
110160 -256655
110190 -256655
110220 -256655
110250 -256655
110280 -256655
110310 -256655
110340 -256655
110370 -256655
110400 -256655
110430 -256655
110460 -256655
110490 -256655
110520 -256655
110550 -256655
110580 -256655
110610 -256655
110640 -256655
110670 -256655
110700 -256655
110730 -256655
110760 -256655
110790 -256655
110820 -256655
110850 -256655
110880 -256655
110910 -256655
110940 -256655
110970 -256655
111000 -256655
111030 -256655
111060 -256655
111090 -256655
111120 -256655
111150 -256655
111180 -256655
111210 -256655
111240 -256655
111270 -256655
111300 -256655
111330 -256655
111360 -256655
111390 -256655
111420 -256655
111450 -256655
111480 -256655
111510 -256655
111540 -256655
111570 -256655
111600 -256655
111630 -256655
111660 -256655
111690 -256655
111720 -256655
111750 -256655
111780 -256655
111810 -256655
111840 -256655
111870 -256655
111900 -256655
111930 -256655
111960 -256655
111990 -256655
112020 -256655
112050 -256655
112080 -256655
112110 -256655
112140 -256655
112170 -256655
112200 -256655
112230 -256655
112260 -256655
112290 -256655
112320 -256655
112350 -256655
112380 -256655
112410 -256655
112440 -256655
112470 -256655
112500 -256655
112530 -256655
112560 -256655
112590 -256655
112620 -256655
112650 -256655
112680 -256655
112710 -256655
112740 -256655
112770 -256655
112800 -256655
112830 -256655
112860 -256655
112890 -256655
112920 -256655
112950 -256655
112980 -256655
113010 -256655
113040 -256655
113070 -256655
113100 -256655
113130 -256655
113160 -256655
113190 -256655
113220 -256655
113250 -256655
113280 -256655
113310 -256655
113340 -256655
113370 -256655
113400 -256655
113430 -256655
113460 -256655
113490 -256655
113520 -256655
113550 -256655
113580 -256655
113610 -256655
113640 -256655
113670 -256655
113700 -256546
113730 -256546
113760 -256546
113790 -256546
113820 -256546
113850 -256546
113880 -256546
113910 -256546
113940 -256546
113970 -256546
114000 -256546
114030 -256546
114060 -256546
114090 -256546
114120 -256546
114150 -256469
114180 -256469
114210 -256469
114240 -256469
114270 -256469
114300 -256469
114330 -256469
114360 -256469
114390 -256469
114420 -256469
114450 -256469
114480 -256469
114510 -256469
114540 -256469
114570 -256469
114600 -256469
114630 -256469
114660 -256469
114690 -256426
114720 -256426
114750 -256426
114780 -256426
114810 -256426
114840 -256426
114870 -256426
114900 -256426
114930 -256426
114960 -256426
114990 -256426
115020 -256426
115050 -256426
115080 -256426
115110 -256426
115140 -256426
115170 -256426
115200 -256426
115230 -256426
115260 -256426
115290 -256426
115320 -256426
115350 -256426
115380 -256426
115410 -256426
115440 -256426
115470 -256426
115500 -256426
115530 -256426
115560 -256426
115590 -256426
115620 -256426
115650 -256426
115680 -256426
115710 -256426
115740 -256426
115770 -256426
115800 -256426
115830 -256426
115860 -256426
115890 -256426
115920 -256426
115950 -256426
115980 -256426
116010 -256426
116040 -256426
116070 -256426
116100 -256426
116130 -256426
116160 -256426
116190 -256426
116220 -256426
116250 -256426
116280 -256426
116310 -256426
116340 -256426
116370 -256426
116400 -256426
116430 -256426
116460 -256426
116490 -256426
116520 -256426
116550 -256426
116580 -256426
116610 -256426
116640 -256426
116670 -256426
116700 -256426
116730 -256426
116760 -256426
116790 -256426
116820 -256426
116850 -256426
116880 -256426
116910 -256426
116940 -256426
116970 -256426
117000 -256426
117030 -256426
117060 -256426
117090 -256426
117120 -256426
117150 -256426
117180 -256426
117210 -256426
117240 -256426
117270 -256426
117300 -256426
117330 -256426
117360 -256426
117390 -256426
117420 -256426
117450 -256426
117480 -256426
117510 -256426
117540 -256426
117570 -256426
117600 -256426
117630 -256426
117660 -256426
117690 -256426
117720 -256426
117750 -256426
117780 -256426
117810 -256426
117840 -256426
117870 -256426
117900 -256426
117930 -256426
117960 -256426
117990 -256426
118020 -256426
118050 -256426
118080 -256426
118110 -256426
118140 -256426
118170 -256426
118200 -256426
118230 -256426
118260 -256426
118290 -256426
118320 -256426
118350 -256426
118380 -256426
118410 -256426
118440 -256426
118470 -256426
118500 -256426
118530 -256426
118560 -256426
118590 -256426
118620 -256426
118650 -256426
118680 -256426
118710 -256426
118740 -256426
118770 -256426
118800 -256426
118830 -256426
118860 -256426
118890 -256426
118920 -256426
118950 -256426
118980 -256426
119010 -256426
119040 -256426
119070 -256426
119100 -256426
119130 -256426
119160 -256426
119190 -256426
119220 -256426
119250 -256426
119280 -256426
119310 -256426
119340 -256426
119370 -256426
119400 -256426
119430 -256426
119460 -256426
119490 -256426
119520 -256426
119550 -256426
119580 -256426
119610 -256426
119640 -256426
119670 -256426
119700 -256426
119730 -256426
119760 -256426
119790 -256426
119820 -256426
119850 -256426
119880 -256426
119910 -256426
119940 -256426
119970 -256426
120000 -256426
120030 -256426
120060 -256426
120090 -256426
120120 -256426
120150 -256426
120180 -256426
120210 -256426
120240 -256426
120270 -256426
120300 -256426
120330 -256426
120360 -256426
120390 -256426
120420 -256426
120450 -256426
120480 -256360
120510 -256360
120540 -256360
120570 -256360
120600 -256360
120630 -256360
120660 -256360
120690 -256360
120720 -256360
120750 -256360
120780 -256360
120810 -256360
120840 -256360
120870 -256360
120900 -256360
120930 -256360
120960 -256360
120990 -256360
121020 -256360
121050 -256360
121080 -256360
121110 -256360
121140 -256360
121170 -256360
121200 -256360
121230 -256360
121260 -256360
121290 -256360
121320 -256360
121350 -256360
121380 -256360
121410 -256360
121440 -256360
121470 -256360
121500 -256360
121530 -256360
121560 -256360
121590 -256360
121620 -256360
121650 -256360
121680 -256360
121710 -256360
121740 -256360
121770 -256360
121800 -256360
121830 -256360
121860 -256360
121890 -256360
121920 -256360
121950 -256360
121980 -256360
122010 -256360
122040 -256360
122070 -256360
122100 -256360
122130 -256360
122160 -256360
122190 -256360
122220 -256360
122250 -256360
122280 -256360
122310 -256360
122340 -256360
122370 -256360
122400 -256360
122430 -256360
122460 -256360
122490 -256360
122520 -256360
122550 -256360
122580 -256360
122610 -256360
122640 -256360
122670 -256360
122700 -256360
122730 -256360
122760 -256360
122790 -256360
122820 -256360
122850 -256360
122880 -256360
122910 -256360
122940 -256360
122970 -256360
123000 -256360
123030 -256360
123060 -256360
123090 -256360
123120 -256360
123150 -256360
123180 -256360
123210 -256360
123240 -256360
123270 -256360
123300 -256360
123330 -256360
123360 -256360
123390 -256360
123420 -256360
123450 -256360
123480 -256360
123510 -256360
123540 -256360
123570 -256360
123600 -256360
123630 -256360
123660 -256360
123690 -256360
123720 -256360
123750 -256360
123780 -256360
123810 -256360
123840 -256360
123870 -256360
123900 -256360
123930 -256360
123960 -256360
123990 -256360
124020 -256360
124050 -256360
124080 -256360
124110 -256360
124140 -256336
124170 -256336
124200 -256336
124230 -256336
124260 -256336
124290 -256336
124320 -256336
124350 -256336
124380 -256336
124410 -256336
124440 -256336
124470 -256336
124500 -256336
124530 -256336
124560 -256336
124590 -256336
124620 -256336
124650 -256336
124680 -256336
124710 -256336
124740 -256336
124770 -256336
124800 -256336
124830 -256336
124860 -256336
124890 -256336
124920 -256336
124950 -256336
124980 -256336
125010 -256336
125040 -256336
125070 -256336
125100 -256336
125130 -256336
125160 -256336
125190 -256336
125220 -256336
125250 -256336
125280 -256336
125310 -256336
125340 -256336
125370 -256336
125400 -256336
125430 -256336
125460 -256336
125490 -256336
125520 -256336
125550 -256336
125580 -256336
125610 -256309
125640 -256309
125670 -256309
125700 -256309
125730 -256309
125760 -256309
125790 -256309
125820 -256309
125850 -256309
125880 -256309
125910 -256309
125940 -256309
125970 -256309
126000 -256309
126030 -256309
126060 -256309
126090 -256309
126120 -256309
126150 -256309
126180 -256309
126210 -256309
126240 -256309
126270 -256309
126300 -256309
126330 -256309
126360 -256309
126390 -256309
126420 -256309
126450 -256309
126480 -256309
126510 -256309
126540 -256309
126570 -256309
126600 -256309
126630 -256309
126660 -256309
126690 -256309
126720 -256309
126750 -256309
126780 -256309
126810 -256309
126840 -256309
126870 -256309
126900 -256309
126930 -256309
126960 -256309
126990 -256165
127020 -256165
127050 -256165
127080 -256165
127110 -256165
127140 -256165
127170 -256165
127200 -256165
127230 -256165
127260 -256165
127290 -256165
127320 -256165
127350 -256165
127380 -256165
127410 -256165
127440 -256165
127470 -256165
127500 -256165
127530 -256165
127560 -256165
127590 -256165
127620 -256165
127650 -256165
127680 -256165
127710 -256165
127740 -256165
127770 -256165
127800 -256165
127830 -256165
127860 -256165
127890 -256165
127920 -256165
127950 -256165
127980 -256165
128010 -256165
128040 -256165
128070 -256165
128100 -256165
128130 -256165
128160 -256165
128190 -256165
128220 -256165
128250 -256165
128280 -256165
128310 -256165
128340 -256165
128370 -256165
128400 -256165
128430 -256165
128460 -256165
128490 -256165
128520 -256165
128550 -256165
128580 -256165
128610 -256165
128640 -256165
128670 -256165
128700 -256165
128730 -256165
128760 -256165
128790 -256165
128820 -256165
128850 -256165
128880 -256165
128910 -256165
128940 -256165
128970 -256165
129000 -256165
129030 -256165
129060 -256165
129090 -256165
129120 -256165
129150 -256165
129180 -256165
129210 -256165
129240 -256165
129270 -256165
129300 -256165
129330 -256165
129360 -256165
129390 -256165
129420 -256165
129450 -256165
129480 -256165
129510 -256165
129540 -256165
129570 -256165
129600 -256165
129630 -256165
129660 -256165
129690 -256165
129720 -256165
129750 -256165
129780 -256165
129810 -256165
129840 -256165
129870 -256165
129900 -256165
129930 -256165
129960 -256165
129990 -256165
130020 -256165
130050 -256165
130080 -256165
130110 -256165
130140 -256165
130170 -256165
130200 -256165
130230 -256165
130260 -256165
130290 -256165
130320 -256165
130350 -256165
130380 -256165
130410 -256165
130440 -256165
130470 -256165
130500 -256165
130530 -256165
130560 -256165
130590 -256165
130620 -256165
130650 -256165
130680 -256165
130710 -256165
130740 -256165
130770 -256165
130800 -256165
130830 -256165
130860 -256165
130890 -256165
130920 -256165
130950 -256165
130980 -256165
131010 -256165
131040 -256165
131070 -256165
131100 -256165
131130 -256165
131160 -256165
131190 -256165
131220 -256165
131250 -256165
131280 -256165
131310 -256165
131340 -256165
131370 -256165
131400 -256165
131430 -256165
131460 -256165
131490 -256165
131520 -256165
131550 -256165
131580 -256165
131610 -256165
131640 -256165
131670 -256165
131700 -256165
131730 -256165
131760 -256165
131790 -256165
131820 -256165
131850 -256165
131880 -256165
131910 -256165
131940 -256165
131970 -256165
132000 -256165
132030 -256165
132060 -256165
132090 -256165
132120 -256165
132150 -256165
132180 -256165
132210 -256165
132240 -256165
132270 -256165
132300 -256165
132330 -256165
132360 -256165
132390 -256165
132420 -256165
132450 -256165
132480 -256165
132510 -256165
132540 -256165
132570 -256165
132600 -256165
132630 -256165
132660 -256165
132690 -256165
132720 -256165
132750 -256165
132780 -256165
132810 -256165
132840 -256165
132870 -256165
132900 -256165
132930 -256165
132960 -256165
132990 -256165
133020 -256165
133050 -256165
133080 -256165
133110 -256165
133140 -256165
133170 -256165
133200 -256165
133230 -256165
133260 -256165
133290 -256165
133320 -256165
133350 -256165
133380 -256165
133410 -256165
133440 -256165
133470 -256165
133500 -256165
133530 -256165
133560 -256165
133590 -256165
133620 -256165
133650 -256165
133680 -256165
133710 -256165
133740 -256165
133770 -256165
133800 -256165
133830 -256165
133860 -256165
133890 -256165
133920 -256165
133950 -256165
133980 -256165
134010 -256165
134040 -256165
134070 -256165
134100 -256165
134130 -256165
134160 -256165
134190 -256165
134220 -256165
134250 -256165
134280 -256165
134310 -256165
134340 -256165
134370 -256165
134400 -256165
134430 -256165
134460 -256165
134490 -256165
134520 -256165
134550 -256165
134580 -256165
134610 -256165
134640 -256165
134670 -256165
134700 -256165
134730 -256165
134760 -256165
134790 -256165
134820 -256165
134850 -256165
134880 -256165
134910 -256165
134940 -256165
134970 -256165
135000 -256165
135030 -256165
135060 -256165
135090 -256165
135120 -256165
135150 -256165
135180 -256165
135210 -256165
135240 -256165
135270 -256165
135300 -256165
135330 -256165
135360 -256165
135390 -256165
135420 -256165
135450 -256165
135480 -256165
135510 -256165
135540 -256165
135570 -256165
135600 -256165
135630 -256165
135660 -256165
135690 -256165
135720 -256165
135750 -256165
135780 -256165
135810 -256165
135840 -256165
135870 -256165
135900 -256165
135930 -256165
135960 -256165
135990 -256165
136020 -256165
136050 -256165
136080 -256165
136110 -256165
136140 -256165
136170 -256165
136200 -256165
136230 -256165
136260 -256165
136290 -256165
136320 -256165
136350 -256165
136380 -256165
136410 -256165
136440 -256165
136470 -256165
136500 -256165
136530 -256165
136560 -256165
136590 -256165
136620 -256165
136650 -256165
136680 -256165
136710 -256165
136740 -256165
136770 -256165
136800 -256165
136830 -256165
136860 -256165
136890 -256165
136920 -256165
136950 -256165
136980 -256165
137010 -256165
137040 -256165
137070 -256165
137100 -256133
137130 -256133
137160 -256133
137190 -256133
137220 -256133
137250 -256133
137280 -256133
137310 -256133
137340 -256133
137370 -256133
137400 -256133
137430 -256133
137460 -256133
137490 -256133
137520 -256133
137550 -256133
137580 -256133
137610 -256133
137640 -256133
137670 -256133
137700 -256133
137730 -256133
137760 -256133
137790 -256133
137820 -256133
137850 -256133
137880 -256133
137910 -256133
137940 -256133
137970 -256133
138000 -256133
138030 -256133
138060 -256133
138090 -256133
138120 -256133
138150 -256133
138180 -256133
138210 -256133
138240 -256133
138270 -256133
138300 -256133
138330 -256133
138360 -256133
138390 -256133
138420 -256133
138450 -256133
138480 -256133
138510 -256133
138540 -256133
138570 -256133
138600 -256133
138630 -256133
138660 -256133
138690 -256133
138720 -256133
138750 -256133
138780 -256133
138810 -256133
138840 -256133
138870 -256133
138900 -256133
138930 -256133
138960 -256133
138990 -256133
139020 -256133
139050 -256133
139080 -256133
139110 -256133
139140 -256133
139170 -256133
139200 -256133
139230 -256133
139260 -256133
139290 -256133
139320 -256133
139350 -256133
139380 -256133
139410 -256133
139440 -256133
139470 -256133
139500 -256133
139530 -256133
139560 -256133
139590 -256133
139620 -256133
139650 -256133
139680 -256133
139710 -256133
139740 -256133
139770 -256133
139800 -256133
139830 -256133
139860 -256133
139890 -256133
139920 -256133
139950 -256133
139980 -256133
140010 -256133
140040 -256133
140070 -256133
140100 -256133
140130 -256133
140160 -256133
140190 -256133
140220 -256133
140250 -256133
140280 -256133
140310 -256133
140340 -256133
140370 -256133
140400 -256133
140430 -256133
140460 -256133
140490 -256133
140520 -256133
140550 -256133
140580 -256133
140610 -256133
140640 -256133
140670 -256133
140700 -256133
140730 -256133
140760 -256133
140790 -256133
140820 -256133
140850 -256133
140880 -256133
140910 -256133
140940 -256132
140970 -256132
141000 -256132
141030 -256132
141060 -256132
141090 -256132
141120 -256132
141150 -256132
141180 -256132
141210 -256132
141240 -256132
141270 -256132
141300 -256132
141330 -256132
141360 -256132
141390 -256132
141420 -256132
141450 -256132
141480 -256132
141510 -256132
141540 -256132
141570 -256132
141600 -256132
141630 -256132
141660 -256132
141690 -256132
141720 -256132
141750 -256132
141780 -256132
141810 -256132
141840 -256132
141870 -256132
141900 -256132
141930 -256132
141960 -256132
141990 -256132
142020 -256132
142050 -256132
142080 -256132
142110 -256132
142140 -256132
142170 -256132
142200 -256132
142230 -256132
142260 -256132
142290 -256132
142320 -256132
142350 -256132
142380 -256132
142410 -256132
142440 -256132
142470 -256132
142500 -256132
142530 -256132
142560 -256132
142590 -256132
142620 -256132
142650 -256132
142680 -256132
142710 -256132
142740 -256132
142770 -256132
142800 -256132
142830 -256132
142860 -256132
142890 -256132
142920 -256132
142950 -256132
142980 -256132
143010 -256132
143040 -256132
143070 -256132
143100 -256132
143130 -256132
143160 -256132
143190 -256132
143220 -256132
143250 -256132
143280 -256132
143310 -256132
143340 -256132
143370 -256132
143400 -256132
143430 -256132
143460 -256132
143490 -256132
143520 -256132
143550 -256132
143580 -256132
143610 -256132
143640 -256132
143670 -256132
143700 -256132
143730 -256132
143760 -256132
143790 -256132
143820 -256132
143850 -256132
143880 -256132
143910 -256132
143940 -256132
143970 -256132
144000 -256132
144030 -256132
144060 -256132
144090 -256132
144120 -256132
144150 -256132
144180 -256132
144210 -256132
144240 -256132
144270 -256132
144300 -256132
144330 -256132
144360 -256132
144390 -256132
144420 -256132
144450 -256132
144480 -256132
144510 -256132
144540 -256132
144570 -256132
144600 -256132
144630 -256132
144660 -256132
144690 -256132
144720 -256132
144750 -256132
144780 -256132
144810 -256132
144840 -256132
144870 -256132
144900 -256132
144930 -256132
144960 -256132
144990 -256132
145020 -256132
145050 -256132
145080 -256132
145110 -256132
145140 -256132
145170 -256132
145200 -256132
145230 -256132
145260 -256132
145290 -256132
145320 -256132
145350 -256132
145380 -256132
145410 -256132
145440 -256132
145470 -256132
145500 -256132
145530 -256132
145560 -256132
145590 -256132
145620 -256132
145650 -256132
145680 -256132
145710 -256132
145740 -256132
145770 -256132
145800 -256132
145830 -256132
145860 -256132
145890 -256132
145920 -256132
145950 -256132
145980 -256132
146010 -256132
146040 -256132
146070 -256132
146100 -256132
146130 -256132
146160 -256132
146190 -256132
146220 -256132
146250 -256132
146280 -256132
146310 -256132
146340 -256132
146370 -256078
146400 -256078
146430 -256078
146460 -256078
146490 -256078
146520 -256078
146550 -256078
146580 -256078
146610 -256078
146640 -256078
146670 -256078
146700 -256078
146730 -256078
146760 -256078
146790 -256078
146820 -256078
146850 -256078
146880 -256078
146910 -256078
146940 -256078
146970 -256078
147000 -256078
147030 -256078
147060 -256078
147090 -256078
147120 -256078
147150 -256078
147180 -256078
147210 -256078
147240 -256078
147270 -256078
147300 -256078
147330 -256078
147360 -256078
147390 -256078
147420 -256078
147450 -256078
147480 -256078
147510 -256078
147540 -256078
147570 -256078
147600 -256078
147630 -256078
147660 -256078
147690 -256078
147720 -256078
147750 -256078
147780 -256078
147810 -256078
147840 -256078
147870 -256078
147900 -256078
147930 -256078
147960 -256078
147990 -256078
148020 -256078
148050 -256078
148080 -256078
148110 -256078
148140 -256078
148170 -256078
148200 -256078
148230 -256078
148260 -256078
148290 -256078
148320 -256078
148350 -256078
148380 -256078
148410 -256078
148440 -256078
148470 -256078
148500 -256078
148530 -256078
148560 -256078
148590 -256078
148620 -256078
148650 -256078
148680 -256078
148710 -256078
148740 -256078
148770 -256078
148800 -256078
148830 -256078
148860 -256078
148890 -256078
148920 -256078
148950 -256078
148980 -256078
149010 -256078
149040 -256078
149070 -256078
149100 -256078
149130 -256078
149160 -256078
149190 -256078
149220 -256078
149250 -256078
149280 -256078
149310 -256078
149340 -256078
149370 -256078
149400 -256078
149430 -256078
149460 -256078
149490 -256078
149520 -256078
149550 -256078
149580 -256078
149610 -256078
149640 -256078
149670 -256078
149700 -256078
149730 -256078
149760 -256078
149790 -256078
149820 -256078
149850 -256078
149880 -256078
149910 -256078
149940 -256078
149970 -256078
150000 -256078
150030 -256078
150060 -256078
150090 -256078
150120 -256078
150150 -256078
150180 -256078
150210 -256078
150240 -256078
150270 -256078
150300 -256078
150330 -256078
150360 -256078
150390 -256078
150420 -256078
150450 -256078
150480 -256078
150510 -256078
150540 -256078
150570 -256078
150600 -256078
150630 -256078
150660 -256078
150690 -256078
150720 -256078
150750 -256078
150780 -256078
150810 -256078
150840 -256078
150870 -256078
150900 -256078
150930 -256078
150960 -256078
150990 -256078
151020 -256078
151050 -256078
151080 -256078
151110 -256078
151140 -256078
151170 -256078
151200 -256078
151230 -256078
151260 -256078
151290 -256078
151320 -256078
151350 -256078
151380 -256078
151410 -256078
151440 -256078
151470 -256078
151500 -256078
151530 -256078
151560 -256078
151590 -256078
