60 -446070
90 -446070
120 -442703
150 -442703
180 -442703
210 -442703
240 -441647
270 -441647
300 -438533
330 -438533
360 -438533
390 -438533
420 -438200
450 -438200
480 -438200
510 -438200
540 -438200
570 -438200
600 -438200
630 -437903
660 -437903
690 -437903
720 -437903
750 -437903
780 -437903
810 -437903
840 -437903
870 -437903
900 -437903
930 -437903
960 -437903
990 -437903
1020 -437903
1050 -437903
1080 -437903
1110 -437903
1140 -437903
1170 -437528
1200 -437528
1230 -436686
1260 -436686
1290 -436504
1320 -436504
1350 -436504
1380 -436203
1410 -436203
1440 -436203
1470 -436203
1500 -436203
1530 -436203
1560 -436203
1590 -436203
1620 -436203
1650 -436203
1680 -436203
1710 -436203
1740 -436203
1770 -436203
1800 -436203
1830 -436203
1860 -436203
1890 -436203
1920 -436203
1950 -435235
1980 -435235
2010 -435235
2040 -434790
2070 -434790
2100 -434790
2130 -434790
2160 -434790
2190 -433828
2220 -433828
2250 -433828
2280 -433165
2310 -433165
2340 -433165
2370 -432960
2400 -432960
2430 -432960
2460 -432960
2490 -432960
2520 -432960
2550 -432960
2580 -432960
2610 -432960
2640 -432960
2670 -432960
2700 -432960
2730 -432960
2760 -432960
2790 -432863
2820 -432863
2850 -432863
2880 -432863
2910 -432863
2940 -432863
2970 -432863
3000 -432863
3030 -432863
3060 -432863
3090 -432863
3120 -432599
3150 -432599
3180 -431909
3210 -431909
3240 -431909
3270 -431909
3300 -431909
3330 -431909
3360 -431909
3390 -431909
3420 -431909
3450 -431909
3480 -431909
3510 -431909
3540 -431473
3570 -431473
3600 -430223
3630 -430223
3660 -430223
3690 -430223
3720 -430223
3750 -430223
3780 -430223
3810 -430223
3840 -430223
3870 -430223
3900 -430223
3930 -430223
3960 -430223
3990 -430223
4020 -430197
4050 -430197
4080 -430197
4110 -430197
4140 -430197
4170 -430197
4200 -430197
4230 -430197
4260 -430197
4290 -430197
4320 -430197
4350 -430197
4380 -430197
4410 -430197
4440 -430197
4470 -430197
4500 -430197
4530 -430197
4560 -430178
4590 -430178
4620 -430178
4650 -430178
4680 -429090
4710 -429090
4740 -429090
4770 -429090
4800 -429090
4830 -429090
4860 -428576
4890 -428576
4920 -428576
4950 -428576
4980 -428576
5010 -428448
5040 -428448
5070 -428448
5100 -428448
5130 -428448
5160 -428448
5190 -428448
5220 -428448
5250 -428448
5280 -428448
5310 -428448
5340 -428448
5370 -428188
5400 -428188
5430 -428188
5460 -428188
5490 -425913
5520 -425913
5550 -425913
5580 -425913
5610 -425913
5640 -425913
5670 -425913
5700 -425913
5730 -425913
5760 -425913
5790 -425913
5820 -425913
5850 -425913
5880 -425913
5910 -425913
5940 -425913
5970 -425913
6000 -425913
6030 -425913
6060 -425913
6090 -425764
6120 -425764
6150 -425764
6180 -425764
6210 -425764
6240 -425764
6270 -425764
6300 -425764
6330 -425764
6360 -425764
6390 -425764
6420 -425764
6450 -425764
6480 -425764
6510 -425764
6540 -425764
6570 -425764
6600 -425764
6630 -425764
6660 -425572
6690 -424872
6720 -424872
6750 -424872
6780 -424872
6810 -424872
6840 -424872
6870 -424872
6900 -424872
6930 -424872
6960 -424872
6990 -424872
7020 -424872
7050 -424872
7080 -424872
7110 -424872
7140 -424872
7170 -424872
7200 -424872
7230 -424872
7260 -424872
7290 -424872
7320 -424872
7350 -424872
7380 -424872
7410 -424872
7440 -424872
7470 -424872
7500 -424872
7530 -424872
7560 -424872
7590 -424872
7620 -424872
7650 -424872
7680 -424872
7710 -424872
7740 -424872
7770 -424872
7800 -424872
7830 -424872
7860 -424872
7890 -424872
7920 -424872
7950 -424872
7980 -424872
8010 -424872
8040 -424872
8070 -424872
8100 -424872
8130 -424872
8160 -424872
8190 -424872
8220 -424872
8250 -424872
8280 -424872
8310 -424648
8340 -424648
8370 -424648
8400 -424648
8430 -424648
8460 -424648
8490 -424648
8520 -424648
8550 -424648
8580 -424648
8610 -424648
8640 -424648
8670 -424648
8700 -424648
8730 -424648
8760 -424648
8790 -424648
8820 -424648
8850 -424648
8880 -424648
8910 -424648
8940 -424648
8970 -424648
9000 -424648
9030 -424648
9060 -424648
9090 -424648
9120 -424648
9150 -424648
9180 -424648
9210 -424648
9240 -423083
9270 -423083
9300 -423083
9330 -423083
9360 -423083
9390 -423083
9420 -423083
9450 -422361
9480 -422361
9510 -422361
9540 -422361
9570 -422361
9600 -422361
9630 -422361
9660 -422361
9690 -422361
9720 -422361
9750 -422361
9780 -422361
9810 -422361
9840 -422361
9870 -422361
9900 -422361
9930 -422361
9960 -422361
9990 -422361
10020 -422361
10050 -422361
10080 -422361
10110 -422361
10140 -422361
10170 -422361
10200 -422361
10230 -422361
10260 -422361
10290 -422361
10320 -422361
10350 -422361
10380 -422361
10410 -422361
10440 -422361
10470 -422361
10500 -422361
10530 -422361
10560 -422361
10590 -422361
10620 -422361
10650 -422361
10680 -422361
10710 -422361
10740 -422361
10770 -422361
10800 -422361
10830 -422361
10860 -422361
10890 -422361
10920 -422361
10950 -422361
10980 -422361
11010 -422361
11040 -422361
11070 -422361
11100 -422361
11130 -422361
11160 -422361
11190 -422361
11220 -422361
11250 -422361
11280 -422249
11310 -422249
11340 -422249
11370 -422249
11400 -422249
11430 -422249
11460 -422249
11490 -422249
11520 -422249
11550 -422249
11580 -422249
11610 -422249
11640 -422249
11670 -422249
11700 -422249
11730 -422249
11760 -422249
11790 -422249
11820 -422249
11850 -422249
11880 -422249
11910 -422249
11940 -422249
11970 -422249
12000 -422249
12030 -422249
12060 -422249
12090 -422249
12120 -422249
12150 -422249
12180 -422249
12210 -421415
12240 -421415
12270 -421415
12300 -421415
12330 -421415
12360 -421415
12390 -421415
12420 -421415
12450 -421415
12480 -421415
12510 -421415
12540 -421415
12570 -421415
12600 -421415
12630 -421415
12660 -421415
12690 -421415
12720 -421415
12750 -421415
12780 -421415
12810 -420936
12840 -420936
12870 -420936
12900 -420936
12930 -420936
12960 -420936
12990 -420936
13020 -420936
13050 -420936
13080 -420936
13110 -420936
13140 -420936
13170 -420936
13200 -420936
13230 -420936
13260 -420936
13290 -420936
13320 -420936
13350 -420936
13380 -420936
13410 -420936
13440 -420936
13470 -420936
13500 -420936
13530 -420936
13560 -420936
13590 -420936
13620 -420936
13650 -420936
13680 -420936
13710 -420936
13740 -420936
13770 -420936
13800 -420936
13830 -420236
13860 -420236
13890 -420236
13920 -420236
13950 -420236
13980 -420236
14010 -420236
14040 -420236
14070 -420236
14100 -420236
14130 -420236
14160 -420236
14190 -420236
14220 -420236
14250 -420236
14280 -420236
14310 -420236
14340 -420236
14370 -420236
14400 -420236
14430 -420236
14460 -420236
14490 -420236
14520 -420236
14550 -420236
14580 -420236
14610 -420236
14640 -420236
14670 -420236
14700 -420236
14730 -420236
14760 -420236
14790 -420236
14820 -420236
14850 -420236
14880 -420236
14910 -420236
14940 -420236
14970 -420236
15000 -420236
15030 -420236
15060 -420236
15090 -420236
15120 -420236
15150 -420236
15180 -420236
15210 -420236
15240 -420236
15270 -420236
15300 -420236
15330 -420236
15360 -420236
15390 -420236
15420 -420236
15450 -420236
15480 -420236
15510 -420236
15540 -420236
15570 -420236
15600 -420236
15630 -420236
15660 -420236
15690 -420236
15720 -420236
15750 -420236
15780 -420236
15810 -420236
15840 -420236
15870 -420236
15900 -420236
15930 -420236
15960 -420236
15990 -420236
16020 -420236
16050 -420236
16080 -420236
16110 -420236
16140 -420236
16170 -420236
16200 -420236
16230 -420236
16260 -420236
16290 -420236
16320 -420236
16350 -420236
16380 -420236
16410 -420236
16440 -420236
16470 -420236
16500 -420236
16530 -420236
16560 -420236
16590 -420236
16620 -420137
16650 -420137
16680 -420137
16710 -420137
16740 -420137
16770 -420137
16800 -420137
16830 -420137
16860 -420137
16890 -420137
16920 -420137
16950 -420137
16980 -420137
17010 -420137
17040 -420137
17070 -420137
17100 -420137
17130 -420137
17160 -420137
17190 -420137
17220 -420137
17250 -420137
17280 -420137
17310 -420137
17340 -420137
17370 -420137
17400 -420137
17430 -420137
17460 -420137
17490 -420137
17520 -420137
17550 -420137
17580 -420137
17610 -420137
17640 -420137
17670 -420137
17700 -420137
17730 -420137
17760 -420137
17790 -420137
17820 -420137
17850 -420137
17880 -420137
17910 -420137
17940 -420137
17970 -420137
18000 -420137
18030 -420137
18060 -420137
18090 -420137
18120 -420137
18150 -420137
18180 -420137
18210 -420137
18240 -420137
18270 -420137
18300 -420137
18330 -420137
18360 -420137
18390 -420137
18420 -420137
18450 -420137
18480 -420137
18510 -420137
18540 -420137
18570 -420137
18600 -420137
18630 -420137
18660 -420137
18690 -420137
18720 -420137
18750 -420137
18780 -420137
18810 -420137
18840 -420137
18870 -420137
18900 -420137
18930 -420137
18960 -420137
18990 -420137
19020 -420137
19050 -420137
19080 -420137
19110 -420137
19140 -420137
19170 -420137
19200 -420137
19230 -420137
19260 -420137
19290 -420137
19320 -420137
19350 -420137
19380 -420137
19410 -420137
19440 -420137
19470 -420137
19500 -420137
19530 -419982
19560 -419982
19590 -419982
19620 -419982
19650 -419982
19680 -419982
19710 -419982
19740 -419982
19770 -419982
19800 -419982
19830 -419982
19860 -419982
19890 -419982
19920 -419982
19950 -419982
19980 -419982
20010 -419982
20040 -419982
20070 -419982
20100 -419982
20130 -419982
20160 -419982
20190 -419982
20220 -419982
20250 -419982
20280 -419982
20310 -419982
20340 -419982
20370 -419982
20400 -419982
20430 -419982
20460 -419982
20490 -419982
20520 -419982
20550 -419982
20580 -419982
20610 -419982
20640 -419982
20670 -419982
20700 -419982
20730 -419982
20760 -419982
20790 -419982
20820 -419982
20850 -419982
20880 -419982
20910 -419982
20940 -419982
20970 -419982
21000 -419982
21030 -419982
21060 -419982
21090 -419982
21120 -419982
21150 -419982
21180 -419166
21210 -419166
21240 -419166
21270 -419166
21300 -419166
21330 -419166
21360 -419166
21390 -419166
21420 -419166
21450 -419166
21480 -419166
21510 -419166
21540 -419166
21570 -419166
21600 -418969
21630 -418969
21660 -418969
21690 -418969
21720 -418969
21750 -418969
21780 -418969
21810 -418969
21840 -418969
21870 -418969
21900 -418969
21930 -418969
21960 -418969
21990 -418969
22020 -418969
22050 -418969
22080 -418969
22110 -418969
22140 -418969
22170 -418969
22200 -418969
22230 -418969
22260 -418969
22290 -418969
22320 -418969
22350 -418969
22380 -418969
22410 -418969
22440 -418969
22470 -418969
22500 -418969
22530 -418969
22560 -418969
22590 -418969
22620 -418969
22650 -418969
22680 -418969
22710 -418969
22740 -418969
22770 -418969
22800 -418969
22830 -418969
22860 -418969
22890 -418969
22920 -418969
22950 -418969
22980 -418969
23010 -418969
23040 -418969
23070 -418969
23100 -418969
23130 -418969
23160 -418969
23190 -418969
23220 -418969
23250 -418969
23280 -418969
23310 -418969
23340 -418969
23370 -418969
23400 -418919
23430 -418919
23460 -418919
23490 -418919
23520 -418919
23550 -418919
23580 -418919
23610 -418919
23640 -418919
23670 -418919
23700 -418919
23730 -418919
23760 -418919
23790 -418919
23820 -418919
23850 -418919
23880 -418919
23910 -418919
23940 -418919
23970 -418919
24000 -418919
24030 -418919
24060 -418919
24090 -418919
24120 -418716
24150 -418716
24180 -418716
24210 -418716
24240 -418716
24270 -418716
24300 -418716
24330 -418716
24360 -418716
24390 -418716
24420 -418657
24450 -418657
24480 -418657
24510 -418657
24540 -418657
24570 -418657
24600 -418657
24630 -418657
24660 -418657
24690 -418657
24720 -418657
24750 -418657
24780 -418657
24810 -418657
24840 -418657
24870 -418657
24900 -418657
24930 -418657
24960 -418657
24990 -418657
25020 -418657
25050 -418657
25080 -418657
25110 -418657
25140 -418657
25170 -418657
25200 -418657
25230 -418657
25260 -418657
25290 -418657
25320 -418657
25350 -418657
25380 -418657
25410 -418657
25440 -418657
25470 -418657
25500 -418657
25530 -418657
25560 -418657
25590 -418657
25620 -418657
25650 -418657
25680 -418657
25710 -418657
25740 -418657
25770 -418657
25800 -418657
25830 -418657
25860 -418657
25890 -418446
25920 -418446
25950 -418446
25980 -418446
26010 -418446
26040 -418446
26070 -418446
26100 -418446
26130 -418446
26160 -418446
26190 -418446
26220 -418446
26250 -418446
26280 -418446
26310 -418446
26340 -418446
26370 -418446
26400 -418446
26430 -418446
26460 -418446
26490 -418446
26520 -418446
26550 -418446
26580 -418446
26610 -418446
26640 -418446
26670 -418446
26700 -418446
26730 -418446
26760 -418446
26790 -418446
26820 -418446
26850 -418446
26880 -418446
26910 -418446
26940 -418446
26970 -418446
27000 -418446
27030 -418446
27060 -418446
27090 -418446
27120 -418446
27150 -418446
27180 -418446
27210 -418446
27240 -418446
27270 -418446
27300 -418446
27330 -418446
27360 -418446
27390 -418446
27420 -418446
27450 -418446
27480 -418446
27510 -418446
27540 -418446
27570 -418446
27600 -418446
27630 -418446
27660 -418446
27690 -418446
27720 -418446
27750 -418446
27780 -418446
27810 -418446
27840 -418446
27870 -418446
27900 -418446
27930 -418446
27960 -418446
27990 -418446
28020 -418446
28050 -418446
28080 -418446
28110 -418446
28140 -418446
28170 -418446
28200 -418446
28230 -418446
28260 -418446
28290 -418446
28320 -418446
28350 -418446
28380 -418446
28410 -418446
28440 -418446
28470 -418446
28500 -418446
28530 -418446
28560 -418446
28590 -418446
28620 -418446
28650 -418446
28680 -418446
28710 -418446
28740 -418446
28770 -418446
28800 -418446
28830 -418446
28860 -418446
28890 -418446
28920 -418446
28950 -418446
28980 -418446
29010 -418446
29040 -418446
29070 -418446
29100 -418446
29130 -418446
29160 -418446
29190 -418446
29220 -418446
29250 -418446
29280 -418446
29310 -418446
29340 -418446
29370 -418446
29400 -418446
29430 -418446
29460 -418446
29490 -417905
29520 -417905
29550 -417905
29580 -417905
29610 -417905
29640 -417905
29670 -417695
29700 -417695
29730 -417695
29760 -417695
29790 -417695
29820 -417695
29850 -417695
29880 -417695
29910 -417695
29940 -417695
29970 -417695
30000 -417695
30030 -417695
30060 -417695
30090 -417695
30120 -417695
30150 -417695
30180 -417695
30210 -417695
30240 -417695
30270 -417695
30300 -417020
30330 -417020
30360 -417020
30390 -417020
30420 -417020
30450 -417020
30480 -417020
30510 -417020
30540 -417020
30570 -417020
30600 -417020
30630 -417020
30660 -417020
30690 -417020
30720 -417020
30750 -417020
30780 -417020
30810 -417020
30840 -417020
30870 -417020
30900 -417020
30930 -417020
30960 -417020
30990 -417020
31020 -417020
31050 -417020
31080 -417020
31110 -417020
31140 -417020
31170 -417020
31200 -417020
31230 -417020
31260 -417020
31290 -417020
31320 -417020
31350 -417020
31380 -417020
31410 -417020
31440 -417020
31470 -417020
31500 -417020
31530 -417020
31560 -417020
31590 -417020
31620 -417020
31650 -417020
31680 -417020
31710 -417020
31740 -417020
31770 -417020
31800 -417020
31830 -417020
31860 -417020
31890 -417020
31920 -417020
31950 -417020
31980 -417020
32010 -417020
32040 -417020
32070 -417020
32100 -417020
32130 -417020
32160 -417020
32190 -417020
32220 -417020
32250 -417020
32280 -417020
32310 -417020
32340 -417020
32370 -417020
32400 -417020
32430 -417020
32460 -417020
32490 -417020
32520 -417020
32550 -417020
32580 -417020
32610 -417020
32640 -417020
32670 -417020
32700 -416916
32730 -416916
32760 -416916
32790 -416916
32820 -416916
32850 -416916
32880 -416756
32910 -416756
32940 -416756
32970 -416756
33000 -416756
33030 -416756
33060 -416756
33090 -416756
33120 -416756
33150 -416756
33180 -416756
33210 -416756
33240 -416756
33270 -416756
33300 -416756
33330 -416756
33360 -416756
33390 -416756
33420 -416756
33450 -416756
33480 -416756
33510 -416756
33540 -416756
33570 -416756
33600 -416756
33630 -416756
33660 -416756
33690 -416756
33720 -416756
33750 -416756
33780 -416756
33810 -416756
33840 -416756
33870 -416756
33900 -416756
33930 -416756
33960 -416756
33990 -416756
34020 -416756
34050 -416756
34080 -416756
34110 -416756
34140 -416756
34170 -416665
34200 -416665
34230 -416665
34260 -416665
34290 -416665
34320 -416665
34350 -416665
34380 -416665
34410 -416665
34440 -416665
34470 -416665
34500 -416665
34530 -416665
34560 -416665
34590 -416665
34620 -416665
34650 -416665
34680 -416665
34710 -416665
34740 -416665
34770 -416665
34800 -416665
34830 -416665
34860 -416665
34890 -416665
34920 -416665
34950 -416665
34980 -416665
35010 -416665
35040 -416665
35070 -416665
35100 -416665
35130 -416665
35160 -416665
35190 -416665
35220 -416665
35250 -416665
35280 -416665
35310 -416665
35340 -416665
35370 -416665
35400 -416381
35430 -416381
35460 -416381
35490 -416381
35520 -416381
35550 -416381
35580 -416381
35610 -416381
35640 -416381
35670 -416381
35700 -416381
35730 -416381
35760 -416381
35790 -416381
35820 -416381
35850 -416381
35880 -416381
35910 -416381
35940 -416381
35970 -416381
36000 -416381
36030 -416381
36060 -416381
36090 -416381
36120 -416381
36150 -416381
36180 -416381
36210 -416381
36240 -416381
36270 -416381
36300 -416381
36330 -416381
36360 -416381
36390 -416381
36420 -416381
36450 -416381
36480 -416381
36510 -416381
36540 -416381
36570 -416381
36600 -416381
36630 -416381
36660 -416381
36690 -416381
36720 -416381
36750 -416381
36780 -416381
36810 -416381
36840 -416381
36870 -416381
36900 -416381
36930 -416381
36960 -416381
36990 -416381
37020 -416381
37050 -416381
37080 -416381
37110 -416381
37140 -416381
37170 -416381
37200 -416381
37230 -416381
37260 -416381
37290 -416381
37320 -416381
37350 -416381
37380 -416381
37410 -416381
37440 -416381
37470 -416381
37500 -416381
37530 -416381
37560 -416381
37590 -416381
37620 -416381
37650 -416381
37680 -416381
37710 -416381
37740 -416381
37770 -416381
37800 -416381
37830 -416381
37860 -416381
37890 -416381
37920 -416381
37950 -416381
37980 -416381
38010 -416381
38040 -416381
38070 -416381
38100 -416381
38130 -416381
38160 -416369
38190 -416369
38220 -416369
38250 -416369
38280 -416369
38310 -416369
38340 -416369
38370 -416369
38400 -416369
38430 -416369
38460 -416369
38490 -416369
38520 -416369
38550 -416369
38580 -416369
38610 -416369
38640 -416369
38670 -416369
38700 -416369
38730 -416369
38760 -416369
38790 -416369
38820 -416369
38850 -416369
38880 -416369
38910 -416369
38940 -416369
38970 -416369
39000 -416369
39030 -416369
39060 -416369
39090 -416369
39120 -416369
39150 -416369
39180 -416369
39210 -416369
39240 -416369
39270 -416369
39300 -416369
39330 -416369
39360 -416369
39390 -416369
39420 -416369
39450 -416369
39480 -416369
39510 -416369
39540 -416369
39570 -416369
39600 -416369
39630 -416369
39660 -416369
39690 -416369
39720 -416369
39750 -416369
39780 -414907
39810 -414907
39840 -414907
39870 -414907
39900 -414907
39930 -414907
39960 -414907
39990 -414907
40020 -414907
40050 -414907
40080 -414907
40110 -414907
40140 -414907
40170 -414907
40200 -414907
40230 -414907
40260 -414907
40290 -414907
40320 -414907
40350 -414907
40380 -414907
40410 -414907
40440 -414907
40470 -414907
40500 -414907
40530 -414907
40560 -414907
40590 -414907
40620 -414907
40650 -414907
40680 -414907
40710 -414907
40740 -414907
40770 -414907
40800 -414907
40830 -414907
40860 -414907
40890 -414907
40920 -414907
40950 -414907
40980 -414907
41010 -414907
41040 -414907
41070 -414907
41100 -414907
41130 -414907
41160 -414907
41190 -414907
41220 -414907
41250 -414907
41280 -414907
41310 -414907
41340 -414907
41370 -414907
41400 -414907
41430 -414907
41460 -414907
41490 -414907
41520 -414907
41550 -414907
41580 -414907
41610 -414907
41640 -414907
41670 -414907
41700 -414907
41730 -414907
41760 -414907
41790 -414907
41820 -414907
41850 -414907
41880 -414907
41910 -414907
41940 -414907
41970 -414907
42000 -414907
42030 -414907
42060 -414907
42090 -414907
42120 -414907
42150 -414907
42180 -414907
42210 -414907
42240 -414907
42270 -414907
42300 -414907
42330 -414907
42360 -414907
42390 -414907
42420 -414907
42450 -414907
42480 -414907
42510 -414907
42540 -414907
42570 -414907
42600 -414907
42630 -414907
42660 -414907
42690 -414907
42720 -414907
42750 -414907
42780 -414907
42810 -414907
42840 -414907
42870 -414907
42900 -414907
42930 -414907
42960 -414907
42990 -414907
43020 -414907
43050 -414907
43080 -414907
43110 -414907
43140 -414907
43170 -414907
43200 -414907
43230 -414907
43260 -414907
43290 -414907
43320 -414907
43350 -414907
43380 -414907
43410 -414907
43440 -414907
43470 -414907
43500 -414907
43530 -414907
43560 -414907
43590 -414907
43620 -414907
43650 -414907
43680 -414907
43710 -414907
43740 -414907
43770 -414907
43800 -414907
43830 -414907
43860 -414907
43890 -414907
43920 -414907
43950 -414907
43980 -414907
44010 -414907
44040 -414907
44070 -414907
44100 -414907
44130 -414907
44160 -414907
44190 -414907
44220 -414907
44250 -414907
44280 -414907
44310 -414907
44340 -414907
44370 -414907
44400 -414907
44430 -414907
44460 -414907
44490 -414907
44520 -414907
44550 -414907
44580 -414907
44610 -414907
44640 -414907
44670 -414907
44700 -414907
44730 -414907
44760 -414907
44790 -414907
44820 -414907
44850 -414907
44880 -414907
44910 -414907
44940 -414907
44970 -414907
45000 -414907
45030 -414907
45060 -414907
45090 -414907
45120 -414907
45150 -414907
45180 -414907
45210 -414907
45240 -414907
45270 -414907
45300 -414816
45330 -414816
45360 -414816
45390 -414816
45420 -414816
45450 -414816
45480 -414816
45510 -414816
45540 -414816
45570 -414816
45600 -414816
45630 -414816
45660 -414816
45690 -414816
45720 -414816
45750 -414816
45780 -414816
45810 -414816
45840 -414816
45870 -414816
45900 -414816
45930 -414816
45960 -414816
45990 -414816
46020 -414816
46050 -414816
46080 -414816
46110 -414816
46140 -414816
46170 -414816
46200 -414816
46230 -414816
46260 -414816
46290 -414816
46320 -414816
46350 -414816
46380 -414816
46410 -414801
46440 -414801
46470 -414801
46500 -414801
46530 -414801
46560 -414801
46590 -414801
46620 -414801
46650 -414801
46680 -414801
46710 -414801
46740 -414801
46770 -414801
46800 -414801
46830 -414801
46860 -414801
46890 -414801
46920 -414801
46950 -414801
46980 -414801
47010 -414801
47040 -414801
47070 -414801
47100 -414801
47130 -414801
47160 -414801
47190 -414801
47220 -414801
47250 -414801
47280 -414801
47310 -414801
47340 -414801
47370 -414801
47400 -414801
47430 -414801
47460 -414801
47490 -414801
47520 -414801
47550 -414801
47580 -414801
47610 -414801
47640 -414801
47670 -414801
47700 -414801
47730 -414801
47760 -414801
47790 -414801
47820 -414801
47850 -414801
47880 -414801
47910 -414801
47940 -414801
47970 -414801
48000 -414801
48030 -414801
48060 -414801
48090 -414801
48120 -414801
48150 -414801
48180 -414801
48210 -414801
48240 -414801
48270 -414801
48300 -414801
48330 -414801
48360 -414801
48390 -414801
48420 -414801
48450 -414801
48480 -414801
48510 -414801
48540 -414801
48570 -414801
48600 -414801
48630 -414801
48660 -414801
48690 -414801
48720 -414801
48750 -414801
48780 -414801
48810 -414737
48840 -414737
48870 -414737
48900 -414737
48930 -414737
48960 -414737
48990 -414737
49020 -414737
49050 -414737
49080 -414737
49110 -414737
49140 -414737
49170 -414737
49200 -414737
49230 -414737
49260 -414737
49290 -414737
49320 -414737
49350 -414737
49380 -414737
49410 -414737
49440 -414711
49470 -414711
49500 -414711
49530 -414711
49560 -414711
49590 -414711
49620 -414711
49650 -414711
49680 -414711
49710 -414711
49740 -414711
49770 -414711
49800 -414711
49830 -414711
49860 -414711
49890 -414711
49920 -414711
49950 -414711
49980 -414711
50010 -414711
50040 -414711
50070 -414711
50100 -414711
50130 -414711
50160 -414711
50190 -414711
50220 -414711
50250 -414711
50280 -414711
50310 -414711
50340 -414711
50370 -414711
50400 -414711
50430 -414711
50460 -414711
50490 -414711
50520 -414711
50550 -414711
50580 -414711
50610 -414711
50640 -414711
50670 -414711
50700 -414711
50730 -414711
50760 -414711
50790 -414711
50820 -414711
50850 -414711
50880 -414711
50910 -414711
50940 -414711
50970 -414711
51000 -414711
51030 -414711
51060 -414711
51090 -414711
51120 -414711
51150 -414711
51180 -414711
51210 -414711
51240 -414711
51270 -414711
51300 -414711
51330 -414711
51360 -414711
51390 -414711
51420 -414711
51450 -414711
51480 -414711
51510 -414711
51540 -414711
51570 -414711
51600 -414711
51630 -414711
51660 -414711
51690 -414711
51720 -414711
51750 -414711
51780 -414711
51810 -414711
51840 -414711
51870 -414711
51900 -414711
51930 -414711
51960 -414711
51990 -414711
52020 -414711
52050 -414711
52080 -414711
52110 -414711
52140 -414711
52170 -414711
52200 -414711
52230 -414711
52260 -414711
52290 -414711
52320 -414711
52350 -414711
52380 -414711
52410 -414711
52440 -414711
52470 -414711
52500 -414711
52530 -414711
52560 -414711
52590 -414711
52620 -414711
52650 -414711
52680 -414655
52710 -414655
52740 -414655
52770 -414655
52800 -414655
52830 -414655
52860 -414655
52890 -414655
52920 -414655
52950 -414655
52980 -414655
53010 -414655
53040 -414655
53070 -414655
53100 -414655
53130 -414655
53160 -414655
53190 -414655
53220 -414655
53250 -414655
53280 -414655
53310 -414655
53340 -414655
53370 -414603
53400 -414603
53430 -414603
53460 -414603
53490 -414603
53520 -414603
53550 -414603
53580 -414603
53610 -414603
53640 -414603
53670 -414603
53700 -414603
53730 -414603
53760 -414603
53790 -414603
53820 -414603
53850 -414603
53880 -414603
53910 -414603
53940 -414603
53970 -414603
54000 -414603
54030 -414603
54060 -414603
54090 -414603
54120 -414603
54150 -414603
54180 -414603
54210 -414603
54240 -414603
54270 -414603
54300 -414603
54330 -414603
54360 -414603
54390 -414603
54420 -414603
54450 -414603
54480 -414603
54510 -414603
54540 -414603
54570 -414603
54600 -414603
54630 -414603
54660 -414603
54690 -414603
54720 -414603
54750 -414603
54780 -414603
54810 -414213
54840 -414213
54870 -414213
54900 -414213
54930 -414213
54960 -414213
54990 -414213
55020 -414213
55050 -414213
55080 -414213
55110 -414213
55140 -414213
55170 -414213
55200 -414213
55230 -414213
55260 -414213
55290 -414213
55320 -414213
55350 -414213
55380 -414213
55410 -414213
55440 -414213
55470 -414213
55500 -414213
55530 -414213
55560 -414213
55590 -414213
55620 -414213
55650 -414213
55680 -414213
55710 -414213
55740 -414213
55770 -414213
55800 -414213
55830 -414213
55860 -414208
55890 -414208
55920 -414208
55950 -414208
55980 -414208
56010 -414208
56040 -414208
56070 -414208
56100 -413829
56130 -413829
56160 -413829
56190 -413829
56220 -413829
56250 -413829
56280 -413829
56310 -413829
56340 -413829
56370 -413829
56400 -413829
56430 -413829
56460 -413829
56490 -413829
56520 -413829
56550 -413829
56580 -413829
56610 -413829
56640 -413829
56670 -413829
56700 -413829
56730 -413829
56760 -413829
56790 -413829
56820 -413829
56850 -413829
56880 -413829
56910 -413829
56940 -413829
56970 -413829
57000 -413829
57030 -413829
57060 -413829
57090 -413829
57120 -413829
57150 -413829
57180 -413829
57210 -413829
57240 -413829
57270 -413829
57300 -413829
57330 -413829
57360 -413829
57390 -413829
57420 -413829
57450 -413829
57480 -413829
57510 -413829
57540 -413829
57570 -413829
57600 -413829
57630 -413829
57660 -413829
57690 -413829
57720 -413358
57750 -413358
57780 -413358
57810 -413358
57840 -413358
57870 -413358
57900 -413358
57930 -413358
57960 -413358
57990 -413358
58020 -413358
58050 -413358
58080 -413358
58110 -413358
58140 -413358
58170 -413358
58200 -413358
58230 -413358
58260 -413358
58290 -413358
58320 -413358
58350 -413358
58380 -413358
58410 -413358
58440 -413358
58470 -413358
58500 -413358
58530 -413358
58560 -413358
58590 -413358
58620 -413358
58650 -413358
58680 -413358
58710 -413358
58740 -413358
58770 -413358
58800 -413358
58830 -413358
58860 -413358
58890 -413358
58920 -413358
58950 -413358
58980 -413358
59010 -413358
59040 -413358
59070 -413358
59100 -413358
59130 -413358
59160 -413358
59190 -413358
59220 -413358
59250 -413358
59280 -413358
59310 -413358
59340 -413358
59370 -413358
59400 -413358
59430 -413358
59460 -413358
59490 -413358
59520 -413358
59550 -413358
59580 -413358
59610 -413358
59640 -413358
59670 -413358
59700 -413358
59730 -413358
59760 -413358
59790 -413358
59820 -413358
59850 -413358
59880 -413033
59910 -413033
59940 -413033
59970 -413033
60000 -413033
60030 -413033
60060 -413033
60090 -413033
60120 -413033
60150 -413033
60180 -413033
60210 -413033
60240 -413033
60270 -413033
60300 -413033
60330 -413033
60360 -413033
60390 -413033
60420 -413033
60450 -413033
60480 -413033
60510 -413033
60540 -413033
60570 -413033
60600 -413033
60630 -413033
60660 -413033
60690 -413033
60720 -413033
60750 -413033
60780 -413033
60810 -413033
60840 -413033
60870 -413033
60900 -413033
60930 -413033
60960 -413033
60990 -413033
61020 -413033
61050 -413033
61080 -413033
61110 -413033
61140 -413033
61170 -413033
61200 -413033
61230 -413033
61260 -413033
61290 -413033
61320 -413033
61350 -413033
61380 -413033
61410 -413033
61440 -413033
61470 -413033
61500 -413033
61530 -413033
61560 -413033
61590 -413033
61620 -413033
61650 -413033
61680 -413033
61710 -413033
61740 -412880
61770 -412880
61800 -412880
61830 -412880
61860 -412880
61890 -412880
61920 -412880
61950 -412880
61980 -412880
62010 -412880
62040 -412880
62070 -412716
62100 -412716
62130 -412716
62160 -412716
62190 -412716
62220 -412716
62250 -412716
62280 -412716
62310 -412716
62340 -412716
62370 -412716
62400 -412716
62430 -412716
62460 -412716
62490 -412716
62520 -412716
62550 -412716
62580 -412716
62610 -412716
62640 -412716
62670 -412716
62700 -412716
62730 -412716
62760 -412716
62790 -412716
62820 -412716
62850 -412716
62880 -412716
62910 -412716
62940 -412716
62970 -412716
63000 -412716
63030 -412716
63060 -412716
63090 -412716
63120 -412716
63150 -412716
63180 -412716
63210 -412716
63240 -412716
63270 -412716
63300 -412716
63330 -412716
63360 -412716
63390 -412716
63420 -412716
63450 -412716
63480 -412716
63510 -412716
63540 -412716
63570 -412716
63600 -412716
63630 -412716
63660 -412716
63690 -412716
63720 -412716
63750 -412716
63780 -412716
63810 -412716
63840 -412583
63870 -412583
63900 -412583
63930 -412583
63960 -412583
63990 -412583
64020 -412583
64050 -412583
64080 -412583
64110 -412583
64140 -412583
64170 -412583
64200 -412583
64230 -412583
64260 -412583
64290 -412583
64320 -412583
64350 -412583
64380 -412583
64410 -412583
64440 -412583
64470 -412583
64500 -412583
64530 -412583
64560 -412583
64590 -412583
64620 -412583
64650 -412583
64680 -412583
64710 -412583
64740 -412583
64770 -412583
64800 -412583
64830 -412583
64860 -412583
64890 -412583
64920 -412583
64950 -412583
64980 -412583
65010 -412583
65040 -412583
65070 -412583
65100 -412583
65130 -412583
65160 -412583
65190 -412583
65220 -412583
65250 -412583
65280 -412583
65310 -412583
65340 -412583
65370 -412583
65400 -412583
65430 -412583
65460 -412583
65490 -412583
65520 -412583
65550 -412583
65580 -412583
65610 -412583
65640 -412583
65670 -412583
65700 -412565
65730 -412565
65760 -412565
65790 -412565
65820 -412565
65850 -412565
65880 -412565
65910 -412565
65940 -412565
65970 -412565
66000 -412565
66030 -412565
66060 -412565
66090 -412565
66120 -412565
66150 -412565
66180 -412565
66210 -412565
66240 -412565
66270 -412565
66300 -412565
66330 -412565
66360 -412565
66390 -412565
66420 -412565
66450 -412565
66480 -412565
66510 -412565
66540 -412565
66570 -412565
66600 -412565
66630 -412565
66660 -412565
66690 -412565
66720 -412565
66750 -412565
66780 -412565
66810 -412565
66840 -412565
66870 -412565
66900 -412565
66930 -412565
66960 -412565
66990 -412277
67020 -412277
67050 -412277
67080 -412277
67110 -412277
67140 -412277
67170 -412277
67200 -412277
67230 -412277
67260 -412277
67290 -412277
67320 -412277
67350 -412277
67380 -412277
67410 -412277
67440 -412277
67470 -412277
67500 -412277
67530 -412277
67560 -412277
67590 -412277
67620 -412277
67650 -412277
67680 -412277
67710 -412277
67740 -412277
67770 -412277
67800 -412277
67830 -412277
67860 -412277
67890 -412277
67920 -412277
67950 -412277
67980 -412277
68010 -412277
68040 -412277
68070 -412277
68100 -412277
68130 -412277
68160 -412277
68190 -412277
68220 -412277
68250 -412277
68280 -412277
68310 -412277
68340 -412277
68370 -412277
68400 -412277
68430 -412277
68460 -412277
68490 -412277
68520 -412277
68550 -412277
68580 -412277
68610 -412277
68640 -412277
68670 -412277
68700 -412277
68730 -412277
68760 -412277
68790 -412049
68820 -412049
68850 -412049
68880 -412049
68910 -412049
68940 -412049
68970 -412049
69000 -412049
69030 -412049
69060 -412049
69090 -412049
69120 -412049
69150 -412049
69180 -412049
69210 -412049
69240 -412049
69270 -412049
69300 -412049
69330 -412049
69360 -412049
69390 -412049
69420 -412049
69450 -412049
69480 -412049
69510 -412049
69540 -412049
69570 -412049
69600 -412049
69630 -412049
69660 -412049
69690 -412049
69720 -412049
69750 -412049
69780 -412049
69810 -412049
69840 -412049
69870 -412049
69900 -412049
69930 -412049
69960 -412049
69990 -412049
70020 -412049
70050 -412049
70080 -412049
70110 -412049
70140 -412049
70170 -412049
70200 -412049
70230 -412049
70260 -412049
70290 -412049
70320 -412049
70350 -412049
70380 -412049
70410 -412049
70440 -412049
70470 -412049
70500 -412049
70530 -412049
70560 -412049
70590 -412049
70620 -412049
70650 -412049
70680 -412049
70710 -412049
70740 -412049
70770 -412049
70800 -411911
70830 -411911
70860 -411911
70890 -411911
70920 -411911
70950 -411911
70980 -411911
71010 -411911
71040 -411911
71070 -411911
71100 -411911
71130 -411911
71160 -411911
71190 -411911
71220 -411911
71250 -411911
71280 -411911
71310 -411911
71340 -411911
71370 -411911
71400 -411911
71430 -411911
71460 -411911
71490 -411911
71520 -411911
71550 -411911
71580 -411911
71610 -411911
71640 -411911
71670 -411911
71700 -411911
71730 -411911
71760 -411911
71790 -411911
71820 -411911
71850 -411911
71880 -411911
71910 -411911
71940 -411911
71970 -411911
72000 -411911
72030 -411911
72060 -411911
72090 -411911
72120 -411911
72150 -411902
72180 -411902
72210 -411902
72240 -411902
72270 -411902
72300 -411902
72330 -411902
72360 -411902
72390 -411902
72420 -411902
72450 -411902
72480 -411902
72510 -411902
72540 -411902
72570 -411902
72600 -411902
72630 -411902
72660 -411902
72690 -411902
72720 -411902
72750 -411902
72780 -411902
72810 -411902
72840 -411902
72870 -411902
72900 -411902
72930 -411902
72960 -411902
72990 -411902
73020 -411902
73050 -411902
73080 -411902
73110 -411902
73140 -411902
73170 -411902
73200 -411902
73230 -411902
73260 -411902
73290 -411902
73320 -411902
73350 -411902
73380 -411902
73410 -411902
73440 -411902
73470 -411902
73500 -411902
73530 -411902
73560 -411902
73590 -411902
73620 -411902
73650 -411902
73680 -411902
73710 -411902
73740 -411902
73770 -411902
73800 -411902
73830 -411902
73860 -411902
73890 -411902
73920 -411902
73950 -411902
73980 -411902
74010 -411902
74040 -411902
74070 -411902
74100 -411902
74130 -411902
74160 -411902
74190 -411902
74220 -411902
74250 -411902
74280 -411902
74310 -411902
74340 -411902
74370 -411902
74400 -411902
74430 -411902
74460 -411902
74490 -411902
74520 -411902
74550 -411902
74580 -411902
74610 -411902
74640 -411902
74670 -411902
74700 -411902
74730 -411902
74760 -411902
74790 -411902
74820 -411902
74850 -411902
74880 -411902
74910 -411902
74940 -411902
74970 -411902
75000 -411902
75030 -411902
75060 -411902
75090 -411902
75120 -411902
75150 -411902
75180 -411902
75210 -411902
75240 -411902
75270 -411902
75300 -411902
75330 -411902
75360 -411902
75390 -411902
75420 -411902
75450 -411902
75480 -411902
75510 -411902
75540 -411902
75570 -411902
75600 -411902
75630 -411902
75660 -411902
75690 -411902
75720 -411902
75750 -411902
75780 -411902
75810 -411902
75840 -411902
75870 -411902
75900 -411902
75930 -411902
75960 -411902
75990 -411902
76020 -411902
76050 -411902
76080 -411902
76110 -411902
76140 -411902
76170 -411902
76200 -411902
76230 -411902
76260 -411902
76290 -411902
76320 -411902
76350 -411902
76380 -411902
76410 -411902
76440 -411902
76470 -411902
76500 -411902
76530 -411902
76560 -411902
76590 -411902
76620 -411902
76650 -411902
76680 -411902
76710 -411902
76740 -411902
76770 -411902
76800 -411902
76830 -411902
76860 -411902
76890 -411902
76920 -411902
76950 -411902
76980 -411902
77010 -411902
77040 -411902
77070 -411902
77100 -411902
77130 -411902
77160 -411902
77190 -411902
77220 -411902
77250 -411902
77280 -411902
77310 -411902
77340 -411902
77370 -411902
77400 -411902
77430 -411902
77460 -411902
77490 -411902
77520 -411902
77550 -411902
77580 -411902
77610 -411902
77640 -411902
77670 -411902
77700 -411902
77730 -411902
77760 -411902
77790 -411902
77820 -411902
77850 -411902
77880 -411902
77910 -411902
77940 -411902
77970 -411617
78000 -411617
78030 -411617
78060 -411617
78090 -411617
78120 -411617
78150 -411617
78180 -411617
78210 -411617
78240 -411617
78270 -411617
78300 -411617
78330 -411617
78360 -411617
78390 -411617
78420 -411617
78450 -411617
78480 -411617
78510 -411617
78540 -411617
78570 -411617
78600 -411617
78630 -411617
78660 -411617
78690 -411617
78720 -411617
78750 -411617
78780 -411617
78810 -411617
78840 -411617
78870 -411617
78900 -411617
78930 -411617
78960 -411609
78990 -411609
79020 -411609
