60 -300630
90 -300519
120 -300519
150 -300519
180 -299944
210 -299944
240 -299944
270 -299944
300 -299944
330 -299944
360 -297973
390 -297973
420 -297890
450 -297890
480 -297890
510 -297723
540 -297697
570 -294167
600 -294167
630 -292602
660 -292602
690 -292602
720 -292528
750 -292528
780 -292528
810 -292528
840 -292528
870 -292528
900 -292528
930 -292528
960 -292528
990 -292528
1020 -290480
1050 -290480
1080 -290480
1110 -290480
1140 -290480
1170 -290480
1200 -290480
1230 -290480
1260 -290480
1290 -290480
1320 -290480
1350 -290480
1380 -290480
1410 -290480
1440 -290480
1470 -290480
1500 -290480
1530 -290480
1560 -289068
1590 -288181
1620 -288181
1650 -288181
1680 -288181
1710 -288181
1740 -287508
1770 -287508
1800 -287508
1830 -287508
1860 -287508
1890 -287508
1920 -287508
1950 -287481
1980 -287481
2010 -287481
2040 -287481
2070 -287481
2100 -287481
2130 -287481
2160 -287481
2190 -287481
2220 -287481
2250 -287481
2280 -286409
2310 -286409
2340 -286409
2370 -286409
2400 -286409
2430 -286409
2460 -286409
2490 -286409
2520 -286409
2550 -286409
2580 -286409
2610 -286409
2640 -286409
2670 -286409
2700 -286409
2730 -286409
2760 -286409
2790 -286409
2820 -286409
2850 -286409
2880 -286409
2910 -286409
2940 -286409
2970 -286409
3000 -286409
3030 -285832
3060 -285832
3090 -285832
3120 -285832
3150 -285832
3180 -285832
3210 -285832
3240 -285832
3270 -285832
3300 -285832
3330 -285832
3360 -284136
3390 -284136
3420 -284136
3450 -284136
3480 -284136
3510 -284136
3540 -284136
3570 -284136
3600 -284112
3630 -283685
3660 -283685
3690 -283491
3720 -283491
3750 -283491
3780 -283491
3810 -283491
3840 -283491
3870 -283491
3900 -283491
3930 -283436
3960 -282883
3990 -282883
4020 -282883
4050 -282883
4080 -282883
4110 -282883
4140 -282883
4170 -282883
4200 -282883
4230 -282883
4260 -282883
4290 -282883
4320 -282883
4350 -282883
4380 -282883
4410 -282883
4440 -282883
4470 -282883
4500 -282883
4530 -282883
4560 -282883
4590 -282883
4620 -282883
4650 -282883
4680 -282883
4710 -282883
4740 -282883
4770 -282883
4800 -282883
4830 -282883
4860 -282883
4890 -282883
4920 -282883
4950 -282883
4980 -282883
5010 -282883
5040 -282883
5070 -282883
5100 -282883
5130 -282883
5160 -282883
5190 -282883
5220 -281519
5250 -281498
5280 -281498
5310 -281498
5340 -281498
5370 -281498
5400 -281286
5430 -281286
5460 -281286
5490 -280795
5520 -280795
5550 -280795
5580 -280795
5610 -280795
5640 -280795
5670 -280795
5700 -280795
5730 -280795
5760 -280795
5790 -280795
5820 -280795
5850 -280795
5880 -280583
5910 -280583
5940 -280583
5970 -280583
6000 -280583
6030 -280583
6060 -280583
6090 -280583
6120 -280583
6150 -280583
6180 -280583
6210 -280583
6240 -280583
6270 -280583
6300 -280583
6330 -280583
6360 -280583
6390 -280583
6420 -280405
6450 -280405
6480 -280316
6510 -280316
6540 -280316
6570 -280316
6600 -280316
6630 -280316
6660 -280316
6690 -280316
6720 -280227
6750 -279455
6780 -279455
6810 -279455
6840 -279455
6870 -279455
6900 -279455
6930 -279423
6960 -279423
6990 -279423
7020 -279423
7050 -279423
7080 -279423
7110 -279423
7140 -279423
7170 -279423
7200 -279423
7230 -279423
7260 -279423
7290 -279423
7320 -279423
7350 -279423
7380 -279423
7410 -279423
7440 -279423
7470 -279423
7500 -279423
7530 -279423
7560 -279423
7590 -279423
7620 -279423
7650 -279423
7680 -279423
7710 -279423
7740 -279423
7770 -279423
7800 -279423
7830 -279423
7860 -279423
7890 -279423
7920 -279423
7950 -279423
7980 -279423
8010 -279423
8040 -278279
8070 -278279
8100 -278279
8130 -278279
8160 -278279
8190 -278279
8220 -278279
8250 -278279
8280 -278279
8310 -278279
8340 -278279
8370 -278279
8400 -278139
8430 -278139
8460 -278139
8490 -277844
8520 -277844
8550 -277844
8580 -277844
8610 -277523
8640 -277523
8670 -277460
8700 -277460
8730 -277460
8760 -277460
8790 -277444
8820 -277444
8850 -277444
8880 -277291
8910 -277291
8940 -277291
8970 -277291
9000 -277291
9030 -277291
9060 -277291
9090 -277291
9120 -277291
9150 -277291
9180 -277291
9210 -277291
9240 -277291
9270 -277291
9300 -277094
9330 -277094
9360 -277094
9390 -277094
9420 -277094
9450 -277094
9480 -276591
9510 -276193
9540 -276193
9570 -276193
9600 -276193
9630 -276193
9660 -276193
9690 -276193
9720 -275663
9750 -275663
9780 -275663
9810 -275663
9840 -275663
9870 -275663
9900 -275663
9930 -275663
9960 -275663
9990 -275663
10020 -275663
10050 -275589
10080 -275589
10110 -275589
10140 -275589
10170 -275589
10200 -275589
10230 -275589
10260 -274816
10290 -274816
10320 -274816
10350 -274771
10380 -274771
10410 -274771
10440 -274771
10470 -274771
10500 -274771
10530 -274708
10560 -274708
10590 -274708
10620 -274708
10650 -274708
10680 -274708
10710 -274708
10740 -274708
10770 -274620
10800 -274620
10830 -274620
10860 -274620
10890 -274620
10920 -274620
10950 -274620
10980 -274620
11010 -274620
11040 -274620
11070 -274620
11100 -274620
11130 -274620
11160 -274620
11190 -274620
11220 -274620
11250 -274620
11280 -274620
11310 -274620
11340 -274620
11370 -274620
11400 -274620
11430 -274620
11460 -274197
11490 -274197
11520 -274197
11550 -274197
11580 -273785
11610 -273323
11640 -273323
11670 -273323
11700 -273323
11730 -273323
11760 -273323
11790 -273323
11820 -273323
11850 -273323
11880 -273323
11910 -273323
11940 -273323
11970 -273323
12000 -273323
12030 -273323
12060 -273323
12090 -273323
12120 -273323
12150 -273323
12180 -273323
12210 -273323
12240 -273323
12270 -273323
12300 -273323
12330 -273323
12360 -273323
12390 -273323
12420 -273323
12450 -273323
12480 -273323
12510 -273323
12540 -273323
12570 -273323
12600 -273124
12630 -273124
12660 -273124
12690 -273124
12720 -273124
12750 -273124
12780 -273124
12810 -273124
12840 -273124
12870 -273124
12900 -273124
12930 -273048
12960 -273048
12990 -273012
13020 -273012
13050 -273012
13080 -273012
13110 -273012
13140 -273012
13170 -273012
13200 -273012
13230 -273012
13260 -273012
13290 -273012
13320 -272823
13350 -272823
13380 -272823
13410 -272823
13440 -272823
13470 -272678
13500 -272678
13530 -272678
13560 -272678
13590 -272678
13620 -272678
13650 -272678
13680 -272678
13710 -272678
13740 -272678
13770 -272473
13800 -272473
13830 -272473
13860 -272473
13890 -272473
13920 -272473
13950 -272473
13980 -272473
14010 -272473
14040 -272473
14070 -272473
14100 -272473
14130 -272099
14160 -272099
14190 -272099
14220 -272099
14250 -272099
14280 -272099
14310 -272099
14340 -272099
14370 -272099
14400 -272099
14430 -272099
14460 -272099
14490 -272099
14520 -272099
14550 -272099
14580 -272099
14610 -272099
14640 -272099
14670 -272099
14700 -272099
14730 -272099
14760 -272099
14790 -272099
14820 -272099
14850 -272099
14880 -272099
14910 -272099
14940 -272099
14970 -272099
15000 -272099
15030 -272099
15060 -271836
15090 -271836
15120 -271836
15150 -271836
15180 -271836
15210 -271836
15240 -271836
15270 -271836
15300 -271542
15330 -271542
15360 -271542
15390 -271542
15420 -271542
15450 -271542
15480 -271542
15510 -271542
15540 -271542
15570 -271542
15600 -271542
15630 -271542
15660 -271542
15690 -271542
15720 -271542
15750 -271542
15780 -271542
15810 -271542
15840 -271542
15870 -271542
15900 -271542
15930 -271542
15960 -271542
15990 -271542
16020 -271542
16050 -271542
16080 -271542
16110 -271542
16140 -271542
16170 -271542
16200 -271542
16230 -271542
16260 -271542
16290 -271542
16320 -271542
16350 -271542
16380 -271542
16410 -271542
16440 -271542
16470 -271542
16500 -271542
16530 -271542
16560 -271542
16590 -271542
16620 -271542
16650 -271542
16680 -271507
16710 -271507
16740 -271507
16770 -271507
16800 -271507
16830 -271507
16860 -271507
16890 -271507
16920 -271507
16950 -271358
16980 -271358
17010 -271358
17040 -271358
17070 -271358
17100 -271358
17130 -271358
17160 -271358
17190 -271358
17220 -271358
17250 -271358
17280 -271358
17310 -269996
17340 -269996
17370 -269996
17400 -269996
17430 -269996
17460 -269996
17490 -269996
17520 -269996
17550 -269708
17580 -269708
17610 -269708
17640 -269708
17670 -269708
17700 -269708
17730 -269708
17760 -269708
17790 -269708
17820 -269162
17850 -269162
17880 -269162
17910 -269162
17940 -269162
17970 -269162
18000 -269162
18030 -269162
18060 -269162
18090 -269162
18120 -269162
18150 -269162
18180 -269162
18210 -269103
18240 -269103
18270 -269103
18300 -269103
18330 -269103
18360 -269103
18390 -269103
18420 -269103
18450 -269103
18480 -269103
18510 -269103
18540 -269103
18570 -269103
18600 -269103
18630 -269103
18660 -269103
18690 -269103
18720 -269103
18750 -269103
18780 -269103
18810 -269103
18840 -269103
18870 -269103
18900 -269103
18930 -269103
18960 -268325
18990 -268325
19020 -268325
19050 -268325
19080 -268325
19110 -268325
19140 -268325
19170 -268325
19200 -268325
19230 -268325
19260 -268325
19290 -268325
19320 -268325
19350 -268325
19380 -268325
19410 -268325
19440 -268325
19470 -268325
19500 -268137
19530 -268137
19560 -268137
19590 -268137
19620 -268137
19650 -268137
19680 -268137
19710 -268137
19740 -268137
19770 -268137
19800 -268137
19830 -268137
19860 -268137
19890 -268137
19920 -268137
19950 -268137
19980 -268105
20010 -268105
20040 -268105
20070 -268105
20100 -268105
20130 -268105
20160 -268105
20190 -268105
20220 -268105
20250 -268105
20280 -268105
20310 -268105
20340 -268105
20370 -268105
20400 -268105
20430 -268105
20460 -268105
20490 -268105
20520 -268105
20550 -268001
20580 -267899
20610 -267899
20640 -267899
20670 -267899
20700 -267899
20730 -267899
20760 -267373
20790 -267373
20820 -267373
20850 -267373
20880 -267373
20910 -267348
20940 -267348
20970 -267348
21000 -267348
21030 -267348
21060 -267348
21090 -267348
21120 -267348
21150 -267307
21180 -267269
21210 -266923
21240 -266923
21270 -266923
21300 -266923
21330 -266923
21360 -266923
21390 -266923
21420 -266893
21450 -266893
21480 -266893
21510 -266893
21540 -266893
21570 -266893
21600 -266893
21630 -266893
21660 -266893
21690 -266893
21720 -266893
21750 -266893
21780 -266893
21810 -266893
21840 -266893
21870 -266332
21900 -266332
21930 -266332
21960 -266332
21990 -266332
22020 -266332
22050 -266332
22080 -266332
22110 -266332
22140 -266332
22170 -266332
22200 -266332
22230 -266332
22260 -266332
22290 -266332
22320 -266332
22350 -266332
22380 -266332
22410 -266332
22440 -266332
22470 -266177
22500 -266177
22530 -266177
22560 -266177
22590 -266177
22620 -266177
22650 -266177
22680 -266177
22710 -266177
22740 -266177
22770 -266177
22800 -266177
22830 -266177
22860 -266177
22890 -266030
22920 -265939
22950 -265939
22980 -265939
23010 -265939
23040 -265939
23070 -265939
23100 -265939
23130 -265939
23160 -265939
23190 -265939
23220 -265939
23250 -265939
23280 -265939
23310 -265939
23340 -265808
23370 -265808
23400 -265808
23430 -265808
23460 -265808
23490 -265808
23520 -265808
23550 -265808
23580 -265808
23610 -265808
23640 -265808
23670 -265808
23700 -265808
23730 -265808
23760 -265808
23790 -265808
23820 -265808
23850 -265808
23880 -265808
23910 -265808
23940 -265808
23970 -265808
24000 -265808
24030 -265808
24060 -265808
24090 -265808
24120 -265808
24150 -265751
24180 -265751
24210 -265751
24240 -265751
24270 -265465
24300 -265465
24330 -265465
24360 -265465
24390 -265465
24420 -265465
24450 -265465
24480 -265465
24510 -265465
24540 -265465
24570 -265465
24600 -265465
24630 -265465
24660 -265465
24690 -265465
24720 -265465
24750 -265465
24780 -265465
24810 -265465
24840 -265465
24870 -265465
24900 -265465
24930 -265465
24960 -265465
24990 -265465
25020 -265465
25050 -265465
25080 -265465
25110 -265465
25140 -265465
25170 -265465
25200 -265465
25230 -265465
25260 -265465
25290 -265465
25320 -265465
25350 -265465
25380 -265465
25410 -265465
25440 -265465
25470 -265465
25500 -265465
25530 -265465
25560 -265259
25590 -265259
25620 -265259
25650 -265259
25680 -265259
25710 -265259
25740 -265259
25770 -265259
25800 -265259
25830 -265259
25860 -265259
25890 -265259
25920 -265259
25950 -265259
25980 -265259
26010 -265259
26040 -265259
26070 -265259
26100 -265259
26130 -265259
26160 -265259
26190 -265259
26220 -265259
26250 -265259
26280 -265259
26310 -265259
26340 -265259
26370 -265259
26400 -265259
26430 -265259
26460 -265259
26490 -265259
26520 -265259
26550 -265259
26580 -265259
26610 -265259
26640 -265259
26670 -265259
26700 -265259
26730 -265259
26760 -265259
26790 -265259
26820 -265259
26850 -265259
26880 -265259
26910 -265259
26940 -265259
26970 -265259
27000 -265259
27030 -265259
27060 -265259
27090 -265259
27120 -265259
27150 -265259
27180 -265259
27210 -265259
27240 -265259
27270 -265259
27300 -265259
27330 -265259
27360 -265259
27390 -265259
27420 -265259
27450 -265259
27480 -265259
27510 -265259
27540 -265259
27570 -265259
27600 -265259
27630 -265259
27660 -265259
27690 -265259
27720 -265259
27750 -265259
27780 -265259
27810 -265259
27840 -265259
27870 -265259
27900 -265232
27930 -265232
27960 -265232
27990 -265232
28020 -265232
28050 -265051
28080 -265051
28110 -265051
28140 -265051
28170 -265051
28200 -265051
28230 -265051
28260 -265051
28290 -265051
28320 -265045
28350 -265045
28380 -265045
28410 -265045
28440 -265045
28470 -265045
28500 -265045
28530 -265045
28560 -265045
28590 -265045
28620 -265045
28650 -265045
28680 -265045
28710 -265045
28740 -265045
28770 -265045
28800 -265045
28830 -265045
28860 -265045
28890 -265045
28920 -265045
28950 -265045
28980 -265045
29010 -265045
29040 -265045
29070 -265045
29100 -265045
29130 -265045
29160 -265045
29190 -265045
29220 -265045
29250 -265045
29280 -265045
29310 -265045
29340 -265045
29370 -265045
29400 -265045
29430 -265045
29460 -265045
29490 -264457
29520 -264457
29550 -264378
29580 -264378
29610 -264378
29640 -264378
29670 -264220
29700 -264220
29730 -264220
29760 -264220
29790 -264220
29820 -264220
29850 -264220
29880 -264220
29910 -264220
29940 -264220
29970 -264220
30000 -264220
30030 -264220
30060 -264220
30090 -264220
30120 -264220
30150 -264220
30180 -264220
30210 -264220
30240 -264220
30270 -264220
30300 -264220
30330 -264220
30360 -264220
30390 -264220
30420 -264220
30450 -264220
30480 -264220
30510 -264220
30540 -264220
30570 -264220
30600 -264220
30630 -264220
30660 -264220
30690 -264220
30720 -264220
30750 -264220
30780 -264220
30810 -264220
30840 -264220
30870 -264220
30900 -264220
30930 -264220
30960 -264220
30990 -264220
31020 -264220
31050 -264220
31080 -264220
31110 -264220
31140 -264220
31170 -264220
31200 -264220
31230 -264220
31260 -264220
31290 -264220
31320 -264220
31350 -264220
31380 -264220
31410 -264220
31440 -264220
31470 -264220
31500 -264220
31530 -264220
31560 -264220
31590 -264220
31620 -264220
31650 -264220
31680 -264220
31710 -264220
31740 -264220
31770 -264220
31800 -264220
31830 -264220
31860 -264220
31890 -264220
31920 -264220
31950 -264220
31980 -264133
32010 -263996
32040 -263996
32070 -263996
32100 -263996
32130 -263996
32160 -263996
32190 -263996
32220 -263996
32250 -263996
32280 -263996
32310 -263996
32340 -263996
32370 -263996
32400 -263996
32430 -263996
32460 -263996
32490 -263996
32520 -263996
32550 -263996
32580 -263996
32610 -263996
32640 -263996
32670 -263996
32700 -263996
32730 -263996
32760 -263996
32790 -263996
32820 -263996
32850 -263996
32880 -263996
32910 -263996
32940 -263996
32970 -263996
33000 -263996
33030 -263996
33060 -263996
33090 -263996
33120 -263996
33150 -263996
33180 -263996
33210 -263996
33240 -263996
33270 -263996
33300 -263996
33330 -263996
33360 -263996
33390 -263996
33420 -263996
33450 -263996
33480 -263996
33510 -263996
33540 -263996
33570 -263996
33600 -263996
33630 -263996
33660 -263866
33690 -263866
33720 -263866
33750 -263866
33780 -263866
33810 -263866
33840 -263866
33870 -263866
33900 -263866
33930 -263866
33960 -263866
33990 -263866
34020 -263866
34050 -263866
34080 -263866
34110 -263866
34140 -263866
34170 -263866
34200 -263866
34230 -263866
34260 -263866
34290 -263866
34320 -263866
34350 -263866
34380 -263866
34410 -263866
34440 -263866
34470 -263866
34500 -263866
34530 -263866
34560 -263839
34590 -263839
34620 -263839
34650 -263839
34680 -263839
34710 -263839
34740 -263839
34770 -263839
34800 -263839
34830 -263839
34860 -263661
34890 -263661
34920 -263661
34950 -263661
34980 -263661
35010 -263661
35040 -263661
35070 -263661
35100 -263661
35130 -263661
35160 -263661
35190 -263661
35220 -263661
35250 -263661
35280 -263661
35310 -263661
35340 -263661
35370 -263661
35400 -263661
35430 -263661
35460 -263661
35490 -263661
35520 -263661
35550 -263661
35580 -263661
35610 -263661
35640 -263661
35670 -263661
35700 -263661
35730 -263661
35760 -263661
35790 -263661
35820 -263661
35850 -263661
35880 -263661
35910 -263661
35940 -263661
35970 -263661
36000 -263661
36030 -263661
36060 -263661
36090 -263661
36120 -263661
36150 -263661
36180 -263661
36210 -263661
36240 -263661
36270 -263661
36300 -263661
36330 -263661
36360 -263661
36390 -263661
36420 -263661
36450 -263661
36480 -263661
36510 -263661
36540 -263661
36570 -263593
36600 -263593
36630 -263593
36660 -263575
36690 -263575
36720 -263575
36750 -263575
36780 -263575
36810 -263575
36840 -263575
36870 -263575
36900 -263575
36930 -263575
36960 -263575
36990 -263575
37020 -263575
37050 -263575
37080 -263575
37110 -263575
37140 -263575
37170 -263575
37200 -263571
37230 -263571
37260 -263571
37290 -263571
37320 -263571
37350 -263571
37380 -263571
37410 -263571
37440 -263571
37470 -263571
37500 -263571
37530 -263571
37560 -263571
37590 -263571
37620 -263571
37650 -263571
37680 -263571
37710 -263571
37740 -263565
37770 -263565
37800 -263565
37830 -263565
37860 -263565
37890 -263565
37920 -263565
37950 -263565
37980 -263565
38010 -263565
38040 -263565
38070 -263565
38100 -263556
38130 -263556
38160 -263556
38190 -263556
38220 -263556
38250 -263556
38280 -263556
38310 -263556
38340 -263556
38370 -263556
38400 -263556
38430 -263556
38460 -263556
38490 -263556
38520 -263556
38550 -263542
38580 -263542
38610 -263542
38640 -263542
38670 -263542
38700 -263242
38730 -263242
38760 -263242
38790 -263242
38820 -263242
38850 -263242
38880 -263242
38910 -263242
38940 -263242
38970 -263242
39000 -263242
39030 -263242
39060 -263242
39090 -263242
39120 -263242
39150 -263242
39180 -263242
39210 -263242
39240 -263242
39270 -263242
39300 -263242
39330 -263242
39360 -263242
39390 -263242
39420 -263242
39450 -263242
39480 -263242
39510 -263242
39540 -263242
39570 -263242
39600 -263242
39630 -263242
39660 -263242
39690 -263242
39720 -263242
39750 -263242
39780 -263242
39810 -263242
39840 -263242
39870 -263242
39900 -263242
39930 -263242
39960 -263242
39990 -263242
40020 -263242
40050 -263242
40080 -263242
40110 -263242
40140 -263242
40170 -263242
40200 -263242
40230 -263242
40260 -263242
40290 -263149
40320 -263149
40350 -263149
40380 -263149
40410 -263149
40440 -263149
40470 -263149
40500 -263149
40530 -263149
40560 -263149
40590 -263149
40620 -263149
40650 -263149
40680 -263149
40710 -263149
40740 -263149
40770 -263149
40800 -263149
40830 -263149
40860 -263149
40890 -263149
40920 -263149
40950 -263149
40980 -263149
41010 -263149
41040 -263149
41070 -263149
41100 -263149
41130 -263149
41160 -263149
41190 -263149
41220 -263149
41250 -263149
41280 -263149
41310 -263149
41340 -263149
41370 -263149
41400 -263149
41430 -263149
41460 -263149
41490 -263149
41520 -263149
41550 -263149
41580 -263149
41610 -263149
41640 -263149
41670 -263149
41700 -263149
41730 -263149
41760 -263149
41790 -263149
41820 -263149
41850 -263149
41880 -263149
41910 -263149
41940 -263149
41970 -263149
42000 -263149
42030 -263149
42060 -263149
42090 -263149
42120 -263149
42150 -263149
42180 -263149
42210 -263149
42240 -263149
42270 -263149
42300 -263149
42330 -263149
42360 -263149
42390 -263149
42420 -262838
42450 -262838
42480 -262838
42510 -262838
42540 -262838
42570 -262838
42600 -262838
42630 -262838
42660 -262838
42690 -262838
42720 -262838
42750 -262838
42780 -262838
42810 -262838
42840 -262838
42870 -262838
42900 -262838
42930 -262838
42960 -262731
42990 -262731
43020 -262731
43050 -262731
43080 -262731
43110 -262731
43140 -262731
43170 -262731
43200 -262731
43230 -262731
43260 -262731
43290 -262731
43320 -262731
43350 -262731
43380 -262731
43410 -262731
43440 -262731
43470 -262731
43500 -262731
43530 -262731
43560 -262731
43590 -262731
43620 -262731
43650 -262731
43680 -262731
43710 -262731
43740 -262731
43770 -262731
43800 -262731
43830 -262731
43860 -262731
43890 -262731
43920 -262731
43950 -262731
43980 -262731
44010 -262731
44040 -262731
44070 -262731
44100 -262731
44130 -262731
44160 -262731
44190 -262731
44220 -262731
44250 -262731
44280 -262731
44310 -262731
44340 -262731
44370 -262731
44400 -262731
44430 -262731
44460 -262731
44490 -262731
44520 -262731
44550 -262731
44580 -262731
44610 -262731
44640 -262731
44670 -262731
44700 -262731
44730 -262731
44760 -262731
44790 -262731
44820 -262731
44850 -262731
44880 -262731
44910 -262731
44940 -262731
44970 -262731
45000 -262731
45030 -262731
45060 -262731
45090 -262731
45120 -262731
45150 -262731
45180 -262731
45210 -262731
45240 -262731
45270 -262731
45300 -262731
45330 -262731
45360 -262731
45390 -262731
45420 -262731
45450 -262731
45480 -262731
45510 -262731
45540 -262731
45570 -262731
45600 -262731
45630 -262731
45660 -262731
45690 -262731
45720 -262731
45750 -262731
45780 -262731
45810 -262731
45840 -262731
45870 -262731
45900 -262731
45930 -262731
45960 -262731
45990 -262731
46020 -262731
46050 -262731
46080 -262731
46110 -262731
46140 -262731
46170 -262731
46200 -262731
46230 -262705
46260 -262705
46290 -262705
46320 -262705
46350 -262705
46380 -262705
46410 -262705
46440 -262705
46470 -262705
46500 -262705
46530 -262705
46560 -262705
46590 -262705
46620 -262705
46650 -262705
46680 -262705
46710 -262705
46740 -262705
46770 -262705
46800 -262705
46830 -262705
46860 -262705
46890 -262705
46920 -262705
46950 -262705
46980 -262705
47010 -262705
47040 -262705
47070 -262705
47100 -262705
47130 -262705
47160 -262705
47190 -262705
47220 -262705
47250 -262705
47280 -262705
47310 -262705
47340 -262705
47370 -262705
47400 -262705
47430 -262705
47460 -262705
47490 -262705
47520 -262705
47550 -262705
47580 -262705
47610 -262705
47640 -262705
47670 -262705
47700 -262705
47730 -262705
47760 -262705
47790 -262705
47820 -262705
47850 -262705
47880 -262705
47910 -262705
47940 -262705
47970 -262705
48000 -262705
48030 -262705
48060 -262705
48090 -262705
48120 -262705
48150 -262705
48180 -262705
48210 -262705
48240 -262705
48270 -262705
48300 -262705
48330 -262705
48360 -262705
48390 -262705
48420 -262705
48450 -262705
48480 -262705
48510 -262705
48540 -262705
48570 -262705
48600 -262705
48630 -262705
48660 -262705
48690 -262705
48720 -262705
48750 -262705
48780 -262705
48810 -262705
48840 -262705
48870 -262705
48900 -262705
48930 -262705
48960 -262705
48990 -262705
49020 -262705
49050 -262705
49080 -262705
49110 -262705
49140 -262705
49170 -262705
49200 -262705
49230 -262705
49260 -262705
49290 -262705
49320 -262705
49350 -262705
49380 -262705
49410 -262705
49440 -262705
49470 -262705
49500 -262705
49530 -262705
49560 -262705
49590 -262705
49620 -262705
49650 -262705
49680 -262705
49710 -262705
49740 -262705
49770 -262705
49800 -262705
49830 -262705
49860 -262705
49890 -262705
49920 -262635
49950 -262635
49980 -262635
50010 -262635
50040 -262635
50070 -262635
50100 -262635
50130 -262635
50160 -262635
50190 -262635
50220 -262635
50250 -262635
50280 -262456
50310 -262456
50340 -262456
50370 -262456
50400 -262456
50430 -262456
50460 -262456
50490 -262456
50520 -262456
50550 -262456
50580 -262456
50610 -262456
50640 -262456
50670 -262456
50700 -262456
50730 -262432
50760 -262432
50790 -262432
50820 -262432
50850 -262432
50880 -262290
50910 -262290
50940 -262290
50970 -262290
51000 -262258
51030 -262258
51060 -262258
51090 -262258
51120 -262258
51150 -262258
51180 -262258
51210 -262258
51240 -262258
51270 -262258
51300 -262258
51330 -262258
51360 -262258
51390 -262258
51420 -262258
51450 -262258
51480 -262258
51510 -262258
51540 -262258
51570 -262258
51600 -262258
51630 -262258
51660 -262258
51690 -262258
51720 -262258
51750 -262258
51780 -262258
51810 -262258
51840 -262258
51870 -262258
51900 -262153
51930 -262153
51960 -262153
51990 -262153
52020 -262153
52050 -262153
52080 -262153
52110 -262153
52140 -262153
52170 -262153
52200 -262153
52230 -262126
52260 -262126
52290 -262126
52320 -262126
52350 -262126
52380 -262126
52410 -262126
52440 -262126
52470 -262126
52500 -262126
52530 -262126
52560 -262126
52590 -262126
52620 -262126
52650 -262126
52680 -262126
52710 -262126
52740 -262126
52770 -262126
52800 -262126
52830 -262126
52860 -262126
52890 -262126
52920 -262126
52950 -262126
52980 -262126
53010 -262126
53040 -262126
53070 -261883
53100 -261883
53130 -261883
53160 -261883
53190 -261883
53220 -261883
53250 -261883
53280 -261883
53310 -261883
53340 -261883
53370 -261883
53400 -261883
53430 -261883
53460 -261883
53490 -261883
53520 -261883
53550 -261883
53580 -261883
53610 -261883
53640 -261883
53670 -261883
53700 -261883
53730 -261883
53760 -261883
53790 -261883
53820 -261883
53850 -261883
53880 -261883
53910 -261883
53940 -261883
53970 -261883
54000 -261883
54030 -261883
54060 -261883
54090 -261883
54120 -261883
54150 -261883
54180 -261883
54210 -261883
54240 -261883
54270 -261883
54300 -261883
54330 -261883
54360 -261883
54390 -261883
54420 -261883
54450 -261883
54480 -261883
54510 -261883
54540 -261883
54570 -261883
54600 -261883
54630 -261883
54660 -261883
54690 -261883
54720 -261883
54750 -261883
54780 -261883
54810 -261883
54840 -261883
54870 -261883
54900 -261883
54930 -261883
54960 -261883
54990 -261883
55020 -261883
55050 -261883
55080 -261883
55110 -261883
55140 -261883
55170 -261883
55200 -261883
55230 -261883
55260 -261883
55290 -261883
55320 -261883
55350 -261883
55380 -261883
55410 -261883
55440 -261883
55470 -261883
55500 -261883
55530 -261883
55560 -261883
55590 -261883
55620 -261883
55650 -261883
55680 -261883
55710 -261883
55740 -261883
55770 -261883
55800 -261883
55830 -261883
55860 -261883
55890 -261883
55920 -261883
55950 -261883
55980 -261883
56010 -261883
56040 -261883
56070 -261883
56100 -261883
56130 -261883
56160 -261883
56190 -261883
56220 -261883
56250 -261883
56280 -261883
56310 -261883
56340 -261883
56370 -261883
56400 -261883
56430 -261883
56460 -261883
56490 -261883
56520 -261883
56550 -261883
56580 -261883
56610 -261883
56640 -261883
56670 -261883
56700 -261883
56730 -261883
56760 -261883
56790 -261883
56820 -261883
56850 -261883
56880 -261883
56910 -261883
56940 -261883
56970 -261883
57000 -261883
57030 -261883
57060 -261883
57090 -261883
57120 -261753
57150 -261753
57180 -261753
57210 -261753
57240 -261753
57270 -261753
57300 -261753
57330 -261753
57360 -261753
57390 -261753
57420 -261753
57450 -261753
57480 -261753
57510 -261753
57540 -261753
57570 -261753
57600 -261753
57630 -261753
57660 -261753
57690 -261753
57720 -261753
57750 -261753
57780 -261753
57810 -261753
57840 -261753
57870 -261753
57900 -261753
57930 -261753
57960 -261753
57990 -261753
58020 -261753
58050 -261753
58080 -261753
58110 -261753
58140 -261753
58170 -261745
58200 -261745
58230 -261745
58260 -261745
58290 -261745
58320 -261745
58350 -261745
58380 -261745
58410 -261745
58440 -261745
58470 -261745
58500 -261745
58530 -261745
58560 -261745
58590 -261745
58620 -261745
58650 -261745
58680 -261745
58710 -261745
58740 -261745
58770 -261745
58800 -261745
58830 -261745
58860 -261745
58890 -261745
58920 -261745
58950 -261745
58980 -261745
59010 -261745
59040 -261745
59070 -261745
59100 -261745
59130 -261745
59160 -261745
59190 -261745
59220 -261745
59250 -261745
59280 -261745
59310 -261745
59340 -261745
59370 -261745
59400 -261745
59430 -261745
59460 -261745
59490 -261745
59520 -261745
59550 -261745
59580 -261745
59610 -261745
59640 -261745
59670 -261745
59700 -261745
59730 -261745
59760 -261745
59790 -261745
59820 -261745
59850 -261745
59880 -261745
59910 -261745
59940 -261745
59970 -261745
60000 -261745
60030 -261745
60060 -261745
60090 -261745
60120 -261745
60150 -261745
60180 -261745
60210 -261745
60240 -261745
60270 -261745
60300 -261745
60330 -261745
60360 -261745
60390 -261745
60420 -261745
60450 -261745
60480 -261745
60510 -261745
60540 -261745
60570 -261745
60600 -261745
60630 -261745
60660 -261745
60690 -261745
60720 -261745
60750 -261745
60780 -261745
60810 -261745
60840 -261745
60870 -261745
60900 -261745
60930 -261745
60960 -261745
60990 -261745
61020 -261745
61050 -261745
61080 -261745
61110 -261745
61140 -261745
61170 -261745
61200 -261745
61230 -261745
61260 -261745
61290 -261745
61320 -261745
61350 -261745
61380 -261745
61410 -261745
61440 -261745
61470 -261745
61500 -261745
61530 -261745
61560 -261745
61590 -261745
61620 -261745
61650 -261745
61680 -261745
61710 -261745
61740 -261745
61770 -261745
61800 -261745
61830 -261745
61860 -261745
61890 -261745
61920 -261745
61950 -261745
61980 -261745
62010 -261745
62040 -261745
62070 -261745
62100 -261745
62130 -261745
62160 -261745
62190 -261745
62220 -261745
62250 -261745
62280 -261745
62310 -261745
62340 -261745
62370 -261641
62400 -261641
62430 -261641
62460 -261641
62490 -261641
62520 -261641
62550 -261641
62580 -261641
62610 -261641
62640 -261641
62670 -261641
62700 -261641
62730 -261641
62760 -261641
62790 -261641
62820 -261641
62850 -261641
62880 -261641
62910 -261641
62940 -261641
62970 -261641
63000 -261641
63030 -261641
63060 -261641
63090 -261641
63120 -261641
63150 -261641
63180 -261641
63210 -261641
63240 -261641
63270 -261641
63300 -261641
63330 -261641
63360 -261641
63390 -261641
63420 -261641
63450 -261641
63480 -261641
63510 -261641
63540 -261641
63570 -261641
63600 -261641
63630 -261641
63660 -261641
63690 -261641
63720 -261641
63750 -261641
63780 -261641
63810 -261641
63840 -261641
63870 -261641
63900 -261641
63930 -261641
63960 -261641
63990 -261641
64020 -261641
64050 -261641
64080 -261641
64110 -261641
64140 -261641
64170 -261641
64200 -261641
64230 -261641
64260 -261641
64290 -261641
64320 -260960
64350 -260960
64380 -260960
64410 -260960
64440 -260960
64470 -260960
64500 -260960
64530 -260960
64560 -260960
64590 -260960
64620 -260960
64650 -260960
64680 -260960
64710 -260960
64740 -260960
64770 -260960
64800 -260960
64830 -260960
64860 -260960
64890 -260960
64920 -260960
64950 -260960
64980 -260960
65010 -260960
65040 -260960
65070 -260960
65100 -260960
65130 -260960
65160 -260960
65190 -260960
65220 -260960
65250 -260960
65280 -260960
65310 -260960
65340 -260960
65370 -260960
65400 -260960
65430 -260960
65460 -260960
65490 -260960
65520 -260960
65550 -260960
65580 -260960
65610 -260960
65640 -260960
65670 -260960
65700 -260960
65730 -260960
65760 -260960
65790 -260960
65820 -260960
65850 -260960
65880 -260960
65910 -260960
65940 -260960
65970 -260960
66000 -260960
66030 -260960
66060 -260960
66090 -260960
66120 -260960
66150 -260960
66180 -260960
66210 -260960
66240 -260960
66270 -260960
66300 -260960
66330 -260960
66360 -260960
66390 -260960
66420 -260960
66450 -260960
66480 -260960
66510 -260960
66540 -260960
66570 -260960
66600 -260960
66630 -260960
66660 -260960
66690 -260960
66720 -260960
66750 -260960
66780 -260960
66810 -260960
66840 -260960
66870 -260960
66900 -260960
66930 -260960
66960 -260960
66990 -260960
67020 -260960
67050 -260960
67080 -260960
67110 -260960
67140 -260960
67170 -260960
67200 -260960
67230 -260960
67260 -260960
67290 -260960
67320 -260960
67350 -260960
67380 -260960
67410 -260960
67440 -260960
67470 -260960
67500 -260960
67530 -260960
67560 -260960
67590 -260960
67620 -260960
67650 -260960
67680 -260960
67710 -260960
67740 -260960
67770 -260960
67800 -260960
67830 -260960
67860 -260960
67890 -260960
67920 -260960
67950 -260960
67980 -260960
68010 -260960
68040 -260960
68070 -260960
68100 -260960
68130 -260960
68160 -260820
68190 -260820
68220 -260820
68250 -260820
68280 -260820
68310 -260820
68340 -260820
68370 -260820
68400 -260820
68430 -260820
68460 -260820
68490 -260820
68520 -260820
68550 -260820
68580 -260820
68610 -260820
68640 -260820
68670 -260820
68700 -260820
68730 -260820
68760 -260820
68790 -260820
68820 -260820
68850 -260820
68880 -260820
68910 -260820
68940 -260820
68970 -260820
69000 -260820
69030 -260820
69060 -260820
69090 -260820
69120 -260820
69150 -260820
69180 -260820
69210 -260820
69240 -260820
69270 -260820
69300 -260820
69330 -260820
69360 -260820
69390 -260820
69420 -260820
69450 -260820
69480 -260820
69510 -260820
69540 -260820
69570 -260820
69600 -260820
69630 -260820
69660 -260820
69690 -260820
69720 -260820
69750 -260820
69780 -260820
69810 -260820
69840 -260820
69870 -260820
69900 -260820
69930 -260820
69960 -260820
69990 -260820
70020 -260820
70050 -260820
70080 -260820
70110 -260820
70140 -260820
70170 -260820
70200 -260820
70230 -260820
70260 -260820
70290 -260820
70320 -260820
70350 -260820
70380 -260820
70410 -260820
70440 -260820
70470 -260820
70500 -260820
70530 -260820
70560 -260820
70590 -260794
70620 -260794
70650 -260794
70680 -260794
70710 -260794
70740 -260794
70770 -260794
70800 -260794
70830 -260794
70860 -260794
70890 -260794
70920 -260794
70950 -260794
70980 -260794
71010 -260794
71040 -260794
71070 -260794
71100 -260794
71130 -260794
71160 -260794
71190 -260794
71220 -260794
71250 -260794
71280 -260794
71310 -260794
71340 -260794
71370 -260794
71400 -260794
71430 -260794
71460 -260794
71490 -260794
71520 -260794
71550 -260772
71580 -260772
71610 -260772
71640 -260728
71670 -260728
71700 -260728
71730 -260728
71760 -260728
71790 -260728
71820 -260728
71850 -260728
71880 -260728
71910 -260728
71940 -260728
71970 -260728
72000 -260728
72030 -260728
72060 -260728
72090 -260677
72120 -260677
72150 -260677
72180 -260677
72210 -260677
72240 -260677
72270 -260677
72300 -260677
72330 -260677
72360 -260677
72390 -260624
72420 -260624
72450 -260624
72480 -260624
72510 -260624
72540 -260624
72570 -260624
72600 -260624
72630 -260624
72660 -260624
72690 -260624
72720 -260624
72750 -260624
72780 -260624
72810 -260624
72840 -260624
72870 -260624
72900 -260624
72930 -260624
72960 -260624
72990 -260624
73020 -260624
73050 -260624
73080 -260624
73110 -260624
73140 -260624
73170 -260624
73200 -260624
73230 -260624
73260 -260624
73290 -260624
73320 -260624
73350 -260624
73380 -260624
73410 -260624
73440 -260624
73470 -260624
73500 -260624
73530 -260624
73560 -260624
73590 -260624
73620 -260624
73650 -260624
73680 -260624
73710 -260624
73740 -260624
73770 -260624
73800 -260624
73830 -260624
73860 -260624
73890 -260624
73920 -260624
73950 -260624
73980 -260624
74010 -260624
74040 -260624
74070 -260624
74100 -260624
74130 -260624
74160 -260624
74190 -260624
74220 -260624
74250 -260336
74280 -260336
74310 -260336
74340 -260336
74370 -260336
74400 -260336
74430 -260336
74460 -260336
74490 -260336
74520 -260336
74550 -260336
74580 -260336
74610 -260336
74640 -260300
74670 -260300
74700 -260300
74730 -260300
74760 -260300
74790 -260300
74820 -260300
74850 -260300
74880 -260249
74910 -260249
74940 -260249
74970 -260249
75000 -260249
75030 -260249
75060 -260108
75090 -260108
75120 -260108
75150 -260108
75180 -260108
75210 -260108
75240 -260108
75270 -260108
75300 -260108
75330 -260108
75360 -260108
75390 -260108
75420 -260108
75450 -259822
75480 -259822
75510 -259822
75540 -259822
75570 -259822
75600 -259822
75630 -259822
75660 -259822
75690 -259822
75720 -259822
75750 -259822
75780 -259822
75810 -259822
75840 -259822
75870 -259822
75900 -259822
75930 -259822
75960 -259822
75990 -259822
76020 -259822
76050 -259822
76080 -259822
76110 -259822
76140 -259822
76170 -259822
76200 -259822
76230 -259822
76260 -259822
76290 -259822
76320 -259822
76350 -259822
76380 -259822
76410 -259822
76440 -259822
76470 -259822
76500 -259822
76530 -259822
76560 -259822
76590 -259822
76620 -259822
76650 -259822
76680 -259822
76710 -259822
76740 -259822
76770 -259822
76800 -259822
76830 -259822
76860 -259822
76890 -259822
76920 -259822
76950 -259822
76980 -259822
77010 -259822
77040 -259822
77070 -259822
77100 -259822
77130 -259822
77160 -259822
77190 -259822
77220 -259822
77250 -259822
77280 -259822
77310 -259822
77340 -259822
77370 -259822
77400 -259822
77430 -259822
77460 -259822
77490 -259822
77520 -259822
77550 -259822
77580 -259822
77610 -259822
77640 -259822
77670 -259822
77700 -259822
77730 -259822
77760 -259822
77790 -259822
77820 -259822
77850 -259822
77880 -259822
77910 -259822
77940 -259822
77970 -259822
78000 -259822
78030 -259822
78060 -259822
78090 -259822
78120 -259822
78150 -259822
78180 -259822
78210 -259822
78240 -259822
78270 -259822
78300 -259822
78330 -259822
78360 -259822
78390 -259822
78420 -259822
78450 -259822
78480 -259822
78510 -259822
78540 -259822
78570 -259822
78600 -259822
78630 -259822
78660 -259822
78690 -259822
78720 -259822
78750 -259822
78780 -259822
78810 -259822
78840 -259822
78870 -259822
78900 -259822
78930 -259822
78960 -259822
78990 -259822
79020 -259822
79050 -259822
79080 -259822
79110 -259822
79140 -259822
79170 -259822
79200 -259822
79230 -259822
79260 -259822
79290 -259822
79320 -259822
79350 -259822
79380 -259822
79410 -259822
79440 -259822
79470 -259822
79500 -259822
79530 -259642
79560 -259642
79590 -259642
79620 -259642
79650 -259642
79680 -259642
79710 -259642
79740 -259642
79770 -259642
79800 -259642
79830 -259642
79860 -259642
79890 -259642
79920 -259642
79950 -259642
79980 -259642
80010 -259642
80040 -259642
80070 -259642
80100 -259642
80130 -259642
80160 -259642
80190 -259642
80220 -259642
80250 -259642
80280 -259642
80310 -259642
80340 -259642
80370 -259642
80400 -259642
80430 -259642
80460 -259642
80490 -259642
80520 -259642
80550 -259642
80580 -259642
80610 -259642
80640 -259642
80670 -259642
80700 -259642
80730 -259642
80760 -259642
80790 -259642
80820 -259642
80850 -259642
80880 -259642
80910 -259642
80940 -259642
80970 -259642
81000 -259642
81030 -259642
81060 -259642
81090 -259642
81120 -259541
81150 -259541
81180 -259541
81210 -259541
81240 -259541
81270 -259541
81300 -259541
81330 -259541
81360 -259541
81390 -259541
81420 -259541
81450 -259541
81480 -259541
81510 -259541
81540 -259541
81570 -259541
81600 -259541
81630 -259541
81660 -259541
81690 -259541
81720 -259541
81750 -259541
81780 -259541
81810 -259541
81840 -259541
81870 -259541
81900 -259541
81930 -259541
81960 -259541
81990 -259541
82020 -259541
82050 -259541
82080 -259541
82110 -259541
82140 -259541
82170 -259541
82200 -259541
82230 -259541
82260 -259541
82290 -259541
82320 -259541
82350 -259541
82380 -259541
82410 -259541
82440 -259541
82470 -259541
82500 -259541
82530 -259541
82560 -259541
82590 -259541
82620 -259541
82650 -259541
82680 -259541
82710 -259541
82740 -259541
82770 -259541
82800 -259541
82830 -259541
82860 -259541
82890 -259541
82920 -259541
82950 -259541
82980 -259541
83010 -259541
83040 -259541
83070 -259541
83100 -259541
83130 -259541
83160 -259541
83190 -259541
83220 -259541
83250 -259541
83280 -259541
83310 -259541
83340 -259541
83370 -259541
83400 -259541
83430 -259541
83460 -259541
83490 -259541
83520 -259541
83550 -259541
83580 -259541
83610 -259541
83640 -259541
83670 -259541
83700 -259541
83730 -259541
83760 -259541
83790 -259541
83820 -259541
83850 -259541
83880 -259541
83910 -259541
83940 -259541
83970 -259541
84000 -259456
84030 -259456
84060 -259456
84090 -259456
84120 -259456
84150 -259456
84180 -259456
84210 -259456
84240 -259456
84270 -259456
84300 -259426
84330 -259426
84360 -259426
84390 -259426
84420 -259426
84450 -259426
84480 -259426
84510 -259426
84540 -259426
84570 -259426
84600 -259426
84630 -259426
84660 -259426
84690 -259426
84720 -259426
84750 -259426
84780 -259426
84810 -259426
84840 -259426
84870 -259426
84900 -259426
84930 -259426
84960 -259426
84990 -259426
85020 -259426
85050 -259426
85080 -259426
85110 -259426
85140 -259426
85170 -259426
85200 -259426
85230 -259426
85260 -259426
85290 -259426
85320 -259426
85350 -259426
85380 -259426
85410 -259426
85440 -259426
85470 -259426
85500 -259426
85530 -259426
85560 -259426
85590 -259426
85620 -259426
85650 -259426
85680 -259426
85710 -259426
85740 -259426
85770 -259426
85800 -259426
85830 -259426
85860 -259426
85890 -259384
85920 -259384
85950 -259384
85980 -259384
86010 -259384
86040 -259384
86070 -259384
86100 -259384
86130 -259384
86160 -259384
86190 -259384
86220 -259384
86250 -259384
86280 -259384
86310 -259384
86340 -259384
86370 -259384
86400 -259384
86430 -259384
86460 -259384
86490 -259384
86520 -259384
86550 -259384
86580 -259384
86610 -259384
86640 -259384
86670 -259383
86700 -259383
86730 -259383
86760 -259383
86790 -259383
86820 -259383
86850 -259383
86880 -259383
86910 -259383
86940 -259383
86970 -259383
87000 -259383
87030 -259383
87060 -259383
87090 -259383
87120 -259383
87150 -259383
87180 -259383
87210 -259383
87240 -259383
87270 -259383
87300 -259383
87330 -259383
87360 -259383
87390 -259383
87420 -259383
87450 -259383
87480 -259383
87510 -259383
87540 -259383
87570 -259383
87600 -259383
87630 -259383
87660 -259383
87690 -259383
87720 -259383
87750 -259383
87780 -259383
87810 -259383
87840 -259383
87870 -259383
87900 -259383
87930 -259383
87960 -259383
87990 -259383
88020 -259383
88050 -259383
88080 -259383
88110 -259383
88140 -259383
88170 -259383
88200 -259383
88230 -259383
88260 -259383
88290 -259383
88320 -259383
88350 -259383
88380 -259383
88410 -259383
88440 -259383
88470 -259383
88500 -259383
88530 -259383
88560 -259383
88590 -259383
88620 -259383
88650 -259383
88680 -259383
88710 -259383
88740 -259383
88770 -259383
88800 -259383
88830 -259383
88860 -259383
88890 -259383
88920 -259383
88950 -259383
88980 -259383
89010 -259383
89040 -259383
89070 -259383
89100 -259383
89130 -259383
89160 -259383
89190 -259383
89220 -259383
89250 -259383
89280 -259383
89310 -259383
89340 -259383
89370 -259383
89400 -259383
89430 -259383
89460 -259383
89490 -259383
89520 -259383
89550 -259383
89580 -259383
89610 -259383
89640 -259383
89670 -259227
89700 -259227
89730 -259227
89760 -259227
89790 -259227
89820 -259227
89850 -259227
89880 -259227
89910 -259227
89940 -259227
89970 -259227
90000 -259227
90030 -259227
90060 -259227
90090 -259217
90120 -259187
90150 -259187
90180 -259187
90210 -259187
90240 -259187
90270 -259187
90300 -259187
90330 -259187
90360 -259187
90390 -259187
90420 -259187
90450 -259187
90480 -259187
90510 -259187
90540 -259187
90570 -259187
90600 -259187
90630 -259187
90660 -259187
90690 -259187
90720 -259187
90750 -259187
90780 -259187
90810 -259187
90840 -259187
90870 -259187
90900 -259187
90930 -259187
90960 -259187
90990 -259187
91020 -259187
91050 -259187
91080 -259187
91110 -259187
91140 -259187
91170 -259187
91200 -259187
91230 -259187
91260 -259187
91290 -259187
91320 -259187
91350 -259187
91380 -259187
91410 -259187
91440 -259187
91470 -259156
91500 -259156
91530 -259156
91560 -259156
91590 -259156
91620 -259156
91650 -259156
91680 -259156
91710 -259156
91740 -259156
91770 -259156
91800 -259156
91830 -259156
91860 -259156
91890 -259156
91920 -259156
91950 -259156
91980 -259156
92010 -258702
92040 -258702
92070 -258702
92100 -258702
92130 -258702
92160 -258702
92190 -258702
92220 -258702
92250 -258702
92280 -258702
92310 -258702
92340 -258702
92370 -258702
92400 -258702
92430 -258702
92460 -258702
92490 -258702
92520 -258702
92550 -258702
92580 -258702
92610 -258702
92640 -258702
92670 -258702
92700 -258702
92730 -258702
92760 -258702
92790 -258702
92820 -258702
92850 -258702
92880 -258702
92910 -258702
92940 -258702
92970 -258702
93000 -258702
93030 -258702
93060 -258702
93090 -258702
93120 -258702
93150 -258702
93180 -258702
93210 -258702
93240 -258702
93270 -258702
93300 -258702
93330 -258702
93360 -258702
93390 -258702
93420 -258702
93450 -258702
93480 -258702
93510 -258702
93540 -258702
93570 -258702
93600 -258702
93630 -258702
93660 -258702
93690 -258702
93720 -258702
93750 -258702
93780 -258702
93810 -258702
93840 -258702
93870 -258702
93900 -258702
93930 -258702
93960 -258702
93990 -258702
94020 -258702
94050 -258702
94080 -258702
94110 -258702
94140 -258702
94170 -258702
94200 -258702
94230 -258702
94260 -258702
94290 -258702
94320 -258702
94350 -258702
94380 -258702
94410 -258702
94440 -258702
94470 -258702
94500 -258702
94530 -258702
94560 -258702
94590 -258702
94620 -258702
94650 -258696
94680 -258696
94710 -258696
94740 -258696
94770 -258696
94800 -258696
94830 -258696
94860 -258696
94890 -258696
94920 -258696
94950 -258696
94980 -258696
95010 -258696
95040 -258696
95070 -258696
95100 -258696
95130 -258696
95160 -258696
95190 -258696
95220 -258696
95250 -258696
95280 -258696
95310 -258696
95340 -258696
95370 -258696
95400 -258696
95430 -258696
95460 -258696
95490 -258696
95520 -258681
95550 -258681
95580 -258681
95610 -258681
95640 -258681
95670 -258681
95700 -258681
95730 -258681
95760 -258681
95790 -258681
95820 -258681
95850 -258681
95880 -258681
95910 -258681
95940 -258681
95970 -258681
96000 -258681
96030 -258681
96060 -258681
96090 -258681
96120 -258681
96150 -258681
96180 -258681
96210 -258681
96240 -258681
96270 -258681
96300 -258681
96330 -258681
96360 -258681
96390 -258681
96420 -258681
96450 -258681
96480 -258681
96510 -258681
96540 -258681
96570 -258681
96600 -258681
96630 -258681
96660 -258681
96690 -258681
96720 -258681
96750 -258681
96780 -258681
96810 -258681
96840 -258681
96870 -258681
96900 -258681
96930 -258681
96960 -258681
96990 -258681
97020 -258681
97050 -258681
97080 -258681
97110 -258681
97140 -258681
97170 -258681
97200 -258681
97230 -258681
97260 -258681
97290 -258681
97320 -258681
97350 -258681
97380 -258681
97410 -258681
97440 -258681
97470 -258681
97500 -258681
97530 -258681
97560 -258681
97590 -258681
97620 -258681
97650 -258681
97680 -258681
97710 -258681
97740 -258681
97770 -258681
97800 -258681
97830 -258681
97860 -258681
97890 -258681
97920 -258681
97950 -258681
97980 -258681
98010 -258681
98040 -258681
98070 -258681
98100 -258681
98130 -258681
98160 -258681
98190 -258681
98220 -258681
98250 -258681
98280 -258681
98310 -258681
98340 -258681
98370 -258681
98400 -258681
98430 -258681
98460 -258681
98490 -258681
98520 -258681
98550 -258681
98580 -258681
98610 -258681
98640 -258681
98670 -258681
98700 -258681
98730 -258681
98760 -258681
98790 -258681
98820 -258681
98850 -258681
98880 -258681
98910 -258681
98940 -258681
98970 -258681
99000 -258681
99030 -258681
99060 -258681
99090 -258681
99120 -258681
99150 -258681
99180 -258681
99210 -258681
99240 -258681
99270 -258681
99300 -258681
99330 -258681
99360 -258681
99390 -258681
99420 -258681
99450 -258681
99480 -258681
99510 -258681
99540 -258681
99570 -258681
99600 -258681
99630 -258681
99660 -258681
99690 -258681
99720 -258681
99750 -258681
99780 -258681
99810 -258681
99840 -258681
99870 -258681
99900 -258681
99930 -258681
99960 -258681
99990 -258681
100020 -258681
100050 -258681
100080 -258681
100110 -258681
100140 -258681
100170 -258681
100200 -258681
100230 -258681
100260 -258681
100290 -258681
100320 -258681
100350 -258681
100380 -258681
100410 -258681
100440 -258681
100470 -258681
100500 -258681
100530 -258681
100560 -258681
100590 -258681
100620 -258681
100650 -258681
100680 -258681
100710 -258681
100740 -258681
100770 -258681
100800 -258681
100830 -258681
100860 -258681
100890 -258681
100920 -258681
100950 -258681
100980 -258681
101010 -258681
101040 -258681
101070 -258681
101100 -258667
101130 -258667
101160 -258667
101190 -258667
101220 -258667
101250 -258667
101280 -258667
101310 -258667
101340 -258667
101370 -258667
101400 -258667
101430 -258667
101460 -258667
101490 -258667
101520 -258667
101550 -258667
101580 -258667
101610 -258667
101640 -258667
101670 -258667
101700 -258667
101730 -258667
101760 -258667
101790 -258667
101820 -258667
101850 -258667
101880 -258667
101910 -258667
101940 -258667
101970 -258667
102000 -258667
102030 -258667
102060 -258667
102090 -258667
102120 -258667
102150 -258667
102180 -258667
102210 -258667
102240 -258667
102270 -258667
102300 -258655
102330 -258655
102360 -258655
102390 -258655
102420 -258655
102450 -258655
102480 -258655
102510 -258655
102540 -258655
102570 -258655
102600 -258655
102630 -258655
102660 -258655
102690 -258655
102720 -258655
102750 -258655
102780 -258655
102810 -258655
102840 -258655
102870 -258655
102900 -258655
102930 -258655
102960 -258655
102990 -258655
103020 -258655
103050 -258655
103080 -258655
103110 -258655
103140 -258655
103170 -258655
103200 -258655
103230 -258655
103260 -258655
103290 -258655
103320 -258655
103350 -258655
103380 -258655
103410 -258655
103440 -258655
103470 -258655
103500 -258638
103530 -258638
103560 -258638
103590 -258638
103620 -258638
103650 -258638
103680 -258638
103710 -258638
103740 -258638
103770 -258638
103800 -258638
103830 -258638
103860 -258638
103890 -258638
103920 -258584
103950 -258584
103980 -258584
104010 -258584
104040 -258584
104070 -258584
104100 -258584
104130 -258584
104160 -258549
104190 -258549
104220 -258549
104250 -258549
104280 -258549
104310 -258549
104340 -258549
104370 -258549
104400 -258549
104430 -258549
104460 -258549
104490 -258549
104520 -258549
104550 -258499
