60 -298494
90 -298494
120 -298494
150 -297320
180 -297320
210 -297320
240 -297320
270 -297320
300 -297320
330 -291435
360 -291435
390 -291435
420 -291435
450 -291435
480 -291435
510 -291435
540 -291435
570 -291435
600 -291435
630 -291435
660 -291435
690 -291435
720 -291435
750 -291435
780 -291435
810 -290874
840 -290874
870 -290874
900 -289625
930 -289625
960 -289370
990 -289370
1020 -289370
1050 -289370
1080 -289370
1110 -289370
1140 -288317
1170 -288317
1200 -288317
1230 -288317
1260 -288317
1290 -288317
1320 -288145
1350 -288145
1380 -283239
1410 -283239
1440 -283239
1470 -283239
1500 -283239
1530 -283239
1560 -283239
1590 -283239
1620 -283239
1650 -283239
1680 -283239
1710 -283239
1740 -283239
1770 -283088
1800 -282511
1830 -282511
1860 -282511
1890 -282508
1920 -282508
1950 -282508
1980 -281975
2010 -281975
2040 -281975
2070 -281879
2100 -281879
2130 -281879
2160 -281879
2190 -281879
2220 -281879
2250 -281879
2280 -281347
2310 -281347
2340 -281347
2370 -281347
2400 -281347
2430 -280303
2460 -280303
2490 -280303
2520 -280303
2550 -280303
2580 -280236
2610 -280236
2640 -280236
2670 -280236
2700 -280236
2730 -280236
2760 -280236
2790 -280236
2820 -280236
2850 -280236
2880 -280236
2910 -280236
2940 -280236
2970 -280236
3000 -280236
3030 -280236
3060 -280236
3090 -280236
3120 -280236
3150 -280236
3180 -280236
3210 -280236
3240 -280236
3270 -280236
3300 -280236
3330 -280236
3360 -280236
3390 -280236
3420 -280223
3450 -280223
3480 -280223
3510 -280223
3540 -280223
3570 -280223
3600 -280223
3630 -280223
3660 -280223
3690 -280223
3720 -280223
3750 -280223
3780 -280223
3810 -280223
3840 -280223
3870 -280223
3900 -280219
3930 -280219
3960 -280219
3990 -280219
4020 -280219
4050 -280219
4080 -280219
4110 -280219
4140 -280219
4170 -279911
4200 -279911
4230 -279911
4260 -279911
4290 -279911
4320 -279911
4350 -279911
4380 -279911
4410 -279911
4440 -279890
4470 -279890
4500 -279890
4530 -279890
4560 -279890
4590 -279890
4620 -279890
4650 -279890
4680 -279890
4710 -279615
4740 -279615
4770 -279151
4800 -279151
4830 -279151
4860 -279151
4890 -277574
4920 -277574
4950 -277574
4980 -277574
5010 -277574
5040 -277574
5070 -277574
5100 -277574
5130 -277166
5160 -277166
5190 -277166
5220 -276390
5250 -276390
5280 -276376
5310 -276308
5340 -276308
5370 -276308
5400 -276308
5430 -276308
5460 -276308
5490 -276308
5520 -276308
5550 -276308
5580 -276308
5610 -276308
5640 -276308
5670 -275730
5700 -275730
5730 -275730
5760 -275730
5790 -275349
5820 -275349
5850 -275349
5880 -275349
5910 -275349
5940 -275349
5970 -275349
6000 -275349
6030 -275349
6060 -274505
6090 -274505
6120 -274505
6150 -274505
6180 -274505
6210 -274505
6240 -274505
6270 -274505
6300 -274423
6330 -274423
6360 -274423
6390 -274423
6420 -274423
6450 -274423
6480 -274423
6510 -274423
6540 -274423
6570 -274423
6600 -274094
6630 -274094
6660 -274094
6690 -274094
6720 -274094
6750 -274094
6780 -274094
6810 -274094
6840 -274094
6870 -274094
6900 -274094
6930 -274094
6960 -274094
6990 -274094
7020 -274094
7050 -274094
7080 -274094
7110 -274094
7140 -274094
7170 -274094
7200 -274094
7230 -274094
7260 -274094
7290 -274094
7320 -274094
7350 -274094
7380 -274094
7410 -274094
7440 -274094
7470 -274094
7500 -274094
7530 -274094
7560 -274094
7590 -274094
7620 -274094
7650 -274094
7680 -274094
7710 -274094
7740 -274094
7770 -273990
7800 -273990
7830 -273990
7860 -273990
7890 -273990
7920 -273990
7950 -273990
7980 -273990
8010 -273990
8040 -273990
8070 -273990
8100 -273990
8130 -273990
8160 -273990
8190 -273990
8220 -273990
8250 -273990
8280 -273990
8310 -273990
8340 -273990
8370 -273990
8400 -273990
8430 -273990
8460 -273990
8490 -273990
8520 -273990
8550 -273990
8580 -273945
8610 -273945
8640 -273945
8670 -273945
8700 -273945
8730 -273945
8760 -273945
8790 -273945
8820 -273945
8850 -273945
8880 -273945
8910 -273945
8940 -273945
8970 -273945
9000 -273945
9030 -273945
9060 -273945
9090 -273945
9120 -273945
9150 -273945
9180 -273945
9210 -273945
9240 -273945
9270 -273945
9300 -273945
9330 -273945
9360 -273945
9390 -273945
9420 -273118
9450 -273118
9480 -273118
9510 -273118
9540 -273020
9570 -273020
9600 -273020
9630 -273020
9660 -273020
9690 -273020
9720 -273020
9750 -271979
9780 -271979
9810 -271866
9840 -271866
9870 -271866
9900 -270860
9930 -270860
9960 -270860
9990 -270860
10020 -270860
10050 -270860
10080 -270860
10110 -270724
10140 -270724
10170 -270724
10200 -270724
10230 -270724
10260 -270724
10290 -270724
10320 -270724
10350 -269846
10380 -269846
10410 -269846
10440 -269846
10470 -269846
10500 -269846
10530 -269846
10560 -269846
10590 -269846
10620 -269846
10650 -269846
10680 -269846
10710 -269846
10740 -269846
10770 -269846
10800 -269509
10830 -269457
10860 -269457
10890 -269457
10920 -269457
10950 -269457
10980 -269457
11010 -269457
11040 -269457
11070 -269457
11100 -269457
11130 -269457
11160 -269457
11190 -269457
11220 -269457
11250 -269457
11280 -269457
11310 -269457
11340 -269457
11370 -269457
11400 -269457
11430 -269457
11460 -269457
11490 -269457
11520 -269457
11550 -269457
11580 -269457
11610 -269457
11640 -269457
11670 -269457
11700 -269457
11730 -269457
11760 -269457
11790 -269457
11820 -269457
11850 -269457
11880 -269457
11910 -269457
11940 -269457
11970 -269457
12000 -269457
12030 -269344
12060 -269344
12090 -269344
12120 -269344
12150 -269344
12180 -269344
12210 -269344
12240 -269344
12270 -269344
12300 -269344
12330 -269344
12360 -269344
12390 -269344
12420 -269344
12450 -269344
12480 -269344
12510 -269344
12540 -269344
12570 -269344
12600 -269344
12630 -269344
12660 -269344
12690 -269344
12720 -269344
12750 -269344
12780 -269275
12810 -269275
12840 -269275
12870 -269275
12900 -269275
12930 -269275
12960 -269275
12990 -269275
13020 -269275
13050 -269275
13080 -269275
13110 -269275
13140 -269275
13170 -269275
13200 -269275
13230 -269275
13260 -269275
13290 -269275
13320 -269275
13350 -269275
13380 -269275
13410 -269275
13440 -269275
13470 -269275
13500 -269275
13530 -269275
13560 -269275
13590 -269275
13620 -269275
13650 -269275
13680 -269275
13710 -269275
13740 -269275
13770 -269275
13800 -269275
13830 -269275
13860 -269275
13890 -269275
13920 -269275
13950 -269275
13980 -269275
14010 -269275
14040 -269232
14070 -269232
14100 -269232
14130 -269232
14160 -269232
14190 -269232
14220 -269232
14250 -269232
14280 -269232
14310 -269232
14340 -269232
14370 -269116
14400 -269116
14430 -269116
14460 -269116
14490 -269116
14520 -269063
14550 -269063
14580 -269063
14610 -269063
14640 -269063
14670 -269063
14700 -269063
14730 -269063
14760 -269063
14790 -269063
14820 -269063
14850 -269063
14880 -269063
14910 -269063
14940 -269063
14970 -269063
15000 -269063
15030 -269063
15060 -269063
15090 -269063
15120 -269063
15150 -269063
15180 -269063
15210 -269019
15240 -269019
15270 -269019
15300 -269019
15330 -269019
15360 -269019
15390 -269019
15420 -269019
15450 -269019
15480 -269019
15510 -269019
15540 -269019
15570 -269019
15600 -269019
15630 -269019
15660 -268466
15690 -268466
15720 -268466
15750 -268466
15780 -268466
15810 -268466
15840 -268466
15870 -268466
15900 -268466
15930 -268466
15960 -268466
15990 -268466
16020 -268466
16050 -268466
16080 -268466
16110 -268466
16140 -268466
16170 -268466
16200 -268466
16230 -268466
16260 -268466
16290 -268466
16320 -268466
16350 -268466
16380 -268466
16410 -268466
16440 -268466
16470 -268466
16500 -268466
16530 -268466
16560 -268466
16590 -268466
16620 -268466
16650 -268466
16680 -268466
16710 -268466
16740 -268466
16770 -268466
16800 -268466
16830 -268466
16860 -268466
16890 -268466
16920 -268466
16950 -268265
16980 -268265
17010 -268265
17040 -268265
17070 -268265
17100 -268265
17130 -268265
17160 -268265
17190 -268265
17220 -268265
17250 -268265
17280 -268265
17310 -268265
17340 -268265
17370 -268265
17400 -268265
17430 -268265
17460 -268265
17490 -268265
17520 -268265
17550 -268265
17580 -268265
17610 -268265
17640 -268265
17670 -268265
17700 -268265
17730 -268265
17760 -268265
17790 -268265
17820 -268265
17850 -268265
17880 -268265
17910 -268265
17940 -268265
17970 -268265
18000 -268209
18030 -268209
18060 -268209
18090 -268209
18120 -268209
18150 -268209
18180 -268209
18210 -268209
18240 -268209
18270 -268209
18300 -268209
18330 -268209
18360 -268209
18390 -268209
18420 -268209
18450 -268209
18480 -268209
18510 -268209
18540 -268143
18570 -268143
18600 -268143
18630 -268143
18660 -268143
18690 -268143
18720 -268143
18750 -268143
18780 -268143
18810 -268143
18840 -268143
18870 -268143
18900 -268143
18930 -268143
18960 -266774
18990 -266774
19020 -266774
19050 -266774
19080 -266506
19110 -266394
19140 -266394
19170 -265969
19200 -265969
19230 -265969
19260 -265969
19290 -265969
19320 -265969
19350 -265969
19380 -265969
19410 -265969
19440 -265969
19470 -265969
19500 -265969
19530 -265681
19560 -265681
19590 -265681
19620 -265681
19650 -265681
19680 -265681
19710 -265681
19740 -265681
19770 -265681
19800 -265088
19830 -265088
19860 -265088
19890 -265088
19920 -265077
19950 -265077
19980 -265077
20010 -265077
20040 -265077
20070 -265077
20100 -264790
20130 -264790
20160 -264790
20190 -264790
20220 -264790
20250 -264790
20280 -264790
20310 -264790
20340 -264790
20370 -264790
20400 -264790
20430 -264790
20460 -264790
20490 -264790
20520 -264790
20550 -264790
20580 -264790
20610 -264790
20640 -264790
20670 -264790
20700 -264790
20730 -264790
20760 -264790
20790 -264790
20820 -264790
20850 -264790
20880 -264790
20910 -264790
20940 -264790
20970 -264790
21000 -264790
21030 -264549
21060 -264549
21090 -264549
21120 -264549
21150 -264549
21180 -264549
21210 -264549
21240 -264549
21270 -264549
21300 -264549
21330 -264549
21360 -264549
21390 -264449
21420 -264449
21450 -264449
21480 -264449
21510 -264449
21540 -264449
21570 -264449
21600 -264449
21630 -264430
21660 -264430
21690 -264430
21720 -264430
21750 -264430
21780 -264430
21810 -264430
21840 -264430
21870 -264430
21900 -264430
21930 -264430
21960 -264430
21990 -264430
22020 -264430
22050 -264430
22080 -264430
22110 -264430
22140 -264430
22170 -264430
22200 -264430
22230 -264430
22260 -264430
22290 -264430
22320 -264430
22350 -264430
22380 -264305
22410 -264305
22440 -264305
22470 -264305
22500 -264305
22530 -264305
22560 -264305
22590 -264305
22620 -264305
22650 -264305
22680 -264305
22710 -264305
22740 -264305
22770 -264305
22800 -264305
22830 -264305
22860 -264305
22890 -264305
22920 -264305
22950 -264305
22980 -264305
23010 -264305
23040 -264305
23070 -264305
23100 -264305
23130 -264305
23160 -264305
23190 -264305
23220 -264305
23250 -264305
23280 -264305
23310 -264305
23340 -264305
23370 -264305
23400 -264305
23430 -264305
23460 -264305
23490 -264305
23520 -264305
23550 -264305
23580 -264305
23610 -264305
23640 -264305
23670 -264120
23700 -264120
23730 -264120
23760 -264120
23790 -264120
23820 -264120
23850 -264120
23880 -264120
23910 -264120
23940 -264120
23970 -264120
24000 -264120
24030 -264120
24060 -264120
24090 -264120
24120 -264120
24150 -264120
24180 -264120
24210 -264120
24240 -264120
24270 -264120
24300 -264120
24330 -264120
24360 -264120
24390 -264120
24420 -264120
24450 -264120
24480 -264120
24510 -264120
24540 -264090
24570 -264090
24600 -264090
24630 -264090
24660 -264090
24690 -264090
24720 -264090
24750 -264090
24780 -264090
24810 -264090
24840 -264090
24870 -264090
24900 -264090
24930 -264090
24960 -264090
24990 -264090
25020 -264090
25050 -264090
25080 -264090
25110 -264073
25140 -264007
25170 -264007
25200 -264007
25230 -264007
25260 -264007
25290 -264007
25320 -264007
25350 -264007
25380 -264007
25410 -264007
25440 -264007
25470 -264007
25500 -264007
25530 -264007
25560 -263979
25590 -263979
25620 -263979
25650 -263979
25680 -263979
25710 -263979
25740 -263979
25770 -263979
25800 -263979
25830 -263979
25860 -263979
25890 -263979
25920 -263979
25950 -263883
25980 -263883
26010 -263883
26040 -263883
26070 -263883
26100 -263883
26130 -263883
26160 -263883
26190 -263883
26220 -263883
26250 -263883
26280 -263883
26310 -263883
26340 -263883
26370 -263883
26400 -263883
26430 -263883
26460 -263883
26490 -263883
26520 -263883
26550 -263883
26580 -263883
26610 -263883
26640 -263883
26670 -263883
26700 -263883
26730 -263883
26760 -263883
26790 -263883
26820 -263883
26850 -263883
26880 -263883
26910 -263883
26940 -263794
26970 -263794
27000 -263794
27030 -263794
27060 -263760
27090 -263760
27120 -263760
27150 -263760
27180 -263760
27210 -263760
27240 -263760
27270 -263760
27300 -263760
27330 -263760
27360 -263760
27390 -263760
27420 -263760
27450 -263760
27480 -263696
27510 -263693
27540 -263693
27570 -263693
27600 -263693
27630 -263693
27660 -263693
27690 -263693
27720 -263693
27750 -263693
27780 -263693
27810 -263693
27840 -263549
27870 -263549
27900 -263549
27930 -263549
27960 -263549
27990 -263549
28020 -263549
28050 -263549
28080 -263549
28110 -263549
28140 -263549
28170 -263549
28200 -263549
28230 -263549
28260 -263549
28290 -263549
28320 -263549
28350 -263549
28380 -263549
28410 -263549
28440 -263549
28470 -263549
28500 -263549
28530 -263549
28560 -263549
28590 -263549
28620 -263549
28650 -263549
28680 -263549
28710 -263549
28740 -263549
28770 -263549
28800 -263549
28830 -263549
28860 -263544
28890 -263544
28920 -263544
28950 -263544
28980 -263544
29010 -263544
29040 -263544
29070 -263544
29100 -263544
29130 -263544
29160 -263544
29190 -263544
29220 -263544
29250 -263096
29280 -263096
29310 -263096
29340 -263096
29370 -263096
29400 -263096
29430 -263096
29460 -263096
29490 -263096
29520 -263096
29550 -263096
29580 -263096
29610 -263096
29640 -263096
29670 -263096
29700 -263096
29730 -263096
29760 -263096
29790 -263096
29820 -263096
29850 -263096
29880 -263096
29910 -263096
29940 -263096
29970 -263096
30000 -263096
30030 -263096
30060 -263096
30090 -263096
30120 -263096
30150 -263096
30180 -263096
30210 -263096
30240 -263096
30270 -263096
30300 -263096
30330 -263096
30360 -263096
30390 -263096
30420 -263096
30450 -263096
30480 -263096
30510 -263096
30540 -263096
30570 -263096
30600 -263096
30630 -263096
30660 -263096
30690 -263096
30720 -263096
30750 -263096
30780 -263096
30810 -263096
30840 -263096
30870 -263096
30900 -263096
30930 -263096
30960 -263096
30990 -263096
31020 -263096
31050 -263096
31080 -263096
31110 -263096
31140 -263096
31170 -263096
31200 -263096
31230 -263096
31260 -263096
31290 -263096
31320 -263096
31350 -263096
31380 -263096
31410 -263096
31440 -263096
31470 -263096
31500 -263096
31530 -263096
31560 -263096
31590 -263096
31620 -263096
31650 -263096
31680 -263096
31710 -263096
31740 -263096
31770 -262966
31800 -262966
31830 -262966
31860 -262966
31890 -262966
31920 -262966
31950 -262966
31980 -262966
32010 -262966
32040 -262727
32070 -262727
32100 -262727
32130 -262727
32160 -262727
32190 -262727
32220 -262727
32250 -262727
32280 -262727
32310 -262727
32340 -262727
32370 -262727
32400 -262727
32430 -262727
32460 -262727
32490 -262676
32520 -262676
32550 -262676
32580 -262676
32610 -262676
32640 -262676
32670 -262676
32700 -262676
32730 -262676
32760 -262676
32790 -262676
32820 -262676
32850 -262676
32880 -262676
32910 -262676
32940 -262676
32970 -262676
33000 -262676
33030 -262676
33060 -262676
33090 -262676
33120 -262676
33150 -262676
33180 -262485
33210 -262485
33240 -262485
33270 -262485
33300 -262485
33330 -262485
33360 -262485
33390 -262485
33420 -262485
33450 -262485
33480 -262485
33510 -262485
33540 -262299
33570 -262299
33600 -262299
33630 -262299
33660 -262299
33690 -262299
33720 -262299
33750 -262299
33780 -262299
33810 -262299
33840 -262299
33870 -262299
33900 -262299
33930 -262299
33960 -262299
33990 -262299
34020 -262299
34050 -262276
34080 -262276
34110 -262276
34140 -262276
34170 -262276
34200 -262276
34230 -262276
34260 -262276
34290 -262276
34320 -262257
34350 -262257
34380 -262257
34410 -262257
34440 -262257
34470 -262257
34500 -262257
34530 -262257
34560 -262257
34590 -262257
34620 -262137
34650 -262137
34680 -262137
34710 -262137
34740 -262137
34770 -262137
34800 -262137
34830 -262137
34860 -261965
34890 -261965
34920 -261965
34950 -261965
34980 -261965
35010 -261965
35040 -261965
35070 -261965
35100 -261965
35130 -261965
35160 -261965
35190 -261965
35220 -261965
35250 -261965
35280 -261965
35310 -261948
35340 -261948
35370 -261948
35400 -261948
35430 -261899
35460 -261899
35490 -261899
35520 -261899
35550 -261899
35580 -261899
35610 -261899
35640 -261899
35670 -261899
35700 -261899
35730 -261899
35760 -261899
35790 -261899
35820 -261899
35850 -261899
35880 -261899
35910 -261899
35940 -261899
35970 -261899
36000 -261899
36030 -261899
36060 -261874
36090 -261829
36120 -261829
36150 -261829
36180 -261829
36210 -261829
36240 -261829
36270 -261829
36300 -261829
36330 -261829
36360 -261829
36390 -261829
36420 -261829
36450 -261829
36480 -261829
36510 -261829
36540 -261829
36570 -261829
36600 -261829
36630 -261829
36660 -261829
36690 -261757
36720 -261757
36750 -261757
36780 -261757
36810 -261757
36840 -261757
36870 -261757
36900 -261757
36930 -261757
36960 -261757
36990 -261757
37020 -261757
37050 -261757
37080 -261757
37110 -261757
37140 -261757
37170 -261709
37200 -261709
37230 -261709
37260 -261709
37290 -261709
37320 -261709
37350 -261709
37380 -261709
37410 -261709
37440 -261709
37470 -261709
37500 -261709
37530 -261709
37560 -261709
37590 -261709
37620 -261709
37650 -261709
37680 -261709
37710 -261709
37740 -261709
37770 -261709
37800 -261709
37830 -261709
37860 -261709
37890 -261709
37920 -261709
37950 -261709
37980 -261709
38010 -261709
38040 -261709
38070 -261709
38100 -261709
38130 -261709
38160 -261709
38190 -261709
38220 -261709
38250 -261709
38280 -261709
38310 -261709
38340 -261709
38370 -261709
38400 -261678
38430 -261678
38460 -261678
38490 -261678
38520 -261678
38550 -261678
38580 -261678
38610 -261678
38640 -261678
38670 -261678
38700 -261678
38730 -261678
38760 -261678
38790 -261678
38820 -261678
38850 -261678
38880 -261498
38910 -261498
38940 -261498
38970 -261498
39000 -261490
39030 -261490
39060 -261490
39090 -261490
39120 -261490
39150 -261490
39180 -261490
39210 -261490
39240 -261490
39270 -261490
39300 -261490
39330 -261490
39360 -261490
39390 -261490
39420 -261490
39450 -261490
39480 -261426
39510 -261426
39540 -261426
39570 -261426
39600 -261426
39630 -261426
39660 -261426
39690 -261426
39720 -261426
39750 -261388
39780 -261388
39810 -261388
39840 -260652
39870 -260652
39900 -260652
39930 -260652
39960 -260652
39990 -260652
40020 -260652
40050 -260652
40080 -260652
40110 -260652
40140 -260652
40170 -260652
40200 -260642
40230 -260642
40260 -260642
40290 -260642
40320 -260642
40350 -260642
40380 -260642
40410 -260642
40440 -260642
40470 -260642
40500 -260642
40530 -260642
40560 -260642
40590 -260577
40620 -260577
40650 -260577
40680 -260577
40710 -260577
40740 -260577
40770 -260577
40800 -260494
40830 -260494
40860 -260494
40890 -260494
40920 -260494
40950 -260494
40980 -260494
41010 -260494
41040 -260494
41070 -260494
41100 -260494
41130 -260494
41160 -260494
41190 -260207
41220 -260207
41250 -260207
41280 -260207
41310 -260051
41340 -260051
41370 -260051
41400 -260051
41430 -260051
41460 -260051
41490 -260051
41520 -259978
41550 -259978
41580 -259978
41610 -259978
41640 -259978
41670 -259899
41700 -259899
41730 -259899
41760 -259899
41790 -259899
41820 -259899
41850 -259519
41880 -259519
41910 -259519
41940 -259519
41970 -259512
42000 -259512
42030 -259512
42060 -259512
42090 -259512
42120 -259512
42150 -259512
42180 -259512
42210 -259512
42240 -259512
42270 -259512
42300 -259512
42330 -259512
42360 -259512
42390 -259512
42420 -259512
42450 -259512
42480 -259512
42510 -259512
42540 -259512
42570 -259512
42600 -259512
42630 -259512
42660 -259512
42690 -259512
42720 -259512
42750 -259512
42780 -259512
42810 -259512
42840 -259512
42870 -259512
42900 -259512
42930 -259512
42960 -259415
42990 -259415
43020 -259415
43050 -259415
43080 -259415
43110 -259415
43140 -259415
43170 -259415
43200 -259415
43230 -259415
43260 -259415
43290 -259415
43320 -259415
43350 -259415
43380 -259415
43410 -259415
43440 -259415
43470 -259415
43500 -259415
43530 -259415
43560 -259415
43590 -259415
43620 -259415
43650 -259415
43680 -259415
43710 -259415
43740 -259415
43770 -259415
43800 -259415
43830 -259415
43860 -259415
43890 -259415
43920 -259415
43950 -259415
43980 -259415
44010 -259415
44040 -259415
44070 -259415
44100 -259415
44130 -259415
44160 -259415
44190 -259415
44220 -259415
44250 -259415
44280 -259415
44310 -259415
44340 -259415
44370 -259415
44400 -258975
44430 -258975
44460 -258975
44490 -258975
44520 -258975
44550 -258975
44580 -258975
44610 -258975
44640 -258975
44670 -258975
44700 -258975
44730 -258975
44760 -258975
44790 -258975
44820 -258975
44850 -258975
44880 -258961
44910 -258961
44940 -258961
44970 -258961
45000 -258961
45030 -258961
45060 -258961
45090 -258961
45120 -258961
45150 -258961
45180 -258961
45210 -258961
45240 -258961
45270 -258961
45300 -258961
45330 -258961
45360 -258961
45390 -258961
45420 -258961
45450 -258961
45480 -258961
45510 -258942
45540 -258942
45570 -258942
45600 -258942
45630 -258942
45660 -258942
45690 -258863
45720 -258863
45750 -258863
45780 -258775
45810 -258775
45840 -258775
45870 -258775
45900 -258775
45930 -258775
45960 -258775
45990 -258775
46020 -258775
46050 -258775
46080 -258775
46110 -258775
46140 -258775
46170 -258775
