60 -460414
90 -460414
120 -452021
150 -452021
180 -452021
210 -448735
240 -448735
270 -448735
300 -448735
330 -448505
360 -447623
390 -447623
420 -447623
450 -447623
480 -447623
510 -447623
540 -447623
570 -447623
600 -447623
630 -447587
660 -446365
690 -446365
720 -446365
750 -446365
780 -446365
810 -446365
840 -446365
870 -446365
900 -446365
930 -446351
960 -446351
990 -446351
1020 -445026
1050 -445026
1080 -445026
1110 -445026
1140 -445026
1170 -445026
1200 -445026
1230 -445026
1260 -445026
1290 -444526
1320 -444182
1350 -444182
1380 -443958
1410 -443958
1440 -443958
1470 -442799
1500 -442799
1530 -442799
1560 -442593
1590 -442502
1620 -442502
1650 -440484
1680 -440484
1710 -440484
1740 -440484
1770 -440484
1800 -440484
1830 -440484
1860 -439867
1890 -439867
1920 -439867
1950 -439867
1980 -439867
2010 -439867
2040 -439867
2070 -439867
2100 -439867
2130 -439867
2160 -439867
2190 -439867
2220 -437238
2250 -437238
2280 -437120
2310 -437120
2340 -437120
2370 -437120
2400 -437120
2430 -437120
2460 -437120
2490 -437120
2520 -437120
2550 -437120
2580 -437120
2610 -437120
2640 -436553
2670 -436553
2700 -436553
2730 -436553
2760 -436553
2790 -436553
2820 -436553
2850 -436553
2880 -436553
2910 -436553
2940 -436553
2970 -436553
3000 -436553
3030 -436553
3060 -436553
3090 -436553
3120 -436214
3150 -436214
3180 -436214
3210 -435764
3240 -435764
3270 -435009
3300 -435009
3330 -435009
3360 -434957
3390 -434957
3420 -434957
3450 -434957
3480 -434875
3510 -434875
3540 -434783
3570 -434783
3600 -434783
3630 -434783
3660 -434783
3690 -434783
3720 -434783
3750 -434783
3780 -434783
3810 -434783
3840 -434783
3870 -434783
3900 -434783
3930 -434783
3960 -434772
3990 -434772
4020 -434635
4050 -434635
4080 -434635
4110 -434635
4140 -434635
4170 -434635
4200 -434635
4230 -434635
4260 -434635
4290 -434635
4320 -434580
4350 -434580
4380 -434580
4410 -434580
4440 -434580
4470 -434580
4500 -434580
4530 -434580
4560 -434201
4590 -434201
4620 -434201
4650 -434201
4680 -434201
4710 -434201
4740 -433753
4770 -433753
4800 -433751
4830 -433751
4860 -433751
4890 -433751
4920 -433751
4950 -433276
4980 -433276
5010 -433276
5040 -433276
5070 -433276
5100 -433276
5130 -433276
5160 -433276
5190 -433276
5220 -433276
5250 -433276
5280 -433276
5310 -433276
5340 -432759
5370 -432759
5400 -432759
5430 -432759
5460 -432759
5490 -432759
5520 -432759
5550 -432759
5580 -432759
5610 -432759
5640 -432759
5670 -432759
5700 -432759
5730 -432759
5760 -432759
5790 -432759
5820 -432759
5850 -432759
5880 -432759
5910 -432759
5940 -432759
5970 -432759
6000 -432759
6030 -432759
6060 -431594
6090 -431594
6120 -431594
6150 -431594
6180 -431594
6210 -431594
6240 -431594
6270 -431594
6300 -431594
6330 -431594
6360 -431594
6390 -431594
6420 -431594
6450 -431594
6480 -431594
6510 -431594
6540 -431594
6570 -431594
6600 -431594
6630 -431594
6660 -431594
6690 -431594
6720 -431594
6750 -431594
6780 -431594
6810 -430793
6840 -430793
6870 -430793
6900 -430793
6930 -430793
6960 -430793
6990 -428363
7020 -428363
7050 -428363
7080 -428363
7110 -428363
7140 -428363
7170 -428363
7200 -428363
7230 -428363
7260 -428363
7290 -428363
7320 -428363
7350 -428363
7380 -428363
7410 -428363
7440 -428363
7470 -428363
7500 -428363
7530 -428363
7560 -428363
7590 -428363
7620 -428363
7650 -428363
7680 -428363
7710 -428363
7740 -428363
7770 -428363
7800 -428363
7830 -428363
7860 -428363
7890 -428363
7920 -428363
7950 -428363
7980 -428363
8010 -428363
8040 -428361
8070 -428361
8100 -428361
8130 -428361
8160 -428361
8190 -428361
8220 -428361
8250 -428361
8280 -428361
8310 -428361
8340 -428361
8370 -428361
8400 -428361
8430 -428361
8460 -428361
8490 -428361
8520 -428361
8550 -428361
8580 -428259
8610 -428259
8640 -428259
8670 -428259
8700 -428259
8730 -428259
8760 -428259
8790 -428259
8820 -428259
8850 -428259
8880 -428259
8910 -428259
8940 -428259
8970 -428259
9000 -428259
9030 -428259
9060 -428136
9090 -428136
9120 -428136
9150 -428136
9180 -428136
9210 -428136
9240 -428136
9270 -428136
9300 -428136
9330 -428136
9360 -427971
9390 -427971
9420 -427971
9450 -427971
9480 -427971
9510 -427652
9540 -427652
9570 -427652
9600 -427652
9630 -427652
9660 -427652
9690 -427652
9720 -427652
9750 -427652
9780 -427652
9810 -427652
9840 -427652
9870 -427652
9900 -427652
9930 -427652
9960 -427652
9990 -427652
10020 -427652
10050 -427652
10080 -427652
10110 -427652
10140 -427652
10170 -427652
10200 -427652
10230 -427652
10260 -427652
10290 -427652
10320 -427652
10350 -427652
10380 -427652
10410 -427652
10440 -427652
10470 -427652
10500 -427652
10530 -427652
10560 -427652
10590 -427652
10620 -427652
10650 -427652
10680 -427652
10710 -427652
10740 -427182
10770 -426569
10800 -426569
10830 -426569
10860 -426569
10890 -426569
10920 -426569
10950 -426569
10980 -426569
11010 -426569
11040 -426569
11070 -426569
11100 -426569
11130 -426569
11160 -426569
11190 -426569
11220 -426569
11250 -426569
11280 -426569
11310 -426569
11340 -426569
11370 -426569
11400 -426569
11430 -426569
11460 -426569
11490 -426569
11520 -426569
11550 -426569
11580 -426569
11610 -426569
11640 -426569
11670 -426569
11700 -426569
11730 -426569
11760 -426569
11790 -426569
11820 -426569
11850 -426569
11880 -426569
11910 -426569
11940 -426569
11970 -426569
12000 -426569
12030 -426569
12060 -426569
12090 -426569
12120 -426569
12150 -426454
12180 -426454
12210 -426454
12240 -426454
12270 -426454
12300 -426454
12330 -426454
12360 -426454
12390 -426454
12420 -426454
12450 -426454
12480 -426454
12510 -426454
12540 -426454
12570 -426454
12600 -426454
12630 -426454
12660 -426327
12690 -426327
12720 -426327
12750 -426327
12780 -426327
12810 -426327
12840 -426327
12870 -426327
12900 -426327
12930 -426327
12960 -426327
12990 -426327
13020 -426327
13050 -426327
13080 -426327
13110 -426327
13140 -426327
13170 -426327
13200 -426327
13230 -426327
13260 -426327
13290 -426164
13320 -426164
13350 -426164
13380 -426164
13410 -426164
13440 -426164
13470 -426164
13500 -426164
13530 -426164
13560 -426164
13590 -426164
13620 -426164
13650 -426164
13680 -426164
13710 -426164
13740 -426164
13770 -426164
13800 -426164
13830 -426164
13860 -426098
13890 -426098
13920 -426098
13950 -426098
13980 -425755
14010 -425755
14040 -425755
14070 -425755
14100 -425755
14130 -425755
14160 -425755
14190 -425755
14220 -425755
14250 -425755
14280 -425755
14310 -425755
14340 -425755
14370 -425755
14400 -425755
14430 -425755
14460 -425755
14490 -425755
14520 -425755
14550 -425755
14580 -425755
14610 -425755
14640 -425755
14670 -425755
14700 -425755
14730 -425755
14760 -425755
14790 -425755
14820 -425755
14850 -425755
14880 -425755
14910 -425755
14940 -425755
14970 -425755
15000 -425755
15030 -425755
15060 -425755
15090 -425755
15120 -425755
15150 -425755
15180 -425755
15210 -425755
15240 -425755
15270 -425755
15300 -425755
15330 -425755
15360 -425755
15390 -425755
15420 -425755
15450 -425755
15480 -425755
15510 -425755
15540 -425755
15570 -425755
15600 -425755
15630 -425755
15660 -425755
15690 -425755
15720 -425755
15750 -425755
15780 -425755
15810 -425755
15840 -425755
15870 -425755
15900 -425755
15930 -425755
15960 -425755
15990 -425755
16020 -425755
16050 -425755
16080 -425755
16110 -425755
16140 -425755
16170 -425755
16200 -425755
16230 -425755
16260 -425755
16290 -425755
16320 -425755
16350 -425755
16380 -425755
16410 -425755
16440 -425755
16470 -425755
16500 -425755
16530 -425755
16560 -425755
16590 -425755
16620 -425755
16650 -425755
16680 -425755
16710 -425755
16740 -425755
16770 -425755
16800 -425755
16830 -425755
16860 -425755
16890 -425755
16920 -425755
16950 -425726
16980 -425726
17010 -425726
17040 -425726
17070 -425726
17100 -425726
17130 -425726
17160 -425726
17190 -425726
17220 -425726
17250 -425726
17280 -425726
17310 -425726
17340 -425726
17370 -425726
17400 -425726
17430 -425726
17460 -425726
17490 -425726
17520 -425726
17550 -425726
17580 -425726
17610 -425726
17640 -425726
17670 -425726
17700 -425726
17730 -425726
17760 -425726
17790 -425726
17820 -425726
17850 -425726
17880 -425726
17910 -425726
17940 -425726
17970 -425726
18000 -425726
18030 -425726
18060 -425726
18090 -425726
18120 -425726
18150 -425343
18180 -425343
18210 -425343
18240 -425343
18270 -425343
18300 -425343
18330 -425343
18360 -425343
18390 -425343
18420 -425343
18450 -425343
18480 -425343
18510 -425343
18540 -425343
18570 -425343
18600 -425343
18630 -425343
18660 -425343
18690 -425343
18720 -425343
18750 -425343
18780 -425343
18810 -425343
18840 -425343
18870 -425343
18900 -425343
18930 -425343
18960 -425343
18990 -425343
19020 -425343
19050 -425343
19080 -425343
19110 -425343
19140 -425343
19170 -425343
19200 -425343
19230 -425343
19260 -425343
19290 -425343
19320 -425343
19350 -425343
19380 -425343
19410 -425343
19440 -425343
19470 -425343
19500 -425343
19530 -425343
19560 -425343
19590 -425343
19620 -425343
19650 -425343
19680 -425343
19710 -425343
19740 -425343
19770 -425343
19800 -425343
19830 -425343
19860 -425343
19890 -425343
19920 -425343
19950 -425343
19980 -425343
20010 -425343
20040 -425343
20070 -425343
20100 -425343
20130 -425343
20160 -425343
20190 -425343
20220 -425343
20250 -425343
20280 -425343
20310 -425343
20340 -425343
20370 -425343
20400 -425343
20430 -425343
20460 -425343
20490 -425343
20520 -425343
20550 -425343
20580 -425343
20610 -425343
20640 -425343
20670 -425343
20700 -425343
20730 -425343
20760 -425343
20790 -425343
20820 -425343
20850 -425343
20880 -425343
20910 -425343
20940 -425343
20970 -425343
21000 -425326
21030 -425326
21060 -425326
21090 -424867
21120 -424867
21150 -424867
21180 -424867
21210 -424867
21240 -424867
21270 -424867
21300 -424867
21330 -424867
21360 -424867
21390 -424867
21420 -424867
21450 -424867
21480 -424867
21510 -424867
21540 -424867
21570 -424867
21600 -424867
21630 -424867
21660 -424867
21690 -424777
21720 -424777
21750 -424777
21780 -424777
21810 -424777
21840 -424777
21870 -424777
21900 -424777
21930 -424777
21960 -424777
21990 -424777
22020 -424777
22050 -424777
22080 -424777
22110 -424777
22140 -424667
22170 -424667
22200 -424667
22230 -424667
22260 -424667
22290 -424667
22320 -424465
22350 -424465
22380 -424465
22410 -424465
22440 -424465
22470 -424465
22500 -424465
22530 -424465
22560 -424465
22590 -424388
22620 -424388
22650 -424388
22680 -424388
22710 -424388
22740 -424388
22770 -424388
22800 -424388
22830 -424388
22860 -424388
22890 -424388
22920 -424388
22950 -424388
22980 -424388
23010 -424388
23040 -424388
23070 -424388
23100 -424388
23130 -424388
23160 -424388
23190 -424388
23220 -424388
23250 -424388
23280 -424388
23310 -424388
23340 -424388
23370 -424388
23400 -424388
23430 -424388
23460 -424388
23490 -424388
23520 -424388
23550 -424388
23580 -424388
23610 -424024
23640 -423818
23670 -423818
23700 -423818
23730 -423818
23760 -423818
23790 -423818
23820 -423818
23850 -423818
23880 -423818
23910 -423818
23940 -423818
23970 -423818
24000 -423818
24030 -423818
24060 -423818
24090 -423818
24120 -423818
24150 -423818
24180 -423818
24210 -423818
24240 -423818
24270 -423818
24300 -423818
24330 -423818
24360 -423818
24390 -423818
24420 -423818
24450 -423818
24480 -423814
24510 -423814
24540 -423814
24570 -423045
24600 -423045
24630 -423045
24660 -423045
24690 -423045
24720 -423045
24750 -423045
24780 -423045
24810 -423045
24840 -422716
24870 -422716
24900 -422716
24930 -422716
24960 -422716
24990 -422716
25020 -422716
25050 -422716
25080 -422716
25110 -422716
25140 -422716
25170 -422716
25200 -422716
25230 -422716
25260 -422716
25290 -422716
25320 -422716
25350 -422716
25380 -422716
25410 -422716
25440 -422716
25470 -422716
25500 -422716
25530 -422716
25560 -422716
25590 -422716
25620 -422716
25650 -422716
25680 -422716
25710 -422716
25740 -422716
25770 -422716
25800 -422716
25830 -422716
25860 -422716
25890 -422645
25920 -422645
25950 -422645
25980 -422645
26010 -422645
26040 -422645
26070 -422645
26100 -422602
26130 -422602
26160 -422602
26190 -422602
26220 -422602
26250 -422597
26280 -422597
26310 -422597
26340 -422597
26370 -422597
26400 -422597
26430 -422597
26460 -422597
26490 -422597
26520 -422597
26550 -422597
26580 -422597
26610 -422597
26640 -422597
26670 -422597
26700 -422597
26730 -422597
26760 -422597
26790 -422597
26820 -422597
26850 -422597
26880 -422597
26910 -422479
26940 -422479
26970 -422479
27000 -422479
27030 -422479
27060 -422479
27090 -422479
27120 -422479
27150 -422479
27180 -422479
27210 -422479
27240 -422479
27270 -422479
27300 -422479
27330 -422479
27360 -422416
27390 -422416
27420 -422416
27450 -422416
27480 -422416
27510 -422416
27540 -422416
27570 -422416
27600 -422416
27630 -422416
27660 -422416
27690 -422416
27720 -422416
27750 -422416
27780 -422416
27810 -422416
27840 -420785
27870 -420785
27900 -420785
27930 -420785
27960 -420785
27990 -420785
28020 -420785
28050 -420785
28080 -420785
28110 -420785
28140 -420785
28170 -420785
28200 -420785
28230 -420785
28260 -420785
28290 -420785
28320 -420785
28350 -420785
28380 -420785
28410 -420785
28440 -420785
28470 -420785
28500 -420785
28530 -420785
28560 -420785
28590 -420785
28620 -420785
28650 -420785
28680 -420785
28710 -420785
28740 -420785
28770 -420785
28800 -420785
28830 -420785
28860 -420785
28890 -420785
28920 -420785
28950 -420785
28980 -420785
29010 -420785
29040 -420785
29070 -420785
29100 -420785
29130 -419508
29160 -419508
29190 -419508
29220 -419508
29250 -419508
29280 -419508
29310 -419508
29340 -419508
29370 -419508
29400 -419508
29430 -419508
29460 -419508
29490 -419508
29520 -419508
29550 -419508
29580 -419508
29610 -419508
29640 -419508
29670 -419508
29700 -419508
29730 -419508
29760 -419508
29790 -419508
29820 -419508
29850 -419508
29880 -419508
29910 -419508
29940 -419508
29970 -419508
30000 -419508
30030 -419508
30060 -419508
30090 -419508
30120 -419508
30150 -419508
30180 -419508
30210 -419508
30240 -419508
30270 -419508
30300 -419508
30330 -419508
30360 -419508
30390 -419508
30420 -419508
30450 -419508
30480 -419508
30510 -419508
30540 -419508
30570 -419508
30600 -419508
30630 -419508
30660 -419508
30690 -419508
30720 -419508
30750 -419508
30780 -419508
30810 -419508
30840 -419508
30870 -419508
30900 -419508
30930 -419368
30960 -419368
30990 -419368
31020 -419368
31050 -419368
31080 -419368
31110 -419368
31140 -419368
31170 -419368
31200 -419368
31230 -419368
31260 -419368
31290 -419368
31320 -419368
31350 -419368
31380 -419368
31410 -419368
31440 -419368
31470 -419368
31500 -419368
31530 -419368
31560 -419368
31590 -419368
31620 -419368
31650 -419368
31680 -419368
31710 -419368
31740 -419368
31770 -419368
31800 -419368
31830 -419368
31860 -419368
31890 -419368
31920 -419368
31950 -419368
31980 -419368
32010 -419368
32040 -419368
32070 -419368
32100 -419368
32130 -419368
32160 -419368
32190 -419368
32220 -419368
32250 -419368
32280 -419368
32310 -419368
32340 -419368
32370 -419368
32400 -419368
32430 -419368
32460 -419368
32490 -419368
32520 -419368
32550 -419353
32580 -419353
32610 -419353
32640 -419353
32670 -419353
32700 -419353
32730 -419353
32760 -419353
32790 -419353
32820 -419353
32850 -419353
32880 -419353
32910 -419353
32940 -419353
32970 -419353
33000 -419353
33030 -419353
33060 -419353
33090 -419353
33120 -419353
33150 -419353
33180 -419353
33210 -418461
33240 -418461
33270 -418461
33300 -418461
33330 -418461
33360 -418461
33390 -418461
33420 -418461
33450 -418461
33480 -418461
33510 -418461
33540 -418461
33570 -418461
33600 -418461
33630 -418461
33660 -418461
33690 -418461
33720 -418461
33750 -418461
33780 -418461
33810 -418461
33840 -418461
33870 -418461
33900 -418461
33930 -418461
33960 -418461
33990 -418461
34020 -418461
34050 -418461
34080 -418461
34110 -418461
34140 -418461
34170 -418461
34200 -418461
34230 -418461
34260 -418461
34290 -418461
34320 -418461
34350 -418461
34380 -418461
34410 -418461
34440 -418461
34470 -418461
34500 -418461
34530 -418461
34560 -418461
34590 -418461
34620 -418461
34650 -418461
34680 -418461
34710 -418461
34740 -418461
34770 -418461
34800 -418461
34830 -418461
34860 -418461
34890 -418461
34920 -418461
34950 -418461
34980 -418461
35010 -418461
35040 -418461
35070 -418461
35100 -418461
35130 -418461
35160 -418461
35190 -418461
35220 -418461
35250 -418461
35280 -418461
35310 -418461
35340 -418461
35370 -418461
35400 -418461
35430 -418461
35460 -418461
35490 -418461
35520 -418461
35550 -418461
35580 -418461
35610 -418461
35640 -418461
35670 -418461
35700 -418461
35730 -418461
35760 -418461
35790 -418461
35820 -418461
35850 -418461
35880 -418461
35910 -418461
35940 -418461
35970 -418461
36000 -418461
36030 -418461
36060 -418461
36090 -418461
36120 -418431
36150 -418431
36180 -418431
36210 -418431
36240 -418431
36270 -418431
36300 -418431
36330 -418273
36360 -418273
36390 -418273
36420 -418273
36450 -418273
36480 -418273
36510 -418273
36540 -418273
36570 -418273
36600 -418171
36630 -418171
36660 -418171
36690 -418171
36720 -418171
36750 -418171
36780 -418171
36810 -418171
36840 -418171
36870 -418171
36900 -418171
36930 -418171
36960 -418171
36990 -418171
37020 -418171
37050 -418171
37080 -418171
37110 -418171
37140 -418171
37170 -418171
37200 -418171
37230 -418171
37260 -418171
37290 -418171
37320 -418171
37350 -418171
37380 -418171
37410 -418171
37440 -418171
37470 -418171
37500 -418171
37530 -418171
37560 -418171
37590 -418171
37620 -418171
37650 -418171
37680 -418171
37710 -418171
37740 -418171
37770 -418171
37800 -418171
37830 -418171
37860 -418171
37890 -418171
37920 -418171
37950 -418171
37980 -418171
38010 -418171
38040 -418171
38070 -418171
38100 -418171
38130 -418171
38160 -418171
38190 -418171
38220 -418005
38250 -418005
38280 -418005
38310 -418005
38340 -418005
38370 -418005
38400 -418005
38430 -418005
38460 -418005
38490 -418005
38520 -418005
38550 -418005
38580 -418005
38610 -418005
38640 -418005
38670 -418005
38700 -418005
38730 -418005
38760 -418005
38790 -418005
38820 -418005
38850 -418005
38880 -418005
38910 -418005
38940 -418005
38970 -418005
39000 -418005
39030 -418005
39060 -418005
39090 -418005
39120 -418005
39150 -418005
39180 -418005
39210 -418005
39240 -418005
39270 -418005
39300 -418005
39330 -418005
39360 -418005
39390 -418005
39420 -418005
39450 -418005
39480 -418005
39510 -418005
39540 -417981
39570 -417981
39600 -417981
39630 -417981
39660 -417981
39690 -417981
39720 -417981
39750 -417981
39780 -417981
39810 -417981
39840 -417981
39870 -417981
39900 -417981
39930 -417981
39960 -417981
39990 -417981
40020 -417981
40050 -417981
40080 -417981
40110 -417981
40140 -417981
40170 -417981
40200 -417981
40230 -417981
40260 -417981
40290 -417981
40320 -417981
40350 -417981
40380 -417981
40410 -417981
40440 -417981
40470 -417981
40500 -417981
40530 -417981
40560 -417981
40590 -417981
40620 -417981
40650 -417981
40680 -417981
40710 -417981
40740 -417981
40770 -417981
40800 -417981
40830 -417981
40860 -417981
40890 -417981
40920 -417981
40950 -417981
40980 -417981
41010 -417981
41040 -417981
41070 -417981
41100 -417981
41130 -417981
41160 -417981
41190 -417981
41220 -417981
41250 -417981
41280 -417858
41310 -417858
41340 -417858
41370 -417858
41400 -417858
41430 -417858
41460 -417858
41490 -417858
41520 -417858
41550 -417858
41580 -417858
41610 -417858
41640 -417858
41670 -417858
41700 -417858
41730 -417858
41760 -417858
41790 -417858
41820 -417858
41850 -417858
41880 -417858
41910 -417858
41940 -417858
41970 -417858
42000 -417858
42030 -417858
42060 -417823
42090 -417823
42120 -417823
42150 -417823
42180 -417823
42210 -417823
42240 -417823
42270 -417823
42300 -417823
42330 -417823
42360 -417823
42390 -417823
42420 -417823
42450 -417823
42480 -417823
42510 -417823
42540 -417823
42570 -417823
42600 -417823
42630 -417823
42660 -417823
42690 -417823
42720 -417823
42750 -417823
42780 -417823
42810 -417823
42840 -417823
42870 -417823
42900 -417823
42930 -417823
42960 -417823
42990 -417823
43020 -417823
43050 -417823
43080 -417823
43110 -417823
43140 -417823
43170 -417823
43200 -417823
43230 -417823
43260 -417823
43290 -417823
43320 -417823
43350 -417823
43380 -417823
43410 -417823
43440 -417823
43470 -417823
43500 -417823
43530 -417823
43560 -417823
43590 -417823
43620 -417823
43650 -417823
43680 -417823
43710 -417823
43740 -417823
43770 -417823
43800 -417823
43830 -417823
43860 -417823
43890 -417823
43920 -417823
43950 -417823
43980 -417823
44010 -417823
44040 -417823
44070 -417823
44100 -417823
44130 -417823
44160 -417823
44190 -417823
44220 -417823
44250 -417772
44280 -417772
44310 -417772
44340 -417772
44370 -417772
44400 -417772
44430 -417772
44460 -417772
44490 -417772
44520 -417772
44550 -417772
44580 -417772
44610 -417772
44640 -417772
44670 -417772
44700 -417772
44730 -417772
44760 -417772
44790 -417772
44820 -417772
44850 -417772
44880 -417772
44910 -417772
44940 -417772
44970 -417772
45000 -417772
45030 -417772
45060 -417772
45090 -417646
45120 -417646
45150 -417646
45180 -417646
45210 -417646
45240 -417646
45270 -417646
45300 -417646
45330 -417646
45360 -417646
45390 -417646
45420 -417646
45450 -417634
45480 -417634
45510 -417634
45540 -417634
45570 -417634
45600 -417634
45630 -417634
45660 -417634
45690 -417634
45720 -417634
45750 -417634
45780 -417634
45810 -417634
45840 -417634
45870 -417634
45900 -417634
45930 -417634
45960 -417634
45990 -417634
46020 -417634
46050 -417634
46080 -417634
46110 -417634
46140 -417634
46170 -417634
46200 -417634
46230 -417615
46260 -417615
46290 -417615
46320 -417615
46350 -417615
46380 -417615
46410 -417615
46440 -417615
46470 -417615
46500 -417615
46530 -417615
46560 -417615
46590 -417615
46620 -417615
46650 -417615
46680 -417615
46710 -417615
46740 -417615
46770 -417615
46800 -417615
46830 -417615
46860 -417615
46890 -417615
46920 -417615
46950 -417615
46980 -417615
47010 -417615
47040 -417566
47070 -417528
47100 -417528
47130 -417528
47160 -417528
47190 -417528
47220 -417528
47250 -417450
47280 -417450
47310 -417450
47340 -417450
47370 -417450
47400 -417450
47430 -417450
47460 -417450
47490 -417450
47520 -417450
47550 -417450
47580 -417450
47610 -417450
47640 -417450
47670 -417450
47700 -417450
47730 -417450
47760 -417450
47790 -417450
47820 -417450
47850 -417450
47880 -417410
47910 -417410
47940 -417410
47970 -417410
48000 -417410
48030 -417410
48060 -417410
48090 -417410
48120 -417410
48150 -417410
48180 -417410
48210 -417410
48240 -417232
48270 -417232
48300 -417232
48330 -417232
48360 -417232
48390 -417232
48420 -417232
48450 -417232
48480 -417232
48510 -417232
48540 -417232
48570 -417232
48600 -417232
48630 -417232
48660 -417232
48690 -417232
48720 -417232
48750 -417232
48780 -417232
48810 -417232
48840 -417232
48870 -417232
48900 -417232
48930 -417232
48960 -417232
48990 -417232
49020 -417232
49050 -417232
49080 -417232
49110 -417232
49140 -417232
49170 -417232
49200 -417232
49230 -417232
49260 -417232
49290 -417232
49320 -417232
49350 -417232
49380 -417232
49410 -417232
49440 -417232
49470 -417232
49500 -417232
49530 -417232
49560 -417232
49590 -417232
49620 -417232
49650 -417232
49680 -417232
49710 -417232
49740 -417232
49770 -417232
49800 -417232
49830 -417232
49860 -417232
49890 -417232
49920 -417232
49950 -417232
49980 -417232
50010 -417232
50040 -417232
50070 -417232
50100 -417232
50130 -417232
50160 -417232
50190 -417232
50220 -417232
50250 -417232
50280 -417232
50310 -417232
50340 -417232
50370 -417232
50400 -417232
50430 -417232
50460 -417232
50490 -417232
50520 -417232
50550 -417232
50580 -417232
50610 -417232
50640 -417232
50670 -417232
50700 -417232
50730 -417232
50760 -417232
50790 -417232
50820 -417232
50850 -417232
50880 -417232
50910 -417232
50940 -417232
50970 -417232
51000 -417232
51030 -417232
51060 -417079
51090 -417079
51120 -417079
51150 -417079
51180 -417079
51210 -417079
51240 -417079
51270 -417079
51300 -417079
51330 -417079
51360 -417079
51390 -417079
51420 -417079
51450 -417079
51480 -417079
51510 -417079
51540 -417079
51570 -417079
51600 -417079
51630 -417079
51660 -417079
51690 -417079
51720 -417079
51750 -417079
51780 -417079
51810 -417079
51840 -417079
51870 -417079
51900 -417079
51930 -417079
51960 -417079
51990 -417079
52020 -417079
52050 -417079
52080 -417079
52110 -417079
52140 -417079
52170 -417079
52200 -417079
52230 -417079
52260 -417079
52290 -417079
52320 -417079
52350 -417079
52380 -417079
52410 -417079
52440 -417079
52470 -417079
52500 -417079
52530 -417079
52560 -417079
52590 -417079
52620 -417079
52650 -417079
52680 -417079
52710 -417079
52740 -417079
52770 -417079
52800 -417079
52830 -417079
52860 -417079
52890 -417079
52920 -417079
52950 -417079
52980 -417079
53010 -417079
53040 -417079
53070 -417079
53100 -417079
53130 -417079
53160 -417079
53190 -417079
53220 -417079
53250 -417079
53280 -417079
53310 -417079
53340 -417079
53370 -417079
53400 -417079
53430 -417079
53460 -417079
53490 -417079
53520 -417079
53550 -417079
53580 -417079
53610 -417079
53640 -417079
53670 -417079
53700 -417079
53730 -417079
53760 -417079
53790 -417079
53820 -417079
53850 -417079
53880 -417079
53910 -417079
53940 -417079
53970 -417079
54000 -417079
54030 -417079
54060 -417079
54090 -417079
54120 -417079
54150 -417079
54180 -417079
54210 -417079
54240 -417079
54270 -417079
54300 -417079
54330 -417079
54360 -417079
54390 -417079
54420 -417079
54450 -417079
54480 -417079
54510 -417079
54540 -417079
54570 -417079
54600 -417079
54630 -417079
54660 -417079
54690 -417079
54720 -417079
54750 -417079
54780 -417079
54810 -417079
54840 -417079
54870 -417079
54900 -417079
54930 -417079
54960 -417079
54990 -417079
55020 -417079
55050 -417079
55080 -417079
55110 -417079
55140 -417079
55170 -417079
55200 -417079
55230 -417079
55260 -417079
55290 -417079
55320 -417079
55350 -417079
55380 -417079
55410 -417079
55440 -417079
55470 -417079
55500 -417079
55530 -417079
55560 -417079
55590 -417079
55620 -417079
55650 -417079
55680 -417079
55710 -417079
55740 -417079
55770 -417079
55800 -417079
55830 -417079
55860 -417079
55890 -417079
55920 -417079
55950 -417079
55980 -417079
56010 -417079
56040 -417079
56070 -417079
56100 -417079
56130 -417079
56160 -417079
56190 -417079
56220 -417079
56250 -417079
56280 -417079
56310 -417079
56340 -417079
56370 -417079
56400 -417079
56430 -417079
56460 -417052
56490 -417052
56520 -417052
56550 -417052
56580 -417052
56610 -417052
56640 -417052
56670 -417052
56700 -417052
56730 -417052
56760 -417052
56790 -417052
56820 -417052
56850 -417052
56880 -417052
56910 -417052
56940 -417052
56970 -417052
57000 -417052
57030 -417052
57060 -417052
57090 -417052
57120 -417035
57150 -417035
57180 -417035
57210 -417035
57240 -417035
57270 -417035
57300 -417035
57330 -417035
57360 -417035
57390 -417035
57420 -417035
57450 -417035
57480 -417035
57510 -417035
57540 -417035
57570 -417035
57600 -417035
57630 -417035
57660 -417035
57690 -417035
57720 -417035
57750 -417035
57780 -417035
57810 -417035
57840 -417035
57870 -417035
57900 -417035
57930 -417035
57960 -417035
57990 -417035
58020 -417035
58050 -417035
58080 -417035
58110 -417035
58140 -417035
58170 -417035
58200 -417035
58230 -417035
58260 -417035
58290 -417035
58320 -417035
58350 -417035
58380 -417035
58410 -417035
58440 -417035
58470 -417035
58500 -417035
58530 -417035
58560 -417035
58590 -417035
58620 -417035
58650 -417035
58680 -417035
58710 -417035
58740 -417035
58770 -417035
58800 -417035
58830 -417035
58860 -417035
58890 -417035
58920 -417035
58950 -417035
58980 -417035
59010 -417035
59040 -417035
59070 -417035
59100 -417035
59130 -417035
59160 -417035
59190 -417035
59220 -417035
59250 -417035
59280 -417035
59310 -417035
59340 -417035
59370 -417035
59400 -417035
59430 -417035
59460 -417035
59490 -417035
59520 -417035
59550 -417035
59580 -417035
59610 -417035
59640 -417035
59670 -417035
59700 -417035
59730 -417035
59760 -417035
59790 -417035
59820 -417035
59850 -417035
59880 -417035
59910 -417035
59940 -417035
59970 -417035
60000 -417035
60030 -417035
60060 -417035
60090 -417035
60120 -417035
60150 -417035
60180 -417035
60210 -417035
60240 -417035
60270 -417035
60300 -417035
60330 -417035
60360 -417035
60390 -417035
60420 -417035
60450 -417035
60480 -416830
60510 -416830
60540 -416830
60570 -416830
60600 -416830
60630 -416830
60660 -416830
60690 -416830
60720 -416830
60750 -416830
60780 -416830
60810 -416830
60840 -416830
60870 -416830
60900 -416830
60930 -416830
60960 -416830
60990 -416830
61020 -416830
61050 -416830
61080 -416830
61110 -416830
61140 -416830
61170 -416830
61200 -416830
61230 -416830
61260 -416830
61290 -416830
61320 -416830
61350 -416830
61380 -416830
61410 -416830
61440 -416830
61470 -416830
61500 -416830
61530 -416830
61560 -416830
61590 -416830
61620 -416830
61650 -416830
61680 -416830
61710 -416830
61740 -416830
61770 -416830
61800 -416830
61830 -416830
61860 -416830
61890 -416830
61920 -416830
61950 -416830
61980 -416830
62010 -416830
62040 -416830
62070 -416830
62100 -416830
62130 -416830
62160 -416830
62190 -416830
62220 -416830
62250 -416830
62280 -416830
62310 -416830
62340 -416830
62370 -416830
62400 -416830
62430 -416830
62460 -416830
62490 -416830
62520 -416830
62550 -416830
62580 -416830
62610 -416830
62640 -416830
62670 -416830
62700 -416830
62730 -416830
62760 -416830
62790 -416830
62820 -416830
62850 -416830
62880 -416830
62910 -416830
62940 -416830
62970 -416830
63000 -416830
63030 -416830
63060 -416830
63090 -416830
63120 -416830
63150 -416830
63180 -416830
63210 -416830
63240 -416830
63270 -416830
63300 -416830
63330 -416830
63360 -416830
63390 -416830
63420 -416830
63450 -416830
63480 -416830
63510 -416830
63540 -416830
63570 -416830
63600 -416830
63630 -416830
63660 -416830
63690 -416830
63720 -416830
63750 -416830
63780 -416830
63810 -416830
63840 -416830
63870 -416830
63900 -416830
63930 -416830
63960 -416830
63990 -416830
64020 -416830
64050 -416830
64080 -416830
64110 -416830
64140 -416830
64170 -416830
64200 -416830
64230 -416830
64260 -416830
64290 -416830
64320 -416830
64350 -416830
64380 -416830
64410 -416830
64440 -416830
64470 -416830
64500 -416830
64530 -416830
64560 -416830
64590 -416830
64620 -416830
64650 -416830
64680 -416830
64710 -416830
64740 -416830
64770 -416830
64800 -416830
64830 -416830
64860 -416830
64890 -416830
64920 -416830
64950 -416830
64980 -416830
65010 -416830
65040 -416830
65070 -416830
65100 -416830
65130 -416830
65160 -416830
65190 -416830
65220 -416830
65250 -416830
65280 -416830
65310 -416830
65340 -416830
65370 -416830
65400 -416830
65430 -416830
65460 -416830
65490 -416830
65520 -416830
65550 -416830
65580 -416830
65610 -416830
65640 -416830
65670 -416830
65700 -416830
65730 -416830
65760 -416830
65790 -416830
65820 -416830
65850 -416830
65880 -416830
65910 -416573
65940 -416573
65970 -416573
66000 -416573
66030 -416573
66060 -416573
66090 -416573
66120 -416573
66150 -416573
66180 -416573
66210 -416573
66240 -416573
66270 -416573
66300 -416573
66330 -416573
66360 -416573
66390 -416573
66420 -416573
66450 -416573
66480 -416573
66510 -416573
66540 -416573
66570 -416573
66600 -416573
66630 -416573
66660 -416573
66690 -416573
66720 -416573
66750 -416573
66780 -416573
66810 -416573
66840 -416573
66870 -416573
66900 -416573
66930 -416573
66960 -416573
66990 -416573
67020 -416573
67050 -416573
67080 -416573
67110 -416573
67140 -416573
67170 -416573
67200 -416573
67230 -416573
67260 -416573
67290 -416573
67320 -416573
67350 -416573
67380 -416573
67410 -416573
67440 -416573
67470 -416573
67500 -416573
67530 -416573
67560 -416573
67590 -416573
67620 -416573
67650 -416573
67680 -416573
67710 -416573
67740 -416573
67770 -416573
67800 -416573
67830 -416573
67860 -416573
67890 -416573
67920 -416573
67950 -416573
67980 -416573
68010 -416573
68040 -416573
68070 -416573
68100 -416573
68130 -416573
68160 -416573
68190 -416573
68220 -416573
68250 -416573
68280 -416573
68310 -416573
68340 -416573
68370 -416573
68400 -416573
68430 -416573
68460 -416573
68490 -416573
68520 -416573
68550 -416573
68580 -416573
68610 -416573
68640 -416573
68670 -416573
68700 -416573
68730 -416573
68760 -416573
68790 -416573
68820 -416573
68850 -416573
68880 -416573
68910 -416573
68940 -416445
68970 -416445
69000 -416445
69030 -416445
69060 -416445
69090 -416445
69120 -416445
69150 -416445
69180 -416445
69210 -416445
69240 -416445
69270 -416445
69300 -416445
69330 -416445
69360 -416445
69390 -416445
69420 -416445
69450 -416445
69480 -416445
69510 -416445
69540 -416445
69570 -416445
69600 -416445
69630 -416445
69660 -416445
69690 -416445
69720 -416445
69750 -416445
69780 -416445
69810 -416445
69840 -416445
69870 -416445
69900 -416445
69930 -416445
69960 -416445
69990 -416445
70020 -416445
70050 -416445
70080 -416445
70110 -416445
70140 -416445
70170 -416445
70200 -416445
70230 -416445
70260 -416445
70290 -416445
70320 -416445
70350 -416445
70380 -416445
70410 -416445
70440 -416445
70470 -416445
70500 -416445
70530 -416445
70560 -416445
70590 -416445
70620 -416445
70650 -416445
70680 -416445
70710 -416445
70740 -416445
70770 -416445
70800 -416445
70830 -416445
70860 -416445
70890 -416445
70920 -416445
70950 -416445
70980 -416445
71010 -416445
71040 -416445
71070 -416445
71100 -416445
71130 -416445
71160 -416445
71190 -416445
71220 -416445
71250 -416445
71280 -416445
71310 -416445
71340 -416445
71370 -416445
71400 -416445
71430 -416445
71460 -416445
71490 -416445
71520 -416445
71550 -416445
71580 -416445
71610 -416445
71640 -416445
71670 -416445
71700 -416445
71730 -416445
71760 -416445
71790 -416445
71820 -416445
71850 -416445
71880 -416445
71910 -416445
71940 -416445
71970 -416445
72000 -416445
72030 -416445
72060 -416445
72090 -416445
72120 -416445
72150 -416445
72180 -416445
72210 -416445
72240 -416445
72270 -416445
72300 -416445
72330 -416445
72360 -416445
72390 -416445
72420 -416445
72450 -416445
72480 -416445
72510 -416445
72540 -416445
72570 -416445
72600 -416445
72630 -416445
72660 -416445
72690 -416445
72720 -416445
72750 -416445
72780 -416445
72810 -416445
72840 -416445
72870 -416445
72900 -416445
72930 -416445
72960 -416445
72990 -416445
73020 -416445
73050 -416445
73080 -416445
73110 -416445
73140 -416445
73170 -415954
73200 -415954
73230 -415954
73260 -415954
73290 -415954
73320 -415954
73350 -415954
73380 -415954
73410 -415954
73440 -415954
73470 -415954
73500 -415954
73530 -415954
73560 -415954
73590 -415954
73620 -415954
73650 -415954
73680 -415954
73710 -415954
73740 -415954
73770 -415954
73800 -415954
73830 -415954
73860 -415954
73890 -415954
73920 -415954
73950 -415954
73980 -415954
74010 -415954
74040 -415954
74070 -415954
74100 -415954
74130 -415954
74160 -415954
74190 -415954
74220 -415954
74250 -415954
74280 -415954
74310 -415954
74340 -415954
74370 -415954
74400 -415954
74430 -415954
74460 -415954
74490 -415954
74520 -415954
74550 -415954
74580 -415954
74610 -415954
74640 -415676
74670 -415676
74700 -415676
74730 -415676
74760 -415676
74790 -415676
74820 -415676
74850 -415676
74880 -415676
74910 -415676
74940 -415676
74970 -415676
75000 -415676
75030 -415676
75060 -415676
75090 -415676
75120 -415676
75150 -415493
75180 -415493
75210 -415493
75240 -415493
75270 -415493
75300 -415493
75330 -415493
75360 -415493
75390 -415493
75420 -415493
75450 -415493
75480 -415493
75510 -415493
75540 -415493
75570 -415493
75600 -415493
75630 -415493
75660 -415493
75690 -415493
75720 -415493
75750 -415493
75780 -415493
75810 -415493
75840 -415493
75870 -415493
75900 -415493
75930 -415493
75960 -415493
75990 -415493
76020 -415493
76050 -415493
76080 -415493
76110 -415493
76140 -415493
76170 -415493
76200 -415493
76230 -415493
76260 -415493
76290 -415493
76320 -415493
76350 -415493
76380 -415493
76410 -415493
76440 -415493
76470 -415493
76500 -415493
76530 -415493
76560 -415493
76590 -415493
76620 -415493
76650 -415493
76680 -415493
76710 -415493
76740 -415493
76770 -415493
76800 -415493
76830 -415493
76860 -415419
76890 -415419
76920 -415419
76950 -415419
76980 -415419
77010 -415419
77040 -415419
77070 -415419
77100 -415419
77130 -415419
77160 -415419
77190 -415419
77220 -415419
77250 -415419
77280 -415419
77310 -415419
77340 -415419
77370 -415419
77400 -415419
77430 -415419
77460 -415419
77490 -415419
77520 -415419
77550 -415419
77580 -415419
77610 -415419
77640 -415419
77670 -415419
77700 -415419
77730 -415419
77760 -415419
77790 -415419
77820 -415419
77850 -415419
77880 -415419
77910 -415419
77940 -415419
77970 -415419
78000 -415419
78030 -415419
78060 -415419
78090 -415419
78120 -415419
78150 -415419
78180 -415419
78210 -415419
78240 -415419
78270 -415419
78300 -415419
78330 -415419
78360 -415419
78390 -415419
78420 -415419
78450 -415419
78480 -415419
78510 -415419
78540 -415419
78570 -415419
78600 -415419
78630 -415419
78660 -415419
78690 -415419
78720 -415419
78750 -415419
78780 -415419
78810 -415419
78840 -415419
78870 -415419
78900 -415419
78930 -415419
78960 -415419
78990 -415419
79020 -415419
79050 -415419
79080 -415419
79110 -415419
79140 -415419
79170 -415419
79200 -415419
79230 -415419
79260 -415419
79290 -415419
79320 -415419
79350 -415419
79380 -415419
79410 -415419
79440 -415419
79470 -415419
79500 -415419
79530 -415419
79560 -415419
79590 -415419
79620 -415419
79650 -415419
79680 -415419
79710 -415419
79740 -415419
79770 -415419
79800 -415419
79830 -415419
79860 -415419
79890 -415419
79920 -415419
79950 -415419
79980 -415419
80010 -415419
80040 -415419
80070 -415419
80100 -415419
80130 -415419
80160 -415419
80190 -415419
80220 -415419
80250 -415419
80280 -415419
80310 -415419
80340 -415419
80370 -415419
80400 -415419
80430 -415419
80460 -415419
80490 -415419
80520 -415419
80550 -415419
80580 -415419
80610 -415419
80640 -415419
80670 -415419
80700 -415419
80730 -415419
80760 -415419
80790 -415419
80820 -415419
80850 -415419
80880 -415419
80910 -415419
80940 -415419
80970 -415419
81000 -415419
81030 -415419
81060 -415419
81090 -415419
81120 -415419
81150 -415419
81180 -415419
81210 -415419
81240 -415419
81270 -415419
81300 -415419
81330 -415419
81360 -414940
81390 -414940
81420 -414329
81450 -414329
81480 -414329
81510 -414329
81540 -414329
81570 -414329
81600 -414329
81630 -414329
81660 -414329
81690 -414329
81720 -414329
81750 -414329
81780 -414329
81810 -414329
81840 -414329
81870 -414329
81900 -414329
81930 -414329
81960 -414329
81990 -414329
82020 -414068
82050 -414068
82080 -414068
82110 -414068
82140 -414068
82170 -414068
82200 -414068
82230 -414068
82260 -414068
82290 -414068
82320 -414068
82350 -414068
82380 -414068
82410 -414068
82440 -414068
82470 -414068
82500 -414068
82530 -414068
82560 -414068
82590 -414068
82620 -414068
82650 -414068
82680 -414068
82710 -414068
82740 -414068
82770 -414068
82800 -414068
82830 -414068
82860 -414068
82890 -414068
82920 -414068
82950 -413956
82980 -413956
83010 -413956
83040 -413956
83070 -413956
83100 -413956
83130 -413956
83160 -413956
83190 -413956
83220 -413956
83250 -413956
83280 -413956
83310 -413956
83340 -413956
83370 -413956
83400 -413956
83430 -413956
83460 -413956
83490 -413956
83520 -413956
83550 -413956
83580 -413956
83610 -413956
83640 -413956
83670 -413956
83700 -413956
83730 -413956
83760 -413956
83790 -413956
83820 -413956
83850 -413956
83880 -413956
83910 -413956
83940 -413956
83970 -413956
84000 -413956
84030 -413956
84060 -413956
84090 -413956
84120 -413956
84150 -413956
84180 -413956
84210 -413956
84240 -413956
84270 -413956
84300 -413956
84330 -413956
84360 -413956
84390 -413956
84420 -413956
84450 -413956
84480 -413956
84510 -413956
84540 -413956
84570 -413956
84600 -413956
84630 -413956
84660 -413956
84690 -413956
84720 -413956
84750 -413956
84780 -413956
84810 -413956
84840 -413956
84870 -413956
84900 -413956
84930 -413956
84960 -413956
84990 -413956
85020 -413956
85050 -413956
85080 -413956
85110 -413956
85140 -413956
85170 -413956
85200 -413956
85230 -413956
85260 -413956
85290 -413956
85320 -413956
85350 -413956
85380 -413956
85410 -413956
85440 -413956
85470 -413956
85500 -413956
85530 -413956
85560 -413956
85590 -413956
85620 -413956
85650 -413956
85680 -413956
85710 -413956
85740 -413956
85770 -413956
85800 -413956
85830 -413956
85860 -413956
85890 -413956
85920 -413956
85950 -413956
85980 -413956
86010 -413956
86040 -413956
86070 -413956
86100 -413956
86130 -413956
86160 -413956
86190 -413956
86220 -413956
86250 -413956
86280 -413956
86310 -413956
86340 -413956
86370 -413956
86400 -413956
86430 -413956
86460 -413956
86490 -413956
86520 -413956
86550 -413956
86580 -413956
86610 -413956
86640 -413956
86670 -413956
86700 -413956
86730 -413956
86760 -413956
86790 -413956
86820 -413956
86850 -413956
86880 -413956
86910 -413956
86940 -413956
86970 -413956
87000 -413956
87030 -413956
87060 -413956
87090 -413956
87120 -413956
87150 -413956
87180 -413956
87210 -413956
87240 -413956
87270 -413956
87300 -413956
87330 -413956
87360 -413956
87390 -413956
87420 -413956
87450 -413956
87480 -413956
87510 -413956
87540 -413956
87570 -413956
87600 -413956
87630 -413956
87660 -413956
87690 -413956
87720 -413956
87750 -413956
87780 -413956
87810 -413956
87840 -413956
87870 -413956
87900 -413956
87930 -413956
87960 -413956
87990 -413956
88020 -413956
88050 -413956
88080 -413956
88110 -413956
88140 -413956
88170 -413956
88200 -413956
88230 -413956
88260 -413956
88290 -413956
88320 -413956
88350 -413956
88380 -413956
88410 -413956
88440 -413956
88470 -413956
88500 -413956
88530 -413956
88560 -413956
88590 -413956
88620 -413956
88650 -413956
88680 -413956
88710 -413956
88740 -413956
88770 -413956
88800 -413956
88830 -413956
88860 -413956
88890 -413956
88920 -413956
88950 -413956
88980 -413956
89010 -413956
89040 -413956
89070 -413956
89100 -413956
89130 -413956
89160 -413956
89190 -413956
89220 -413956
89250 -413956
89280 -413956
89310 -413956
89340 -413956
89370 -413956
89400 -413956
89430 -413956
89460 -413956
89490 -413956
89520 -413956
89550 -413956
89580 -413956
89610 -413956
89640 -413956
89670 -413956
89700 -413956
89730 -413956
89760 -413956
89790 -413956
89820 -413956
89850 -413956
89880 -413956
89910 -413956
89940 -413956
89970 -413956
90000 -413956
90030 -413956
90060 -413956
90090 -413956
90120 -413956
90150 -413956
90180 -413956
90210 -413956
90240 -413956
90270 -413956
90300 -413956
90330 -413956
90360 -413956
90390 -413956
90420 -413956
90450 -413956
90480 -413956
90510 -413956
90540 -413956
90570 -413956
90600 -413956
90630 -413956
90660 -413956
90690 -413956
90720 -413956
90750 -413956
90780 -413956
90810 -413956
90840 -413956
90870 -413956
90900 -413956
90930 -413956
90960 -413956
90990 -413956
91020 -413956
91050 -413956
91080 -413956
91110 -413956
91140 -413956
91170 -413956
91200 -413956
91230 -413956
91260 -413956
91290 -413956
91320 -413956
91350 -413956
91380 -413956
91410 -413956
91440 -413956
91470 -413956
91500 -413956
91530 -413956
91560 -413956
91590 -413956
91620 -413956
91650 -413956
91680 -413524
91710 -413524
91740 -413524
91770 -413524
91800 -413524
91830 -413524
91860 -413524
91890 -413524
91920 -413524
91950 -413524
91980 -413524
92010 -413524
92040 -413524
92070 -413524
92100 -413524
92130 -413524
92160 -413524
92190 -413524
92220 -413524
92250 -413524
92280 -413524
92310 -413524
92340 -413524
92370 -413524
92400 -413524
92430 -413524
92460 -413524
92490 -413524
92520 -413524
92550 -413524
92580 -413524
92610 -413524
92640 -413524
92670 -413524
92700 -413524
92730 -413524
92760 -413524
92790 -413524
92820 -413524
92850 -413524
92880 -413524
92910 -413524
92940 -413524
92970 -413524
93000 -413524
93030 -413524
93060 -413524
93090 -413524
93120 -413524
93150 -413524
93180 -413524
93210 -413524
93240 -413524
93270 -413524
93300 -413524
93330 -413524
93360 -413524
93390 -413524
93420 -413524
93450 -413524
93480 -413524
93510 -413524
93540 -413524
93570 -413524
93600 -413524
93630 -413524
93660 -413524
93690 -413524
93720 -413524
93750 -413524
93780 -413524
93810 -413524
93840 -413524
93870 -413524
93900 -413524
93930 -413524
93960 -413524
93990 -413524
94020 -413524
94050 -413524
94080 -413524
94110 -413524
94140 -413524
94170 -413524
94200 -413524
94230 -413524
94260 -413524
94290 -413524
94320 -413524
94350 -413524
94380 -413524
94410 -413524
94440 -413524
94470 -413524
94500 -413524
94530 -413524
94560 -413524
94590 -413524
94620 -413524
94650 -413524
94680 -413524
94710 -413524
94740 -413524
94770 -413524
94800 -413524
94830 -413524
94860 -413524
94890 -413524
94920 -413524
94950 -413524
94980 -413524
95010 -413524
95040 -413524
95070 -413524
95100 -413524
95130 -413524
95160 -413524
95190 -413524
95220 -413524
95250 -413524
95280 -413524
95310 -413524
95340 -413524
95370 -413524
95400 -413524
95430 -413524
95460 -413524
95490 -413524
95520 -413524
95550 -413524
95580 -413524
95610 -413524
95640 -413524
95670 -413524
95700 -413524
95730 -413524
95760 -413524
95790 -413524
95820 -413524
95850 -413524
95880 -413524
95910 -413524
95940 -413524
95970 -413524
96000 -413524
96030 -413524
96060 -413524
96090 -413524
96120 -413524
96150 -413524
96180 -413524
96210 -413524
96240 -413524
96270 -413524
96300 -413524
96330 -413524
96360 -413524
96390 -413524
96420 -413524
96450 -413524
96480 -413524
96510 -413524
96540 -413524
96570 -413524
96600 -413524
96630 -413524
96660 -413524
96690 -413524
96720 -413524
96750 -413524
96780 -413524
96810 -413524
96840 -413524
96870 -413524
96900 -413524
96930 -413524
96960 -413524
96990 -413524
97020 -413524
97050 -413524
97080 -413524
97110 -413524
97140 -413524
97170 -413524
97200 -413524
97230 -413524
97260 -413524
97290 -413524
97320 -413524
97350 -413524
97380 -413524
97410 -413524
97440 -413524
97470 -413524
97500 -413524
97530 -413524
97560 -413524
97590 -413524
97620 -413524
97650 -413524
97680 -413524
97710 -413524
97740 -413524
97770 -413524
97800 -413524
97830 -413524
97860 -413524
97890 -413524
97920 -413524
97950 -413524
97980 -413524
98010 -413524
98040 -413524
98070 -413524
98100 -413524
98130 -413524
98160 -413524
98190 -413524
98220 -413524
98250 -413524
98280 -413524
98310 -413524
98340 -413524
98370 -413524
98400 -413524
98430 -413524
98460 -413524
98490 -413524
98520 -413524
98550 -413524
98580 -413524
98610 -413524
98640 -413524
98670 -413524
98700 -413524
98730 -413524
98760 -413524
98790 -413524
98820 -413524
98850 -413524
98880 -413524
98910 -413524
98940 -413524
98970 -413524
99000 -413524
99030 -413524
99060 -413524
99090 -413524
99120 -413524
99150 -413524
99180 -413524
99210 -413524
99240 -413524
99270 -413524
99300 -413524
99330 -413524
99360 -413524
99390 -413524
99420 -413524
99450 -413524
99480 -413524
99510 -413524
99540 -413524
99570 -413524
99600 -413524
99630 -413524
99660 -413524
99690 -413524
99720 -413524
99750 -413524
99780 -413524
99810 -413524
99840 -413524
99870 -413524
99900 -413524
99930 -413524
99960 -413524
99990 -413524
100020 -413524
100050 -413524
100080 -413524
100110 -413524
100140 -413524
100170 -413524
100200 -413524
100230 -413524
100260 -413524
100290 -413524
100320 -413524
100350 -413524
100380 -413524
100410 -413524
100440 -413524
100470 -413524
100500 -413524
100530 -413524
100560 -413524
100590 -413524
100620 -413524
100650 -413524
100680 -413524
100710 -413524
100740 -413524
100770 -413524
100800 -413524
100830 -413524
100860 -413524
100890 -413524
100920 -413524
100950 -413524
100980 -413524
101010 -413524
101040 -413524
101070 -413524
101100 -413524
101130 -413524
101160 -413524
101190 -413524
101220 -413524
101250 -413524
101280 -413524
101310 -413524
101340 -413524
101370 -413524
101400 -413524
101430 -413524
101460 -413524
101490 -413524
101520 -413524
101550 -413524
101580 -413524
101610 -413524
101640 -413524
101670 -413524
101700 -413524
101730 -413524
101760 -413524
101790 -413524
101820 -413524
101850 -413524
101880 -413524
101910 -413524
101940 -413524
101970 -413524
102000 -413524
102030 -413524
102060 -413524
102090 -413524
102120 -413524
102150 -413524
102180 -413524
102210 -413524
102240 -413524
102270 -413524
102300 -413524
102330 -413524
102360 -413524
102390 -413479
102420 -413479
102450 -413479
102480 -413479
102510 -413479
102540 -413479
102570 -413479
102600 -413479
102630 -413479
102660 -413479
102690 -413479
102720 -413479
102750 -413479
102780 -413479
102810 -413479
102840 -413479
102870 -413479
102900 -413479
102930 -413479
102960 -413479
102990 -413479
103020 -413479
103050 -413479
103080 -413479
103110 -413479
103140 -413479
103170 -413479
103200 -413479
103230 -413479
103260 -413479
103290 -413479
103320 -413479
103350 -413479
103380 -413479
103410 -413479
103440 -413479
103470 -413479
103500 -413479
103530 -413479
103560 -413479
103590 -413479
103620 -413479
103650 -413479
103680 -413479
103710 -413479
103740 -413479
103770 -413479
103800 -413479
103830 -413479
103860 -413479
103890 -413479
103920 -413479
103950 -413479
103980 -413479
104010 -413479
104040 -413479
104070 -413479
104100 -413479
104130 -413479
104160 -413479
104190 -413479
104220 -413479
104250 -413479
104280 -413479
104310 -413479
104340 -413479
104370 -413479
104400 -413479
104430 -413479
104460 -413479
104490 -413479
104520 -413479
104550 -413479
104580 -413479
104610 -413479
104640 -413479
104670 -413479
104700 -413479
104730 -413479
104760 -413479
104790 -413479
104820 -413479
104850 -413479
104880 -413479
104910 -413479
104940 -413479
104970 -413479
105000 -413479
105030 -413479
105060 -413479
105090 -413479
105120 -413479
105150 -413479
105180 -413479
105210 -413479
105240 -413479
105270 -413479
105300 -413479
105330 -413479
105360 -413479
105390 -413479
105420 -413479
105450 -413479
105480 -413479
105510 -413479
105540 -413479
105570 -413479
105600 -413479
105630 -413479
105660 -413479
105690 -413479
105720 -413479
105750 -413196
105780 -413196
105810 -413196
105840 -413196
105870 -413196
105900 -413196
105930 -412969
105960 -412969
105990 -412969
106020 -412969
106050 -412969
106080 -412969
106110 -412969
106140 -412969
106170 -412969
106200 -412969
106230 -412969
106260 -412969
106290 -412969
106320 -412969
106350 -412969
106380 -412969
106410 -412969
106440 -412969
106470 -412969
106500 -412969
106530 -412969
106560 -412969
106590 -412969
106620 -412969
106650 -412969
106680 -412969
106710 -412969
106740 -412969
106770 -412969
106800 -412969
106830 -412969
106860 -412969
106890 -412969
106920 -412969
106950 -412969
106980 -412969
107010 -412969
107040 -412969
107070 -412969
107100 -412969
107130 -412969
107160 -412969
107190 -412969
107220 -412969
107250 -412969
107280 -412969
107310 -412969
107340 -412969
107370 -412969
107400 -412969
107430 -412969
107460 -412969
107490 -412969
107520 -412969
107550 -412969
107580 -412969
107610 -412969
107640 -412969
107670 -412969
107700 -412969
107730 -412969
107760 -412969
107790 -412969
107820 -412969
107850 -412969
107880 -412969
107910 -412969
107940 -412969
107970 -412969
108000 -412969
108030 -412969
108060 -412969
108090 -412969
108120 -412969
108150 -412969
108180 -412969
108210 -412969
108240 -412969
108270 -412969
108300 -412969
108330 -412969
108360 -412969
108390 -412969
108420 -412969
108450 -412969
108480 -412969
108510 -412969
108540 -412969
108570 -412969
108600 -412969
108630 -412969
108660 -412969
108690 -412969
108720 -412969
108750 -412969
108780 -412969
108810 -412969
108840 -412969
108870 -412969
108900 -412969
108930 -412969
108960 -412969
108990 -412969
109020 -412969
109050 -412969
109080 -412969
109110 -412969
109140 -412969
109170 -412969
109200 -412969
109230 -412969
109260 -412969
109290 -412969
109320 -412969
109350 -412969
109380 -412969
109410 -412969
109440 -412969
109470 -412969
109500 -412969
109530 -412969
109560 -412969
109590 -412969
109620 -412969
109650 -412969
109680 -412969
109710 -412969
109740 -412969
109770 -412969
109800 -412969
109830 -412969
109860 -412969
109890 -412969
109920 -412969
109950 -412969
109980 -412969
110010 -412969
110040 -412969
110070 -412969
110100 -412969
110130 -412969
110160 -412969
110190 -412969
110220 -412969
110250 -412969
110280 -412969
110310 -412969
110340 -412969
110370 -412969
110400 -412969
110430 -412969
110460 -412969
110490 -412969
110520 -412969
110550 -412969
110580 -412969
110610 -412969
110640 -412969
110670 -412969
110700 -412969
110730 -412969
110760 -412969
110790 -412969
110820 -412969
110850 -412969
110880 -412969
110910 -412969
110940 -412969
110970 -412969
111000 -412969
111030 -412969
111060 -412969
111090 -412969
111120 -412969
111150 -412969
111180 -412969
111210 -412969
111240 -412969
111270 -412969
111300 -412969
111330 -412969
111360 -412969
111390 -412969
111420 -412969
111450 -412969
111480 -412969
111510 -412969
111540 -412969
111570 -412969
111600 -412969
111630 -412969
111660 -412969
111690 -412969
111720 -412969
111750 -412969
111780 -412969
111810 -412969
111840 -412969
111870 -412969
111900 -412969
111930 -412969
111960 -412969
111990 -412969
112020 -412969
112050 -412969
112080 -412969
112110 -412969
112140 -412969
112170 -412969
112200 -412969
112230 -412969
112260 -412969
112290 -412969
112320 -412969
112350 -412969
112380 -412969
112410 -412969
112440 -412969
112470 -412969
112500 -412969
112530 -412969
112560 -412969
112590 -412969
112620 -412969
112650 -412969
112680 -412969
112710 -412969
112740 -412969
112770 -412969
112800 -412969
112830 -412969
112860 -412969
112890 -412969
112920 -412969
112950 -412969
112980 -412969
113010 -412969
113040 -412969
113070 -412969
113100 -412969
113130 -412969
113160 -412969
113190 -412969
113220 -412969
113250 -412969
113280 -412969
113310 -412969
113340 -412969
113370 -412969
113400 -412969
