60 -455228
90 -453363
120 -453363
150 -453363
180 -451552
210 -451552
240 -451552
270 -451552
300 -451507
330 -451507
360 -451507
390 -451507
420 -449671
450 -449519
480 -449519
510 -449173
540 -444492
570 -444492
600 -444492
630 -444492
660 -444492
690 -444492
720 -444492
750 -444492
780 -444492
810 -444492
840 -444492
870 -444492
900 -443878
930 -443878
960 -443878
990 -443878
1020 -443878
1050 -443878
1080 -443878
1110 -443878
1140 -442775
1170 -442775
1200 -442775
1230 -442053
1260 -439373
1290 -439373
1320 -439373
1350 -439373
1380 -438583
1410 -438583
1440 -438583
1470 -438583
1500 -438583
1530 -438583
1560 -438422
1590 -438422
1620 -438422
1650 -438237
1680 -438237
1710 -438237
1740 -437725
1770 -437703
1800 -437703
1830 -437703
1860 -437703
1890 -437703
1920 -437703
1950 -437703
1980 -437703
2010 -437703
2040 -437462
2070 -437301
2100 -437301
2130 -436707
2160 -436707
2190 -436707
2220 -436699
2250 -436699
2280 -436699
2310 -436125
2340 -436125
2370 -436125
2400 -436125
2430 -436125
2460 -436125
2490 -435484
2520 -435484
2550 -435484
2580 -435274
2610 -435274
2640 -435214
2670 -435214
2700 -435214
2730 -435214
2760 -435214
2790 -435214
2820 -435214
2850 -435214
2880 -435214
2910 -435214
2940 -435214
2970 -435214
3000 -435214
3030 -435214
3060 -435214
3090 -435214
3120 -435214
3150 -435214
3180 -435214
3210 -435214
3240 -435214
3270 -435214
3300 -434238
3330 -434238
3360 -434238
3390 -434238
3420 -434238
3450 -434238
3480 -434126
3510 -434126
3540 -434126
3570 -434126
3600 -434126
3630 -434126
3660 -434126
3690 -434126
3720 -434126
3750 -434126
3780 -434126
3810 -434126
3840 -434126
3870 -434126
3900 -434126
3930 -434126
3960 -434126
3990 -434126
4020 -434126
4050 -434126
4080 -434126
4110 -434126
4140 -431776
4170 -431776
4200 -431776
4230 -431776
4260 -431776
4290 -431776
4320 -431776
4350 -431776
4380 -431776
4410 -431776
4440 -431058
4470 -431058
4500 -431058
4530 -431058
4560 -431058
4590 -431058
4620 -431058
4650 -431058
4680 -431058
4710 -431058
4740 -431058
4770 -431058
4800 -430145
4830 -430145
4860 -430099
4890 -430099
4920 -430099
4950 -430099
4980 -430099
5010 -430099
5040 -430099
5070 -430099
5100 -430099
5130 -430099
5160 -430099
5190 -430099
5220 -430099
5250 -430099
5280 -430099
5310 -430099
5340 -430099
5370 -430099
5400 -430099
5430 -430099
5460 -430099
5490 -430099
5520 -430099
5550 -430099
5580 -430036
5610 -430036
5640 -430036
5670 -430036
5700 -430036
5730 -430036
5760 -430036
5790 -430036
5820 -430036
5850 -430036
5880 -430036
5910 -430036
5940 -430036
5970 -430036
6000 -430036
6030 -430036
6060 -430036
6090 -430036
6120 -430036
6150 -430036
6180 -430036
6210 -430036
6240 -430036
6270 -430036
6300 -430036
6330 -430036
6360 -430036
6390 -430036
6420 -430036
6450 -430036
6480 -430036
6510 -430036
6540 -430036
6570 -430036
6600 -430036
6630 -430036
6660 -430036
6690 -430036
6720 -430036
6750 -430036
6780 -429974
6810 -429974
6840 -429974
6870 -429974
6900 -429613
6930 -429613
6960 -429613
6990 -429613
7020 -429613
7050 -429613
7080 -429613
7110 -429613
7140 -429613
7170 -429613
7200 -429613
7230 -429613
7260 -428781
7290 -428781
7320 -428781
7350 -428781
7380 -428781
7410 -428781
7440 -428781
7470 -428781
7500 -428781
7530 -428781
7560 -428781
7590 -428781
7620 -428781
7650 -428781
7680 -428781
7710 -428781
7740 -428781
7770 -428407
7800 -428407
7830 -428407
7860 -428356
7890 -427228
7920 -427228
7950 -427228
7980 -427228
8010 -427228
8040 -427228
8070 -427228
8100 -427228
8130 -427228
8160 -427228
8190 -427228
8220 -427228
8250 -427228
8280 -427228
8310 -427228
8340 -427228
8370 -427228
8400 -427228
8430 -427228
8460 -427228
8490 -427228
8520 -427228
8550 -427228
8580 -427228
8610 -427228
8640 -427228
8670 -427228
8700 -427228
8730 -427228
8760 -427228
8790 -427228
8820 -427228
8850 -427228
8880 -427228
8910 -427228
8940 -427228
8970 -427228
9000 -427228
9030 -427228
9060 -427228
9090 -427228
9120 -427228
9150 -426145
9180 -426145
9210 -426145
9240 -426145
9270 -426145
9300 -426145
9330 -426145
9360 -426145
9390 -426145
9420 -426145
9450 -426145
9480 -426145
9510 -426145
9540 -426145
9570 -426145
9600 -426145
9630 -426145
9660 -426145
9690 -425884
9720 -425884
9750 -425333
9780 -425333
9810 -425333
9840 -425333
9870 -425333
9900 -425333
9930 -425333
9960 -425333
9990 -425129
10020 -425129
10050 -425129
10080 -425129
10110 -425129
10140 -425129
10170 -425129
10200 -425129
10230 -425129
10260 -425129
10290 -425129
10320 -425129
10350 -425129
10380 -425129
10410 -424707
10440 -424707
10470 -424707
10500 -424707
10530 -424707
10560 -424707
10590 -424707
10620 -424707
10650 -424707
10680 -424707
10710 -424707
10740 -424707
10770 -424312
10800 -424312
10830 -424312
10860 -424312
10890 -424312
10920 -424312
10950 -424312
10980 -424312
11010 -424312
11040 -424312
11070 -424312
11100 -424312
11130 -424312
11160 -424312
11190 -424312
11220 -424312
11250 -424312
11280 -424312
11310 -424312
11340 -424312
11370 -424312
11400 -424312
11430 -424312
11460 -424312
11490 -424312
11520 -424312
11550 -424312
11580 -424312
11610 -424312
11640 -423839
11670 -423839
11700 -423839
11730 -423839
11760 -423839
11790 -423839
11820 -423839
11850 -423839
11880 -423839
11910 -423839
11940 -423839
11970 -423550
12000 -423550
12030 -423550
12060 -423550
12090 -423308
12120 -423308
12150 -423308
12180 -423308
12210 -423308
12240 -423308
12270 -423308
12300 -423308
12330 -423308
12360 -423308
12390 -423308
12420 -423308
12450 -423308
12480 -423308
12510 -423308
12540 -423308
12570 -423308
12600 -423308
12630 -423308
12660 -423308
12690 -423308
12720 -423308
12750 -423308
12780 -423308
12810 -423308
12840 -423308
12870 -423308
12900 -423308
12930 -423308
12960 -423308
12990 -423308
13020 -423308
13050 -423308
13080 -423308
13110 -423308
13140 -423308
13170 -423308
13200 -423308
13230 -423308
13260 -423308
13290 -423308
13320 -423308
13350 -423163
13380 -422935
13410 -422935
13440 -422935
13470 -422935
13500 -422935
13530 -422935
13560 -422935
13590 -422935
13620 -422935
13650 -422935
13680 -422935
13710 -422935
13740 -422935
13770 -422935
13800 -422935
13830 -422935
13860 -422935
13890 -422935
13920 -422935
13950 -422935
13980 -422935
14010 -422935
14040 -422935
14070 -422935
14100 -422935
14130 -422935
14160 -422935
14190 -422935
14220 -422935
14250 -422935
14280 -422935
14310 -422935
14340 -422935
14370 -422935
14400 -422935
14430 -422935
14460 -422935
14490 -422935
14520 -422935
14550 -422935
14580 -422935
14610 -422935
14640 -422935
14670 -422935
14700 -422935
14730 -422935
14760 -422935
14790 -422935
14820 -422935
14850 -422935
14880 -422935
14910 -422935
14940 -422935
14970 -422935
15000 -422935
15030 -422935
15060 -422935
15090 -422935
15120 -422935
15150 -422330
15180 -420765
15210 -420765
15240 -420765
15270 -420765
15300 -420616
15330 -420616
15360 -420616
15390 -420616
15420 -420215
15450 -420215
15480 -420215
15510 -420215
15540 -420215
15570 -420215
15600 -420215
15630 -420215
15660 -420215
15690 -420215
15720 -420215
15750 -420078
15780 -420078
15810 -420078
15840 -420078
15870 -420078
15900 -420078
15930 -419833
15960 -419833
15990 -418395
16020 -418395
16050 -418395
16080 -418395
16110 -418395
16140 -418395
16170 -418395
16200 -418395
16230 -418395
16260 -418395
16290 -418395
16320 -418395
16350 -418395
16380 -418395
16410 -418269
16440 -418269
16470 -418269
16500 -418269
16530 -418269
16560 -418269
16590 -418269
16620 -418269
16650 -418269
16680 -418269
16710 -418269
16740 -418269
16770 -418269
16800 -418269
16830 -418269
16860 -418269
16890 -418269
16920 -418269
16950 -418269
16980 -418269
17010 -418269
17040 -418269
17070 -418269
17100 -418269
17130 -418269
17160 -418269
17190 -418269
17220 -418269
17250 -418269
17280 -418269
17310 -418269
17340 -418269
17370 -418269
17400 -418269
17430 -418269
17460 -418269
17490 -418269
17520 -418269
17550 -418269
17580 -418269
17610 -418269
17640 -418269
17670 -418269
17700 -418269
17730 -418269
17760 -418269
17790 -418269
17820 -418269
17850 -418269
17880 -418269
17910 -418269
17940 -418269
17970 -418269
18000 -418269
18030 -418201
18060 -418201
18090 -417798
18120 -417798
18150 -417798
18180 -417507
18210 -417507
18240 -417507
18270 -417507
18300 -417507
18330 -417507
18360 -417507
18390 -417507
18420 -417507
18450 -417507
18480 -417507
18510 -417507
18540 -417507
18570 -417507
18600 -417507
18630 -417507
18660 -417507
18690 -417507
18720 -417507
18750 -417507
18780 -417507
18810 -417507
18840 -417507
18870 -417507
18900 -417507
18930 -417507
18960 -417507
18990 -417507
19020 -417507
19050 -417507
19080 -417507
19110 -417507
19140 -417507
19170 -417507
19200 -417507
19230 -417507
19260 -417507
19290 -417507
19320 -417507
19350 -417507
19380 -417507
19410 -417507
19440 -417507
19470 -417507
19500 -417507
19530 -417507
19560 -417507
19590 -417507
19620 -417507
19650 -417507
19680 -417507
19710 -417507
19740 -417507
19770 -417507
19800 -417507
19830 -417507
19860 -417507
19890 -417507
19920 -417507
19950 -417507
19980 -417507
20010 -417507
20040 -417507
20070 -417507
20100 -417507
20130 -417503
20160 -417503
20190 -417503
20220 -417503
20250 -417503
20280 -417503
20310 -417503
20340 -417503
20370 -417503
20400 -417503
20430 -417503
20460 -417503
20490 -417503
20520 -417503
20550 -417503
20580 -417503
20610 -417503
20640 -417503
20670 -417503
20700 -417503
20730 -417503
20760 -417503
20790 -417503
20820 -417503
20850 -417503
20880 -417503
20910 -417503
20940 -417503
20970 -417503
21000 -417503
21030 -417503
21060 -417503
21090 -417503
21120 -417503
21150 -417503
21180 -417503
21210 -417503
21240 -417503
21270 -417503
21300 -417503
21330 -417503
21360 -417503
21390 -417503
21420 -417503
21450 -417503
21480 -417503
21510 -417503
21540 -417503
21570 -417247
21600 -417247
21630 -417247
21660 -417247
21690 -417247
21720 -417247
21750 -417247
21780 -416712
21810 -416712
21840 -416712
21870 -416712
21900 -416712
21930 -416712
21960 -416712
21990 -416712
22020 -416712
22050 -416712
22080 -416712
22110 -416712
22140 -416712
22170 -416712
22200 -416712
22230 -416712
22260 -416712
22290 -416712
22320 -416712
22350 -416712
22380 -416712
22410 -416712
22440 -416712
22470 -416712
22500 -416712
22530 -416712
22560 -416712
22590 -416712
22620 -416712
22650 -416712
22680 -416712
22710 -416712
22740 -416712
22770 -416712
22800 -416712
22830 -416712
22860 -416712
22890 -416712
22920 -416712
22950 -416712
22980 -416712
23010 -416712
23040 -416712
23070 -416712
23100 -416712
23130 -416712
23160 -416712
23190 -416712
23220 -416712
23250 -416712
23280 -416712
23310 -416712
23340 -416712
23370 -416712
23400 -416712
23430 -416712
23460 -416712
23490 -416712
23520 -416712
23550 -416712
23580 -416712
23610 -416712
23640 -416712
23670 -416284
23700 -416284
23730 -416284
23760 -416284
23790 -416284
23820 -416284
23850 -416284
23880 -416284
23910 -416284
23940 -416284
23970 -416284
24000 -416284
24030 -416284
24060 -416284
24090 -416284
24120 -416284
24150 -416284
24180 -416284
24210 -416284
24240 -416284
24270 -416284
24300 -416284
24330 -416284
24360 -416284
24390 -416284
24420 -416284
24450 -416284
24480 -416284
24510 -416284
24540 -416284
24570 -416284
24600 -416284
24630 -416284
24660 -416284
24690 -416284
24720 -416284
24750 -416284
24780 -416269
24810 -416269
24840 -416269
24870 -416269
24900 -416269
24930 -416269
24960 -416269
24990 -416269
25020 -416269
25050 -416269
25080 -416269
25110 -416269
25140 -416269
25170 -416269
25200 -416269
25230 -416269
25260 -416269
25290 -416269
25320 -416269
25350 -416269
25380 -416269
25410 -416269
25440 -416269
25470 -416269
25500 -416269
25530 -416269
25560 -416269
25590 -416269
25620 -416269
25650 -416269
25680 -416269
25710 -416269
25740 -416269
25770 -416269
25800 -416269
25830 -416269
25860 -416269
25890 -416269
25920 -416269
25950 -416269
25980 -416269
26010 -416269
26040 -416269
26070 -416269
26100 -416269
26130 -416269
26160 -416269
26190 -416269
26220 -416269
26250 -416269
26280 -416269
26310 -416269
26340 -416269
26370 -416269
26400 -416269
26430 -416269
26460 -416269
26490 -416269
26520 -416269
26550 -416269
26580 -416269
26610 -416269
26640 -416269
26670 -416269
26700 -416269
26730 -416269
26760 -416269
26790 -416269
26820 -416269
26850 -416269
26880 -416269
26910 -416269
26940 -416269
26970 -416269
27000 -416269
27030 -416269
27060 -416269
27090 -416269
27120 -416269
27150 -416269
27180 -416269
27210 -416269
27240 -416269
27270 -416269
27300 -416269
27330 -416269
27360 -416269
27390 -416260
27420 -416260
27450 -416260
27480 -416260
27510 -416260
27540 -416260
27570 -416260
27600 -416260
27630 -416260
27660 -416260
27690 -416260
27720 -416260
27750 -416260
27780 -416260
27810 -416260
27840 -416260
27870 -416260
27900 -416260
27930 -416260
27960 -416260
27990 -416260
28020 -416260
28050 -416260
28080 -416260
28110 -416260
28140 -416260
28170 -416260
28200 -416260
28230 -416260
28260 -416260
28290 -416260
28320 -416260
28350 -416260
28380 -416260
28410 -416260
28440 -416260
28470 -416260
28500 -416260
28530 -416260
28560 -416260
28590 -416260
28620 -416260
28650 -416260
28680 -416260
28710 -416260
28740 -416260
28770 -416260
28800 -416260
28830 -416260
28860 -416260
28890 -416260
28920 -416260
28950 -416260
28980 -416260
29010 -416260
29040 -415935
29070 -415935
29100 -415935
29130 -415935
29160 -415935
29190 -415935
29220 -415935
29250 -415935
29280 -415932
29310 -415932
29340 -415932
29370 -415932
29400 -415932
29430 -415932
29460 -415932
29490 -415932
29520 -415932
29550 -415932
29580 -415932
29610 -415932
29640 -415932
29670 -415932
29700 -415932
29730 -415932
29760 -415932
29790 -415932
29820 -415932
29850 -415932
29880 -415932
29910 -415932
29940 -415932
29970 -415932
30000 -415932
30030 -415932
30060 -415932
30090 -415932
30120 -415932
30150 -415932
30180 -415932
30210 -415932
30240 -415932
30270 -415932
30300 -415932
30330 -415932
30360 -415932
30390 -415932
30420 -415932
30450 -415932
30480 -415932
30510 -415932
30540 -415932
30570 -415932
30600 -415932
30630 -415932
30660 -415932
30690 -415932
30720 -415932
30750 -415932
30780 -415932
30810 -415932
30840 -415932
30870 -415932
30900 -415932
30930 -415932
30960 -415932
30990 -415932
31020 -415932
31050 -415932
31080 -415932
31110 -415932
31140 -415932
31170 -415932
31200 -415932
31230 -415932
31260 -415932
31290 -415932
31320 -415932
31350 -415932
31380 -415932
31410 -415932
31440 -415932
31470 -415932
31500 -415932
31530 -415932
31560 -415932
31590 -415932
31620 -415932
31650 -415932
31680 -415932
31710 -415932
31740 -415932
31770 -415932
31800 -415932
31830 -415651
31860 -415651
31890 -415651
31920 -415651
31950 -415651
31980 -415651
32010 -414647
32040 -414647
32070 -414647
32100 -414647
32130 -414647
32160 -414647
32190 -414647
32220 -414647
32250 -414647
32280 -414647
32310 -414647
32340 -414647
32370 -414647
32400 -414647
32430 -414647
32460 -414647
32490 -414647
32520 -414647
32550 -414647
32580 -414647
32610 -414647
32640 -414647
32670 -414647
32700 -414647
32730 -414647
32760 -414647
32790 -414647
32820 -414647
32850 -414647
32880 -414647
32910 -414647
32940 -414647
32970 -414647
33000 -414647
33030 -414647
33060 -414647
33090 -414647
33120 -414647
33150 -414647
33180 -414647
33210 -414647
33240 -414647
33270 -414647
33300 -414647
33330 -414647
33360 -414647
33390 -414647
33420 -414647
33450 -414647
33480 -414647
33510 -414647
33540 -414647
33570 -414647
33600 -414647
33630 -414647
33660 -414647
33690 -414647
33720 -414647
33750 -414647
33780 -414647
33810 -414647
33840 -414647
33870 -414647
33900 -414647
33930 -414647
33960 -414647
33990 -414647
34020 -414647
34050 -414647
34080 -414647
34110 -414647
34140 -414647
34170 -414647
34200 -414647
34230 -414647
34260 -414647
34290 -414647
34320 -414647
34350 -414647
34380 -414647
34410 -414647
34440 -414647
34470 -414647
34500 -414647
34530 -414647
34560 -414647
34590 -414647
34620 -414647
34650 -414647
34680 -414647
34710 -414647
34740 -414647
34770 -414647
34800 -414647
34830 -414647
34860 -414647
34890 -414647
34920 -414647
34950 -414647
34980 -414647
35010 -414647
35040 -414647
35070 -414647
35100 -414647
35130 -414647
35160 -414647
35190 -414647
35220 -414647
35250 -414647
35280 -414647
35310 -414647
35340 -414647
35370 -414647
35400 -414647
35430 -414647
35460 -414647
35490 -414647
35520 -414647
35550 -414647
35580 -414647
35610 -414647
35640 -414647
35670 -414647
35700 -414647
35730 -414647
35760 -414647
35790 -414647
35820 -414647
35850 -414647
35880 -414647
35910 -414647
35940 -414647
35970 -414647
36000 -414647
36030 -414647
36060 -414647
36090 -414647
36120 -414647
36150 -414647
36180 -414647
36210 -414647
36240 -414647
36270 -414647
36300 -414647
36330 -414647
36360 -414647
36390 -414325
36420 -414325
36450 -414325
36480 -414325
36510 -414325
36540 -414325
36570 -414325
36600 -414325
36630 -414325
36660 -414325
36690 -414325
36720 -414325
36750 -414325
36780 -414325
36810 -414325
36840 -414325
36870 -414325
36900 -414325
36930 -414325
36960 -414267
36990 -414267
37020 -414267
37050 -414267
37080 -414267
37110 -414267
37140 -414267
37170 -414267
37200 -414267
37230 -414267
37260 -414267
37290 -414267
37320 -414267
37350 -414267
37380 -414267
37410 -414267
37440 -414267
37470 -414267
37500 -414267
37530 -414267
37560 -414267
37590 -414267
37620 -414267
37650 -414267
37680 -414267
37710 -414267
37740 -414267
37770 -414267
37800 -414267
37830 -414267
37860 -414267
37890 -414267
37920 -414267
37950 -414267
37980 -414169
38010 -414169
38040 -414169
38070 -414169
38100 -414169
38130 -414169
38160 -414169
38190 -414169
38220 -414169
38250 -414169
38280 -414169
38310 -414169
38340 -414169
38370 -414169
38400 -414169
38430 -414169
38460 -414169
38490 -414169
38520 -414169
38550 -414169
38580 -414169
38610 -414169
38640 -414169
38670 -414169
38700 -414169
38730 -414169
38760 -414169
38790 -414169
38820 -414169
38850 -414169
38880 -414169
38910 -414169
38940 -414169
38970 -414169
39000 -414169
39030 -414169
39060 -414169
39090 -414169
39120 -414169
39150 -414169
39180 -414169
39210 -414169
39240 -414169
39270 -414169
39300 -414169
39330 -414169
39360 -414169
39390 -414169
39420 -414169
39450 -414169
39480 -414169
39510 -414169
39540 -414169
39570 -414169
39600 -414169
39630 -414169
39660 -414169
39690 -414169
39720 -414169
39750 -414169
39780 -414169
39810 -414169
39840 -414169
39870 -414169
39900 -414169
39930 -414169
39960 -414169
39990 -414169
40020 -414169
40050 -414169
40080 -414169
40110 -414169
40140 -414169
40170 -414169
40200 -414169
40230 -414169
40260 -414169
40290 -414148
40320 -414148
40350 -414148
40380 -414148
40410 -414148
40440 -414148
40470 -414148
40500 -414148
40530 -414148
40560 -414148
40590 -414148
40620 -414148
40650 -414148
40680 -414148
40710 -414148
40740 -414148
40770 -414148
40800 -414148
40830 -414148
40860 -414148
40890 -414148
40920 -414148
40950 -414148
40980 -414148
41010 -414148
41040 -414148
41070 -414148
41100 -414148
41130 -414022
41160 -414022
41190 -414022
41220 -414022
41250 -414022
41280 -414022
41310 -414022
41340 -414022
41370 -414022
41400 -414022
41430 -414022
41460 -414022
41490 -414022
41520 -414022
41550 -414022
41580 -414022
41610 -414022
41640 -414022
41670 -414022
41700 -414022
41730 -414022
41760 -414022
41790 -414022
41820 -414022
41850 -414022
41880 -414022
41910 -414022
41940 -414022
41970 -414022
42000 -414022
42030 -414022
42060 -414022
42090 -414022
42120 -414022
42150 -414022
42180 -414022
42210 -414022
42240 -414022
42270 -414022
42300 -414022
42330 -414022
42360 -414022
42390 -414022
42420 -414022
42450 -414022
42480 -414022
42510 -414022
42540 -414022
42570 -414022
42600 -414022
42630 -414022
42660 -413978
42690 -413978
42720 -413978
42750 -413978
42780 -413978
42810 -413978
42840 -413978
42870 -413978
42900 -413978
42930 -413978
42960 -413978
42990 -413978
43020 -413978
43050 -413978
43080 -413978
43110 -413978
43140 -413978
43170 -413978
43200 -413978
43230 -413978
43260 -413978
43290 -413978
43320 -413978
43350 -413978
43380 -413978
43410 -413978
43440 -413978
43470 -413978
43500 -413978
43530 -413978
43560 -413978
43590 -413978
43620 -413978
43650 -413978
43680 -413978
43710 -413978
43740 -413978
43770 -413978
43800 -413978
43830 -413978
43860 -413978
43890 -413978
43920 -413978
43950 -413978
43980 -413978
44010 -413978
44040 -413978
44070 -413978
44100 -413978
44130 -413978
44160 -413978
44190 -413978
44220 -413978
44250 -413978
44280 -413978
44310 -413978
44340 -413978
44370 -413978
44400 -413978
44430 -413978
44460 -413978
44490 -413978
44520 -413978
44550 -413978
44580 -413978
44610 -413978
44640 -413978
44670 -413978
44700 -413978
44730 -413978
44760 -413978
44790 -413978
44820 -413978
44850 -413978
44880 -413978
44910 -413978
44940 -413978
44970 -413978
45000 -413978
45030 -413978
45060 -413978
45090 -413978
45120 -413970
45150 -413970
45180 -413970
45210 -413970
45240 -413970
45270 -413970
45300 -413970
45330 -413970
45360 -413970
45390 -413970
45420 -413970
45450 -413970
45480 -413970
45510 -413970
45540 -413970
45570 -413970
45600 -413970
45630 -413970
45660 -413970
45690 -413970
45720 -413970
45750 -413970
45780 -413970
45810 -413970
45840 -413970
45870 -413970
45900 -413970
45930 -413970
45960 -413970
45990 -413970
46020 -413970
46050 -413970
46080 -413970
46110 -413970
46140 -413970
46170 -413970
46200 -413970
46230 -413970
46260 -413970
46290 -413970
46320 -413970
46350 -413970
46380 -413970
46410 -413970
46440 -413970
46470 -413970
46500 -413970
46530 -413970
46560 -413970
46590 -413970
46620 -413970
46650 -413970
46680 -413970
46710 -413970
46740 -413970
46770 -413970
46800 -413970
46830 -413970
46860 -413970
46890 -413970
46920 -413970
46950 -413970
46980 -413970
47010 -413970
47040 -413970
47070 -413970
47100 -413970
47130 -413970
47160 -413970
47190 -413970
47220 -413970
47250 -413970
47280 -413970
47310 -413970
47340 -413918
47370 -413918
47400 -413918
47430 -413918
47460 -413918
47490 -413918
47520 -413918
47550 -413918
47580 -413918
47610 -413918
47640 -413918
47670 -413918
47700 -413918
47730 -413918
47760 -413918
47790 -413918
47820 -413918
47850 -413918
47880 -413918
47910 -413918
47940 -413918
47970 -413918
48000 -413918
48030 -413918
48060 -413918
48090 -413918
48120 -413918
48150 -413918
48180 -413918
48210 -413918
48240 -413918
48270 -413918
48300 -413918
48330 -413918
48360 -413918
48390 -413918
48420 -413918
48450 -413918
48480 -413918
48510 -413918
48540 -413918
48570 -413918
48600 -413918
48630 -413918
48660 -413918
48690 -413918
48720 -413918
48750 -413918
48780 -413918
48810 -413918
48840 -413918
48870 -413918
48900 -413918
48930 -413918
48960 -413918
48990 -413918
49020 -413918
49050 -413918
49080 -413918
49110 -413918
49140 -413918
49170 -413918
49200 -413918
49230 -413918
49260 -413918
49290 -413918
49320 -413918
49350 -413918
49380 -413918
49410 -413918
49440 -413918
49470 -413918
49500 -413918
49530 -413918
49560 -413918
49590 -413918
49620 -413918
49650 -413918
49680 -413918
49710 -413918
49740 -413918
49770 -413918
49800 -413918
49830 -413918
49860 -413918
49890 -413918
49920 -413918
49950 -413918
49980 -413918
50010 -413918
50040 -413918
50070 -413918
50100 -413611
50130 -413611
50160 -413611
50190 -413611
50220 -413611
50250 -413611
50280 -413611
50310 -413611
50340 -413611
50370 -413611
50400 -413611
50430 -413611
50460 -413611
50490 -413611
50520 -413611
50550 -413611
50580 -413611
50610 -413611
50640 -413611
50670 -413611
50700 -413611
50730 -413234
50760 -413234
50790 -413234
50820 -413234
50850 -413234
50880 -413234
50910 -413234
50940 -413234
50970 -413234
51000 -413234
51030 -413234
51060 -413234
51090 -413234
51120 -413234
51150 -413234
51180 -413234
51210 -413234
51240 -413234
51270 -413234
51300 -413234
51330 -413234
51360 -413234
51390 -413234
51420 -413234
51450 -413234
51480 -413234
51510 -413234
51540 -413234
51570 -413234
51600 -413234
51630 -413234
51660 -413234
51690 -413234
51720 -413234
51750 -413234
51780 -413234
51810 -413234
51840 -413234
51870 -413234
51900 -413234
51930 -413234
51960 -413234
51990 -413234
52020 -413234
52050 -413180
52080 -413180
52110 -413180
52140 -413180
52170 -413108
52200 -413108
52230 -413108
52260 -413108
52290 -413108
52320 -413108
52350 -413108
52380 -413108
52410 -413108
52440 -413047
52470 -413047
52500 -413047
52530 -413047
52560 -413047
52590 -413047
52620 -413047
52650 -413047
52680 -413047
52710 -413047
52740 -413047
52770 -413047
52800 -413047
52830 -413047
52860 -413047
52890 -413047
52920 -413047
52950 -413047
52980 -413047
53010 -413047
53040 -413047
53070 -413047
53100 -413047
53130 -413047
53160 -413047
53190 -413047
53220 -413047
53250 -413047
53280 -413047
53310 -413047
53340 -413047
53370 -413047
53400 -413047
53430 -413047
53460 -413047
53490 -413047
53520 -413047
53550 -413047
53580 -413047
53610 -413047
53640 -412879
53670 -412879
53700 -412879
53730 -412879
53760 -412320
53790 -412320
53820 -412320
53850 -412320
53880 -412320
53910 -412320
53940 -412320
53970 -412320
54000 -412320
54030 -412320
54060 -412320
54090 -412320
54120 -412320
54150 -412320
54180 -412320
54210 -412320
54240 -412320
54270 -412320
54300 -412320
54330 -412320
54360 -412320
54390 -412320
54420 -412320
54450 -412320
54480 -412320
54510 -412320
54540 -412320
54570 -412320
54600 -412320
54630 -412320
54660 -412320
54690 -412320
54720 -412320
54750 -412320
54780 -412320
54810 -412320
54840 -412320
54870 -412320
54900 -412320
54930 -412320
54960 -412320
54990 -412320
55020 -412320
55050 -412320
55080 -412320
55110 -412320
55140 -412320
55170 -412320
55200 -412320
55230 -412320
55260 -412320
55290 -412320
55320 -412320
55350 -412320
55380 -412320
55410 -412320
55440 -412320
55470 -412320
55500 -412320
55530 -412320
55560 -412320
55590 -412320
55620 -412320
55650 -412320
55680 -412320
55710 -412320
55740 -412320
55770 -412320
55800 -412320
55830 -412320
55860 -412320
55890 -412320
55920 -412320
55950 -412320
55980 -412320
56010 -412320
56040 -412320
56070 -412320
56100 -412320
56130 -412320
56160 -412320
56190 -412320
56220 -412320
56250 -412320
56280 -412320
56310 -412320
56340 -412320
56370 -412320
56400 -412320
56430 -412320
56460 -412320
56490 -412320
56520 -412320
56550 -412320
56580 -412320
56610 -412320
56640 -412320
56670 -412320
56700 -412320
56730 -412320
56760 -412320
56790 -412320
56820 -412320
56850 -412320
56880 -412320
56910 -412320
56940 -412320
56970 -412320
57000 -412320
57030 -412320
57060 -412320
57090 -412320
57120 -412320
57150 -412320
57180 -412320
57210 -412320
57240 -412320
57270 -412320
57300 -412320
57330 -412320
57360 -412320
57390 -412320
57420 -412320
57450 -412320
57480 -412320
57510 -412320
57540 -412320
57570 -412320
57600 -412320
57630 -412320
57660 -412320
57690 -412320
57720 -412320
57750 -412320
57780 -412320
57810 -412320
57840 -412320
57870 -412320
57900 -412320
57930 -412320
57960 -412320
57990 -412320
58020 -412320
58050 -412320
58080 -412320
58110 -412320
58140 -412320
58170 -412320
58200 -412320
58230 -412320
58260 -412320
58290 -412320
58320 -412320
58350 -412320
58380 -412320
58410 -412320
58440 -412320
58470 -412320
58500 -412320
58530 -412320
58560 -412320
58590 -412320
58620 -412320
58650 -412320
58680 -412320
58710 -412320
58740 -412320
58770 -412320
58800 -412320
58830 -412320
58860 -412320
58890 -412057
58920 -412057
58950 -412057
58980 -412057
59010 -412057
59040 -412057
59070 -412057
59100 -412057
59130 -412057
59160 -412057
59190 -412057
59220 -412057
59250 -412057
59280 -412057
59310 -412057
59340 -412057
59370 -412057
59400 -412057
59430 -412057
59460 -412057
59490 -412057
59520 -412057
59550 -412057
59580 -412057
59610 -412057
59640 -412057
59670 -412057
59700 -412057
59730 -412057
59760 -412057
59790 -412057
59820 -412057
59850 -412057
59880 -412057
59910 -412057
59940 -412057
59970 -412057
60000 -412057
60030 -412057
60060 -412057
60090 -412057
60120 -412057
60150 -412057
60180 -412057
60210 -412057
60240 -412057
60270 -412057
60300 -412057
60330 -412057
60360 -412057
60390 -412057
60420 -412057
60450 -412057
60480 -412057
60510 -412057
60540 -412057
60570 -412057
60600 -412057
60630 -412057
60660 -412057
60690 -412057
60720 -412057
60750 -412057
60780 -412057
60810 -412057
60840 -412057
60870 -412057
60900 -412057
60930 -412057
60960 -412057
60990 -412057
61020 -412057
61050 -412057
61080 -412057
61110 -412057
61140 -412057
61170 -412057
61200 -412057
61230 -412057
61260 -412057
61290 -412057
61320 -412057
61350 -412057
61380 -412057
61410 -412057
61440 -412057
61470 -412057
61500 -412057
61530 -412057
61560 -412057
61590 -412057
61620 -412057
61650 -412057
61680 -412057
61710 -412057
61740 -412057
61770 -412057
61800 -412057
61830 -412057
61860 -412057
61890 -412057
61920 -412057
61950 -412057
61980 -412057
62010 -412057
62040 -412057
62070 -412057
62100 -412057
62130 -412057
62160 -412057
62190 -412057
62220 -412057
62250 -412057
62280 -412057
62310 -412057
62340 -412057
62370 -412057
62400 -412057
62430 -412057
62460 -412057
62490 -412057
62520 -412057
62550 -412057
62580 -412057
62610 -412057
62640 -412057
62670 -412057
62700 -412057
62730 -412057
62760 -412057
62790 -412057
62820 -412057
62850 -412057
62880 -412057
62910 -412057
62940 -412057
62970 -412057
63000 -412057
63030 -412057
63060 -412057
63090 -412057
63120 -412057
63150 -412057
63180 -412057
63210 -412057
63240 -412057
63270 -412057
63300 -412057
63330 -412057
63360 -412057
63390 -412057
63420 -412057
63450 -412057
63480 -412057
63510 -412057
63540 -412057
63570 -412057
63600 -412057
63630 -412057
63660 -412057
63690 -412057
63720 -412057
63750 -412057
63780 -412057
63810 -412057
63840 -412057
63870 -412057
63900 -412057
63930 -412057
63960 -412057
63990 -412057
64020 -412057
64050 -412057
64080 -412057
64110 -412057
64140 -412057
64170 -412057
64200 -412057
64230 -412057
64260 -412057
64290 -412057
64320 -412057
64350 -412057
64380 -412057
64410 -412057
64440 -412057
64470 -412057
64500 -412057
64530 -412057
64560 -412057
64590 -412057
64620 -412057
64650 -412057
64680 -412057
64710 -412057
64740 -412057
64770 -412057
64800 -412057
64830 -412057
64860 -412057
64890 -412057
64920 -412057
64950 -412057
64980 -412057
65010 -412057
65040 -412057
65070 -412057
65100 -412057
65130 -412057
65160 -412057
65190 -412057
65220 -412057
65250 -412057
65280 -412057
65310 -412057
65340 -412057
65370 -412057
65400 -412057
65430 -412057
65460 -412057
65490 -412057
65520 -412057
65550 -412057
65580 -412057
65610 -412057
65640 -412057
65670 -412057
65700 -412057
65730 -412057
65760 -412057
65790 -412057
65820 -412057
65850 -412057
65880 -411847
65910 -411847
65940 -411847
65970 -411847
66000 -411847
66030 -411847
66060 -411847
66090 -411847
66120 -411847
66150 -411847
66180 -411847
66210 -411847
66240 -411847
66270 -411847
66300 -411847
66330 -411847
66360 -411847
66390 -411847
66420 -411847
66450 -411847
66480 -411847
66510 -411847
66540 -411847
66570 -411847
66600 -411847
66630 -411847
66660 -411847
66690 -411847
66720 -411847
66750 -411847
66780 -411847
66810 -411847
66840 -411847
66870 -411847
66900 -411847
66930 -411847
66960 -411847
66990 -411847
67020 -411847
67050 -411847
67080 -411847
67110 -411847
67140 -411847
67170 -411847
67200 -411847
67230 -411847
67260 -411847
67290 -411847
67320 -411847
67350 -411847
67380 -411847
67410 -411847
67440 -411847
67470 -411847
67500 -411847
67530 -411847
67560 -411847
67590 -411847
67620 -411847
67650 -411847
67680 -411847
67710 -411847
67740 -411847
67770 -411847
67800 -411847
67830 -411847
67860 -411847
67890 -411847
67920 -411847
67950 -411847
67980 -411847
68010 -411847
68040 -411847
68070 -411847
68100 -411847
68130 -411847
68160 -411847
68190 -411847
68220 -411847
68250 -411847
68280 -411847
68310 -411847
68340 -411847
68370 -411847
68400 -411847
68430 -411847
68460 -411847
68490 -411847
68520 -411847
68550 -411847
68580 -411847
68610 -411847
68640 -411847
68670 -411847
68700 -411847
68730 -411847
68760 -411847
68790 -411847
68820 -411847
68850 -411847
68880 -411847
68910 -411847
68940 -411847
68970 -411847
69000 -411847
69030 -411847
69060 -411847
69090 -411847
69120 -411847
69150 -411847
69180 -411847
69210 -411847
69240 -411847
69270 -411847
69300 -411847
69330 -411847
69360 -411847
69390 -411847
69420 -411847
69450 -411847
69480 -411847
69510 -411847
69540 -411847
69570 -411847
69600 -411847
69630 -411847
69660 -411847
69690 -411847
69720 -411847
69750 -411847
69780 -411847
69810 -411847
69840 -411847
69870 -411847
69900 -411847
69930 -411847
69960 -411847
69990 -411847
70020 -411847
70050 -411847
70080 -411847
70110 -411847
70140 -411847
70170 -411847
70200 -411847
70230 -411847
70260 -411847
70290 -411847
70320 -411847
70350 -411847
70380 -411847
70410 -411847
70440 -411847
70470 -411847
70500 -411847
70530 -411847
70560 -411847
70590 -411847
70620 -411847
70650 -411847
70680 -411847
70710 -411847
70740 -411847
70770 -411847
70800 -411847
70830 -411847
70860 -411847
70890 -411847
70920 -411847
70950 -411847
70980 -411847
71010 -411847
71040 -411847
71070 -411847
71100 -411847
71130 -411847
71160 -411847
71190 -411847
71220 -411847
71250 -411847
71280 -411847
71310 -411847
71340 -411847
71370 -411847
71400 -411847
71430 -411847
71460 -411847
71490 -411847
71520 -411847
71550 -411847
71580 -411847
71610 -411847
71640 -411847
71670 -411847
71700 -411847
71730 -411847
71760 -411847
71790 -411847
71820 -411847
71850 -411847
71880 -411847
71910 -411847
