60 -379004
90 -379004
120 -376348
150 -376348
180 -373899
210 -373899
240 -373899
270 -373899
300 -372502
330 -372306
360 -372158
390 -370480
420 -369654
450 -368624
480 -367215
510 -366970
540 -366970
570 -366970
600 -366970
630 -366815
660 -366815
690 -366815
720 -366815
750 -366815
780 -365698
810 -365698
840 -365698
870 -365698
900 -365698
930 -365698
960 -364958
990 -364958
1020 -364958
1050 -364958
1080 -364958
1110 -364958
1140 -364958
1170 -364187
1200 -364187
1230 -364187
1260 -364187
1290 -363900
1320 -362608
1350 -362608
1380 -362608
1410 -362608
1440 -362608
1470 -362608
1500 -362608
1530 -362050
1560 -362050
1590 -361657
1620 -361657
1650 -361657
1680 -361657
1710 -361657
1740 -361657
1770 -361657
1800 -361657
1830 -361657
1860 -361562
1890 -361562
1920 -361562
1950 -361562
1980 -360925
2010 -358156
2040 -358156
2070 -357818
2100 -357058
2130 -357058
2160 -357058
2190 -357058
2220 -356969
2250 -356969
2280 -356969
2310 -356969
2340 -356969
2370 -356969
2400 -356969
2430 -356969
2460 -356969
2490 -356969
2520 -356969
2550 -356969
2580 -356969
2610 -356969
2640 -356969
2670 -356969
2700 -356969
2730 -356777
2760 -356777
2790 -356777
2820 -356777
2850 -356123
2880 -356123
2910 -356123
2940 -354432
2970 -354432
3000 -354432
3030 -354432
3060 -354432
3090 -354432
3120 -354432
3150 -354432
3180 -354432
3210 -354207
3240 -354207
3270 -354207
3300 -354207
3330 -354207
3360 -354207
3390 -354063
3420 -354063
3450 -354063
3480 -353999
3510 -353999
3540 -353999
3570 -353999
3600 -353999
3630 -353999
3660 -353306
3690 -353306
3720 -353306
3750 -353306
3780 -353306
3810 -353306
3840 -353306
3870 -352354
3900 -352354
3930 -352354
3960 -352354
3990 -352354
4020 -352354
4050 -352354
4080 -352354
4110 -352354
4140 -352313
4170 -352313
4200 -352313
4230 -352313
4260 -352313
4290 -352313
4320 -352313
4350 -352313
4380 -352313
4410 -352313
4440 -352313
4470 -352313
4500 -352313
4530 -352313
4560 -352313
4590 -352313
4620 -352267
4650 -352267
4680 -350505
4710 -350505
4740 -350505
4770 -350505
4800 -350505
4830 -350505
4860 -350505
4890 -350505
4920 -350505
4950 -350505
4980 -350505
5010 -350505
5040 -350505
5070 -350505
5100 -350505
5130 -350505
5160 -350505
5190 -350505
5220 -350505
5250 -350505
5280 -350505
5310 -350505
5340 -350505
5370 -350505
5400 -350193
5430 -350193
5460 -350193
5490 -350193
5520 -350193
5550 -350193
5580 -350193
5610 -350193
5640 -350193
5670 -350193
5700 -350193
5730 -350193
5760 -350193
5790 -350065
5820 -350065
5850 -350065
5880 -350065
5910 -350065
5940 -350065
5970 -350065
6000 -350065
6030 -350065
6060 -350065
6090 -350065
6120 -350065
6150 -350065
6180 -350065
6210 -350065
6240 -349811
6270 -349811
6300 -349811
6330 -349811
6360 -349811
6390 -349811
6420 -349811
6450 -349811
6480 -349811
6510 -349811
6540 -349811
6570 -349811
6600 -349811
6630 -347982
6660 -347913
6690 -347471
6720 -347471
6750 -347471
6780 -347471
6810 -347471
6840 -347471
6870 -347471
6900 -347471
6930 -347471
6960 -347471
6990 -347471
7020 -347471
7050 -347471
7080 -347471
7110 -347471
7140 -347471
7170 -347471
7200 -347471
7230 -347471
7260 -347471
7290 -347471
7320 -347471
7350 -347471
7380 -347291
7410 -347291
7440 -347291
7470 -347291
7500 -347291
7530 -347291
7560 -347291
7590 -347209
7620 -347209
7650 -347209
7680 -347209
7710 -347209
7740 -347209
7770 -347209
7800 -347209
7830 -347209
7860 -347209
7890 -347209
7920 -347209
7950 -347209
7980 -347209
8010 -347209
8040 -347209
8070 -347209
8100 -347209
8130 -347209
8160 -347209
8190 -346973
8220 -346973
8250 -346973
8280 -346973
8310 -346852
8340 -346852
8370 -346852
8400 -346751
8430 -346751
8460 -346751
8490 -346751
8520 -346751
8550 -346751
8580 -346679
8610 -346679
8640 -346679
8670 -346679
8700 -346679
8730 -346679
8760 -346679
8790 -346679
8820 -346679
8850 -346679
8880 -346679
8910 -346679
8940 -346679
8970 -346679
9000 -346679
9030 -346679
9060 -346679
9090 -346679
9120 -346679
9150 -346679
9180 -346497
9210 -346497
9240 -346497
9270 -346497
9300 -346497
9330 -346497
9360 -346497
9390 -346497
9420 -346497
9450 -346497
9480 -346497
9510 -346497
9540 -346497
9570 -346497
9600 -346497
9630 -346497
9660 -346497
9690 -346497
9720 -346497
9750 -346497
9780 -346497
9810 -346497
9840 -346497
9870 -346497
9900 -346497
9930 -346497
9960 -346497
9990 -346446
10020 -346446
10050 -346446
10080 -346446
10110 -346446
10140 -346446
10170 -346446
10200 -345881
10230 -345881
10260 -345881
10290 -345881
10320 -345881
10350 -345881
10380 -345881
10410 -345881
10440 -345881
10470 -345881
10500 -345881
10530 -345881
10560 -345881
10590 -345881
10620 -345881
10650 -345881
10680 -345881
10710 -345881
10740 -345881
10770 -345881
10800 -344992
10830 -344992
10860 -344992
10890 -344992
10920 -344992
10950 -344992
10980 -344992
11010 -344992
11040 -344739
11070 -344739
11100 -344739
11130 -344739
11160 -344739
11190 -344739
11220 -344739
11250 -344739
11280 -344739
11310 -344739
11340 -344739
11370 -344550
11400 -344550
11430 -344550
11460 -343277
11490 -343277
11520 -343277
11550 -343277
11580 -342752
11610 -342752
11640 -342752
11670 -342752
11700 -342752
11730 -342752
11760 -342752
11790 -342752
11820 -342752
11850 -342752
11880 -342752
11910 -342752
11940 -342752
11970 -342752
12000 -342752
12030 -342752
12060 -342752
12090 -342752
12120 -342752
12150 -342752
12180 -342752
12210 -342752
12240 -342752
12270 -342752
12300 -342752
12330 -342752
12360 -342752
12390 -342752
12420 -342752
12450 -342752
12480 -342752
12510 -342752
12540 -342752
12570 -342752
12600 -342752
12630 -342752
12660 -342752
12690 -342752
12720 -342752
12750 -342752
12780 -342752
12810 -342752
12840 -342752
12870 -342752
12900 -342752
12930 -342752
12960 -342752
12990 -342752
13020 -342752
13050 -342752
13080 -342752
13110 -342752
13140 -342752
13170 -342752
13200 -342752
13230 -342752
13260 -342752
13290 -342752
13320 -342752
13350 -342752
13380 -342752
13410 -342752
13440 -342752
13470 -342752
13500 -342752
13530 -342752
13560 -342752
13590 -342752
13620 -342752
13650 -342752
13680 -342752
13710 -342752
13740 -342752
13770 -342752
13800 -342752
13830 -342752
13860 -342752
13890 -342752
13920 -342752
13950 -342752
13980 -342752
14010 -342752
14040 -342752
14070 -342752
14100 -342752
14130 -342752
14160 -342752
14190 -342752
14220 -342752
14250 -341976
14280 -341976
14310 -341976
14340 -341976
14370 -341976
14400 -341976
14430 -341976
14460 -341976
14490 -341976
14520 -341976
14550 -341976
14580 -341976
14610 -341976
14640 -341976
14670 -341976
14700 -341976
14730 -341976
14760 -341976
14790 -341976
14820 -341976
14850 -341976
14880 -341976
14910 -341976
14940 -341976
14970 -341976
15000 -341976
15030 -341976
15060 -341976
15090 -341976
15120 -341976
15150 -341976
15180 -341976
15210 -341976
15240 -341976
15270 -341976
15300 -341976
15330 -341976
15360 -341976
15390 -341976
15420 -341976
15450 -341976
15480 -341976
15510 -341976
15540 -341976
15570 -341976
15600 -341976
15630 -341976
15660 -341976
15690 -341976
15720 -341976
15750 -341976
15780 -341976
15810 -341976
15840 -341976
15870 -341976
15900 -341976
15930 -341613
15960 -341613
15990 -341613
16020 -341613
16050 -341613
16080 -341613
16110 -341613
16140 -341613
16170 -341613
16200 -341613
16230 -341613
16260 -341613
16290 -341613
16320 -341613
16350 -341613
16380 -341613
16410 -341613
16440 -341613
16470 -341613
16500 -341613
16530 -341613
16560 -341613
16590 -341613
16620 -341613
16650 -341613
16680 -341613
16710 -341613
16740 -341613
16770 -341561
16800 -341561
16830 -341561
16860 -341561
16890 -341561
16920 -341561
16950 -341561
16980 -341561
17010 -341561
17040 -341561
17070 -341561
17100 -341561
17130 -341561
17160 -341561
17190 -341561
17220 -341355
17250 -341355
17280 -341355
17310 -341355
17340 -341355
17370 -341355
17400 -341355
17430 -341355
17460 -341355
17490 -341355
17520 -341355
17550 -341355
17580 -341355
17610 -341355
17640 -341355
17670 -341355
17700 -341355
17730 -341355
17760 -341355
17790 -341355
17820 -341355
17850 -341355
17880 -341355
17910 -341355
17940 -341355
17970 -341355
18000 -341160
18030 -341160
18060 -341160
18090 -341160
18120 -341160
18150 -341160
18180 -341160
18210 -341160
18240 -341160
18270 -341160
18300 -341160
18330 -341160
18360 -341160
18390 -341160
18420 -341160
18450 -341160
18480 -341160
18510 -341160
18540 -341160
18570 -341160
18600 -341160
18630 -341160
18660 -341160
18690 -341160
18720 -341160
18750 -340669
18780 -340669
18810 -340669
