60 -454948
90 -454948
120 -454224
150 -454224
180 -454224
210 -449315
240 -449315
270 -448024
300 -447839
330 -447838
360 -447514
390 -447514
420 -442818
450 -442818
480 -442109
510 -442109
540 -442109
570 -442109
600 -440354
630 -440354
660 -440354
690 -440354
720 -440354
750 -440354
780 -440354
810 -438351
840 -438351
870 -438351
900 -438351
930 -438351
960 -438351
990 -438351
1020 -436941
1050 -436652
1080 -436652
1110 -436652
1140 -436652
1170 -436652
1200 -436652
1230 -436652
1260 -436652
1290 -436652
1320 -436652
1350 -436652
1380 -436652
1410 -436652
1440 -436652
1470 -436652
1500 -436652
1530 -436652
1560 -436652
1590 -436652
1620 -435031
1650 -435031
1680 -435031
1710 -435031
1740 -435031
1770 -435031
1800 -435031
1830 -435031
1860 -434849
1890 -434849
1920 -434849
1950 -434849
1980 -434849
2010 -434849
2040 -434761
2070 -434761
2100 -434761
2130 -434761
2160 -434761
2190 -434761
2220 -434761
2250 -434761
2280 -434761
2310 -434722
2340 -434722
2370 -434722
2400 -434722
2430 -434722
2460 -434722
2490 -434722
2520 -434722
2550 -433722
2580 -433722
2610 -433722
2640 -433722
2670 -433722
2700 -433722
2730 -433722
2760 -433722
2790 -429391
2820 -429391
2850 -429391
2880 -429391
2910 -429391
2940 -429391
2970 -429391
3000 -429391
3030 -429391
3060 -429391
3090 -429391
3120 -429391
3150 -429391
3180 -429391
3210 -429391
3240 -429391
3270 -429391
3300 -429391
3330 -429391
3360 -429391
3390 -429391
3420 -429391
3450 -429391
3480 -429391
3510 -429391
3540 -429391
3570 -428660
3600 -428660
3630 -428660
3660 -428660
3690 -428660
3720 -428660
3750 -428660
3780 -428660
3810 -428660
3840 -428660
3870 -428660
3900 -428660
3930 -428660
3960 -428660
3990 -428660
4020 -428660
4050 -428660
4080 -428660
4110 -428660
4140 -428660
4170 -428660
4200 -428660
4230 -428660
4260 -428660
4290 -428660
4320 -428660
4350 -428660
4380 -428660
4410 -426648
4440 -426648
4470 -426648
4500 -426648
4530 -426648
4560 -426648
4590 -426648
4620 -426648
4650 -426648
4680 -426648
4710 -426648
4740 -426648
4770 -426648
4800 -426648
4830 -426116
4860 -426116
4890 -426116
4920 -426116
4950 -426116
4980 -426116
5010 -426116
5040 -426116
5070 -426116
5100 -426116
5130 -426116
5160 -426116
5190 -426116
5220 -426116
5250 -426116
5280 -426116
5310 -426116
5340 -426116
5370 -426116
5400 -426116
5430 -426116
5460 -425996
5490 -425996
5520 -425996
5550 -425996
5580 -425996
5610 -425996
5640 -425996
5670 -425996
5700 -425996
5730 -425996
5760 -425996
5790 -425996
5820 -425996
5850 -425996
5880 -425996
5910 -425996
5940 -425996
5970 -425996
6000 -425996
6030 -425996
6060 -425710
6090 -425710
6120 -425710
6150 -425710
6180 -425710
6210 -425710
6240 -425710
6270 -425598
6300 -425598
6330 -425598
6360 -425598
6390 -425598
6420 -425598
6450 -425598
6480 -425598
6510 -425598
6540 -425598
6570 -425598
6600 -425598
6630 -425598
6660 -425598
6690 -425598
6720 -425534
6750 -425534
6780 -425534
6810 -425534
6840 -425534
6870 -425534
6900 -424372
6930 -424372
6960 -424372
6990 -424372
7020 -423860
7050 -423860
7080 -423860
7110 -423860
7140 -423860
7170 -423860
7200 -423860
7230 -423860
7260 -423860
7290 -423860
7320 -423860
7350 -423860
7380 -423860
7410 -423860
7440 -423860
7470 -423860
7500 -423860
7530 -423860
7560 -423860
7590 -423734
7620 -423734
7650 -423734
7680 -423734
7710 -423734
7740 -423734
7770 -423734
7800 -423734
7830 -423734
7860 -423734
7890 -423734
7920 -423734
7950 -423734
7980 -423734
8010 -423734
8040 -423734
8070 -423734
8100 -423734
8130 -423734
8160 -423734
8190 -423734
8220 -423734
8250 -423734
8280 -423734
8310 -423734
8340 -423734
8370 -423734
8400 -423734
8430 -423734
8460 -423734
8490 -423734
8520 -423734
8550 -423734
8580 -423734
8610 -423734
8640 -423734
8670 -423734
8700 -423734
8730 -423734
8760 -423734
8790 -423734
8820 -423734
8850 -423734
8880 -423734
8910 -423734
8940 -423734
8970 -423734
9000 -423734
9030 -423269
9060 -423269
9090 -423269
9120 -423269
9150 -423269
9180 -423269
9210 -423269
9240 -423269
9270 -423269
9300 -423269
9330 -423269
9360 -423269
9390 -423269
9420 -423269
9450 -423269
9480 -423269
9510 -422668
9540 -422668
9570 -422668
9600 -422668
9630 -422668
9660 -422668
9690 -422668
9720 -422668
9750 -422668
9780 -422668
9810 -422668
9840 -422668
9870 -422668
9900 -422668
9930 -422668
9960 -422668
9990 -422668
10020 -422668
10050 -422668
10080 -422668
10110 -422668
10140 -422668
10170 -422668
10200 -422668
10230 -422668
10260 -422668
10290 -422668
10320 -422668
10350 -422668
10380 -422668
10410 -422668
10440 -422668
10470 -422668
10500 -422668
10530 -422668
10560 -422668
10590 -422668
10620 -422668
10650 -422668
10680 -422668
10710 -422668
10740 -422668
10770 -422668
10800 -422668
10830 -422668
10860 -422668
10890 -422668
10920 -422668
10950 -422668
10980 -422668
11010 -422668
11040 -422668
11070 -422668
11100 -422668
11130 -422668
11160 -422668
11190 -422668
11220 -422668
11250 -422668
11280 -422668
11310 -422668
11340 -422668
11370 -422668
11400 -422668
11430 -422668
11460 -422668
11490 -422668
11520 -422668
11550 -422668
11580 -422668
11610 -422668
11640 -422668
11670 -422668
11700 -422668
11730 -422668
11760 -422668
11790 -422668
11820 -422668
11850 -422668
11880 -422668
11910 -422668
11940 -421626
11970 -421626
12000 -421626
12030 -421626
12060 -421626
12090 -421626
12120 -421626
12150 -421626
12180 -421626
12210 -421626
12240 -421626
12270 -421626
12300 -421626
12330 -421626
12360 -421626
12390 -421626
12420 -421626
12450 -421626
12480 -421626
12510 -421626
12540 -421626
12570 -421626
12600 -421626
12630 -421626
12660 -421626
12690 -421626
12720 -421626
12750 -421626
12780 -421626
12810 -421626
12840 -421626
12870 -421626
12900 -421626
12930 -421626
12960 -421626
12990 -421626
13020 -421626
13050 -421626
13080 -421626
13110 -421626
13140 -421626
13170 -421626
13200 -421626
13230 -421626
13260 -421626
13290 -421626
13320 -421626
13350 -421626
13380 -421626
13410 -421626
13440 -421626
13470 -421626
13500 -421626
13530 -421626
13560 -421626
13590 -421626
13620 -421626
13650 -421626
13680 -421626
13710 -421626
13740 -421626
13770 -421626
13800 -421626
13830 -421626
13860 -421626
13890 -421626
13920 -421626
13950 -421626
13980 -421626
14010 -421626
14040 -421626
14070 -421626
14100 -421626
14130 -421626
14160 -421626
14190 -421626
14220 -421626
14250 -421626
14280 -421626
14310 -421626
14340 -421626
14370 -421626
14400 -421626
14430 -421626
14460 -421626
14490 -421626
14520 -421626
14550 -421626
14580 -421626
14610 -421626
14640 -421626
14670 -421626
14700 -421626
14730 -421626
14760 -421626
14790 -421626
14820 -421626
14850 -421626
14880 -421626
14910 -421626
14940 -421626
14970 -421626
15000 -421626
15030 -421626
15060 -421626
15090 -421626
15120 -421626
15150 -421626
15180 -421626
15210 -421626
15240 -421626
15270 -421626
15300 -421626
15330 -421626
15360 -421626
15390 -421537
15420 -421537
15450 -421537
15480 -421537
15510 -421537
15540 -421537
15570 -421537
15600 -421537
15630 -421537
15660 -421537
15690 -421537
15720 -421537
15750 -421537
15780 -421537
15810 -421537
15840 -421537
15870 -421537
15900 -421537
15930 -421537
15960 -421537
15990 -421537
16020 -421537
16050 -421537
16080 -421537
16110 -421537
16140 -421537
16170 -421537
16200 -421537
16230 -421537
16260 -421537
16290 -421537
16320 -421537
16350 -421537
16380 -421537
16410 -421537
16440 -421537
16470 -421537
16500 -421537
16530 -421537
16560 -421537
16590 -420356
16620 -420356
16650 -420356
16680 -420356
16710 -420356
16740 -420356
16770 -419835
16800 -419835
16830 -419835
16860 -419835
16890 -419835
16920 -419835
16950 -419835
16980 -419835
17010 -419835
17040 -419835
17070 -419835
17100 -419835
17130 -419835
17160 -419835
17190 -419835
17220 -419835
17250 -419824
17280 -419824
17310 -419824
17340 -419824
17370 -419811
17400 -419811
17430 -419811
17460 -419811
17490 -419811
17520 -419811
17550 -419811
17580 -419811
17610 -419806
17640 -419806
17670 -419806
17700 -419806
17730 -419806
17760 -419806
17790 -419806
17820 -419806
17850 -419806
17880 -419806
17910 -419806
17940 -419806
17970 -419806
18000 -419806
18030 -419806
18060 -419806
18090 -419789
18120 -419789
18150 -419789
18180 -419789
18210 -419789
18240 -419789
18270 -419789
18300 -419789
18330 -419789
18360 -419789
18390 -419789
18420 -419789
18450 -419789
18480 -419789
18510 -419789
18540 -419789
18570 -419789
18600 -419789
18630 -419789
18660 -419789
18690 -419789
18720 -419789
18750 -419789
18780 -419789
18810 -419789
18840 -419789
18870 -419789
18900 -419789
18930 -419789
18960 -419598
18990 -419598
19020 -419598
19050 -419598
19080 -419598
19110 -419598
19140 -419578
19170 -419578
19200 -419578
19230 -419578
19260 -419578
19290 -419578
19320 -419578
19350 -419578
19380 -419578
19410 -419578
19440 -419578
19470 -419578
19500 -419578
19530 -419578
19560 -419578
19590 -419578
19620 -419578
19650 -419578
19680 -419578
19710 -419578
19740 -419578
19770 -419578
19800 -419578
19830 -419578
19860 -419578
19890 -419578
19920 -419578
19950 -419578
19980 -419578
20010 -419578
20040 -419578
20070 -419578
20100 -419578
20130 -419578
20160 -419578
20190 -419578
20220 -419578
20250 -419578
20280 -419578
20310 -419578
20340 -419578
20370 -419578
20400 -419578
20430 -419578
20460 -419578
20490 -419578
20520 -419578
20550 -419578
20580 -419578
20610 -419578
20640 -419578
20670 -419578
20700 -419578
20730 -419578
20760 -419578
20790 -419578
20820 -419578
20850 -419578
20880 -419578
20910 -419578
20940 -419578
20970 -419578
21000 -419578
21030 -419578
21060 -419578
21090 -419578
21120 -419578
21150 -419578
21180 -419403
21210 -419403
21240 -419403
21270 -419403
21300 -419403
21330 -419403
21360 -419403
21390 -419403
21420 -419403
21450 -419403
21480 -419403
21510 -419403
21540 -419403
21570 -419403
21600 -419403
21630 -419403
21660 -419403
21690 -419006
21720 -419006
21750 -418906
21780 -418906
21810 -418906
21840 -418906
21870 -418906
21900 -418864
21930 -418864
21960 -418541
21990 -418541
22020 -418541
22050 -418541
22080 -418541
22110 -418541
22140 -418541
22170 -418541
22200 -418541
22230 -418541
22260 -418541
22290 -418541
22320 -418541
22350 -418541
22380 -418541
22410 -418541
22440 -418541
22470 -418541
22500 -418541
22530 -418541
22560 -418541
22590 -418541
22620 -418541
22650 -418541
22680 -418541
22710 -418541
22740 -418541
22770 -418541
22800 -418541
22830 -418541
22860 -418541
22890 -418541
22920 -418541
22950 -418541
22980 -418541
23010 -418541
23040 -418370
23070 -418370
23100 -418370
23130 -418370
23160 -418370
23190 -418370
23220 -418141
23250 -418141
23280 -418141
23310 -418141
23340 -418141
23370 -418141
23400 -418141
23430 -418141
23460 -418141
23490 -418141
23520 -418141
23550 -418141
23580 -418141
23610 -418141
23640 -418141
23670 -418141
23700 -418141
23730 -418141
23760 -418141
23790 -418141
23820 -418141
23850 -418141
23880 -418141
23910 -418141
23940 -418141
23970 -418141
24000 -418141
24030 -418141
24060 -418141
24090 -418141
24120 -418141
24150 -417756
24180 -417756
24210 -417756
24240 -417756
24270 -417756
24300 -417756
24330 -417756
24360 -417756
24390 -417756
24420 -417756
24450 -417756
24480 -417756
24510 -417756
24540 -417756
24570 -417756
24600 -417756
24630 -417756
24660 -417756
24690 -417756
24720 -417756
24750 -417756
24780 -417756
24810 -417756
24840 -417756
24870 -417756
24900 -417756
24930 -417756
24960 -417756
24990 -417756
25020 -417756
25050 -417756
25080 -417756
25110 -417756
25140 -417756
25170 -417756
25200 -417756
25230 -417756
25260 -417756
25290 -417756
25320 -417756
25350 -417756
25380 -417756
25410 -417756
25440 -417756
25470 -417756
25500 -417756
25530 -417756
25560 -417756
25590 -417756
25620 -417756
25650 -417756
25680 -417504
25710 -417504
25740 -417504
25770 -417504
25800 -417504
25830 -417504
25860 -417504
25890 -417504
25920 -417504
25950 -417504
25980 -417504
26010 -417504
26040 -417504
26070 -417504
26100 -417504
26130 -417504
26160 -417504
26190 -417504
26220 -417504
26250 -417504
26280 -417504
26310 -417504
26340 -417504
26370 -417504
26400 -417504
26430 -417504
26460 -417504
26490 -417504
26520 -417504
26550 -417504
26580 -417504
26610 -417504
26640 -417504
26670 -417504
26700 -417504
26730 -417504
26760 -417504
26790 -417504
26820 -417504
26850 -417504
26880 -417504
26910 -417504
26940 -417504
26970 -417504
27000 -417504
27030 -417504
27060 -417504
27090 -417504
27120 -417504
27150 -417504
27180 -417504
27210 -417504
27240 -417504
27270 -417504
27300 -417504
27330 -417504
27360 -417504
27390 -417504
27420 -417504
27450 -417504
27480 -417504
27510 -417504
27540 -417504
27570 -417504
27600 -417504
27630 -417504
27660 -417504
27690 -417504
27720 -417504
27750 -417504
27780 -417504
27810 -417504
27840 -417504
27870 -417504
27900 -417504
27930 -417504
27960 -417504
27990 -417504
28020 -417504
28050 -417504
28080 -417504
28110 -417504
28140 -417504
28170 -417504
28200 -417504
28230 -417504
28260 -417504
28290 -417504
28320 -417504
28350 -417504
28380 -417504
28410 -417504
28440 -417504
28470 -417504
28500 -417504
28530 -417504
28560 -417504
28590 -417504
28620 -417504
28650 -417504
28680 -417467
28710 -417467
28740 -417467
28770 -417467
28800 -416673
28830 -416673
28860 -416673
28890 -416393
28920 -416393
28950 -416393
28980 -416393
29010 -416393
29040 -416393
29070 -416393
29100 -416393
29130 -416393
29160 -416393
29190 -416393
29220 -416393
29250 -416393
29280 -416393
29310 -416393
29340 -416393
29370 -416393
29400 -416393
29430 -416393
29460 -416393
29490 -416393
29520 -416393
29550 -416393
29580 -416393
29610 -416393
29640 -416393
29670 -416393
29700 -416393
29730 -416393
29760 -416393
29790 -416393
29820 -416393
29850 -416393
29880 -416393
29910 -416393
29940 -416393
29970 -416393
30000 -416393
30030 -416393
30060 -416393
30090 -416393
30120 -416393
30150 -416393
30180 -416393
30210 -416393
30240 -416393
30270 -416393
30300 -416393
30330 -416393
30360 -416393
30390 -416393
30420 -416393
30450 -416393
30480 -416393
30510 -416393
30540 -416393
30570 -416393
30600 -416393
30630 -416393
30660 -416393
30690 -416393
30720 -416393
30750 -416393
30780 -416393
30810 -416393
30840 -416393
30870 -416393
30900 -416393
30930 -416393
30960 -416393
30990 -416393
31020 -416393
31050 -416393
31080 -416393
31110 -416393
31140 -416393
31170 -416393
31200 -416393
31230 -416393
31260 -416393
31290 -416393
31320 -416393
31350 -416393
31380 -416393
31410 -416393
31440 -416393
31470 -416393
31500 -416393
31530 -416393
31560 -416393
31590 -416393
31620 -416393
31650 -416393
31680 -416393
31710 -416393
31740 -416393
31770 -416393
31800 -416393
31830 -416393
31860 -416393
31890 -416393
31920 -416393
31950 -416393
31980 -416393
32010 -416393
32040 -416393
32070 -416393
32100 -416393
32130 -416393
32160 -416393
32190 -416393
32220 -416393
32250 -416393
32280 -416393
32310 -416393
32340 -416393
32370 -416393
32400 -416393
32430 -416393
32460 -416393
32490 -416393
32520 -416393
32550 -416393
32580 -416393
32610 -416393
32640 -416393
32670 -416393
32700 -416393
32730 -416393
32760 -416393
32790 -416393
32820 -416393
32850 -416393
32880 -416393
32910 -416393
32940 -416393
32970 -416393
33000 -416393
33030 -416393
33060 -416393
33090 -416393
33120 -416393
33150 -416393
33180 -416393
33210 -416393
33240 -416393
33270 -416393
33300 -416393
33330 -416393
33360 -416393
33390 -416393
33420 -416393
33450 -416393
33480 -416393
33510 -416393
33540 -416393
33570 -416393
33600 -416393
33630 -416393
33660 -416393
33690 -416393
33720 -416393
33750 -416393
33780 -416393
33810 -416393
33840 -416393
33870 -416393
33900 -416393
33930 -416393
33960 -416393
33990 -416393
34020 -416393
34050 -416393
34080 -416393
34110 -416393
34140 -416393
34170 -416393
34200 -416393
34230 -416393
34260 -416393
34290 -416385
34320 -416385
34350 -416385
34380 -416385
34410 -416385
34440 -416385
34470 -416385
34500 -416385
34530 -416385
34560 -416385
34590 -416385
34620 -416385
34650 -416385
34680 -416385
34710 -416385
34740 -416385
34770 -416385
34800 -416385
34830 -416385
34860 -416385
34890 -416385
34920 -416385
34950 -416385
34980 -416385
35010 -416385
35040 -416385
35070 -416385
35100 -416385
35130 -416385
35160 -416385
35190 -416385
35220 -416385
35250 -416385
35280 -416385
35310 -416385
35340 -416385
35370 -416385
35400 -416385
35430 -416385
35460 -416385
35490 -416385
35520 -416385
35550 -416385
35580 -416385
35610 -416385
35640 -416385
35670 -416385
35700 -416385
35730 -416385
35760 -416385
35790 -416385
35820 -416385
35850 -416385
35880 -416385
35910 -416385
35940 -416385
35970 -416385
36000 -416385
36030 -416385
36060 -416385
36090 -416385
36120 -416385
36150 -416385
36180 -416385
36210 -416385
36240 -416385
36270 -416385
36300 -416385
36330 -416385
36360 -416385
36390 -416385
36420 -416385
36450 -416385
36480 -416385
36510 -416385
36540 -416385
36570 -416385
36600 -416385
36630 -416385
36660 -416385
36690 -416385
36720 -416385
36750 -416385
36780 -416385
36810 -416385
36840 -416385
36870 -416385
36900 -416385
36930 -416385
36960 -416385
36990 -416385
37020 -416385
37050 -416385
37080 -416385
37110 -416385
37140 -416385
37170 -416385
37200 -416385
37230 -416385
37260 -416385
37290 -416385
37320 -416385
37350 -416385
37380 -416385
37410 -416385
37440 -416385
37470 -416385
37500 -416385
37530 -416385
37560 -416385
37590 -416385
37620 -416385
37650 -416385
37680 -416385
37710 -416385
37740 -416385
37770 -416385
37800 -416385
37830 -416385
37860 -416385
37890 -416385
37920 -416385
37950 -416385
37980 -416385
38010 -415469
38040 -415469
38070 -415469
38100 -415469
38130 -415469
38160 -415469
38190 -415469
38220 -415469
38250 -415469
38280 -415469
38310 -415469
38340 -415469
38370 -415469
38400 -415469
38430 -415469
38460 -415469
38490 -415469
38520 -415469
38550 -415469
38580 -415469
38610 -414742
38640 -414742
38670 -414742
38700 -414742
38730 -414742
38760 -414742
38790 -414742
38820 -414742
38850 -414742
38880 -414742
38910 -414742
38940 -414742
38970 -414742
39000 -414742
39030 -414742
39060 -414742
39090 -414742
39120 -414742
39150 -414742
39180 -414742
39210 -414742
39240 -414742
39270 -414742
39300 -414742
39330 -414742
39360 -414742
39390 -414742
39420 -414742
39450 -414742
39480 -414742
39510 -414742
39540 -414742
39570 -414742
39600 -414742
39630 -414742
39660 -414742
39690 -414742
39720 -414742
39750 -414742
39780 -414742
39810 -414599
39840 -414599
39870 -414599
39900 -414599
39930 -414599
39960 -414599
39990 -414599
40020 -414599
40050 -414599
40080 -414599
40110 -414599
40140 -414599
40170 -414599
40200 -414599
40230 -414599
40260 -414599
40290 -414599
40320 -414599
40350 -414599
40380 -414599
40410 -414599
40440 -414599
40470 -414599
40500 -414599
40530 -414599
40560 -414599
40590 -414599
40620 -414599
40650 -414599
40680 -414599
40710 -414599
40740 -414599
40770 -414599
40800 -414599
40830 -414599
40860 -414599
40890 -414599
40920 -414599
40950 -414599
40980 -414599
41010 -414599
41040 -414599
41070 -414599
41100 -414599
41130 -414599
41160 -414599
41190 -414599
41220 -414599
41250 -414599
41280 -414599
41310 -414599
41340 -414599
41370 -414599
41400 -414599
41430 -414599
41460 -414599
41490 -414599
41520 -414599
41550 -414599
41580 -414599
41610 -414599
41640 -414599
41670 -414599
41700 -414599
41730 -414599
41760 -414599
41790 -414599
41820 -414599
41850 -414599
41880 -414599
41910 -414599
41940 -414599
41970 -414599
42000 -414599
42030 -414599
42060 -414599
42090 -414599
42120 -414599
42150 -414599
42180 -414599
42210 -414599
42240 -414599
42270 -414599
42300 -413483
42330 -413483
42360 -413483
42390 -413483
42420 -413483
42450 -413483
42480 -413483
42510 -413483
42540 -413483
42570 -413483
42600 -413483
42630 -413483
42660 -413483
42690 -413483
42720 -413435
42750 -413435
42780 -413435
42810 -413435
42840 -413435
42870 -413435
42900 -413435
42930 -413435
42960 -413435
42990 -413435
43020 -413435
43050 -413435
43080 -413435
43110 -413435
43140 -413435
43170 -413435
43200 -413435
43230 -413435
43260 -413435
43290 -413435
43320 -413435
43350 -413435
43380 -413435
43410 -413435
43440 -413435
43470 -413435
43500 -413435
43530 -413435
43560 -413435
43590 -413435
43620 -413435
43650 -413435
43680 -413435
43710 -413435
43740 -413435
43770 -413435
43800 -413435
43830 -413435
43860 -413435
43890 -413435
43920 -413435
43950 -413435
43980 -413435
44010 -412821
44040 -412821
44070 -412821
44100 -412821
44130 -412786
44160 -412786
44190 -412786
44220 -412786
44250 -412786
44280 -412786
44310 -412786
44340 -412786
44370 -412786
44400 -412786
44430 -412786
44460 -412786
44490 -412786
44520 -412786
44550 -412786
44580 -412786
44610 -412786
44640 -412786
44670 -412786
44700 -412786
44730 -412786
44760 -412786
44790 -412786
44820 -412786
44850 -412786
44880 -412786
44910 -412786
44940 -412786
44970 -412786
45000 -412786
45030 -412786
45060 -412786
45090 -412786
45120 -412786
45150 -412786
45180 -412786
45210 -412786
45240 -412786
45270 -412786
45300 -412786
45330 -412786
45360 -412786
45390 -412786
45420 -412786
45450 -412786
45480 -412786
45510 -412786
45540 -412786
45570 -412786
45600 -412786
45630 -412786
45660 -412786
45690 -412786
45720 -412786
45750 -412786
45780 -412786
45810 -412786
45840 -412786
45870 -412786
45900 -412786
45930 -412786
45960 -412786
45990 -412786
46020 -412786
46050 -412786
46080 -412786
46110 -412786
46140 -412786
46170 -412786
46200 -412786
46230 -412786
46260 -412786
46290 -412786
46320 -412786
46350 -412786
46380 -412786
46410 -412786
46440 -412786
46470 -412786
46500 -412786
46530 -412786
46560 -412786
46590 -412786
46620 -412786
46650 -412786
46680 -412786
46710 -412786
46740 -412786
46770 -412786
46800 -412786
46830 -412786
46860 -412786
46890 -412786
46920 -412786
46950 -412786
46980 -412786
47010 -412786
47040 -412786
47070 -412786
47100 -412786
47130 -412786
47160 -412786
47190 -412786
47220 -412786
47250 -412786
47280 -412786
47310 -412786
47340 -412786
47370 -412786
47400 -412786
47430 -412786
47460 -412786
47490 -412786
47520 -412786
47550 -412786
47580 -412786
47610 -412786
47640 -412786
47670 -412786
47700 -412786
47730 -412786
47760 -412786
47790 -412786
47820 -412786
47850 -412786
47880 -412786
47910 -412786
47940 -412786
47970 -412786
48000 -412786
48030 -412786
48060 -412786
48090 -412786
48120 -412786
48150 -412786
48180 -412786
48210 -412786
48240 -412786
48270 -412786
48300 -412786
48330 -412786
48360 -412786
48390 -412786
48420 -412786
48450 -412786
48480 -412786
48510 -412786
48540 -412786
48570 -412786
48600 -412786
48630 -412786
48660 -412786
48690 -412786
48720 -412786
48750 -412786
48780 -412786
48810 -412786
48840 -412786
48870 -412786
48900 -412786
48930 -412786
48960 -412786
48990 -412786
49020 -412786
49050 -412786
49080 -412786
49110 -412786
49140 -412786
49170 -412786
49200 -412786
49230 -412786
49260 -412786
49290 -412786
49320 -412786
49350 -412786
49380 -412786
49410 -412786
49440 -412786
49470 -412786
49500 -412786
49530 -412786
49560 -412786
49590 -412786
49620 -412786
49650 -412786
49680 -412786
49710 -412786
49740 -412786
49770 -412786
49800 -412786
49830 -412786
49860 -412786
49890 -412786
49920 -412786
49950 -412786
49980 -412786
50010 -412786
50040 -412786
50070 -412786
50100 -412786
50130 -412786
50160 -412786
50190 -412786
50220 -412786
50250 -412786
50280 -412786
50310 -412786
50340 -412786
50370 -412786
50400 -412786
50430 -412786
50460 -412786
50490 -412786
50520 -412786
50550 -412786
50580 -412786
50610 -412786
