60 -302584
90 -302584
120 -302584
150 -302584
180 -302584
210 -302584
240 -299814
270 -299814
300 -299814
330 -299814
360 -298872
390 -298872
420 -298872
450 -298006
480 -298006
510 -298006
540 -298006
570 -298006
600 -298006
630 -298006
660 -298006
690 -297914
720 -297914
750 -297914
780 -293402
810 -293402
840 -292519
870 -287408
900 -287408
930 -287408
960 -287408
990 -286745
1020 -286745
1050 -286745
1080 -286745
1110 -286745
1140 -286745
1170 -286745
1200 -286745
1230 -286745
1260 -286745
1290 -286745
1320 -286745
1350 -286569
1380 -286569
1410 -286569
1440 -286569
1470 -286569
1500 -286569
1530 -286569
1560 -286569
1590 -286569
1620 -286569
1650 -286569
1680 -286569
1710 -286569
1740 -285959
1770 -285959
1800 -285959
1830 -285509
1860 -285509
1890 -285509
1920 -285509
1950 -285509
1980 -285295
2010 -285295
2040 -285295
2070 -285295
2100 -285295
2130 -285295
2160 -285295
2190 -285295
2220 -285295
2250 -285141
2280 -285141
2310 -285141
2340 -285141
2370 -285141
2400 -285141
2430 -285141
2460 -285141
2490 -285141
2520 -284909
2550 -283739
2580 -283739
2610 -283739
2640 -283739
2670 -283739
2700 -283739
2730 -283739
2760 -283674
2790 -283674
2820 -283674
2850 -283434
2880 -283434
2910 -283434
2940 -283434
2970 -283434
3000 -283434
3030 -283434
3060 -283434
3090 -283434
3120 -283434
3150 -283337
3180 -282729
3210 -282729
3240 -282456
3270 -282456
3300 -282456
3330 -282456
3360 -282431
3390 -282431
3420 -280623
3450 -280623
3480 -280623
3510 -280623
3540 -280623
3570 -280043
3600 -280043
3630 -280043
3660 -280043
3690 -280043
3720 -279803
3750 -279803
3780 -279761
3810 -279761
3840 -279761
3870 -279761
3900 -279761
3930 -279761
3960 -279595
3990 -279595
4020 -279595
4050 -279595
4080 -279541
4110 -279541
4140 -279541
4170 -279541
4200 -279541
4230 -279410
4260 -279374
4290 -279374
4320 -279374
4350 -279374
4380 -279374
4410 -279374
4440 -279374
4470 -278854
4500 -278854
4530 -278854
4560 -278854
4590 -278854
4620 -278852
4650 -278852
4680 -278852
4710 -278852
4740 -278852
4770 -278852
4800 -278852
4830 -278820
4860 -278820
4890 -278820
4920 -278820
4950 -278820
4980 -278820
5010 -278820
5040 -278820
5070 -278820
5100 -278820
5130 -278590
5160 -278590
5190 -278590
5220 -278590
5250 -278590
5280 -278590
5310 -278590
5340 -278590
5370 -278590
5400 -278590
5430 -278590
5460 -278590
5490 -278590
5520 -278590
5550 -278590
5580 -278590
5610 -278590
5640 -278532
5670 -278532
5700 -278532
5730 -278532
5760 -278532
5790 -278532
5820 -278532
5850 -278532
5880 -278532
5910 -278532
5940 -278532
5970 -278532
6000 -278532
6030 -278532
6060 -278532
6090 -278532
6120 -278532
6150 -278532
6180 -278532
6210 -278532
6240 -278532
6270 -278532
6300 -278532
6330 -278484
6360 -278484
6390 -278484
6420 -278484
6450 -278484
6480 -278484
6510 -278484
6540 -278484
6570 -278416
6600 -278320
6630 -278320
6660 -278320
6690 -278320
6720 -278320
6750 -278320
6780 -278320
6810 -278320
6840 -278320
6870 -278320
6900 -278320
6930 -278320
6960 -278320
6990 -278320
7020 -278320
7050 -278320
7080 -278320
7110 -278320
7140 -278320
7170 -278320
7200 -278320
7230 -278320
7260 -278285
7290 -278285
7320 -278285
7350 -278285
7380 -278285
7410 -278285
7440 -278285
7470 -278285
7500 -277603
7530 -277603
7560 -277603
7590 -277603
7620 -277603
7650 -277603
7680 -277603
7710 -277603
7740 -277603
7770 -277603
7800 -277603
7830 -277603
7860 -277603
7890 -277603
7920 -277603
7950 -277603
7980 -277603
8010 -277603
8040 -277603
8070 -277603
8100 -277603
8130 -277603
8160 -277603
8190 -277603
8220 -277603
8250 -277386
8280 -277386
8310 -277386
8340 -277330
8370 -277330
8400 -277044
8430 -277044
8460 -277044
8490 -277044
8520 -277044
8550 -277044
8580 -277044
8610 -276751
8640 -276751
8670 -276691
8700 -276691
8730 -276691
8760 -276691
8790 -276691
8820 -276684
8850 -276684
8880 -276684
8910 -276684
8940 -276684
8970 -276684
9000 -276684
9030 -276684
9060 -276684
9090 -276098
9120 -276098
9150 -276098
9180 -276098
9210 -276098
9240 -276098
9270 -276098
9300 -276098
9330 -276098
9360 -276098
9390 -276098
9420 -276098
9450 -276098
9480 -276098
9510 -276098
9540 -276098
9570 -275997
9600 -275997
9630 -275997
9660 -275862
9690 -275822
9720 -275822
9750 -275822
9780 -275822
9810 -275822
9840 -275822
9870 -275822
9900 -275822
9930 -275802
9960 -275802
9990 -275802
10020 -275802
10050 -275691
10080 -275691
10110 -275691
10140 -275691
10170 -275691
10200 -275691
10230 -275691
10260 -275602
10290 -275602
10320 -275602
10350 -275602
10380 -275602
10410 -275602
10440 -275601
10470 -275601
10500 -275601
10530 -275601
10560 -275595
10590 -275595
10620 -275595
10650 -275595
10680 -275595
10710 -275595
10740 -275595
10770 -275595
10800 -275497
10830 -275497
10860 -275497
10890 -275497
10920 -275497
10950 -274869
10980 -274869
11010 -274869
11040 -274869
11070 -274869
11100 -274869
11130 -274869
11160 -274644
11190 -274569
11220 -274569
11250 -274569
11280 -274569
11310 -274569
11340 -274569
11370 -274289
11400 -274289
11430 -274289
11460 -274289
11490 -274289
11520 -274289
11550 -274257
11580 -274257
11610 -274257
11640 -274257
11670 -274257
11700 -274257
11730 -274257
11760 -274257
11790 -274257
11820 -273993
11850 -273974
11880 -273974
11910 -273974
11940 -273974
11970 -273974
12000 -273974
12030 -273974
12060 -273974
12090 -273284
12120 -273284
12150 -273129
12180 -272735
12210 -272735
12240 -272735
12270 -272735
12300 -272735
12330 -272735
12360 -272735
12390 -272735
12420 -272735
12450 -272735
12480 -272735
12510 -272735
12540 -272735
12570 -272735
12600 -272735
12630 -272523
12660 -272523
12690 -272523
12720 -272523
12750 -272523
12780 -272523
12810 -272523
12840 -272523
12870 -272523
12900 -272523
12930 -272523
12960 -272523
12990 -272523
13020 -272511
13050 -271791
13080 -271791
13110 -271791
13140 -271791
13170 -271791
13200 -271791
13230 -271423
13260 -271423
13290 -271423
13320 -271423
13350 -271423
13380 -271423
13410 -271423
13440 -271120
13470 -271120
13500 -271120
13530 -271120
13560 -271120
13590 -271120
13620 -271120
13650 -271120
13680 -271120
13710 -271120
13740 -271120
13770 -271120
13800 -271120
13830 -271120
13860 -271120
13890 -271120
13920 -271120
13950 -271120
13980 -271120
14010 -270884
14040 -270884
14070 -270884
14100 -270560
14130 -270560
14160 -270560
14190 -270560
14220 -270560
14250 -270560
14280 -270560
14310 -270560
14340 -270560
14370 -270492
14400 -270492
14430 -270492
14460 -270492
14490 -270369
14520 -270369
14550 -270212
14580 -270212
14610 -270212
14640 -270212
14670 -270212
14700 -270212
14730 -270212
14760 -270212
14790 -270212
14820 -270212
14850 -270212
14880 -270212
14910 -270212
14940 -270212
14970 -270212
15000 -270212
15030 -270212
15060 -270212
15090 -270212
15120 -270212
15150 -270212
15180 -270212
15210 -270212
15240 -270212
15270 -270212
15300 -270212
15330 -270212
15360 -270212
15390 -270212
15420 -270212
15450 -270212
15480 -270212
15510 -270212
15540 -270212
15570 -270212
15600 -270212
15630 -270212
15660 -270212
15690 -270212
15720 -270212
15750 -270212
15780 -270212
15810 -270212
15840 -270212
15870 -270008
15900 -269915
15930 -269915
15960 -269915
15990 -269915
16020 -269915
16050 -269915
16080 -269915
16110 -269915
16140 -269915
16170 -269915
16200 -269915
16230 -269915
16260 -269915
16290 -269915
16320 -269915
16350 -269915
16380 -269915
16410 -269915
16440 -269915
16470 -269915
16500 -269915
16530 -269915
16560 -269915
16590 -269915
16620 -269915
16650 -269915
16680 -269915
16710 -269915
16740 -269915
16770 -269915
16800 -269915
16830 -269488
16860 -269488
16890 -269488
16920 -269488
16950 -269488
16980 -269488
17010 -269488
17040 -269488
17070 -269488
17100 -269488
17130 -269488
17160 -269488
17190 -269488
17220 -269488
17250 -269488
17280 -269488
17310 -269488
17340 -269488
17370 -269488
17400 -269488
17430 -269488
17460 -269488
17490 -269488
17520 -269488
17550 -269488
17580 -269488
17610 -269488
17640 -269488
17670 -269488
17700 -269488
17730 -269488
17760 -269488
17790 -269488
17820 -269488
17850 -269488
17880 -269488
17910 -269488
17940 -269488
17970 -269488
18000 -269488
18030 -269488
18060 -269463
18090 -269463
18120 -269463
18150 -269463
18180 -269463
18210 -269463
18240 -269463
18270 -269463
18300 -269463
18330 -269463
18360 -269463
18390 -269463
18420 -269463
18450 -269463
18480 -269463
18510 -269463
18540 -268296
18570 -268296
18600 -268296
18630 -268296
18660 -268296
18690 -267664
18720 -267664
18750 -267664
18780 -267664
18810 -267653
18840 -267653
18870 -267653
18900 -267653
18930 -267653
18960 -267653
18990 -267653
19020 -267653
19050 -267653
19080 -267653
19110 -267653
19140 -267653
19170 -267653
19200 -267653
19230 -267653
19260 -267653
19290 -267653
19320 -267601
19350 -267601
19380 -267601
19410 -267601
19440 -267601
19470 -267601
19500 -267539
19530 -267539
19560 -267539
19590 -267539
19620 -267539
19650 -267539
19680 -267539
19710 -267539
19740 -267539
19770 -267539
19800 -267539
19830 -267539
19860 -267539
19890 -267539
19920 -267539
19950 -267539
19980 -267539
20010 -267539
20040 -267539
20070 -267539
20100 -267539
20130 -267539
20160 -267539
20190 -267539
20220 -267539
20250 -267539
20280 -267439
20310 -267439
20340 -267439
20370 -267439
20400 -267439
20430 -267439
20460 -267439
20490 -267439
20520 -267439
20550 -267439
20580 -267439
20610 -267439
20640 -267439
20670 -267439
20700 -267439
20730 -267439
20760 -267439
20790 -267439
20820 -267439
20850 -267360
20880 -267360
20910 -267360
20940 -267360
20970 -267360
21000 -267360
21030 -267360
21060 -267360
21090 -267360
21120 -267360
21150 -267360
21180 -267360
21210 -267360
21240 -267360
21270 -267360
21300 -267360
21330 -267360
21360 -267360
21390 -267360
21420 -267360
21450 -267360
21480 -267360
21510 -267360
21540 -267360
21570 -267360
21600 -267360
21630 -267360
21660 -267360
21690 -267360
21720 -267360
21750 -267360
21780 -267360
21810 -267360
21840 -267360
21870 -267360
21900 -267360
21930 -267360
21960 -267360
21990 -267360
22020 -267360
22050 -267360
22080 -267360
22110 -267360
22140 -267360
22170 -267360
22200 -267360
22230 -267360
22260 -267360
22290 -267360
22320 -267360
22350 -267140
22380 -267140
22410 -267140
22440 -267140
22470 -267140
22500 -267140
22530 -267140
22560 -267140
22590 -267140
22620 -267140
22650 -267140
22680 -267140
22710 -267140
22740 -267140
22770 -267140
22800 -267140
22830 -267140
22860 -267140
22890 -267140
22920 -267140
22950 -267140
22980 -267140
23010 -267140
23040 -267140
23070 -267140
23100 -267140
23130 -267140
23160 -267120
23190 -267120
23220 -267120
23250 -267120
23280 -267120
23310 -267120
23340 -267120
23370 -267120
23400 -267120
23430 -267120
23460 -267120
23490 -267120
23520 -267120
23550 -267120
23580 -267120
23610 -267120
23640 -267120
23670 -267120
23700 -267120
23730 -267120
23760 -267120
23790 -267120
23820 -267120
23850 -267120
23880 -267120
23910 -267120
23940 -267120
23970 -267120
24000 -267120
24030 -267120
24060 -267120
24090 -267120
24120 -267120
24150 -267120
24180 -267120
24210 -267120
24240 -267120
24270 -267120
24300 -267120
24330 -267120
24360 -267120
24390 -267120
24420 -267120
24450 -267120
24480 -267120
24510 -267006
24540 -267006
24570 -267006
24600 -267006
24630 -267006
24660 -267006
24690 -267006
24720 -267006
24750 -267006
24780 -267006
24810 -267006
24840 -267006
24870 -267006
24900 -267006
24930 -267006
24960 -267006
24990 -267006
25020 -267006
25050 -267006
25080 -267006
25110 -267006
25140 -267006
25170 -267006
25200 -267006
25230 -267006
25260 -267006
25290 -267006
25320 -267006
25350 -267006
25380 -267006
25410 -267006
25440 -266957
25470 -266957
25500 -266957
25530 -266957
25560 -266957
25590 -266957
25620 -266957
25650 -266957
25680 -266957
25710 -266957
25740 -266957
25770 -266957
25800 -266957
25830 -266957
25860 -266957
25890 -266957
25920 -266957
25950 -266957
25980 -266957
26010 -266957
26040 -266957
26070 -266957
26100 -266957
26130 -266957
26160 -266957
26190 -266957
26220 -266957
26250 -266957
26280 -266957
26310 -266957
26340 -266957
26370 -266957
26400 -266957
26430 -266957
26460 -266957
26490 -266957
26520 -266957
26550 -266957
26580 -266957
26610 -266957
26640 -266957
26670 -266957
26700 -266957
26730 -266957
26760 -266957
26790 -266957
26820 -266957
26850 -266894
26880 -266894
26910 -266894
26940 -266894
26970 -266894
27000 -266894
27030 -266894
27060 -266894
27090 -266894
27120 -266894
27150 -266894
27180 -266894
27210 -266894
27240 -266894
27270 -266894
27300 -266894
27330 -266894
27360 -266894
27390 -266894
27420 -266885
27450 -266885
27480 -266885
27510 -266885
27540 -266885
27570 -266885
27600 -266885
27630 -266885
27660 -266885
27690 -266885
27720 -266885
27750 -266885
27780 -266885
27810 -266885
27840 -266885
27870 -266885
27900 -266885
27930 -266885
27960 -266885
27990 -266885
28020 -266885
28050 -266885
28080 -266885
28110 -266885
28140 -266885
28170 -266885
28200 -266885
28230 -266885
28260 -266885
28290 -266885
28320 -266885
28350 -266885
28380 -266885
28410 -266885
28440 -266885
28470 -266885
28500 -266885
28530 -266885
28560 -266885
28590 -266868
28620 -266868
28650 -266868
28680 -266868
28710 -266868
28740 -266868
28770 -266868
28800 -266868
28830 -266868
28860 -266868
28890 -266598
28920 -266598
28950 -266598
28980 -266598
29010 -266331
29040 -266331
29070 -266331
29100 -266331
29130 -266331
29160 -266331
29190 -266331
29220 -266331
29250 -266331
29280 -266331
29310 -266331
29340 -266331
29370 -266331
29400 -266331
29430 -266331
29460 -266331
29490 -266331
29520 -266331
29550 -266331
29580 -266331
29610 -266331
29640 -266331
29670 -266331
29700 -265827
29730 -265827
29760 -265827
29790 -265827
29820 -265827
29850 -265827
29880 -265827
29910 -265827
29940 -265827
29970 -265827
30000 -265827
30030 -265827
30060 -265827
30090 -265827
30120 -265827
30150 -265827
30180 -265827
30210 -265827
30240 -265827
30270 -265827
30300 -265827
30330 -265827
30360 -265827
30390 -265827
30420 -265827
30450 -265827
30480 -265827
30510 -265827
30540 -265827
30570 -265827
30600 -265827
30630 -265827
30660 -265827
30690 -265827
30720 -265827
30750 -265827
30780 -265827
30810 -265827
30840 -265827
30870 -265827
30900 -265827
30930 -265827
30960 -265827
30990 -265827
31020 -265827
31050 -265827
31080 -265827
31110 -265827
31140 -265827
31170 -265827
31200 -265827
31230 -265827
31260 -265827
31290 -265827
31320 -265827
31350 -265827
31380 -265827
31410 -265827
31440 -265827
31470 -265827
31500 -265827
31530 -265827
31560 -265827
31590 -265827
31620 -265827
31650 -265827
31680 -265827
31710 -265827
31740 -265827
31770 -265827
31800 -265827
31830 -265827
31860 -265827
31890 -265827
31920 -265827
31950 -265827
31980 -265827
32010 -265827
32040 -265827
32070 -265827
32100 -265827
32130 -265827
32160 -265827
32190 -265827
32220 -265827
32250 -265802
32280 -265802
32310 -265802
32340 -265802
32370 -265802
32400 -265802
32430 -265802
32460 -265802
32490 -265802
32520 -265802
32550 -265802
32580 -265802
32610 -265802
32640 -265802
32670 -265802
32700 -265802
32730 -265802
32760 -265802
32790 -265802
32820 -265485
32850 -265485
32880 -265485
32910 -265485
32940 -265485
32970 -265485
33000 -265485
33030 -265485
33060 -265485
33090 -265485
33120 -265485
33150 -265485
33180 -265485
33210 -265485
33240 -265485
33270 -265485
33300 -265485
33330 -265485
33360 -265485
33390 -265485
33420 -265485
33450 -265485
33480 -265485
33510 -265485
33540 -265485
33570 -265485
33600 -265485
33630 -265485
33660 -265485
33690 -265485
33720 -265485
33750 -265485
33780 -265485
33810 -265485
33840 -265485
33870 -265485
33900 -265485
33930 -265485
33960 -265485
33990 -265485
34020 -265485
34050 -265485
34080 -265485
34110 -265485
34140 -265485
34170 -265485
34200 -265485
34230 -265485
34260 -265485
34290 -265485
34320 -265485
34350 -265485
34380 -265485
34410 -265485
34440 -265485
34470 -265485
34500 -265485
34530 -265485
34560 -265316
34590 -265316
34620 -265316
34650 -265316
34680 -265316
34710 -265316
34740 -265316
34770 -265316
34800 -265316
34830 -265316
34860 -265316
34890 -265316
34920 -265316
34950 -265316
34980 -265316
35010 -265316
35040 -265316
35070 -265316
35100 -265316
35130 -265316
35160 -265316
35190 -265316
35220 -265316
35250 -265316
35280 -265316
35310 -265316
35340 -265316
35370 -265316
35400 -265316
35430 -265316
35460 -265316
35490 -265316
35520 -265316
35550 -265316
35580 -265316
35610 -265316
35640 -265316
35670 -265316
35700 -265316
35730 -265316
35760 -265316
35790 -265316
35820 -265316
35850 -265316
35880 -265316
35910 -265316
35940 -265316
35970 -265316
36000 -265316
36030 -265316
36060 -265316
36090 -265316
36120 -265316
36150 -265316
36180 -265316
36210 -265316
36240 -265316
36270 -265316
36300 -265316
36330 -265316
36360 -265316
36390 -265082
36420 -265082
36450 -265082
36480 -265082
36510 -265082
36540 -265082
36570 -265082
36600 -265082
36630 -265082
36660 -265082
36690 -265082
36720 -265082
36750 -265082
36780 -265082
36810 -265082
36840 -265082
36870 -265082
36900 -265082
36930 -265082
36960 -265082
36990 -265082
37020 -265082
37050 -265082
37080 -265082
37110 -265082
37140 -265082
37170 -265082
37200 -265082
37230 -265082
37260 -265082
37290 -265082
37320 -265082
37350 -264838
37380 -264838
37410 -264838
37440 -264723
37470 -264723
37500 -264723
37530 -264723
37560 -264723
37590 -264723
37620 -264723
37650 -264723
37680 -264723
37710 -264723
37740 -264723
37770 -264723
37800 -264723
37830 -264723
37860 -264723
37890 -264723
37920 -264723
37950 -264723
37980 -264723
38010 -264723
38040 -264723
38070 -264723
38100 -264723
38130 -264723
38160 -264723
38190 -264723
38220 -264723
38250 -264723
38280 -264723
38310 -264723
38340 -264723
38370 -264723
38400 -264723
38430 -264723
38460 -264723
38490 -264723
38520 -264723
38550 -264711
38580 -264711
38610 -264711
38640 -264711
38670 -264711
38700 -264711
38730 -264711
38760 -264711
38790 -264711
38820 -264711
38850 -264711
38880 -264711
38910 -264711
38940 -264711
38970 -264711
39000 -264711
39030 -264711
39060 -264711
39090 -264711
39120 -264711
39150 -264711
39180 -264711
39210 -264711
39240 -264711
39270 -264711
39300 -264711
39330 -264711
39360 -264711
39390 -264711
39420 -264711
39450 -264711
39480 -264711
39510 -264510
39540 -264510
39570 -264510
39600 -264510
39630 -264510
39660 -264510
39690 -264510
39720 -264510
39750 -264510
39780 -264510
39810 -264510
39840 -264510
39870 -264510
39900 -264510
39930 -264510
39960 -264510
39990 -264510
40020 -264510
40050 -264510
40080 -264510
40110 -264510
40140 -264510
40170 -264510
40200 -264510
40230 -264510
40260 -264510
40290 -264510
40320 -264510
40350 -264510
40380 -264510
40410 -264510
40440 -264510
40470 -264510
40500 -264510
40530 -264510
40560 -264510
40590 -264510
40620 -264510
40650 -264510
40680 -264510
40710 -264510
40740 -264510
40770 -264510
40800 -264510
40830 -264510
40860 -264484
40890 -264484
40920 -264484
40950 -264484
40980 -264484
41010 -264484
41040 -264484
41070 -264484
41100 -264484
41130 -264484
41160 -264484
41190 -264484
41220 -264484
41250 -264484
41280 -264484
41310 -264484
41340 -264484
41370 -264484
41400 -264484
41430 -264484
41460 -264484
41490 -264484
41520 -264484
41550 -264484
41580 -264484
41610 -264484
41640 -264484
41670 -264484
41700 -264484
41730 -264484
41760 -264484
41790 -264484
41820 -264484
41850 -264484
41880 -264484
41910 -264484
41940 -264484
41970 -264484
42000 -264484
42030 -264484
42060 -264484
42090 -264484
42120 -264484
42150 -264484
42180 -264484
42210 -264484
42240 -264484
42270 -264484
42300 -264484
42330 -264484
42360 -264484
42390 -264484
42420 -264484
42450 -264484
42480 -264484
42510 -264484
42540 -264484
42570 -264484
42600 -264484
42630 -264484
42660 -264484
42690 -264484
42720 -264484
42750 -264235
42780 -264235
42810 -264235
42840 -264235
42870 -264235
42900 -264235
42930 -264235
42960 -264235
42990 -264235
43020 -264235
43050 -264235
43080 -264235
43110 -264235
43140 -264235
43170 -264235
43200 -264235
43230 -264235
43260 -264235
43290 -264235
43320 -264235
43350 -264122
43380 -264122
43410 -264122
43440 -264122
43470 -264122
43500 -264122
43530 -264122
43560 -264122
43590 -263895
43620 -263895
43650 -263895
43680 -263717
43710 -263717
43740 -263717
43770 -263717
43800 -263717
43830 -263717
43860 -263629
43890 -263629
43920 -263629
43950 -263629
43980 -263629
44010 -263629
44040 -263629
44070 -263629
44100 -263501
44130 -263501
44160 -263501
44190 -263501
44220 -263501
44250 -263501
44280 -263501
44310 -263501
44340 -263501
44370 -263501
44400 -263501
44430 -263501
44460 -263501
44490 -263501
44520 -263501
44550 -263388
44580 -263388
44610 -263388
44640 -263127
44670 -263127
44700 -263127
44730 -263127
44760 -263127
44790 -263127
44820 -263127
44850 -263127
44880 -263127
44910 -263127
44940 -263127
44970 -263127
45000 -263127
45030 -263127
45060 -263127
45090 -263127
45120 -263127
45150 -263127
45180 -263127
45210 -263127
45240 -263127
45270 -263127
45300 -263127
45330 -263127
45360 -263127
45390 -263127
45420 -263127
45450 -263127
45480 -263127
45510 -263127
45540 -263127
45570 -263127
45600 -263127
45630 -263127
45660 -263127
45690 -263127
45720 -263127
45750 -263127
45780 -263127
45810 -263127
45840 -263127
45870 -263127
45900 -263127
45930 -263127
45960 -263127
45990 -263127
46020 -263127
46050 -263127
46080 -263127
46110 -263127
46140 -263127
46170 -263127
46200 -263127
46230 -263127
46260 -263127
46290 -263127
46320 -263127
46350 -263127
46380 -263127
46410 -263127
46440 -263127
46470 -263127
46500 -263127
46530 -263127
46560 -263103
46590 -263103
46620 -263103
46650 -263103
46680 -263103
46710 -263103
46740 -263103
46770 -263103
46800 -263103
46830 -263103
46860 -263103
46890 -263103
46920 -263103
46950 -263103
46980 -263103
47010 -263103
47040 -263103
47070 -262884
47100 -262884
47130 -262884
47160 -262884
47190 -262884
47220 -262884
47250 -262865
47280 -262865
47310 -262865
47340 -262865
47370 -262865
47400 -262865
47430 -262865
47460 -262865
47490 -262865
47520 -262865
47550 -262865
47580 -262865
47610 -262865
47640 -262865
47670 -262865
47700 -262865
47730 -262865
47760 -262865
47790 -262865
47820 -262865
47850 -262865
47880 -262865
47910 -262865
47940 -262865
47970 -262748
48000 -262748
48030 -262748
48060 -262748
48090 -262748
48120 -262748
48150 -262748
48180 -262748
48210 -262748
48240 -262471
48270 -262471
48300 -262471
48330 -262471
48360 -262471
48390 -262471
48420 -262471
48450 -262471
48480 -262471
48510 -262471
48540 -262471
48570 -262471
48600 -262471
48630 -262471
48660 -262471
48690 -262025
48720 -262025
48750 -262025
48780 -262025
48810 -262025
48840 -262025
48870 -262025
48900 -262025
48930 -262025
48960 -262025
48990 -262025
49020 -262025
49050 -262025
49080 -262025
49110 -262025
49140 -262025
49170 -262025
49200 -262025
49230 -262025
49260 -262025
49290 -262025
49320 -262025
49350 -262025
49380 -262025
49410 -262025
49440 -262025
49470 -262025
49500 -262025
49530 -262025
49560 -262025
49590 -262025
49620 -262025
49650 -262025
49680 -262025
49710 -262025
49740 -262025
49770 -262025
49800 -262025
49830 -262025
49860 -262025
49890 -262025
49920 -262025
49950 -262025
49980 -262025
50010 -262025
50040 -262025
50070 -262025
50100 -262025
50130 -262025
50160 -262025
50190 -262025
50220 -262025
50250 -262025
50280 -262025
50310 -262025
50340 -262025
50370 -262025
50400 -262025
50430 -262025
50460 -262025
50490 -262025
50520 -262025
50550 -262025
50580 -262025
50610 -262025
50640 -262025
50670 -262025
50700 -262025
50730 -262025
50760 -262025
50790 -262025
50820 -262025
50850 -262025
50880 -262025
50910 -262025
50940 -262025
50970 -262025
51000 -262022
51030 -262022
51060 -262022
51090 -262022
51120 -262022
51150 -262022
51180 -262022
51210 -262022
51240 -262022
51270 -262004
51300 -262004
51330 -262004
51360 -262004
51390 -261985
51420 -261985
51450 -261985
51480 -261985
51510 -261985
51540 -261574
51570 -261574
51600 -261574
51630 -261574
51660 -261574
51690 -261574
51720 -261574
51750 -261574
51780 -261574
51810 -261574
51840 -261574
51870 -261574
51900 -261574
51930 -261574
51960 -261574
51990 -261574
52020 -261574
52050 -261574
52080 -261300
52110 -261300
52140 -261300
52170 -261300
52200 -261300
52230 -261300
52260 -261300
52290 -261300
52320 -261300
52350 -261300
52380 -261300
52410 -261300
52440 -261300
52470 -261300
52500 -261300
52530 -261300
52560 -261300
52590 -261300
52620 -261300
52650 -261300
52680 -261296
52710 -261296
52740 -261296
52770 -261296
52800 -261296
52830 -261296
52860 -261296
52890 -261296
52920 -261296
52950 -261296
52980 -261296
53010 -261296
53040 -261296
53070 -261296
53100 -261296
53130 -261296
53160 -261296
53190 -261296
53220 -261296
53250 -261296
53280 -261296
53310 -261296
53340 -261296
53370 -261296
53400 -261296
53430 -261296
53460 -261296
53490 -261296
53520 -261296
53550 -261296
53580 -261296
53610 -261296
53640 -261296
53670 -261296
53700 -261296
53730 -261296
53760 -261296
53790 -261296
53820 -261296
53850 -261296
53880 -261296
53910 -261296
53940 -261296
53970 -261296
54000 -261296
54030 -261296
54060 -261296
54090 -261296
54120 -261296
54150 -261296
54180 -261296
54210 -261296
54240 -261296
54270 -261296
54300 -261296
54330 -261296
54360 -261296
54390 -261296
54420 -261296
54450 -261296
54480 -261296
54510 -261296
54540 -261296
54570 -261296
54600 -261296
54630 -261296
54660 -261296
54690 -261296
54720 -261296
54750 -261296
54780 -261296
54810 -261296
54840 -261296
54870 -261296
54900 -261296
54930 -261296
54960 -261296
54990 -261296
55020 -261296
55050 -261296
55080 -261296
55110 -261296
55140 -261296
55170 -261296
55200 -261296
55230 -261296
55260 -261296
55290 -261296
55320 -261296
55350 -261296
55380 -261296
55410 -261296
55440 -261296
55470 -261296
55500 -261296
55530 -261296
55560 -261296
55590 -261296
55620 -261296
55650 -261296
55680 -261296
55710 -261296
55740 -261296
55770 -261296
55800 -261296
55830 -261296
55860 -261296
55890 -261296
55920 -261296
55950 -261296
55980 -261296
56010 -261296
56040 -261296
56070 -261296
56100 -261296
56130 -261296
56160 -261296
56190 -261296
56220 -261296
56250 -261296
56280 -261296
56310 -261296
56340 -261296
56370 -261145
56400 -261145
56430 -261145
56460 -261145
56490 -261145
56520 -261145
56550 -261145
56580 -261145
56610 -261145
56640 -261145
56670 -261145
56700 -261145
56730 -261145
56760 -261145
56790 -261145
56820 -261145
56850 -261145
56880 -260809
56910 -260809
56940 -260809
56970 -260809
57000 -260809
57030 -260531
57060 -260531
57090 -260531
57120 -260531
57150 -260531
57180 -260531
57210 -260531
57240 -260531
57270 -260531
57300 -260531
57330 -260531
57360 -260531
57390 -260531
57420 -260531
57450 -260531
57480 -260531
57510 -260531
57540 -260531
57570 -260531
57600 -260531
57630 -260531
57660 -260531
57690 -260531
57720 -260531
57750 -260531
57780 -260531
57810 -260457
57840 -260457
57870 -260417
57900 -260417
57930 -259978
57960 -259978
57990 -259978
58020 -259978
58050 -259978
58080 -259978
58110 -259978
58140 -259978
58170 -259978
58200 -259978
58230 -259978
58260 -259978
58290 -259978
58320 -259978
58350 -259978
58380 -259978
58410 -259978
58440 -259978
58470 -259978
58500 -259978
58530 -259978
58560 -259978
58590 -259978
58620 -259978
58650 -259978
58680 -259978
58710 -259978
58740 -259978
58770 -259978
58800 -259978
58830 -259978
58860 -259978
58890 -259978
58920 -259978
58950 -259978
58980 -259978
59010 -259978
59040 -259978
59070 -259978
59100 -259978
59130 -259802
59160 -259802
59190 -259782
59220 -259782
59250 -259782
59280 -259782
59310 -259782
59340 -259782
59370 -259782
59400 -259782
59430 -259782
59460 -259782
59490 -259782
59520 -259782
59550 -259782
59580 -259782
59610 -259782
59640 -259782
59670 -259782
59700 -259782
59730 -259782
59760 -259782
59790 -259782
59820 -259782
59850 -259782
59880 -259782
59910 -259782
59940 -259782
59970 -259782
60000 -259782
60030 -259782
60060 -259782
60090 -259782
60120 -259782
60150 -259782
60180 -259782
60210 -259782
60240 -259782
60270 -259782
60300 -259782
60330 -259782
60360 -259782
60390 -259782
60420 -259782
60450 -259782
60480 -259782
60510 -259782
60540 -259782
60570 -259782
60600 -259782
60630 -259782
60660 -259782
60690 -259782
60720 -259782
60750 -259730
60780 -259730
60810 -259730
60840 -259730
60870 -259730
60900 -259730
60930 -259730
60960 -259730
60990 -259730
61020 -259730
61050 -259730
61080 -259730
61110 -259730
61140 -259730
61170 -259730
61200 -259730
61230 -259730
61260 -259730
61290 -259730
61320 -259730
61350 -259730
61380 -259730
61410 -259730
61440 -259730
61470 -259730
61500 -259730
61530 -259730
61560 -259730
61590 -259730
61620 -259730
61650 -259730
61680 -259730
61710 -259730
61740 -259730
61770 -259730
61800 -259730
61830 -259730
61860 -259730
61890 -259448
61920 -259448
61950 -259448
61980 -259448
62010 -259448
62040 -259448
62070 -259448
62100 -259448
62130 -259448
62160 -259448
62190 -259448
62220 -259448
62250 -259448
62280 -259388
62310 -259388
62340 -259388
62370 -259319
62400 -259319
62430 -259319
62460 -259319
62490 -259319
62520 -259259
62550 -259259
62580 -259259
62610 -259259
62640 -259259
62670 -259259
62700 -259259
62730 -259259
62760 -259259
62790 -259259
62820 -259259
62850 -259259
62880 -259259
62910 -259259
62940 -259259
62970 -259259
63000 -259259
63030 -259259
63060 -259259
63090 -259259
63120 -259259
63150 -259259
63180 -259259
63210 -259259
63240 -259259
63270 -259259
63300 -259259
63330 -259259
63360 -259259
63390 -259259
63420 -259259
63450 -259259
63480 -259259
63510 -259259
63540 -259227
63570 -259227
63600 -259227
63630 -259227
63660 -259227
63690 -259119
63720 -259119
63750 -259119
63780 -259119
63810 -259119
63840 -259119
63870 -259119
63900 -259119
63930 -259119
63960 -259119
63990 -259119
64020 -259119
64050 -259119
64080 -259119
64110 -259119
64140 -259119
64170 -259119
64200 -258969
64230 -258969
64260 -258969
64290 -258969
64320 -258969
64350 -258969
64380 -258969
64410 -258969
64440 -258969
64470 -258969
64500 -258969
64530 -258969
64560 -258969
64590 -258969
64620 -258969
64650 -258969
64680 -258969
64710 -258969
64740 -258969
64770 -258969
64800 -258969
64830 -258969
64860 -258969
64890 -258969
64920 -258969
64950 -258969
64980 -258969
65010 -258969
65040 -258969
65070 -258969
65100 -258969
65130 -258969
65160 -258969
65190 -258969
65220 -258969
65250 -258969
65280 -258969
65310 -258969
65340 -258969
65370 -258969
65400 -258749
65430 -258749
65460 -258749
65490 -258749
65520 -258749
65550 -258749
65580 -258749
65610 -258749
65640 -258749
65670 -258661
65700 -258661
65730 -258661
65760 -258661
65790 -258661
65820 -258661
65850 -258661
65880 -258661
65910 -258661
65940 -258661
65970 -258661
66000 -258661
66030 -258661
66060 -258661
66090 -258661
66120 -258661
66150 -258661
66180 -258661
66210 -258661
66240 -258661
66270 -258661
66300 -258661
66330 -258661
66360 -258661
66390 -258661
66420 -258661
66450 -258661
66480 -258661
66510 -258661
66540 -258661
66570 -258661
66600 -258661
66630 -258661
66660 -258661
66690 -258661
66720 -258661
66750 -258661
66780 -258661
66810 -258661
66840 -258661
66870 -258661
66900 -258661
66930 -258661
66960 -258661
66990 -258661
67020 -258661
67050 -258661
67080 -258661
67110 -258661
67140 -258661
67170 -258661
67200 -258661
67230 -258661
67260 -258661
67290 -258661
67320 -258661
67350 -258661
67380 -258661
67410 -258661
67440 -258661
67470 -258661
67500 -258661
67530 -258661
67560 -258661
67590 -258661
67620 -258661
67650 -258661
67680 -258661
67710 -258661
67740 -258661
67770 -258661
67800 -258661
67830 -258661
67860 -258661
67890 -258661
67920 -258661
67950 -258661
67980 -258661
68010 -258661
68040 -258661
68070 -258661
68100 -258661
68130 -258661
68160 -258661
68190 -258654
68220 -258654
68250 -258654
68280 -258654
68310 -258654
68340 -258654
68370 -258654
68400 -258654
68430 -258654
68460 -258654
68490 -258654
68520 -258654
68550 -258654
68580 -258654
68610 -258654
68640 -258654
68670 -258654
68700 -258654
68730 -258654
68760 -258654
68790 -258654
68820 -258654
68850 -258654
68880 -258654
68910 -258654
68940 -258654
68970 -258654
69000 -258654
69030 -258654
69060 -258654
69090 -258654
69120 -258654
69150 -258654
69180 -258654
69210 -258654
69240 -258654
69270 -258654
69300 -258654
69330 -258654
69360 -258654
69390 -258654
69420 -258654
69450 -258654
69480 -258594
69510 -258594
69540 -258594
69570 -258594
69600 -258594
69630 -258594
69660 -258594
69690 -258594
69720 -258594
69750 -258594
69780 -258594
69810 -258594
69840 -258594
69870 -258594
69900 -258594
69930 -258594
69960 -258594
69990 -258594
70020 -258594
70050 -258594
70080 -258594
70110 -258594
70140 -258594
70170 -258594
70200 -258594
70230 -258594
70260 -258594
70290 -258594
70320 -258594
70350 -258594
70380 -258594
70410 -258594
70440 -258594
70470 -258594
70500 -258594
70530 -258594
70560 -258594
70590 -258594
70620 -258594
70650 -258594
70680 -258594
70710 -258594
70740 -258594
70770 -258594
70800 -258594
70830 -258594
70860 -258594
70890 -258594
70920 -258594
70950 -258594
70980 -258594
71010 -258594
71040 -258594
71070 -258594
71100 -258423
71130 -258423
71160 -258423
71190 -258423
71220 -258423
71250 -258423
71280 -258423
71310 -258423
71340 -258423
71370 -258423
71400 -258423
71430 -258423
71460 -258423
71490 -258423
71520 -258423
71550 -258423
71580 -258423
71610 -258423
71640 -258411
71670 -258411
71700 -258411
71730 -258411
71760 -258411
71790 -258411
71820 -258411
71850 -258411
71880 -258411
71910 -258411
71940 -258411
71970 -258411
72000 -258411
72030 -258411
72060 -258411
72090 -258411
72120 -258411
72150 -258411
72180 -258411
72210 -258411
72240 -258411
72270 -258411
72300 -258411
72330 -258411
72360 -258411
72390 -258411
72420 -258411
72450 -258411
72480 -258411
72510 -258411
72540 -258411
72570 -258411
72600 -258411
72630 -258411
72660 -258411
72690 -258411
72720 -258411
72750 -258411
72780 -258411
72810 -258411
72840 -258411
72870 -258411
72900 -258411
72930 -258411
72960 -258411
72990 -258411
73020 -258411
73050 -258411
73080 -258411
73110 -258411
73140 -258411
73170 -258411
73200 -258411
73230 -258411
73260 -258411
73290 -258411
73320 -258336
73350 -258336
73380 -258336
73410 -258336
73440 -258336
73470 -258336
73500 -258336
73530 -258336
73560 -258336
73590 -258336
73620 -258336
73650 -258336
73680 -258336
73710 -258336
73740 -258336
73770 -258311
73800 -258311
73830 -258311
73860 -258311
73890 -258311
73920 -258311
73950 -258311
73980 -258311
74010 -258311
74040 -258311
74070 -258311
74100 -258311
74130 -258311
74160 -258311
74190 -258311
74220 -258163
74250 -258163
74280 -258163
74310 -258163
74340 -258163
74370 -258163
74400 -258163
74430 -258163
74460 -258163
74490 -258163
74520 -258163
74550 -258163
74580 -258163
74610 -258163
74640 -258163
74670 -258163
74700 -258163
74730 -258163
74760 -258163
74790 -258163
74820 -258163
74850 -258163
74880 -258163
74910 -258163
74940 -258163
74970 -258163
75000 -258163
75030 -258163
75060 -258163
75090 -258163
75120 -258163
75150 -258163
75180 -258163
75210 -258163
75240 -258163
75270 -258163
75300 -258163
75330 -258163
75360 -258163
75390 -258163
75420 -258163
75450 -258163
75480 -258163
75510 -258163
75540 -258163
75570 -258163
75600 -258163
75630 -258163
75660 -258163
75690 -258163
75720 -258163
75750 -258163
75780 -258163
75810 -258163
75840 -258163
75870 -258163
75900 -258163
75930 -258163
75960 -258163
75990 -258163
76020 -258163
76050 -258163
76080 -258163
76110 -258163
76140 -258163
76170 -258163
76200 -258163
76230 -258163
76260 -258163
76290 -258163
76320 -258163
76350 -258163
76380 -258163
76410 -258163
76440 -258163
76470 -258134
76500 -258134
76530 -258134
76560 -258134
76590 -258134
76620 -258134
76650 -258134
76680 -258134
76710 -258134
76740 -258134
76770 -258134
76800 -258134
76830 -258134
76860 -258134
76890 -258134
76920 -258134
76950 -258097
76980 -258097
77010 -258097
77040 -258097
77070 -258097
77100 -258097
77130 -258097
77160 -258097
77190 -258097
77220 -258097
77250 -258097
77280 -258097
77310 -258097
77340 -258097
77370 -257824
77400 -257824
77430 -257824
77460 -257824
77490 -257824
77520 -257824
77550 -257824
77580 -257824
77610 -257824
77640 -257824
77670 -257824
77700 -257824
77730 -257824
77760 -257824
77790 -257824
77820 -257824
77850 -257824
77880 -257824
77910 -257824
77940 -257824
77970 -257824
78000 -257824
78030 -257824
78060 -257824
78090 -257824
78120 -257824
78150 -257824
78180 -257824
78210 -257824
78240 -257824
78270 -257824
78300 -257824
78330 -257824
78360 -257824
78390 -257824
78420 -257824
78450 -257824
78480 -257824
78510 -257824
78540 -257824
78570 -257824
78600 -257824
78630 -257824
78660 -257824
78690 -257824
78720 -257824
78750 -257824
78780 -257824
78810 -257824
78840 -257824
78870 -257824
78900 -257824
78930 -257824
78960 -257824
78990 -257824
79020 -257824
79050 -257824
79080 -257824
79110 -257824
79140 -257824
79170 -257824
79200 -257824
79230 -257824
79260 -257824
79290 -257824
79320 -257824
79350 -257824
79380 -257824
79410 -257824
79440 -257824
79470 -257824
79500 -257824
79530 -257824
79560 -257824
79590 -257824
79620 -257824
79650 -257824
79680 -257824
79710 -257824
79740 -257824
79770 -257824
79800 -257824
79830 -257824
79860 -257824
79890 -257824
79920 -257824
79950 -257824
79980 -257824
80010 -257824
80040 -257824
80070 -257824
80100 -257824
80130 -257824
80160 -257824
80190 -257824
80220 -257824
80250 -257824
80280 -257824
80310 -257824
80340 -257824
80370 -257824
80400 -257824
80430 -257824
80460 -257824
80490 -257824
80520 -257824
80550 -257824
80580 -257824
80610 -257824
80640 -257824
80670 -257824
80700 -257824
80730 -257824
80760 -257824
80790 -257824
80820 -257824
80850 -257824
80880 -257824
80910 -257824
80940 -257824
80970 -257824
81000 -257824
81030 -257824
81060 -257824
81090 -257824
81120 -257824
81150 -257824
81180 -257824
81210 -257824
81240 -257824
81270 -257824
81300 -257824
81330 -257824
81360 -257824
81390 -257824
81420 -257824
81450 -257824
81480 -257824
81510 -257824
81540 -257824
81570 -257824
81600 -257824
81630 -257824
81660 -257824
81690 -257824
81720 -257824
81750 -257824
81780 -257824
81810 -257824
81840 -257824
81870 -257824
81900 -257824
81930 -257824
81960 -257824
81990 -257824
82020 -257824
82050 -257824
82080 -257824
82110 -257824
82140 -257824
82170 -257824
82200 -257824
82230 -257824
82260 -257824
82290 -257824
82320 -257824
82350 -257824
82380 -257824
82410 -257824
82440 -257824
82470 -257824
82500 -257824
82530 -257824
82560 -257824
82590 -257824
82620 -257824
82650 -257824
82680 -257824
82710 -257824
82740 -257824
82770 -257824
82800 -257824
82830 -257824
82860 -257824
82890 -257824
82920 -257824
82950 -257824
82980 -257824
83010 -257824
83040 -257824
83070 -257824
83100 -257824
83130 -257824
83160 -257824
83190 -257824
83220 -257824
83250 -257824
83280 -257824
83310 -257824
83340 -257824
83370 -257824
83400 -257824
83430 -257824
83460 -257824
83490 -257824
83520 -257824
83550 -257824
83580 -257824
83610 -257824
83640 -257678
83670 -257678
83700 -257678
83730 -257678
83760 -257678
83790 -257678
83820 -257678
83850 -257678
83880 -257678
83910 -257678
83940 -257678
83970 -257678
84000 -257678
84030 -257678
84060 -257678
84090 -257678
84120 -257678
84150 -257678
84180 -257678
84210 -257678
84240 -257678
84270 -257678
84300 -257678
84330 -257678
84360 -257678
84390 -257678
84420 -257678
84450 -257678
84480 -257678
84510 -257678
84540 -257678
84570 -257678
84600 -257678
84630 -257678
84660 -257678
84690 -257678
84720 -257678
84750 -257678
84780 -257678
84810 -257678
84840 -257678
84870 -257678
84900 -257678
84930 -257678
84960 -257678
84990 -257678
85020 -257678
85050 -257678
85080 -257678
85110 -257678
85140 -257678
85170 -257678
85200 -257678
85230 -257678
85260 -257678
85290 -257678
85320 -257678
85350 -257678
85380 -257678
85410 -257678
85440 -257678
85470 -257678
85500 -257678
85530 -257678
85560 -257678
85590 -257678
85620 -257678
85650 -257678
85680 -257678
85710 -257678
85740 -257678
85770 -257678
85800 -257678
85830 -257678
85860 -257678
85890 -257678
85920 -257678
85950 -257678
85980 -257678
86010 -257678
86040 -257678
86070 -257678
86100 -257678
86130 -257678
86160 -257678
86190 -257678
86220 -257678
86250 -257678
86280 -257678
86310 -257678
86340 -257678
86370 -257678
86400 -257678
86430 -257678
86460 -257678
86490 -257678
86520 -257678
86550 -257678
86580 -257678
86610 -257678
86640 -257678
86670 -257678
86700 -257678
86730 -257678
86760 -257678
86790 -257678
86820 -257678
86850 -257678
86880 -257678
86910 -257678
86940 -257678
86970 -257678
87000 -257678
87030 -257678
87060 -257678
87090 -257678
87120 -257678
87150 -257678
87180 -257678
87210 -257678
87240 -257678
87270 -257678
87300 -257678
87330 -257678
87360 -257678
87390 -257678
87420 -257678
87450 -257678
87480 -257678
87510 -257678
87540 -257665
87570 -257665
87600 -257665
87630 -257665
87660 -257665
87690 -257665
87720 -257665
87750 -257665
87780 -257665
87810 -257665
87840 -257665
87870 -257665
87900 -257665
87930 -257665
87960 -257665
87990 -257665
88020 -257665
88050 -257665
88080 -257665
88110 -257665
88140 -257665
88170 -257665
88200 -257665
88230 -257665
88260 -257665
88290 -257665
88320 -257665
88350 -257665
88380 -257665
88410 -257665
88440 -257665
88470 -257665
88500 -257665
88530 -257665
88560 -257665
88590 -257665
88620 -257665
88650 -257665
88680 -257665
88710 -257665
88740 -257665
88770 -257665
88800 -257665
88830 -257665
88860 -257665
88890 -257665
88920 -257665
88950 -257665
88980 -257665
89010 -257665
89040 -257665
89070 -257665
89100 -257665
89130 -257665
89160 -257665
89190 -257665
89220 -257643
89250 -257643
89280 -257643
89310 -257643
89340 -257643
89370 -257643
89400 -257643
89430 -257643
89460 -257643
89490 -257643
89520 -257643
89550 -257643
89580 -257643
89610 -257643
89640 -257643
89670 -257643
89700 -257643
89730 -257643
89760 -257643
89790 -257643
89820 -257643
89850 -257643
89880 -257643
89910 -257643
89940 -257643
89970 -257643
90000 -257643
90030 -257643
90060 -257643
90090 -257643
90120 -257643
90150 -257643
90180 -257643
90210 -257643
90240 -257643
90270 -257643
90300 -257643
90330 -257643
90360 -257643
90390 -257643
90420 -257643
90450 -257643
90480 -257643
90510 -257643
90540 -257643
90570 -257643
90600 -257643
90630 -257643
90660 -257643
90690 -257643
90720 -257643
90750 -257643
90780 -257643
90810 -257643
90840 -257643
90870 -257643
90900 -257505
90930 -257491
90960 -257491
90990 -257491
91020 -257491
91050 -257491
91080 -257491
91110 -257491
91140 -257491
91170 -257491
91200 -257491
91230 -257491
91260 -257491
91290 -257491
91320 -257491
91350 -257491
91380 -257491
91410 -257491
91440 -257491
91470 -257491
91500 -257491
91530 -257491
91560 -257491
91590 -257491
91620 -257491
91650 -257491
91680 -257491
91710 -257491
91740 -257491
91770 -257491
91800 -257491
91830 -257491
91860 -257491
91890 -257491
91920 -257491
91950 -257491
91980 -257491
92010 -257491
92040 -257491
92070 -257491
92100 -257491
92130 -257491
92160 -257491
92190 -257491
92220 -257491
92250 -257491
92280 -257414
92310 -257414
92340 -257414
92370 -257414
92400 -257414
92430 -257414
92460 -257414
92490 -257099
92520 -257099
92550 -257099
92580 -257099
92610 -257099
92640 -257099
92670 -257099
92700 -257099
92730 -257099
92760 -257099
92790 -257099
92820 -257099
92850 -257099
92880 -257099
92910 -257099
92940 -257099
92970 -257099
93000 -257099
93030 -257099
93060 -257099
93090 -257099
93120 -257099
93150 -257099
93180 -257099
93210 -257099
93240 -257099
93270 -257099
93300 -257099
93330 -257099
93360 -257099
93390 -257099
93420 -257099
93450 -257099
93480 -257099
93510 -257099
93540 -257099
93570 -257099
93600 -257099
93630 -257099
93660 -257099
93690 -257099
93720 -257099
93750 -257082
93780 -257082
93810 -257082
93840 -257082
93870 -257082
93900 -257082
93930 -257082
93960 -257082
93990 -257082
94020 -257082
94050 -257082
94080 -257082
94110 -257082
94140 -257082
94170 -257082
94200 -257082
94230 -257082
94260 -257082
94290 -257082
94320 -257082
94350 -257082
94380 -257082
94410 -257082
94440 -256910
94470 -256910
94500 -256910
94530 -256910
94560 -256631
94590 -256631
94620 -256631
94650 -256631
94680 -256631
94710 -256631
94740 -256631
94770 -256631
94800 -256631
94830 -256631
94860 -256631
94890 -256631
94920 -256631
94950 -256631
94980 -256631
95010 -256631
95040 -256631
95070 -256631
95100 -256631
95130 -256631
95160 -256631
95190 -256631
95220 -256631
95250 -256631
95280 -256631
95310 -256631
95340 -256631
95370 -256631
95400 -256631
95430 -256631
95460 -256631
95490 -256631
95520 -256631
95550 -256631
95580 -256631
95610 -256631
95640 -256631
95670 -256631
95700 -256631
95730 -256631
95760 -256631
95790 -256631
95820 -256631
95850 -256631
95880 -256631
95910 -256631
95940 -256631
95970 -256631
96000 -256631
96030 -256631
96060 -256631
96090 -256631
96120 -256631
96150 -256599
96180 -256599
96210 -256599
96240 -256599
96270 -256599
96300 -256599
96330 -256599
96360 -256599
96390 -256599
96420 -256599
96450 -256599
96480 -256599
96510 -256599
96540 -256599
96570 -256599
96600 -256599
96630 -256599
96660 -256599
96690 -256599
96720 -256599
96750 -256599
96780 -256599
96810 -256599
96840 -256599
96870 -256599
96900 -256599
96930 -256599
96960 -256599
96990 -256599
97020 -256599
97050 -256599
97080 -256599
97110 -256599
97140 -256599
97170 -256599
97200 -256599
97230 -256599
97260 -256599
97290 -256599
97320 -256599
97350 -256599
97380 -256599
97410 -256599
97440 -256599
97470 -256599
97500 -256599
97530 -256599
97560 -256599
97590 -256599
97620 -256599
97650 -256599
97680 -256599
97710 -256599
97740 -256599
97770 -256599
97800 -256599
97830 -256599
97860 -256599
97890 -256599
97920 -256599
97950 -256599
97980 -256599
98010 -256599
98040 -256599
98070 -256599
98100 -256599
98130 -256599
98160 -256599
98190 -256599
98220 -256599
98250 -256599
98280 -256599
98310 -256599
98340 -256599
98370 -256599
98400 -256599
98430 -256599
98460 -256599
98490 -256599
98520 -256599
98550 -256599
98580 -256599
98610 -256599
98640 -256599
98670 -256599
98700 -256599
98730 -256599
98760 -256599
98790 -256599
98820 -256599
98850 -256599
98880 -256599
98910 -256599
98940 -256599
98970 -256599
99000 -256599
99030 -256599
99060 -256599
99090 -256599
99120 -256599
99150 -256599
99180 -256599
99210 -256599
99240 -256599
99270 -256599
99300 -256599
99330 -256599
99360 -256599
99390 -256599
99420 -256599
99450 -256599
99480 -256599
99510 -256599
99540 -256599
99570 -256599
99600 -256599
99630 -256599
99660 -256599
99690 -256599
99720 -256599
99750 -256599
99780 -256428
99810 -256428
99840 -256428
99870 -256428
99900 -256428
99930 -256428
99960 -256366
99990 -256366
100020 -256366
100050 -256366
100080 -256366
100110 -256366
100140 -256366
100170 -256366
100200 -256366
100230 -256366
100260 -256366
100290 -256366
100320 -256366
100350 -256366
100380 -256366
100410 -256366
100440 -256366
100470 -256366
100500 -256366
100530 -256366
100560 -256366
100590 -256366
100620 -256366
100650 -256366
100680 -256366
100710 -256366
100740 -256366
100770 -256366
100800 -256356
100830 -256356
100860 -256356
100890 -256356
100920 -256356
100950 -256356
100980 -256356
101010 -256356
101040 -256356
101070 -256356
101100 -256356
101130 -256356
101160 -256356
101190 -256356
101220 -256356
101250 -256356
101280 -256356
101310 -256356
101340 -256356
101370 -256356
101400 -256356
101430 -256356
101460 -256356
101490 -256356
101520 -256349
101550 -256349
101580 -256349
101610 -256349
101640 -256349
101670 -256349
101700 -256349
101730 -256349
101760 -256349
101790 -256349
101820 -256349
101850 -256349
101880 -256349
101910 -256349
101940 -256349
101970 -256349
102000 -256349
102030 -256349
102060 -256349
102090 -256349
102120 -256349
102150 -256349
102180 -256349
102210 -256349
102240 -256349
102270 -256349
102300 -256349
102330 -256349
102360 -256349
102390 -256349
102420 -256349
102450 -256349
102480 -256349
102510 -256349
102540 -256299
102570 -256299
102600 -256299
102630 -256299
102660 -256299
102690 -256299
102720 -256299
102750 -256299
102780 -256299
102810 -256299
102840 -256299
102870 -256299
102900 -256299
102930 -256299
102960 -256299
102990 -256299
103020 -256299
103050 -256299
103080 -256299
103110 -256299
103140 -256299
103170 -256299
103200 -256299
103230 -256299
103260 -256299
103290 -256299
103320 -256299
103350 -256299
103380 -256299
103410 -256299
103440 -256299
103470 -256299
103500 -256299
103530 -256299
103560 -256299
103590 -256299
103620 -256299
103650 -256299
103680 -256299
103710 -256299
103740 -256299
103770 -256299
103800 -256299
103830 -256299
103860 -255991
103890 -255991
103920 -255991
103950 -255991
103980 -255991
104010 -255991
104040 -255991
104070 -255991
104100 -255991
104130 -255945
104160 -255945
104190 -255945
104220 -255945
104250 -255945
104280 -255945
104310 -255945
104340 -255945
104370 -255945
104400 -255945
104430 -255945
104460 -255945
104490 -255945
104520 -255945
104550 -255945
104580 -255945
104610 -255945
104640 -255945
104670 -255945
104700 -255945
104730 -255945
104760 -255945
104790 -255945
104820 -255945
104850 -255945
104880 -255945
104910 -255945
104940 -255945
104970 -255945
105000 -255945
105030 -255945
105060 -255945
105090 -255945
105120 -255945
105150 -255945
105180 -255945
105210 -255945
105240 -255945
105270 -255945
105300 -255945
105330 -255945
105360 -255945
105390 -255945
105420 -255945
105450 -255945
105480 -255945
105510 -255945
105540 -255945
105570 -255945
105600 -255945
105630 -255945
105660 -255914
105690 -255914
105720 -255914
105750 -255914
105780 -255914
105810 -255914
105840 -255914
105870 -255914
105900 -255914
105930 -255914
105960 -255914
105990 -255914
106020 -255914
106050 -255914
106080 -255914
106110 -255914
106140 -255914
106170 -255914
106200 -255914
106230 -255914
106260 -255914
106290 -255914
106320 -255914
106350 -255914
106380 -255914
106410 -255914
106440 -255914
106470 -255914
106500 -255914
106530 -255914
106560 -255914
106590 -255914
106620 -255914
106650 -255914
106680 -255914
106710 -255914
106740 -255914
106770 -255914
106800 -255914
106830 -255914
106860 -255914
106890 -255914
106920 -255914
106950 -255914
106980 -255914
107010 -255914
107040 -255914
107070 -255914
107100 -255914
107130 -255914
107160 -255914
107190 -255914
107220 -255914
107250 -255914
107280 -255914
107310 -255914
107340 -255914
107370 -255914
107400 -255914
107430 -255914
107460 -255914
107490 -255914
107520 -255770
107550 -255770
107580 -255770
107610 -255770
107640 -255770
107670 -255770
107700 -255770
107730 -255770
107760 -255770
107790 -255770
107820 -255770
107850 -255770
107880 -255770
107910 -255770
107940 -255748
107970 -255748
108000 -255748
108030 -255748
108060 -255748
108090 -255748
108120 -255748
108150 -255748
108180 -255748
108210 -255748
108240 -255748
108270 -255748
108300 -255748
108330 -255748
108360 -255748
108390 -255748
108420 -255748
108450 -255748
108480 -255748
108510 -255748
108540 -255748
108570 -255748
108600 -255748
108630 -255748
108660 -255748
108690 -255748
108720 -255748
108750 -255748
108780 -255748
108810 -255748
108840 -255748
108870 -255748
108900 -255748
108930 -255748
108960 -255646
108990 -255646
109020 -255646
109050 -255646
109080 -255646
109110 -255646
109140 -255646
109170 -255646
109200 -255646
109230 -255646
109260 -255646
109290 -255646
109320 -255646
109350 -255646
109380 -255646
109410 -255646
109440 -255646
109470 -255646
109500 -255646
109530 -255646
109560 -255646
109590 -255646
109620 -255646
109650 -255646
109680 -255646
109710 -255646
109740 -255646
109770 -255646
109800 -255646
109830 -255646
109860 -255646
109890 -255646
109920 -255646
109950 -255646
109980 -255646
110010 -255646
110040 -255646
110070 -255646
110100 -255646
110130 -255646
110160 -255646
110190 -255646
110220 -255646
110250 -255646
110280 -255646
110310 -255646
110340 -255646
110370 -255646
110400 -255646
110430 -255646
110460 -255646
110490 -255646
110520 -255646
110550 -255646
110580 -255646
110610 -255646
110640 -255646
110670 -255621
110700 -255621
110730 -255621
110760 -255621
110790 -255621
110820 -255621
110850 -255621
110880 -255621
110910 -255621
110940 -255621
110970 -255621
111000 -255621
111030 -255621
111060 -255621
111090 -255621
111120 -255621
111150 -255621
111180 -255621
111210 -255621
111240 -255621
111270 -255621
111300 -255621
111330 -255621
111360 -255621
111390 -255621
111420 -255621
111450 -255621
111480 -255621
111510 -255621
111540 -255621
111570 -255621
111600 -255621
111630 -255621
111660 -255621
111690 -255621
111720 -255621
111750 -255621
111780 -255621
111810 -255621
111840 -255621
111870 -255621
111900 -255621
111930 -255621
111960 -255621
111990 -255621
112020 -255621
112050 -255621
112080 -255621
112110 -255621
112140 -255621
112170 -255621
112200 -255621
112230 -255621
112260 -255621
112290 -255621
112320 -255621
112350 -255621
112380 -255621
112410 -255621
112440 -255621
112470 -255621
112500 -255621
112530 -255621
112560 -255621
112590 -255621
112620 -255621
112650 -255621
112680 -255621
112710 -255621
112740 -255621
112770 -255621
112800 -255621
112830 -255621
112860 -255621
112890 -255621
112920 -255621
112950 -255621
112980 -255621
113010 -255621
113040 -255621
113070 -255621
113100 -255621
113130 -255621
113160 -255621
113190 -255621
113220 -255621
113250 -255621
113280 -255621
113310 -255621
113340 -255621
113370 -255621
113400 -255621
113430 -255621
113460 -255621
113490 -255621
113520 -255621
113550 -255621
113580 -255621
113610 -255621
113640 -255621
113670 -255621
113700 -255621
