60 -354967
90 -354296
120 -354296
150 -354296
180 -354296
210 -354296
240 -354296
270 -352136
300 -352136
330 -350509
360 -350509
390 -350509
420 -350400
450 -350400
480 -350400
510 -350400
540 -349579
570 -349579
600 -349305
630 -349305
660 -349305
690 -349305
720 -349305
750 -349305
780 -349305
810 -349305
840 -348736
870 -348736
900 -348736
930 -348736
960 -348736
990 -348736
1020 -348736
1050 -348736
1080 -348736
1110 -348642
1140 -348642
1170 -348642
1200 -348642
1230 -348642
1260 -348642
1290 -348555
1320 -348555
1350 -348555
1380 -348555
1410 -348555
1440 -348555
1470 -348555
1500 -348555
1530 -348555
1560 -348555
1590 -348555
1620 -348555
1650 -348555
1680 -348555
1710 -348554
1740 -348554
1770 -348554
1800 -348516
1830 -347828
1860 -347828
1890 -347828
1920 -347828
1950 -347828
1980 -347663
2010 -347663
2040 -347663
2070 -347663
2100 -347663
2130 -347102
2160 -347102
2190 -347102
2220 -343277
2250 -343277
2280 -343277
2310 -343277
2340 -343277
2370 -343277
2400 -343228
2430 -343228
2460 -343228
2490 -343228
2520 -343228
2550 -343228
2580 -343228
2610 -343124
2640 -343124
2670 -343124
2700 -343124
2730 -343124
2760 -343124
2790 -343124
2820 -343124
2850 -343124
2880 -343124
2910 -343124
2940 -343124
2970 -343124
3000 -343124
3030 -343124
3060 -341908
3090 -341908
3120 -341908
3150 -341908
3180 -341908
3210 -341908
3240 -341777
3270 -341777
3300 -341777
3330 -341777
3360 -341777
3390 -341777
3420 -341777
3450 -341777
3480 -341777
3510 -341777
3540 -341777
3570 -341777
3600 -341777
3630 -341777
3660 -341777
3690 -341777
3720 -341777
3750 -341777
3780 -341777
3810 -339861
3840 -339861
3870 -339861
3900 -339861
3930 -339861
3960 -339861
3990 -339861
4020 -339861
4050 -339861
4080 -339861
4110 -339861
4140 -339861
4170 -339861
4200 -339861
4230 -339774
4260 -339774
4290 -339774
4320 -339774
4350 -339774
4380 -339774
4410 -339774
4440 -339774
4470 -339774
4500 -339774
4530 -339774
4560 -339774
4590 -339774
4620 -339774
4650 -339774
4680 -339774
4710 -339638
4740 -339638
4770 -339638
4800 -339638
4830 -339638
4860 -339638
4890 -339638
4920 -339638
4950 -338730
4980 -338138
5010 -338138
5040 -338138
5070 -338138
5100 -336939
5130 -336939
5160 -336939
5190 -336939
5220 -336939
5250 -336939
5280 -336939
5310 -336939
5340 -336939
5370 -336939
5400 -336939
5430 -336939
5460 -336939
5490 -336939
5520 -336939
5550 -336739
5580 -336739
5610 -336739
5640 -336739
5670 -336739
5700 -336739
5730 -336739
5760 -336739
5790 -336739
5820 -336615
5850 -336615
5880 -336615
5910 -336615
5940 -336615
5970 -336615
6000 -336227
6030 -336227
6060 -336168
6090 -336168
6120 -336168
6150 -336168
6180 -336168
6210 -336168
6240 -336168
6270 -336168
6300 -336168
6330 -336168
6360 -336168
6390 -336168
6420 -336168
6450 -336168
6480 -336168
6510 -336168
6540 -336168
6570 -336168
6600 -336168
6630 -336168
6660 -336168
6690 -336168
6720 -336168
6750 -336168
6780 -336168
6810 -336168
6840 -336168
6870 -336168
6900 -336122
6930 -336122
6960 -336122
6990 -336122
7020 -336122
7050 -336122
7080 -336122
7110 -336122
7140 -336000
7170 -336000
7200 -336000
7230 -336000
7260 -336000
7290 -336000
7320 -336000
7350 -336000
7380 -336000
7410 -336000
7440 -336000
7470 -336000
7500 -336000
7530 -336000
7560 -336000
7590 -336000
7620 -336000
7650 -336000
7680 -336000
7710 -336000
7740 -336000
7770 -335875
7800 -335875
7830 -335875
7860 -335875
7890 -335875
7920 -335875
7950 -335875
7980 -335688
8010 -335688
8040 -335688
8070 -335688
8100 -335688
8130 -335688
8160 -335688
8190 -335688
8220 -335688
8250 -334243
8280 -334211
8310 -334211
8340 -334211
8370 -334211
8400 -334211
8430 -332852
8460 -332852
8490 -332702
8520 -332702
8550 -332702
8580 -332702
8610 -332702
8640 -332702
8670 -332702
8700 -332702
8730 -332702
8760 -332702
8790 -332702
8820 -332702
8850 -332702
8880 -332702
8910 -332702
8940 -332702
8970 -332702
9000 -332702
9030 -332702
9060 -332702
9090 -332702
9120 -332702
9150 -332702
9180 -332702
9210 -332702
9240 -332702
9270 -332702
9300 -332702
9330 -332702
9360 -332702
9390 -332266
9420 -332266
9450 -332266
9480 -332266
9510 -332266
9540 -332266
9570 -332266
9600 -332266
9630 -332266
9660 -332266
9690 -332266
9720 -332266
9750 -332266
9780 -332266
9810 -332266
9840 -332266
9870 -332266
9900 -332266
9930 -332266
9960 -332266
9990 -332266
10020 -332266
10050 -332266
10080 -332266
10110 -332266
10140 -332266
10170 -332266
10200 -332266
10230 -332266
10260 -332266
10290 -332266
10320 -332266
10350 -332266
10380 -332266
10410 -332266
10440 -332266
10470 -332266
10500 -332266
10530 -332090
10560 -332090
10590 -332090
10620 -332090
10650 -332090
10680 -332090
10710 -332090
10740 -332090
10770 -332090
10800 -332090
10830 -332090
10860 -332090
10890 -332090
10920 -332090
10950 -332090
10980 -332090
11010 -332090
11040 -332090
11070 -332090
11100 -332090
11130 -331860
11160 -331860
11190 -331860
11220 -331860
11250 -331860
11280 -331860
11310 -331860
11340 -331860
11370 -331860
11400 -331860
11430 -331860
11460 -331860
11490 -331860
11520 -331151
11550 -331151
11580 -331151
11610 -331151
11640 -331151
11670 -331151
11700 -331151
11730 -331151
11760 -331151
11790 -331151
11820 -331151
11850 -331151
11880 -331151
11910 -331151
11940 -331151
11970 -331151
12000 -331151
12030 -331151
12060 -331151
12090 -331151
12120 -331036
12150 -331036
12180 -330742
12210 -330742
12240 -330742
12270 -330742
12300 -330742
12330 -330742
12360 -330742
12390 -330742
12420 -330742
12450 -330742
12480 -330742
12510 -330742
12540 -330742
12570 -330742
12600 -330742
12630 -330742
12660 -330742
12690 -330742
12720 -330742
12750 -330742
12780 -330742
12810 -330742
12840 -330742
12870 -330742
12900 -330742
12930 -330742
12960 -330742
12990 -330742
13020 -330742
13050 -330742
13080 -330742
13110 -330742
13140 -330742
13170 -330742
13200 -330742
13230 -330742
13260 -330742
13290 -330742
13320 -330742
13350 -330742
13380 -330742
13410 -330742
13440 -330742
13470 -330742
13500 -330742
13530 -330742
13560 -330742
13590 -330742
13620 -330742
13650 -330742
13680 -330742
13710 -330742
13740 -330742
13770 -330742
13800 -330742
13830 -330742
13860 -330742
13890 -330741
13920 -330741
13950 -330741
13980 -330741
14010 -330741
14040 -330741
14070 -330741
14100 -330741
14130 -330741
14160 -330741
14190 -330741
14220 -330741
14250 -330741
14280 -330669
14310 -330460
14340 -330410
14370 -330410
14400 -330410
14430 -330410
14460 -330410
14490 -330410
14520 -330410
14550 -330410
14580 -330410
14610 -330410
14640 -330410
14670 -330410
14700 -330310
14730 -330310
14760 -330310
14790 -330310
14820 -330310
14850 -330162
14880 -330162
14910 -330162
14940 -330162
14970 -330162
15000 -330162
15030 -330162
15060 -330162
15090 -330162
15120 -330162
15150 -330162
15180 -330146
15210 -330146
15240 -330146
15270 -330146
15300 -330146
15330 -330146
15360 -330146
15390 -330146
15420 -330022
15450 -330022
15480 -330022
15510 -330022
15540 -330022
15570 -330022
15600 -330022
15630 -330022
15660 -330022
15690 -330022
15720 -330022
15750 -330022
15780 -330022
15810 -330022
15840 -330022
15870 -330022
15900 -330022
15930 -330022
15960 -330022
15990 -330022
16020 -330022
16050 -330022
16080 -330022
16110 -330022
16140 -330022
16170 -330022
16200 -330022
16230 -330022
16260 -330022
16290 -330022
16320 -330022
16350 -330022
16380 -330022
16410 -329871
16440 -329871
16470 -329871
16500 -329517
16530 -329517
16560 -329517
16590 -329517
16620 -329517
16650 -329517
16680 -329517
16710 -329517
16740 -329517
16770 -329517
16800 -329517
16830 -329517
16860 -329517
16890 -329517
16920 -329185
16950 -329185
16980 -329185
17010 -329185
17040 -329185
17070 -329185
17100 -329185
17130 -329185
17160 -329185
17190 -329185
17220 -329185
17250 -329185
17280 -329185
17310 -329185
17340 -329185
17370 -329185
17400 -329185
17430 -329185
17460 -329185
17490 -329185
17520 -329185
17550 -329185
17580 -329185
17610 -329185
17640 -329185
17670 -329185
17700 -329185
17730 -329185
17760 -329185
17790 -329185
17820 -329185
17850 -329185
17880 -329185
17910 -329185
17940 -329185
17970 -329185
18000 -329185
18030 -329185
18060 -328773
18090 -328773
18120 -328773
18150 -328773
18180 -328773
18210 -328773
18240 -328773
18270 -328773
18300 -328773
18330 -328773
18360 -328773
18390 -328773
18420 -328773
18450 -328773
18480 -328773
18510 -328773
18540 -328773
18570 -328773
18600 -328773
18630 -328773
18660 -328773
18690 -328773
18720 -328773
18750 -328773
18780 -328773
18810 -328773
18840 -328773
18870 -328773
18900 -328773
18930 -328652
18960 -328652
18990 -328652
19020 -328652
19050 -328652
19080 -328652
19110 -328652
19140 -328652
19170 -328652
19200 -328652
19230 -328652
19260 -328652
19290 -328652
19320 -328652
19350 -328637
19380 -328637
19410 -328637
19440 -328637
19470 -328637
19500 -328637
19530 -328637
19560 -328637
19590 -328637
19620 -328637
19650 -328637
19680 -328637
19710 -328637
19740 -328637
19770 -328637
19800 -328637
19830 -328637
19860 -328637
19890 -328637
19920 -328637
19950 -328637
19980 -328637
20010 -328637
20040 -328637
20070 -328637
20100 -328637
20130 -328637
20160 -328637
20190 -328637
20220 -328429
20250 -328429
20280 -328429
20310 -328429
20340 -328429
20370 -328429
20400 -328429
20430 -328429
20460 -328429
20490 -328429
20520 -328429
20550 -328429
20580 -328429
20610 -328429
20640 -328429
20670 -328429
20700 -328429
20730 -328429
20760 -328429
20790 -328429
20820 -328429
20850 -328429
20880 -328429
20910 -328429
20940 -328429
20970 -328429
21000 -328429
21030 -328429
21060 -328429
21090 -328429
21120 -328429
21150 -328429
21180 -328429
21210 -328429
21240 -328267
21270 -328267
21300 -328267
21330 -328267
21360 -328267
21390 -328267
21420 -328267
21450 -328267
21480 -328267
21510 -328267
21540 -328267
21570 -328217
21600 -328217
21630 -328217
21660 -328217
21690 -328217
21720 -328217
21750 -328217
21780 -328217
21810 -328217
21840 -328217
21870 -328217
21900 -328217
21930 -328217
21960 -328217
21990 -328217
22020 -328217
22050 -328217
22080 -328217
22110 -328217
22140 -328217
22170 -328217
22200 -328217
22230 -328217
22260 -328217
22290 -328217
22320 -328217
22350 -328217
22380 -328217
22410 -328217
22440 -328217
22470 -328217
22500 -328200
22530 -328200
22560 -328001
22590 -328001
22620 -328001
22650 -328001
22680 -328001
22710 -327903
22740 -327903
22770 -327903
22800 -327903
22830 -327903
22860 -327903
22890 -327903
22920 -327903
22950 -327903
22980 -327903
23010 -327903
23040 -327903
23070 -327903
23100 -327903
23130 -327813
23160 -327813
23190 -327813
23220 -327813
23250 -327813
23280 -327813
23310 -327813
23340 -327813
23370 -327813
23400 -327813
23430 -327813
23460 -327813
23490 -327813
23520 -327813
23550 -327813
23580 -327813
23610 -327813
23640 -327813
23670 -327813
23700 -327813
23730 -327813
23760 -327813
23790 -327813
23820 -327813
23850 -327813
23880 -327813
23910 -327813
23940 -327813
23970 -327813
24000 -327813
24030 -327813
24060 -327813
24090 -327813
24120 -327813
24150 -327813
24180 -327813
24210 -327813
24240 -327813
24270 -327813
24300 -327813
24330 -327813
24360 -327813
24390 -327813
24420 -327813
24450 -327813
24480 -327813
24510 -327585
24540 -327585
24570 -327585
24600 -327585
24630 -327382
24660 -327382
24690 -327382
24720 -327382
24750 -326594
24780 -326594
24810 -326594
24840 -326594
24870 -326594
24900 -326594
24930 -326594
24960 -326594
24990 -326594
25020 -326594
25050 -326594
25080 -326594
25110 -326594
25140 -326266
25170 -326266
25200 -326266
25230 -326266
25260 -326266
25290 -326266
25320 -326266
25350 -326266
25380 -326266
25410 -326266
25440 -326234
25470 -326234
25500 -326234
25530 -326234
25560 -326234
25590 -326234
25620 -326234
25650 -326234
25680 -326234
25710 -326234
25740 -326234
25770 -326234
25800 -326234
25830 -326234
25860 -326234
25890 -326234
25920 -326234
25950 -326234
25980 -326234
26010 -326234
26040 -326234
26070 -326234
26100 -326234
26130 -324440
26160 -324440
26190 -324440
26220 -324440
26250 -324440
26280 -324440
26310 -324440
26340 -324440
26370 -324440
26400 -324440
26430 -324440
26460 -324440
26490 -324440
26520 -324440
26550 -324440
26580 -324440
26610 -324440
26640 -324440
26670 -324440
26700 -324440
26730 -324440
26760 -324440
26790 -324418
26820 -324418
26850 -324418
26880 -324418
26910 -324418
26940 -324418
26970 -324418
27000 -324418
27030 -324418
27060 -324418
27090 -324418
27120 -324418
27150 -324418
27180 -324418
27210 -324418
27240 -324418
27270 -324418
27300 -324380
27330 -324380
27360 -324380
27390 -324380
27420 -324380
27450 -324380
27480 -324380
27510 -324380
27540 -324380
27570 -324380
27600 -324380
27630 -324380
27660 -324380
27690 -324380
27720 -324380
27750 -324380
27780 -324380
27810 -324380
27840 -324380
27870 -324380
27900 -324380
27930 -324380
27960 -324380
27990 -324380
28020 -324380
28050 -324380
28080 -324380
28110 -324380
28140 -324380
28170 -324298
28200 -324298
28230 -324298
28260 -324298
28290 -324298
28320 -324298
28350 -324298
28380 -324298
28410 -324298
28440 -324298
28470 -324298
28500 -324298
28530 -324298
28560 -324298
28590 -324298
28620 -324298
28650 -324292
28680 -324292
28710 -324292
28740 -324292
28770 -324292
28800 -324292
28830 -324292
28860 -324292
28890 -324292
28920 -324292
28950 -324292
28980 -324292
29010 -324292
29040 -324292
29070 -324292
29100 -324292
29130 -324292
29160 -324292
29190 -324292
29220 -324292
29250 -324292
29280 -324292
29310 -324292
29340 -324292
29370 -324292
29400 -324292
29430 -324292
29460 -324292
29490 -324292
29520 -324292
29550 -324292
29580 -324292
29610 -324292
29640 -324292
29670 -324292
29700 -324292
29730 -324292
29760 -324292
29790 -324292
29820 -324292
29850 -324292
29880 -324292
29910 -324292
29940 -324292
29970 -324292
30000 -324292
30030 -324292
30060 -324292
30090 -324292
30120 -324292
30150 -324292
30180 -324292
30210 -324292
30240 -324292
30270 -324292
30300 -324292
30330 -324292
30360 -324292
30390 -324292
30420 -324292
30450 -324292
30480 -324292
30510 -324292
30540 -324261
30570 -324261
30600 -324261
30630 -324261
30660 -324261
30690 -324261
30720 -324261
30750 -324261
30780 -324261
30810 -324261
30840 -324261
30870 -324261
30900 -324261
30930 -324261
30960 -324261
30990 -324211
31020 -324071
31050 -324071
31080 -324071
31110 -324071
31140 -324071
31170 -323797
31200 -323797
31230 -323797
31260 -323797
31290 -323797
31320 -323797
31350 -323797
31380 -323797
31410 -323797
31440 -323797
31470 -323797
31500 -323797
31530 -323797
31560 -323797
31590 -323797
31620 -323797
31650 -323602
31680 -323602
31710 -323602
31740 -323602
31770 -323602
31800 -323602
31830 -323602
31860 -323602
31890 -323602
31920 -323602
31950 -323602
31980 -323602
32010 -323602
32040 -323602
32070 -323602
32100 -323602
32130 -323602
32160 -323602
32190 -323602
32220 -323602
32250 -323602
32280 -323602
32310 -323602
32340 -323602
32370 -323602
32400 -323602
32430 -323602
32460 -323602
32490 -323602
32520 -323602
32550 -323602
32580 -323602
32610 -323602
32640 -323602
32670 -323602
32700 -323602
32730 -323602
32760 -323602
32790 -323602
32820 -323602
32850 -323602
32880 -323602
32910 -323602
32940 -323602
32970 -323602
33000 -323602
33030 -323183
33060 -323183
33090 -323183
33120 -323183
33150 -323183
33180 -323183
33210 -323183
33240 -323183
33270 -323183
33300 -322991
33330 -322991
33360 -322991
33390 -322991
33420 -322991
33450 -322991
33480 -322991
33510 -322991
33540 -322991
33570 -322991
33600 -322991
33630 -322991
33660 -322991
33690 -322991
33720 -322991
33750 -322991
33780 -322991
33810 -322991
33840 -322991
33870 -322991
33900 -322991
33930 -322991
33960 -322343
33990 -322343
34020 -321773
34050 -321773
34080 -321773
34110 -321773
34140 -321773
34170 -321773
34200 -321773
34230 -321773
34260 -321773
34290 -321773
34320 -321773
34350 -321773
34380 -321773
34410 -321773
34440 -321773
34470 -321773
34500 -321773
34530 -321773
34560 -321773
34590 -321773
34620 -321773
34650 -321773
34680 -321773
34710 -321773
34740 -321773
34770 -321773
34800 -321773
34830 -321773
34860 -321773
34890 -321655
34920 -321655
34950 -321655
34980 -321655
35010 -321655
35040 -321655
35070 -321655
35100 -321655
35130 -321397
35160 -321397
35190 -321397
35220 -321397
35250 -321397
35280 -321397
35310 -321397
35340 -321397
35370 -321397
35400 -321397
35430 -321397
35460 -321397
35490 -321397
35520 -321397
35550 -321397
35580 -321397
35610 -321397
35640 -321397
35670 -321397
35700 -321397
35730 -321397
35760 -321397
35790 -321397
35820 -321397
35850 -321397
35880 -321397
35910 -321397
35940 -321397
35970 -321397
36000 -321397
36030 -321397
36060 -321397
36090 -321397
36120 -321397
36150 -321397
36180 -321397
36210 -321397
36240 -321397
36270 -321397
36300 -321397
36330 -321397
36360 -321397
36390 -321397
36420 -321397
36450 -321397
36480 -321397
36510 -321397
36540 -321397
36570 -321397
36600 -321397
36630 -321397
36660 -321397
36690 -321397
36720 -321397
36750 -321397
36780 -321397
36810 -321397
36840 -321397
36870 -321397
36900 -321397
36930 -321397
36960 -321397
36990 -321397
37020 -321397
37050 -321397
37080 -321397
37110 -321397
37140 -321397
37170 -321397
37200 -321397
37230 -321397
37260 -321397
37290 -321397
37320 -321397
37350 -321397
37380 -321397
37410 -321397
37440 -321397
37470 -321397
37500 -321397
37530 -321397
37560 -321397
37590 -321397
37620 -321397
37650 -321397
37680 -321397
37710 -321397
37740 -321397
37770 -321397
37800 -321397
37830 -321397
37860 -321397
37890 -321397
37920 -321397
37950 -321397
37980 -321397
38010 -321397
38040 -321397
38070 -321397
38100 -321397
38130 -321397
38160 -321397
38190 -321397
38220 -321397
38250 -321397
38280 -321397
38310 -321397
38340 -321397
38370 -321397
38400 -321397
38430 -321397
38460 -321397
38490 -321397
38520 -321397
38550 -321397
38580 -321397
38610 -321397
38640 -321397
38670 -321397
38700 -321397
38730 -321397
38760 -321397
38790 -321397
38820 -321397
38850 -321397
38880 -321397
38910 -321397
38940 -321397
38970 -321397
39000 -321397
39030 -321397
39060 -321397
39090 -321397
39120 -321397
39150 -321397
39180 -321397
39210 -321397
39240 -321397
39270 -321397
39300 -321397
39330 -321397
39360 -321397
39390 -321397
39420 -321397
39450 -321397
39480 -321397
39510 -321397
39540 -321397
39570 -321397
39600 -321397
39630 -321397
39660 -321397
39690 -321397
39720 -321397
39750 -321397
39780 -321397
39810 -321397
39840 -321397
39870 -321397
39900 -321397
39930 -321397
39960 -321397
39990 -321397
40020 -321397
40050 -321397
40080 -321397
40110 -321397
40140 -321397
40170 -321397
40200 -321328
40230 -321328
40260 -321328
40290 -321328
40320 -321328
40350 -321328
40380 -321328
40410 -321328
40440 -321328
40470 -321328
40500 -321328
40530 -321328
40560 -321328
40590 -321328
40620 -321328
40650 -321328
40680 -321328
40710 -321328
40740 -321328
40770 -321328
40800 -321328
40830 -321328
40860 -321328
40890 -321328
40920 -321328
40950 -321328
40980 -321328
41010 -321328
41040 -321328
41070 -321328
41100 -321328
41130 -321328
41160 -321328
41190 -321328
41220 -321328
41250 -321328
41280 -321328
41310 -321328
41340 -321328
41370 -321328
41400 -321328
41430 -321328
41460 -321328
41490 -321328
41520 -321328
41550 -321328
41580 -321328
41610 -321328
41640 -321328
41670 -319677
41700 -319677
41730 -319677
41760 -319677
41790 -319677
41820 -319677
41850 -319677
41880 -319677
41910 -319677
41940 -319677
41970 -319677
42000 -319677
42030 -319677
42060 -319677
42090 -319677
42120 -319677
42150 -319677
42180 -319677
42210 -319677
42240 -319677
42270 -319677
42300 -319677
42330 -319677
42360 -319677
42390 -319677
42420 -319677
42450 -319677
42480 -319677
42510 -319677
42540 -319677
42570 -319677
42600 -319677
42630 -319677
42660 -319677
42690 -319677
42720 -319677
42750 -319677
42780 -319677
42810 -319677
42840 -319677
42870 -319677
42900 -319677
42930 -319677
42960 -319677
42990 -319677
43020 -319677
43050 -319677
43080 -319677
43110 -319677
43140 -319677
43170 -319677
43200 -319677
43230 -319677
43260 -319677
43290 -319677
43320 -319677
43350 -319677
43380 -319677
43410 -319677
43440 -319677
43470 -319677
43500 -319677
43530 -319677
43560 -319677
43590 -319677
43620 -319658
43650 -319658
43680 -319658
43710 -319658
43740 -319658
43770 -319658
43800 -319658
43830 -319658
43860 -319658
43890 -319658
43920 -319658
43950 -319658
43980 -319658
44010 -319658
44040 -319658
44070 -319658
44100 -319658
44130 -319658
44160 -319658
44190 -319658
44220 -319658
44250 -319658
44280 -319658
44310 -319658
44340 -319658
44370 -319658
44400 -319658
44430 -319658
44460 -319658
44490 -319658
44520 -319658
44550 -319658
44580 -319658
44610 -319658
44640 -319658
44670 -319658
44700 -319658
44730 -319658
44760 -319658
44790 -319658
44820 -319658
44850 -319658
44880 -319658
44910 -319658
44940 -319658
44970 -319658
45000 -319658
45030 -319658
45060 -319658
45090 -319658
45120 -319658
45150 -319658
45180 -319658
45210 -319658
45240 -319658
45270 -319658
45300 -319577
45330 -319577
45360 -319472
45390 -319472
45420 -319472
45450 -319472
45480 -319472
45510 -319472
45540 -319472
45570 -319274
45600 -319274
45630 -319274
45660 -319274
45690 -319274
45720 -319274
45750 -319274
45780 -319274
45810 -319274
45840 -319274
45870 -319274
45900 -319274
45930 -319274
45960 -319274
45990 -319274
46020 -319274
46050 -319274
46080 -319274
46110 -319274
46140 -319274
46170 -319274
46200 -319274
46230 -319274
46260 -319274
46290 -319274
46320 -319274
46350 -318505
46380 -318505
46410 -318505
46440 -318505
46470 -318505
46500 -318505
46530 -318505
46560 -318505
46590 -318505
46620 -318505
46650 -318505
46680 -318505
46710 -318505
46740 -318505
46770 -318491
46800 -318491
46830 -318491
46860 -318491
46890 -318491
46920 -318491
46950 -318489
46980 -318489
47010 -318489
47040 -318489
47070 -318489
47100 -318489
47130 -318489
47160 -318489
47190 -318489
47220 -318489
47250 -318489
47280 -318489
47310 -318489
47340 -318489
47370 -318489
47400 -318489
47430 -318489
47460 -318489
47490 -318489
47520 -318489
47550 -318489
47580 -318489
47610 -318489
47640 -318489
47670 -318489
47700 -318489
47730 -318489
47760 -318489
47790 -318489
47820 -318489
47850 -318489
47880 -318489
47910 -318489
47940 -318489
47970 -318489
48000 -318489
48030 -318489
48060 -318489
48090 -318489
48120 -318489
48150 -318483
48180 -318483
48210 -318483
48240 -318483
48270 -318483
48300 -318483
48330 -318483
48360 -318483
48390 -318483
48420 -318483
48450 -318483
48480 -318483
48510 -318483
48540 -318483
48570 -318483
48600 -318483
48630 -318483
48660 -318483
48690 -318483
48720 -318483
48750 -318483
48780 -318483
48810 -318483
48840 -318483
48870 -318483
48900 -318483
48930 -318483
48960 -318483
48990 -318483
49020 -318483
49050 -318483
49080 -318483
49110 -318483
49140 -318483
49170 -318483
49200 -318483
49230 -318483
49260 -318483
49290 -318483
49320 -318483
49350 -318483
49380 -318483
49410 -318483
49440 -318483
49470 -318483
49500 -318483
49530 -318483
49560 -318483
49590 -318483
49620 -318483
49650 -318483
49680 -318483
49710 -318483
49740 -318483
49770 -318483
49800 -318483
49830 -318483
49860 -318483
49890 -318483
49920 -318483
49950 -318483
49980 -318483
50010 -318483
50040 -318483
50070 -318483
50100 -318285
50130 -318285
50160 -318285
50190 -318285
50220 -318285
50250 -318285
50280 -318285
50310 -318285
50340 -318285
50370 -318285
50400 -318285
50430 -318285
50460 -318285
50490 -318285
50520 -318285
50550 -318285
50580 -318285
50610 -318285
50640 -318285
50670 -318285
50700 -318285
50730 -318285
50760 -318285
50790 -318285
50820 -318285
50850 -318285
50880 -318285
50910 -318285
50940 -318285
50970 -318285
51000 -318285
51030 -318285
51060 -318285
51090 -318285
51120 -318285
51150 -318285
51180 -318285
51210 -318285
51240 -318285
51270 -318285
51300 -318285
51330 -318285
51360 -318285
51390 -318285
51420 -318285
51450 -318285
51480 -318285
51510 -318285
51540 -318285
51570 -318285
51600 -318285
51630 -318285
51660 -318285
51690 -318285
51720 -318285
51750 -318285
51780 -318285
51810 -318285
51840 -318285
51870 -318285
51900 -318285
51930 -318285
51960 -318285
51990 -318285
52020 -318285
52050 -318285
52080 -318285
52110 -318285
52140 -318285
52170 -318285
52200 -318285
52230 -318285
52260 -318285
52290 -318285
52320 -318285
52350 -318285
52380 -318285
52410 -318285
52440 -318285
52470 -318285
52500 -318285
52530 -318285
52560 -318285
52590 -318285
52620 -318285
52650 -318234
52680 -318234
52710 -318234
52740 -318234
52770 -318234
52800 -318234
52830 -318234
52860 -318234
52890 -318234
52920 -318234
52950 -318234
52980 -318234
53010 -318234
53040 -318234
53070 -318234
53100 -318234
53130 -318234
53160 -318234
53190 -318234
53220 -318234
53250 -318234
53280 -318234
53310 -318234
53340 -318234
53370 -318234
53400 -318234
53430 -318234
53460 -318234
53490 -318234
53520 -318234
53550 -318234
53580 -318234
53610 -318234
53640 -318234
53670 -318234
53700 -318234
53730 -318234
53760 -318234
53790 -318234
53820 -318234
53850 -318234
53880 -318234
53910 -318234
53940 -318234
53970 -318234
54000 -318234
54030 -318234
54060 -318234
54090 -318234
54120 -318234
54150 -318234
54180 -318234
54210 -318234
54240 -318234
54270 -318234
54300 -318234
54330 -318234
54360 -318234
54390 -318234
54420 -318234
54450 -318234
54480 -318234
54510 -318234
54540 -318234
54570 -318234
54600 -318234
54630 -318234
54660 -318234
54690 -318234
54720 -318234
54750 -318234
54780 -318234
54810 -318234
54840 -318234
54870 -318234
54900 -318234
54930 -318234
54960 -318234
54990 -318234
55020 -318234
55050 -318234
55080 -318234
55110 -318234
55140 -318234
55170 -318202
55200 -318202
55230 -318202
55260 -318202
55290 -318202
55320 -318202
55350 -318202
55380 -318202
55410 -318202
55440 -318202
55470 -318202
55500 -318202
55530 -318202
55560 -318202
55590 -318202
55620 -318202
55650 -318202
55680 -318202
55710 -318202
55740 -318202
55770 -318202
55800 -318202
55830 -318202
55860 -318202
55890 -318202
55920 -318202
55950 -318202
55980 -318202
56010 -318202
56040 -318202
56070 -318202
56100 -318202
56130 -318202
56160 -318202
56190 -318202
56220 -318202
56250 -318202
56280 -318202
56310 -318202
56340 -318202
56370 -318202
56400 -318202
56430 -318202
56460 -318202
56490 -318202
56520 -318202
56550 -318202
56580 -318202
56610 -318202
56640 -318202
56670 -318202
56700 -318202
56730 -318202
56760 -318202
56790 -318202
56820 -318202
56850 -318202
56880 -318202
56910 -318202
56940 -318202
56970 -318202
57000 -318202
57030 -318202
57060 -318202
57090 -318202
57120 -318202
57150 -318202
57180 -318202
57210 -318202
57240 -318202
57270 -318202
57300 -318202
57330 -318202
57360 -318202
57390 -318202
57420 -318202
57450 -318202
57480 -318202
57510 -318202
57540 -318202
57570 -318202
57600 -318202
57630 -318202
57660 -318202
57690 -318202
57720 -318202
57750 -318202
57780 -318202
57810 -318202
57840 -318202
57870 -318185
57900 -318185
57930 -318185
57960 -318185
57990 -318185
58020 -318185
58050 -318185
58080 -318185
58110 -318151
58140 -318151
58170 -318151
58200 -318151
58230 -318151
58260 -318151
58290 -318151
58320 -318151
58350 -318151
58380 -318151
58410 -318151
58440 -318151
58470 -318151
58500 -318151
58530 -318151
58560 -318151
58590 -318151
58620 -318151
58650 -318151
58680 -318151
58710 -318151
58740 -318151
58770 -318151
58800 -318151
58830 -318151
58860 -318151
58890 -318151
58920 -318151
58950 -318151
58980 -318151
59010 -318151
59040 -318151
59070 -318151
59100 -318151
59130 -318151
59160 -318151
59190 -318151
59220 -318151
59250 -318151
59280 -318151
59310 -318151
59340 -318151
59370 -318151
59400 -318151
59430 -318151
59460 -318151
59490 -318151
59520 -318151
59550 -318151
59580 -318151
59610 -318151
59640 -318151
59670 -318151
59700 -318151
59730 -318151
59760 -318151
59790 -318151
59820 -318151
59850 -318151
59880 -318151
59910 -318151
59940 -318151
59970 -318151
60000 -318151
60030 -318151
60060 -318151
60090 -318151
60120 -318151
60150 -318151
60180 -318151
60210 -318151
60240 -318151
60270 -318151
60300 -318151
60330 -318151
60360 -318151
60390 -318151
60420 -318141
60450 -318141
60480 -318141
60510 -318141
60540 -318141
60570 -318141
60600 -318141
60630 -318141
60660 -318141
60690 -318141
60720 -318141
60750 -318141
60780 -318141
60810 -318141
60840 -318141
60870 -318141
60900 -318141
60930 -318141
60960 -318141
60990 -318141
61020 -318141
61050 -318141
61080 -318141
61110 -318141
61140 -318141
61170 -318141
61200 -318141
61230 -318141
61260 -318141
61290 -318141
61320 -318141
61350 -318141
61380 -318141
61410 -318141
61440 -318141
61470 -318141
61500 -318141
61530 -318141
61560 -318141
61590 -318141
61620 -318141
61650 -318141
61680 -318141
61710 -318141
61740 -318141
61770 -318141
61800 -318141
61830 -318141
61860 -318141
61890 -318141
61920 -318141
61950 -318141
61980 -318141
62010 -318141
62040 -318141
62070 -318141
62100 -318141
62130 -318141
62160 -318141
62190 -318141
62220 -318141
62250 -318141
62280 -318141
62310 -318141
62340 -318141
62370 -318141
62400 -318141
62430 -318141
62460 -318141
62490 -318141
62520 -318141
62550 -318141
62580 -317997
62610 -317997
62640 -317997
62670 -317997
62700 -317997
62730 -317997
62760 -317997
62790 -317997
62820 -317997
62850 -317997
62880 -317997
62910 -317997
62940 -317997
62970 -317997
63000 -317997
63030 -317997
63060 -317997
63090 -317997
63120 -317997
63150 -317997
63180 -317997
63210 -317997
63240 -317997
63270 -317997
63300 -317997
63330 -317997
63360 -317997
63390 -317997
63420 -317997
63450 -317997
63480 -317997
63510 -317997
63540 -317997
63570 -317997
63600 -317997
63630 -317997
63660 -317997
63690 -317997
63720 -317997
63750 -317997
63780 -317997
63810 -317997
63840 -317997
63870 -317997
63900 -317997
63930 -317997
63960 -317997
63990 -317997
64020 -317997
64050 -317997
64080 -317997
64110 -317997
64140 -317997
64170 -317997
64200 -317997
64230 -317997
64260 -317997
64290 -317997
64320 -317997
64350 -317997
64380 -317997
64410 -317997
64440 -317997
64470 -317997
64500 -317997
64530 -317997
64560 -317997
64590 -317997
64620 -317997
64650 -317997
64680 -317997
64710 -317997
64740 -317997
64770 -317997
64800 -317997
64830 -317997
64860 -317997
64890 -317997
64920 -317997
64950 -317997
64980 -317997
65010 -317997
65040 -317997
65070 -317997
65100 -317997
65130 -317997
65160 -317997
65190 -317997
65220 -317997
65250 -317997
65280 -317997
65310 -317997
65340 -317997
65370 -317997
65400 -317997
65430 -317997
65460 -317997
65490 -317997
65520 -317997
65550 -317997
65580 -317997
65610 -317997
65640 -317997
65670 -317997
65700 -317997
65730 -317997
65760 -317997
65790 -317997
65820 -317997
65850 -317997
65880 -317997
65910 -317997
65940 -317997
65970 -317997
66000 -317997
66030 -317997
66060 -317875
66090 -317875
66120 -317875
66150 -317875
66180 -317875
66210 -317875
66240 -317875
66270 -317875
66300 -317875
66330 -317875
66360 -317875
66390 -317875
66420 -317875
66450 -317875
66480 -317875
66510 -317875
66540 -317875
66570 -317656
66600 -317656
66630 -317656
66660 -317656
66690 -317656
66720 -317656
66750 -317656
66780 -317656
66810 -317656
66840 -317656
66870 -317656
66900 -317656
66930 -317656
66960 -317656
66990 -317656
67020 -317656
67050 -317656
67080 -317656
67110 -317656
67140 -317656
67170 -317656
67200 -317656
67230 -317656
67260 -317656
67290 -317656
67320 -317656
67350 -317656
67380 -317656
67410 -317656
67440 -317656
67470 -317656
67500 -317656
67530 -317656
67560 -317656
67590 -317656
67620 -317656
67650 -317656
67680 -317656
67710 -317656
67740 -317656
67770 -317656
67800 -317656
67830 -317656
67860 -317656
67890 -317656
67920 -317656
67950 -317656
67980 -317656
68010 -317656
68040 -317656
68070 -317656
68100 -317656
68130 -317656
68160 -317656
68190 -317656
68220 -317656
68250 -317656
68280 -317656
68310 -317656
68340 -317656
68370 -317656
68400 -317656
68430 -317656
68460 -317656
68490 -317656
68520 -317656
68550 -317656
68580 -317656
68610 -317656
68640 -317656
68670 -317656
68700 -317656
68730 -317656
68760 -317656
68790 -317656
68820 -317656
68850 -317656
68880 -317656
68910 -317656
68940 -317656
68970 -317656
69000 -317656
69030 -317656
69060 -317656
69090 -317656
69120 -317656
69150 -317656
69180 -317656
69210 -317656
69240 -317656
69270 -317656
69300 -317656
69330 -317656
69360 -317656
69390 -317656
69420 -317656
69450 -317656
69480 -317656
69510 -317656
69540 -317656
69570 -317656
69600 -317656
69630 -317656
69660 -317656
69690 -317656
69720 -317656
69750 -317656
69780 -317656
69810 -317656
69840 -317656
69870 -317656
69900 -317656
69930 -317656
69960 -317656
69990 -317656
70020 -317656
70050 -317656
70080 -317656
70110 -317656
70140 -317656
70170 -317656
70200 -317656
70230 -317656
70260 -317656
70290 -317491
70320 -317491
70350 -317491
70380 -317491
70410 -317491
70440 -317491
70470 -317491
70500 -317491
70530 -317491
70560 -317491
70590 -317491
70620 -317491
70650 -317491
70680 -317491
70710 -317491
70740 -317491
70770 -317491
70800 -317491
70830 -317491
70860 -317491
70890 -317491
70920 -317491
70950 -317491
70980 -317491
71010 -317491
71040 -317491
71070 -317491
71100 -317491
71130 -317491
71160 -317491
71190 -317491
71220 -317491
71250 -317491
71280 -317491
71310 -317491
71340 -317491
71370 -317491
71400 -317491
71430 -317483
71460 -317483
71490 -317483
71520 -317483
71550 -317483
71580 -317483
71610 -317483
71640 -317483
71670 -317483
71700 -317483
71730 -317483
71760 -317483
71790 -317483
71820 -317483
71850 -317483
71880 -317483
71910 -317483
71940 -317483
71970 -317483
72000 -317483
72030 -317483
72060 -317483
72090 -317483
72120 -317483
72150 -317483
72180 -317483
72210 -317483
72240 -317483
72270 -317483
72300 -317483
72330 -317483
72360 -317483
72390 -317483
72420 -317483
72450 -317483
72480 -317483
72510 -317483
72540 -317483
72570 -317483
72600 -317483
72630 -317483
72660 -317483
72690 -317483
72720 -317483
72750 -317483
72780 -317483
72810 -317483
72840 -317483
72870 -317483
72900 -317483
72930 -317483
72960 -317483
72990 -317483
73020 -317483
73050 -317483
73080 -317483
73110 -317483
73140 -317483
73170 -317483
73200 -317483
73230 -317483
73260 -317483
73290 -317483
73320 -317483
73350 -317483
73380 -317483
73410 -317483
73440 -317483
73470 -317483
73500 -317483
73530 -317483
73560 -317483
73590 -317483
73620 -317483
73650 -317483
73680 -317483
73710 -317483
73740 -317483
73770 -317483
73800 -317483
73830 -317483
73860 -317483
73890 -317483
73920 -317483
73950 -317483
73980 -317483
74010 -317483
74040 -317483
74070 -317483
74100 -317483
74130 -317483
74160 -317483
74190 -317483
74220 -317483
74250 -317483
74280 -317483
74310 -317483
74340 -317483
74370 -317483
74400 -317483
74430 -317483
74460 -317483
74490 -317483
74520 -317483
74550 -317483
74580 -317483
74610 -317483
74640 -317483
74670 -317483
74700 -317483
74730 -317483
74760 -317483
74790 -317483
74820 -317483
74850 -317483
74880 -317483
74910 -317483
74940 -317483
74970 -317483
75000 -317483
75030 -317483
75060 -317471
75090 -317471
75120 -317471
75150 -317471
75180 -317471
75210 -317471
75240 -317471
75270 -317471
75300 -317471
75330 -317471
75360 -317471
75390 -317471
75420 -317471
75450 -317471
75480 -317471
75510 -317471
75540 -317471
75570 -316870
75600 -316870
75630 -316870
75660 -316870
75690 -316870
75720 -316870
75750 -316870
75780 -316870
75810 -316870
75840 -316870
75870 -316870
75900 -316870
75930 -316870
75960 -316870
75990 -316870
76020 -316870
76050 -316870
76080 -316870
76110 -316870
76140 -316870
76170 -316870
76200 -316870
76230 -316778
76260 -316778
76290 -316778
76320 -316778
76350 -316778
76380 -316778
76410 -316778
76440 -316778
76470 -316778
76500 -316778
76530 -316778
76560 -316778
76590 -316778
76620 -316778
76650 -316778
76680 -316778
76710 -316778
76740 -316778
76770 -316778
76800 -316778
76830 -316778
76860 -316778
76890 -316778
76920 -316778
76950 -316778
76980 -316778
77010 -316778
77040 -316778
77070 -316778
77100 -316778
77130 -316778
77160 -316754
77190 -316754
77220 -316754
77250 -316754
77280 -316754
77310 -316754
77340 -316754
77370 -316754
77400 -316754
77430 -316754
77460 -316754
77490 -316754
77520 -316754
77550 -316754
77580 -316754
77610 -316754
77640 -316754
77670 -316754
77700 -316754
77730 -316754
77760 -316754
77790 -316754
77820 -316754
77850 -316754
77880 -316754
77910 -316754
77940 -316754
77970 -316754
78000 -316754
78030 -316754
78060 -316754
78090 -316754
78120 -316754
78150 -316754
78180 -316754
78210 -316754
78240 -316754
78270 -316754
78300 -316651
78330 -316651
78360 -316651
78390 -316651
78420 -316651
78450 -316651
78480 -316651
78510 -316651
78540 -316651
78570 -316651
78600 -316651
78630 -316651
78660 -316651
78690 -316651
78720 -316651
78750 -316651
78780 -316651
78810 -316651
78840 -316651
78870 -316651
78900 -316651
78930 -316651
78960 -316651
78990 -316651
79020 -316651
79050 -316651
79080 -316651
79110 -316651
79140 -316651
79170 -316651
79200 -316651
79230 -316651
79260 -316651
79290 -316651
79320 -316651
79350 -316651
79380 -316651
79410 -316651
79440 -316651
79470 -316467
79500 -316467
79530 -316467
79560 -316467
79590 -316467
79620 -316467
79650 -316467
79680 -316467
79710 -316467
79740 -316467
79770 -316467
79800 -316467
79830 -316467
79860 -316467
79890 -316467
79920 -316467
79950 -316467
79980 -316467
80010 -316467
80040 -316467
80070 -316467
80100 -316467
80130 -316467
80160 -316467
80190 -316467
80220 -316467
80250 -316467
80280 -316467
80310 -316467
80340 -316467
80370 -316467
80400 -316467
80430 -316467
80460 -316467
80490 -316467
80520 -316467
80550 -316467
80580 -316467
80610 -316467
80640 -316467
80670 -316467
80700 -316467
80730 -316467
80760 -316467
80790 -316467
80820 -316467
80850 -316467
80880 -316467
80910 -316467
80940 -316467
80970 -316467
81000 -316467
81030 -316467
81060 -316467
81090 -316467
81120 -316467
81150 -316467
81180 -316467
81210 -316467
81240 -316467
81270 -316467
81300 -316433
81330 -316433
81360 -316433
81390 -316433
81420 -316433
81450 -316433
81480 -316433
81510 -316433
81540 -316433
81570 -316433
81600 -316433
81630 -316433
81660 -316433
81690 -316433
81720 -316433
81750 -316433
81780 -316433
81810 -316433
81840 -316433
81870 -316433
81900 -316433
81930 -316433
81960 -316433
81990 -316433
82020 -316433
82050 -316433
82080 -316433
82110 -316433
82140 -316433
82170 -316433
82200 -316433
82230 -316433
82260 -316433
82290 -316433
82320 -316433
82350 -316433
82380 -316433
82410 -316433
82440 -316433
82470 -316433
82500 -316433
82530 -316433
82560 -316433
82590 -316433
82620 -316433
82650 -316433
82680 -316433
82710 -316433
82740 -316433
82770 -316433
82800 -316433
82830 -316433
82860 -316433
82890 -316433
82920 -316433
82950 -316433
82980 -316433
83010 -316433
83040 -316433
83070 -316433
83100 -316433
83130 -316433
83160 -316433
83190 -316433
83220 -316433
83250 -316433
83280 -316433
83310 -316433
83340 -316433
83370 -316433
83400 -316433
83430 -316433
83460 -316433
83490 -316433
83520 -316433
83550 -316433
83580 -316433
83610 -316433
83640 -316433
83670 -316433
83700 -316433
83730 -316433
83760 -316433
83790 -316433
83820 -316433
83850 -316433
83880 -316433
83910 -316433
83940 -316433
83970 -316433
84000 -316433
84030 -316433
84060 -316433
84090 -316433
84120 -316433
84150 -316433
84180 -316433
84210 -316433
84240 -316433
84270 -316433
84300 -316433
84330 -316433
84360 -316433
84390 -316433
84420 -316433
84450 -316433
84480 -316433
84510 -316335
84540 -316335
84570 -316335
84600 -316335
84630 -316335
84660 -316335
84690 -316335
84720 -316335
84750 -316335
84780 -316335
84810 -316335
84840 -316335
84870 -316335
84900 -316335
84930 -316335
84960 -316335
84990 -316335
85020 -316335
85050 -316335
85080 -316335
85110 -316335
85140 -316335
85170 -316335
85200 -316335
85230 -316335
85260 -316335
85290 -316335
85320 -316335
85350 -316335
85380 -316335
85410 -316335
85440 -316335
85470 -316335
85500 -316335
85530 -316335
85560 -316335
85590 -316335
85620 -316335
85650 -316335
85680 -316335
85710 -316335
85740 -316335
85770 -316335
85800 -316335
85830 -316335
85860 -316335
85890 -316335
85920 -316303
85950 -316303
85980 -316303
86010 -316303
86040 -316303
86070 -316303
86100 -316303
86130 -316303
86160 -316303
86190 -316303
86220 -316303
86250 -316303
86280 -316303
86310 -316303
86340 -316303
86370 -316303
86400 -316303
86430 -316303
86460 -316303
86490 -316303
86520 -316303
86550 -316303
86580 -316303
86610 -316303
86640 -316303
86670 -316303
86700 -316303
86730 -316303
86760 -316303
86790 -316303
86820 -316303
86850 -316303
86880 -316303
86910 -316303
86940 -316303
86970 -316303
87000 -316303
87030 -316303
87060 -316303
87090 -316303
87120 -316303
87150 -316303
87180 -316303
87210 -316303
87240 -316303
87270 -316303
87300 -316303
87330 -316303
87360 -316303
87390 -316303
87420 -316303
87450 -316303
87480 -316303
87510 -316303
87540 -316303
87570 -316303
87600 -316303
87630 -316303
87660 -316303
87690 -316303
87720 -316303
87750 -316303
87780 -316303
87810 -316303
87840 -316303
87870 -316303
87900 -316303
87930 -316303
87960 -316303
87990 -316303
88020 -316303
88050 -316303
88080 -316303
88110 -316303
88140 -316303
88170 -316303
88200 -316303
88230 -316303
88260 -316303
88290 -316303
88320 -316303
88350 -316303
88380 -316303
88410 -316303
88440 -316303
88470 -316303
88500 -316303
88530 -316303
88560 -316303
88590 -316303
88620 -316303
88650 -316303
88680 -316303
88710 -316303
88740 -316303
88770 -316303
88800 -316303
88830 -316303
88860 -316303
88890 -316191
88920 -316191
88950 -316191
88980 -316191
89010 -316191
89040 -316191
89070 -316191
89100 -316191
89130 -316191
89160 -316191
89190 -316191
89220 -316191
89250 -316191
89280 -316191
89310 -316191
89340 -316191
89370 -316191
89400 -316191
89430 -316191
89460 -316191
89490 -316191
89520 -316191
89550 -316191
89580 -316191
89610 -316191
89640 -316191
89670 -316191
89700 -316191
89730 -316191
89760 -316191
89790 -316191
89820 -316191
89850 -316191
89880 -316191
89910 -316191
89940 -316191
89970 -316191
90000 -316191
90030 -316191
90060 -316191
90090 -316191
90120 -316191
90150 -316191
90180 -316191
90210 -316191
90240 -316191
90270 -316191
90300 -316191
90330 -316191
90360 -316191
90390 -316191
90420 -316191
90450 -316191
90480 -316191
90510 -316191
90540 -316191
90570 -316191
90600 -316191
90630 -316191
90660 -316191
90690 -316191
90720 -316191
90750 -316191
90780 -316191
90810 -316191
90840 -316191
90870 -316191
90900 -316191
90930 -316191
90960 -316191
90990 -316191
91020 -316191
91050 -316191
91080 -316191
91110 -316191
91140 -316191
91170 -316191
91200 -316191
91230 -316191
91260 -316191
91290 -316191
91320 -316191
91350 -316191
91380 -316191
91410 -316191
91440 -316191
91470 -316191
91500 -316191
91530 -316191
91560 -316191
91590 -316191
91620 -316191
91650 -316191
91680 -316191
91710 -316191
91740 -316191
91770 -316191
91800 -316191
91830 -316191
91860 -316191
91890 -316191
91920 -315725
91950 -315725
91980 -315725
92010 -315725
92040 -315725
92070 -315725
92100 -315725
92130 -315725
92160 -315725
92190 -315725
92220 -315725
92250 -315725
92280 -315725
92310 -315725
92340 -315725
92370 -315725
92400 -315725
92430 -315725
92460 -315725
92490 -315725
92520 -315725
92550 -315725
92580 -315725
92610 -315725
92640 -315725
92670 -315725
92700 -315725
92730 -315725
92760 -315725
92790 -315725
92820 -315725
92850 -315725
92880 -315725
92910 -315725
92940 -315725
92970 -315725
93000 -315725
93030 -315725
93060 -315724
93090 -315724
93120 -315724
93150 -315724
93180 -315724
93210 -315724
93240 -315724
93270 -315724
93300 -315724
93330 -315724
93360 -315724
93390 -315724
93420 -315724
93450 -315724
93480 -315724
93510 -315724
93540 -315724
93570 -315724
93600 -315724
93630 -315724
93660 -315724
93690 -315724
93720 -315724
93750 -315724
93780 -315724
93810 -315724
93840 -315724
93870 -315724
93900 -315724
93930 -315724
93960 -315724
93990 -315724
94020 -315724
94050 -315724
94080 -315724
94110 -315724
94140 -315724
94170 -315724
94200 -315724
94230 -315724
94260 -315724
94290 -315724
94320 -315724
94350 -315724
94380 -315724
94410 -315724
94440 -315724
94470 -315724
94500 -315724
94530 -315724
94560 -315724
94590 -315724
94620 -315724
94650 -315724
94680 -315724
94710 -315724
94740 -315724
94770 -315724
94800 -315724
94830 -315724
94860 -315724
94890 -315724
94920 -315724
94950 -315724
94980 -315724
95010 -315724
95040 -315724
95070 -315724
95100 -315724
95130 -315724
95160 -315724
95190 -315724
95220 -315724
95250 -315724
95280 -315724
95310 -315724
95340 -315724
95370 -315724
95400 -315724
95430 -315724
95460 -315724
95490 -315724
95520 -315724
95550 -315724
95580 -315724
95610 -315724
95640 -315724
95670 -315724
95700 -315724
95730 -315724
95760 -315724
95790 -315724
95820 -315724
95850 -315724
95880 -315724
95910 -315724
95940 -315724
95970 -315724
96000 -315724
96030 -315724
96060 -315724
96090 -315724
96120 -315724
96150 -315724
96180 -315724
96210 -315724
96240 -315724
96270 -315724
96300 -315724
96330 -315724
96360 -315724
96390 -315724
96420 -315724
96450 -315724
96480 -315724
96510 -315724
96540 -315724
96570 -315724
96600 -315724
96630 -315724
96660 -315724
96690 -315724
96720 -315724
96750 -315724
96780 -315724
96810 -315724
96840 -315724
96870 -315724
96900 -315724
96930 -315724
96960 -315724
96990 -315724
97020 -315724
97050 -315724
97080 -315724
97110 -315724
97140 -315724
97170 -315724
97200 -315724
97230 -315724
97260 -315724
97290 -315724
97320 -315724
97350 -315724
97380 -315724
97410 -315724
97440 -315724
97470 -315724
97500 -315724
97530 -315724
97560 -315724
97590 -315724
97620 -315724
97650 -315724
97680 -315724
97710 -315724
97740 -315724
97770 -315724
97800 -315724
97830 -315724
97860 -315724
97890 -315724
97920 -315724
97950 -315724
97980 -315724
98010 -315724
98040 -315724
98070 -315724
98100 -315724
98130 -315724
98160 -315724
98190 -315724
98220 -315724
98250 -315724
98280 -315724
98310 -315724
98340 -315724
98370 -315724
98400 -315724
98430 -315724
98460 -315724
98490 -315724
98520 -315724
98550 -315724
98580 -315724
98610 -315724
98640 -315724
98670 -315724
98700 -315724
98730 -315724
98760 -315724
98790 -315724
98820 -315724
98850 -315724
98880 -315724
98910 -315724
98940 -315724
98970 -315724
99000 -315724
99030 -315724
99060 -315724
99090 -315724
99120 -315724
99150 -315724
99180 -315724
99210 -315724
99240 -315724
99270 -315724
99300 -315724
99330 -315724
99360 -315724
99390 -315724
99420 -315724
99450 -315724
99480 -315724
99510 -315724
99540 -315724
99570 -315724
99600 -315724
99630 -315724
99660 -315724
99690 -315724
99720 -315724
99750 -315724
99780 -315724
99810 -315724
99840 -315724
99870 -315724
99900 -315724
99930 -315650
99960 -315650
99990 -315650
100020 -315650
100050 -315650
100080 -315650
100110 -315650
100140 -315650
100170 -315650
100200 -315650
100230 -315650
100260 -315650
100290 -315650
100320 -315650
100350 -315650
100380 -315650
100410 -315650
100440 -315650
100470 -315650
100500 -315650
100530 -315650
100560 -315650
100590 -315650
100620 -315650
100650 -315650
100680 -315402
100710 -315402
100740 -315402
100770 -315402
100800 -315402
100830 -315402
100860 -315402
100890 -315402
100920 -315402
100950 -315402
100980 -315402
101010 -315402
101040 -315402
101070 -315402
101100 -315402
101130 -315402
101160 -315402
101190 -315402
101220 -315402
101250 -315402
101280 -315402
101310 -315402
101340 -315402
101370 -315402
101400 -315402
101430 -315402
101460 -315402
101490 -315402
101520 -315402
101550 -315402
101580 -315402
101610 -315402
101640 -315402
101670 -315402
101700 -315402
101730 -315402
101760 -315402
101790 -315402
101820 -315402
101850 -315402
101880 -315402
101910 -315402
101940 -315402
101970 -315402
102000 -315402
102030 -315402
102060 -315402
102090 -315402
102120 -315402
102150 -315402
102180 -315402
102210 -315402
102240 -315402
102270 -315402
102300 -315402
102330 -315402
102360 -315402
102390 -315402
102420 -315402
102450 -315402
102480 -315402
102510 -315402
102540 -315402
102570 -315402
102600 -315402
102630 -315402
102660 -315402
102690 -315402
102720 -315402
102750 -315402
102780 -315402
102810 -315276
102840 -315234
102870 -315234
102900 -315234
102930 -315234
102960 -315234
102990 -315234
103020 -315234
103050 -315234
103080 -315234
103110 -315234
103140 -315234
103170 -315234
103200 -315234
103230 -315234
103260 -315234
103290 -315234
103320 -315234
103350 -315234
103380 -315234
103410 -315234
103440 -315234
103470 -315234
103500 -315234
103530 -315234
103560 -315234
103590 -315234
103620 -315234
103650 -315234
103680 -315234
103710 -315234
103740 -315234
103770 -315234
103800 -315234
103830 -315234
103860 -315234
103890 -315234
103920 -315234
103950 -315234
103980 -315234
104010 -315234
104040 -315234
104070 -315234
104100 -315234
104130 -315234
104160 -315234
104190 -315234
104220 -315234
104250 -315234
104280 -315234
104310 -315234
104340 -315234
104370 -315234
104400 -315234
104430 -315234
104460 -315234
104490 -315234
104520 -315234
104550 -315234
104580 -315234
104610 -315234
104640 -315234
104670 -315208
104700 -315208
104730 -315208
104760 -315208
104790 -315208
104820 -315208
104850 -315208
104880 -315208
104910 -315208
104940 -315208
104970 -315208
105000 -315208
105030 -315208
105060 -315208
105090 -315208
105120 -315208
105150 -315208
105180 -315208
105210 -315208
105240 -315208
105270 -315208
105300 -315208
105330 -315208
105360 -315208
105390 -315208
105420 -315208
105450 -315208
105480 -315208
105510 -315208
105540 -315208
105570 -315208
105600 -315208
105630 -315208
105660 -315208
105690 -315208
105720 -315208
105750 -315208
105780 -315208
105810 -315208
105840 -315208
105870 -315208
105900 -315208
105930 -315208
105960 -315208
105990 -315208
106020 -315208
106050 -315208
106080 -315208
106110 -315208
106140 -315208
106170 -315208
106200 -315208
106230 -315208
106260 -315208
106290 -315208
106320 -315208
106350 -315208
106380 -315208
106410 -315208
106440 -315208
106470 -315208
106500 -315208
106530 -315208
106560 -315208
106590 -315208
106620 -315208
106650 -315208
106680 -315208
106710 -315208
106740 -315208
106770 -315208
106800 -315208
106830 -315208
106860 -315208
106890 -315208
106920 -315208
106950 -315208
106980 -315208
107010 -315208
107040 -315208
107070 -315208
107100 -315208
107130 -315208
107160 -315208
107190 -315208
107220 -315208
107250 -315208
107280 -315208
107310 -315208
107340 -315208
107370 -315208
107400 -315208
107430 -315208
107460 -315208
107490 -315208
107520 -315208
107550 -315208
107580 -315208
107610 -315208
107640 -315208
107670 -315208
107700 -315208
107730 -315208
107760 -315208
107790 -315208
107820 -315208
107850 -315208
107880 -315208
107910 -315208
107940 -315208
107970 -315208
108000 -315208
108030 -315208
108060 -315208
108090 -315208
108120 -315208
108150 -315208
108180 -315208
108210 -315208
108240 -315208
108270 -315208
108300 -315208
108330 -315208
108360 -315208
108390 -315208
108420 -315208
108450 -315192
108480 -315192
108510 -315192
108540 -315192
108570 -315192
108600 -315192
108630 -315192
108660 -315192
108690 -315192
108720 -315192
108750 -315192
108780 -315192
108810 -315192
108840 -315192
108870 -315192
108900 -315192
108930 -315192
108960 -315192
108990 -315192
109020 -315192
109050 -315192
109080 -315192
109110 -315192
109140 -315192
109170 -315192
109200 -315192
109230 -315192
109260 -315192
109290 -315192
109320 -315192
109350 -315192
109380 -315192
109410 -315192
109440 -315192
109470 -315192
109500 -315192
109530 -315192
109560 -315192
109590 -315192
109620 -315192
109650 -315192
109680 -315192
109710 -315192
109740 -315192
109770 -315192
109800 -315192
109830 -315192
109860 -315192
109890 -315192
109920 -315192
109950 -315192
109980 -315192
110010 -315192
110040 -315192
110070 -315192
110100 -315192
110130 -315192
110160 -315192
110190 -315192
110220 -315192
110250 -315192
110280 -315192
110310 -315192
110340 -315192
110370 -315192
110400 -315192
110430 -315192
110460 -315192
110490 -315192
110520 -315192
110550 -315192
110580 -315192
110610 -315192
110640 -315192
110670 -315192
110700 -315192
110730 -315192
110760 -315192
110790 -315192
110820 -315192
110850 -315192
110880 -315192
110910 -315192
110940 -315192
110970 -315192
111000 -315192
111030 -315192
111060 -315192
111090 -315192
111120 -315192
111150 -315192
111180 -315192
111210 -315192
111240 -315192
111270 -315192
111300 -315192
111330 -315192
111360 -315192
111390 -315192
111420 -315192
111450 -315192
111480 -315192
111510 -315192
111540 -315192
111570 -315192
111600 -315192
111630 -315192
111660 -315192
111690 -315192
111720 -315192
111750 -315192
111780 -315192
111810 -315192
111840 -315192
111870 -315192
111900 -315192
111930 -315192
111960 -315192
111990 -315192
112020 -315192
112050 -315192
112080 -315192
112110 -315192
112140 -315192
112170 -315192
112200 -315192
112230 -315192
112260 -315192
112290 -315192
112320 -315192
112350 -315192
112380 -315192
112410 -315192
112440 -315192
112470 -315192
112500 -315192
112530 -315192
112560 -315192
112590 -315192
112620 -315192
112650 -315192
112680 -315192
112710 -315192
112740 -315192
112770 -315192
112800 -315192
112830 -315192
112860 -315192
112890 -315192
112920 -315192
112950 -315192
112980 -315192
113010 -315192
113040 -315192
113070 -315192
113100 -315192
113130 -315192
113160 -315192
113190 -315192
113220 -315192
113250 -315192
113280 -315192
113310 -315192
113340 -315192
113370 -315192
113400 -315192
113430 -315192
113460 -315192
113490 -315192
113520 -315192
113550 -315192
113580 -315192
113610 -315192
113640 -315192
113670 -315192
113700 -315192
113730 -315192
113760 -315192
113790 -315192
113820 -315192
113850 -315192
113880 -315192
113910 -315192
113940 -315192
113970 -315192
114000 -315192
114030 -315192
114060 -315192
114090 -315192
114120 -315192
114150 -315192
114180 -315192
114210 -315192
114240 -315192
114270 -315192
114300 -315192
114330 -315192
114360 -315192
114390 -315192
114420 -315192
114450 -315192
114480 -315192
114510 -315192
114540 -315192
114570 -315192
114600 -315192
114630 -315192
114660 -315192
114690 -315192
114720 -315192
114750 -315192
114780 -315192
114810 -315192
114840 -315192
114870 -315192
114900 -315192
114930 -315192
114960 -315192
114990 -315192
115020 -315192
115050 -315192
115080 -315192
115110 -315192
115140 -315192
115170 -315192
115200 -315192
115230 -315192
115260 -315192
115290 -315192
115320 -315192
115350 -315192
115380 -315192
115410 -315192
115440 -315192
115470 -315192
115500 -315192
115530 -315192
115560 -315192
115590 -315192
115620 -315192
115650 -315192
115680 -315192
115710 -315192
115740 -315192
115770 -315192
115800 -315192
115830 -315192
115860 -315192
115890 -315192
115920 -315192
115950 -315192
115980 -315192
116010 -315192
116040 -315192
116070 -315192
116100 -315192
116130 -315192
116160 -315192
116190 -315192
116220 -315192
116250 -315192
116280 -315192
116310 -315192
116340 -315192
116370 -315192
116400 -315192
116430 -315192
116460 -315192
116490 -315192
116520 -315192
116550 -315192
116580 -315192
116610 -315192
116640 -315192
116670 -315192
116700 -315192
116730 -315192
116760 -315192
116790 -315192
116820 -315192
116850 -315192
116880 -315192
116910 -315192
116940 -315192
116970 -315192
117000 -315192
117030 -315192
117060 -315192
117090 -315192
117120 -315192
117150 -315192
117180 -315192
117210 -315192
117240 -315192
117270 -315192
117300 -315192
117330 -315192
117360 -315192
117390 -315192
117420 -315192
117450 -315192
117480 -315192
117510 -315192
117540 -315192
117570 -315192
117600 -315192
117630 -315192
117660 -315192
117690 -315192
117720 -315192
117750 -315192
117780 -315192
117810 -315192
117840 -315192
117870 -315192
117900 -315192
117930 -315192
117960 -315192
117990 -315192
118020 -315192
118050 -315192
118080 -315192
118110 -315192
118140 -315192
118170 -315192
118200 -315192
118230 -315192
118260 -315192
118290 -315192
118320 -315192
118350 -315192
118380 -315192
118410 -315192
118440 -315192
118470 -315192
118500 -315192
118530 -315192
118560 -315192
118590 -315192
118620 -315192
118650 -315192
118680 -315192
118710 -315192
118740 -315192
118770 -315192
118800 -315192
118830 -315192
118860 -315192
118890 -315192
118920 -315132
118950 -315132
118980 -315132
119010 -315132
119040 -315132
119070 -315132
119100 -315132
119130 -315132
119160 -315132
119190 -315132
119220 -315132
119250 -315132
119280 -315132
119310 -315132
119340 -315132
119370 -315132
119400 -315132
119430 -315132
119460 -315132
119490 -315132
119520 -315132
119550 -315132
119580 -315132
119610 -315132
119640 -315132
119670 -315132
119700 -315132
119730 -315132
119760 -315132
119790 -315132
119820 -315132
119850 -315132
119880 -315132
119910 -315132
119940 -315132
119970 -315132
120000 -315132
120030 -315132
120060 -315132
120090 -315132
120120 -315132
120150 -315132
120180 -315132
120210 -315132
120240 -315132
120270 -315132
120300 -315132
120330 -315132
120360 -315132
120390 -315132
120420 -315132
120450 -315132
120480 -315132
120510 -315132
120540 -315132
120570 -315132
120600 -315126
120630 -315126
120660 -315126
120690 -315126
120720 -315126
120750 -315126
120780 -315126
120810 -315126
120840 -315126
120870 -315126
120900 -315126
120930 -315126
120960 -315126
120990 -315126
121020 -315126
121050 -315126
121080 -315126
121110 -315126
121140 -315126
121170 -315126
121200 -315126
121230 -315126
121260 -315126
121290 -315126
121320 -315126
121350 -315126
121380 -315126
121410 -315126
121440 -315126
121470 -315126
121500 -315126
121530 -315126
121560 -315126
121590 -315126
121620 -315126
121650 -315126
121680 -315126
121710 -315126
121740 -315126
121770 -315126
121800 -315126
121830 -315126
121860 -315126
121890 -315126
121920 -315126
121950 -315126
121980 -315126
122010 -315126
122040 -315126
122070 -315126
122100 -315126
122130 -315126
122160 -315126
122190 -315126
122220 -315126
122250 -315126
122280 -315126
122310 -315126
122340 -315126
122370 -315126
122400 -315126
122430 -315126
122460 -315126
122490 -315126
122520 -315126
122550 -315126
122580 -315126
122610 -315126
122640 -315126
122670 -315126
122700 -315126
122730 -315126
122760 -315126
122790 -315126
122820 -315126
122850 -315126
122880 -315126
122910 -315126
122940 -315126
122970 -315126
123000 -315126
123030 -315126
123060 -315126
123090 -315126
123120 -315126
123150 -315126
123180 -315126
123210 -315126
123240 -315126
123270 -315126
123300 -315126
123330 -315126
123360 -315126
123390 -315126
123420 -315126
123450 -315126
123480 -315126
123510 -315126
123540 -315126
123570 -315126
123600 -315126
123630 -315126
123660 -315126
123690 -315126
123720 -315126
123750 -315126
123780 -315126
123810 -315126
123840 -315126
123870 -315126
123900 -315126
123930 -315126
123960 -315126
123990 -315126
124020 -315126
124050 -315126
124080 -315126
124110 -315126
124140 -315126
124170 -315126
124200 -315126
124230 -315126
124260 -315126
124290 -315126
124320 -315126
124350 -315126
124380 -315126
124410 -315126
124440 -315126
124470 -315126
124500 -315126
124530 -315126
124560 -315126
124590 -315126
124620 -315126
124650 -315126
124680 -315126
124710 -315126
124740 -315126
124770 -315126
124800 -315126
124830 -315126
124860 -315126
124890 -315126
124920 -315126
124950 -315126
124980 -315126
125010 -315126
125040 -315126
125070 -315126
125100 -315126
125130 -315126
125160 -315126
125190 -315126
125220 -315126
125250 -315126
125280 -315126
125310 -315126
125340 -315126
125370 -315126
125400 -315126
125430 -315126
125460 -315126
125490 -315126
125520 -315126
125550 -315126
125580 -315126
125610 -315126
125640 -315126
125670 -315126
125700 -315126
125730 -315126
125760 -315126
125790 -315126
125820 -315126
125850 -315126
125880 -315126
125910 -315126
125940 -315126
125970 -315126
126000 -315126
126030 -315126
126060 -315126
126090 -315126
126120 -315126
126150 -315126
126180 -315126
126210 -315126
126240 -315126
126270 -314951
126300 -314951
126330 -314951
126360 -314951
126390 -314951
126420 -314951
126450 -314951
126480 -314951
126510 -314951
126540 -314951
126570 -314951
126600 -314951
126630 -314951
126660 -314951
126690 -314951
126720 -314951
126750 -314951
126780 -314951
126810 -314951
126840 -314951
126870 -314951
126900 -314951
126930 -314951
126960 -314951
126990 -314951
127020 -314951
127050 -314951
127080 -314951
127110 -314951
127140 -314951
127170 -314951
127200 -314951
127230 -314951
127260 -314951
127290 -314951
127320 -314951
127350 -314951
127380 -314951
127410 -314951
127440 -314951
127470 -314951
127500 -314951
127530 -314951
127560 -314951
127590 -314951
127620 -314951
127650 -314951
127680 -314951
127710 -314951
127740 -314951
127770 -314951
127800 -314951
127830 -314951
127860 -314951
127890 -314951
127920 -314951
127950 -314951
127980 -314951
128010 -314951
128040 -314951
128070 -314951
128100 -314951
128130 -314951
128160 -314951
128190 -314951
128220 -314951
128250 -314951
128280 -314951
128310 -314951
128340 -314951
128370 -314951
128400 -314951
128430 -314951
128460 -314951
128490 -314951
128520 -314951
128550 -314951
128580 -314951
128610 -314951
128640 -314951
128670 -314951
128700 -314951
128730 -314951
128760 -314951
128790 -314951
128820 -314951
128850 -314951
128880 -314951
128910 -314951
128940 -314951
128970 -314951
129000 -314951
129030 -314951
129060 -314951
129090 -314951
129120 -314951
129150 -314951
129180 -314951
129210 -314951
129240 -314951
129270 -314951
129300 -314951
129330 -314951
129360 -314951
129390 -314951
129420 -314951
129450 -314951
129480 -314951
129510 -314951
129540 -314951
129570 -314951
129600 -314951
129630 -314951
129660 -314951
129690 -314951
129720 -314951
129750 -314951
129780 -314951
129810 -314951
129840 -314951
129870 -314951
129900 -314951
129930 -314951
129960 -314951
129990 -314951
130020 -314951
130050 -314951
130080 -314951
130110 -314951
130140 -314951
130170 -314951
130200 -314951
130230 -314951
130260 -314951
130290 -314951
130320 -314951
130350 -314951
130380 -314951
130410 -314951
130440 -314951
130470 -314951
130500 -314951
130530 -314951
130560 -314951
130590 -314951
130620 -314951
130650 -314951
130680 -314951
130710 -314951
130740 -314951
130770 -314951
130800 -314951
130830 -314951
130860 -314951
130890 -314951
130920 -314951
130950 -314951
130980 -314951
131010 -314951
131040 -314951
131070 -314951
131100 -314951
131130 -314951
131160 -314951
131190 -314951
131220 -314951
131250 -314951
131280 -314951
131310 -314951
131340 -314951
131370 -314951
131400 -314951
131430 -314951
131460 -314937
131490 -314937
131520 -314937
131550 -314937
131580 -314937
131610 -314937
131640 -314937
131670 -314937
131700 -314937
131730 -314937
131760 -314937
131790 -314937
131820 -314937
131850 -314937
131880 -314937
131910 -314937
131940 -314937
131970 -314937
132000 -314937
132030 -314937
132060 -314937
132090 -314937
132120 -314937
132150 -314937
132180 -314937
132210 -314937
132240 -314937
132270 -314937
132300 -314937
132330 -314937
132360 -314937
132390 -314937
132420 -314937
132450 -314937
132480 -314937
132510 -314937
132540 -314937
132570 -314909
132600 -314909
132630 -314909
132660 -314909
132690 -314909
132720 -314909
132750 -314898
132780 -314898
132810 -314898
132840 -314898
132870 -314898
132900 -314898
132930 -314898
132960 -314898
132990 -314898
133020 -314898
133050 -314898
133080 -314898
133110 -314898
133140 -314898
133170 -314898
133200 -314898
133230 -314898
133260 -314898
133290 -314898
133320 -314898
133350 -314898
133380 -314898
133410 -314898
133440 -314898
133470 -314898
133500 -314898
133530 -314898
133560 -314898
133590 -314898
133620 -314898
133650 -314898
133680 -314898
133710 -314898
133740 -314898
133770 -314898
133800 -314898
133830 -314898
133860 -314898
133890 -314898
133920 -314898
133950 -314898
133980 -314898
134010 -314898
134040 -314898
134070 -314898
134100 -314898
134130 -314898
134160 -314898
134190 -314898
134220 -314898
134250 -314898
134280 -314898
134310 -314898
134340 -314898
134370 -314898
134400 -314898
134430 -314898
134460 -314898
134490 -314898
134520 -314898
134550 -314898
134580 -314898
134610 -314898
134640 -314898
134670 -314898
134700 -314898
134730 -314898
134760 -314898
134790 -314898
134820 -314898
134850 -314898
134880 -314898
134910 -314898
134940 -314898
134970 -314898
135000 -314898
135030 -314898
135060 -314898
135090 -314898
135120 -314898
135150 -314898
135180 -314898
135210 -314898
135240 -314898
135270 -314898
135300 -314898
135330 -314898
135360 -314898
135390 -314898
135420 -314898
135450 -314898
135480 -314898
135510 -314898
135540 -314898
135570 -314898
135600 -314898
135630 -314898
135660 -314898
135690 -314898
135720 -314898
135750 -314898
135780 -314898
135810 -314898
135840 -314898
135870 -314898
135900 -314898
135930 -314898
135960 -314898
135990 -314898
136020 -314898
136050 -314898
136080 -314898
136110 -314898
136140 -314898
136170 -314898
136200 -314898
136230 -314898
136260 -314898
136290 -314898
136320 -314898
136350 -314898
136380 -314898
136410 -314898
136440 -314898
136470 -314898
136500 -314898
136530 -314898
136560 -314898
136590 -314898
136620 -314898
136650 -314898
136680 -314898
136710 -314898
136740 -314898
136770 -314898
136800 -314898
136830 -314898
136860 -314898
136890 -314898
136920 -314898
136950 -314898
136980 -314898
137010 -314898
137040 -314898
137070 -314898
137100 -314898
137130 -314898
137160 -314898
137190 -314898
137220 -314898
137250 -314898
137280 -314898
137310 -314898
137340 -314898
137370 -314898
137400 -314898
137430 -314898
137460 -314898
137490 -314898
137520 -314898
137550 -314898
137580 -314898
137610 -314898
137640 -314898
137670 -314898
137700 -314898
137730 -314898
137760 -314898
137790 -314898
137820 -314898
137850 -314898
137880 -314898
137910 -314898
137940 -314898
137970 -314898
138000 -314898
138030 -314898
138060 -314898
138090 -314898
138120 -314898
138150 -314898
138180 -314898
138210 -314898
138240 -314898
138270 -314898
138300 -314898
138330 -314898
138360 -314898
138390 -314898
138420 -314898
138450 -314898
138480 -314898
138510 -314898
138540 -314898
138570 -314898
138600 -314898
138630 -314898
138660 -314898
138690 -314898
138720 -314898
138750 -314898
138780 -314898
138810 -314898
138840 -314898
138870 -314898
138900 -314898
138930 -314898
138960 -314898
138990 -314898
139020 -314898
139050 -314898
139080 -314898
139110 -314898
139140 -314898
139170 -314898
139200 -314898
139230 -314898
139260 -314898
139290 -314898
139320 -314898
139350 -314898
139380 -314898
139410 -314898
139440 -314898
139470 -314898
139500 -314898
139530 -314898
139560 -314898
139590 -314898
139620 -314898
139650 -314898
139680 -314898
139710 -314898
139740 -314898
139770 -314898
139800 -314898
139830 -314898
139860 -314898
139890 -314898
139920 -314898
139950 -314898
139980 -314898
140010 -314898
140040 -314898
140070 -314898
140100 -314898
140130 -314898
140160 -314898
140190 -314898
140220 -314898
140250 -314898
140280 -314898
140310 -314898
140340 -314898
140370 -314898
140400 -314898
140430 -314898
140460 -314898
140490 -314898
140520 -314898
140550 -314898
140580 -314898
140610 -314898
140640 -314898
140670 -314898
140700 -314898
140730 -314898
140760 -314898
140790 -314898
140820 -314898
140850 -314898
140880 -314898
140910 -314898
140940 -314898
140970 -314898
141000 -314898
141030 -314898
141060 -314898
141090 -314898
141120 -314898
141150 -314898
141180 -314898
141210 -314898
141240 -314898
141270 -314898
141300 -314898
141330 -314898
141360 -314898
141390 -314898
141420 -314898
141450 -314898
141480 -314898
141510 -314898
141540 -314898
141570 -314898
141600 -314898
141630 -314898
141660 -314898
141690 -314898
141720 -314898
141750 -314898
141780 -314898
141810 -314898
141840 -314898
141870 -314898
141900 -314898
141930 -314898
141960 -314898
141990 -314898
142020 -314898
142050 -314898
142080 -314898
142110 -314898
142140 -314898
142170 -314898
142200 -314898
142230 -314898
142260 -314898
142290 -314898
142320 -314898
142350 -314898
142380 -314898
142410 -314898
142440 -314796
142470 -314796
142500 -314796
142530 -314796
142560 -314796
142590 -314796
142620 -314796
142650 -314796
142680 -314796
142710 -314796
142740 -314796
142770 -314796
142800 -314796
142830 -314796
142860 -314796
142890 -314796
142920 -314796
142950 -314796
142980 -314796
143010 -314796
143040 -314796
143070 -314796
143100 -314796
143130 -314796
143160 -314796
143190 -314796
143220 -314796
143250 -314796
143280 -314796
143310 -314796
143340 -314796
143370 -314796
143400 -314796
143430 -314796
143460 -314796
143490 -314796
143520 -314796
143550 -314796
143580 -314796
143610 -314796
143640 -314796
143670 -314796
143700 -314796
143730 -314796
143760 -314796
143790 -314796
143820 -314796
143850 -314796
143880 -314796
143910 -314796
143940 -314796
143970 -314796
144000 -314796
144030 -314796
144060 -314796
144090 -314796
144120 -314796
144150 -314796
144180 -314796
144210 -314796
144240 -314796
144270 -314796
144300 -314796
144330 -314796
144360 -314796
144390 -314796
144420 -314796
144450 -314796
144480 -314796
144510 -314796
144540 -314796
144570 -314796
144600 -314796
144630 -314796
144660 -314796
144690 -314796
144720 -314796
144750 -314796
144780 -314796
144810 -314796
144840 -314796
144870 -314796
144900 -314796
144930 -314796
144960 -314796
144990 -314796
145020 -314796
145050 -314796
145080 -314796
145110 -314796
145140 -314796
145170 -314796
145200 -314796
145230 -314796
145260 -314796
145290 -314796
145320 -314796
145350 -314796
145380 -314796
145410 -314796
145440 -314796
145470 -314796
145500 -314796
145530 -314796
145560 -314796
145590 -314796
145620 -314796
145650 -314796
145680 -314796
145710 -314796
145740 -314796
145770 -314796
145800 -314796
145830 -314796
145860 -314796
145890 -314796
145920 -314796
145950 -314796
145980 -314796
146010 -314796
146040 -314796
146070 -314796
146100 -314796
146130 -314796
146160 -314796
146190 -314796
146220 -314796
146250 -314796
146280 -314796
146310 -314796
146340 -314796
146370 -314796
146400 -314796
146430 -314796
146460 -314796
146490 -314796
146520 -314796
146550 -314796
146580 -314796
146610 -314796
146640 -314796
146670 -314796
146700 -314796
146730 -314796
146760 -314796
146790 -314796
146820 -314796
146850 -314796
146880 -314796
146910 -314796
146940 -314796
146970 -314796
147000 -314796
147030 -314796
147060 -314796
147090 -314796
147120 -314796
147150 -314796
147180 -314796
147210 -314796
147240 -314796
147270 -314796
147300 -314796
147330 -314796
147360 -314796
147390 -314796
147420 -314796
147450 -314796
147480 -314796
147510 -314796
147540 -314796
147570 -314796
147600 -314796
147630 -314796
147660 -314796
147690 -314796
147720 -314796
147750 -314796
147780 -314796
147810 -314796
147840 -314796
147870 -314796
147900 -314796
147930 -314796
147960 -314796
147990 -314796
148020 -314796
148050 -314796
148080 -314796
148110 -314796
148140 -314796
148170 -314796
148200 -314796
148230 -314796
148260 -314796
148290 -314796
148320 -314796
148350 -314796
148380 -314796
148410 -314796
148440 -314796
148470 -314796
148500 -314796
148530 -314796
148560 -314796
148590 -314796
148620 -314796
148650 -314796
148680 -314796
148710 -314796
148740 -314796
148770 -314796
148800 -314796
148830 -314796
148860 -314796
148890 -314796
148920 -314796
148950 -314796
148980 -314796
149010 -314796
149040 -314796
149070 -314647
149100 -314647
149130 -314647
149160 -314647
149190 -314647
149220 -314647
149250 -314647
149280 -314647
149310 -314647
149340 -314647
149370 -314647
149400 -314647
149430 -314647
149460 -314647
149490 -314647
149520 -314647
149550 -314647
149580 -314647
149610 -314647
149640 -314647
149670 -314647
149700 -314647
149730 -314647
149760 -314647
149790 -314647
149820 -314647
149850 -314647
149880 -314647
149910 -314647
149940 -314647
149970 -314647
150000 -314647
150030 -314647
150060 -314647
150090 -314647
150120 -314647
150150 -314647
150180 -314647
150210 -314647
150240 -314647
150270 -314647
150300 -314647
150330 -314647
150360 -314647
150390 -314647
150420 -314647
150450 -314647
150480 -314647
150510 -314647
150540 -314647
150570 -314647
150600 -314647
150630 -314647
150660 -314647
150690 -314647
150720 -314647
150750 -314647
150780 -314647
150810 -314647
150840 -314647
150870 -314647
150900 -314647
150930 -314647
150960 -314647
150990 -314647
151020 -314647
151050 -314647
151080 -314647
151110 -314647
151140 -314647
151170 -314647
151200 -314647
151230 -314647
151260 -314647
151290 -314647
151320 -314647
151350 -314647
151380 -314647
151410 -314647
151440 -314647
151470 -314647
151500 -314647
151530 -314647
151560 -314647
151590 -314647
151620 -314647
151650 -314647
151680 -314647
151710 -314647
151740 -314647
151770 -314647
151800 -314647
151830 -314647
151860 -314647
151890 -314647
151920 -314647
151950 -314647
151980 -314647
152010 -314647
152040 -314647
152070 -314647
152100 -314647
152130 -314647
152160 -314647
152190 -314647
152220 -314647
152250 -314647
152280 -314647
152310 -314647
152340 -314647
152370 -314647
152400 -314647
152430 -314647
152460 -314647
152490 -314647
152520 -314647
152550 -314647
152580 -314647
152610 -314647
152640 -314647
152670 -314647
152700 -314647
152730 -314647
152760 -314647
152790 -314647
152820 -314647
152850 -314647
152880 -314647
152910 -314647
152940 -314647
152970 -314647
153000 -314647
153030 -314647
153060 -314647
153090 -314647
153120 -314647
153150 -314647
153180 -314647
153210 -314647
153240 -314647
153270 -314647
153300 -314647
153330 -314647
153360 -314647
153390 -314647
153420 -314647
153450 -314647
153480 -314647
153510 -314647
153540 -314647
153570 -314647
153600 -314647
153630 -314647
153660 -314647
153690 -314647
153720 -314647
153750 -314647
153780 -314647
153810 -314647
153840 -314647
153870 -314647
153900 -314647
153930 -314647
153960 -314647
153990 -314647
154020 -314647
154050 -314647
154080 -314647
154110 -314647
154140 -314647
154170 -314647
154200 -314647
154230 -314647
154260 -314647
154290 -314647
154320 -314647
154350 -314647
154380 -314647
154410 -314647
154440 -314647
154470 -314647
154500 -314647
154530 -314647
154560 -314647
154590 -314647
154620 -314647
154650 -314647
154680 -314647
154710 -314647
154740 -314647
154770 -314647
154800 -314647
154830 -314647
154860 -314647
154890 -314647
154920 -314647
154950 -314647
154980 -314647
155010 -314647
155040 -314647
155070 -314647
155100 -314647
155130 -314647
155160 -314647
155190 -314647
155220 -314647
155250 -314647
155280 -314647
155310 -314647
155340 -314647
155370 -314647
155400 -314647
155430 -314647
155460 -314647
155490 -314647
155520 -314647
155550 -314647
155580 -314647
155610 -314647
155640 -314647
155670 -314647
155700 -314647
155730 -314647
