60 -358708
90 -358708
120 -350703
150 -350003
180 -349966
210 -347488
240 -347488
270 -347488
300 -347488
330 -347488
360 -347488
390 -347110
420 -347110
450 -347110
480 -347110
510 -347110
540 -347110
570 -345705
600 -345705
630 -345705
660 -345705
690 -342626
720 -342626
750 -342626
780 -342626
810 -339149
840 -339149
870 -339149
900 -339149
930 -339149
960 -339149
990 -339149
1020 -339149
1050 -339149
1080 -339149
1110 -339149
1140 -339084
1170 -339084
1200 -339084
1230 -339084
1260 -339084
1290 -339084
1320 -339084
1350 -339084
1380 -339084
1410 -339084
1440 -339084
1470 -339084
1500 -338163
1530 -338163
1560 -338163
1590 -338020
1620 -338020
1650 -338020
1680 -337725
1710 -337725
1740 -336265
1770 -336265
1800 -336158
1830 -336158
1860 -336158
1890 -336158
1920 -336158
1950 -336158
1980 -336158
2010 -336158
2040 -336158
2070 -336158
2100 -335766
2130 -335766
2160 -335766
2190 -335766
2220 -335766
2250 -331785
2280 -331785
2310 -331785
2340 -331785
2370 -331785
2400 -331785
2430 -331785
2460 -331785
2490 -331785
2520 -331616
2550 -331616
2580 -331616
2610 -331616
2640 -331616
2670 -331616
2700 -331616
2730 -331616
2760 -331616
2790 -331616
2820 -331598
2850 -331598
2880 -331598
2910 -331598
2940 -331598
2970 -329320
3000 -329320
3030 -329320
3060 -329320
3090 -329320
3120 -329320
3150 -329320
3180 -329320
3210 -329320
3240 -329002
3270 -329002
3300 -329002
3330 -329002
3360 -329002
3390 -329002
3420 -329002
3450 -329002
3480 -329002
3510 -329002
3540 -329002
3570 -329002
3600 -329002
3630 -329002
3660 -329002
3690 -329002
3720 -329002
3750 -329002
3780 -329002
3810 -329002
3840 -329002
3870 -329002
3900 -329002
3930 -329002
3960 -329002
3990 -329002
4020 -329002
4050 -329002
4080 -329002
4110 -329002
4140 -329002
4170 -329002
4200 -329002
4230 -328723
4260 -328723
4290 -328723
4320 -328723
4350 -328207
4380 -328107
4410 -328107
4440 -328107
4470 -328107
4500 -328107
4530 -328107
4560 -328107
4590 -328107
4620 -328107
4650 -328107
4680 -328107
4710 -327939
4740 -326828
4770 -326828
4800 -326828
4830 -326828
4860 -326828
4890 -326828
4920 -326828
4950 -326828
4980 -326828
5010 -326759
5040 -326759
5070 -326759
5100 -326759
5130 -326759
5160 -326759
5190 -326759
5220 -326759
5250 -326081
5280 -326081
5310 -326081
5340 -326081
5370 -326081
5400 -326081
5430 -326081
5460 -326081
5490 -326081
5520 -326081
5550 -325523
5580 -325523
5610 -325523
5640 -325523
5670 -325523
5700 -325523
5730 -325523
5760 -325523
5790 -325422
5820 -325393
5850 -325393
5880 -325393
5910 -325393
5940 -325393
5970 -325393
6000 -325393
6030 -325393
6060 -325226
6090 -325226
6120 -325226
6150 -325226
6180 -325226
6210 -325226
6240 -325226
6270 -325226
6300 -325226
6330 -325226
6360 -325226
6390 -325226
6420 -325226
6450 -325226
6480 -325226
6510 -325226
6540 -325226
6570 -325226
6600 -325226
6630 -325226
6660 -325226
6690 -325226
6720 -325226
6750 -325226
6780 -325226
6810 -325226
6840 -325226
6870 -325142
6900 -325142
6930 -325142
6960 -325142
6990 -325142
7020 -325142
7050 -325142
7080 -325142
7110 -325142
7140 -325142
7170 -325142
7200 -325142
7230 -325142
7260 -325142
7290 -325142
7320 -325142
7350 -325142
7380 -325142
7410 -325142
7440 -325142
7470 -325142
7500 -325142
7530 -325142
7560 -325142
7590 -325142
7620 -325142
7650 -325142
7680 -325142
7710 -325142
7740 -325142
7770 -325142
7800 -325142
7830 -325142
7860 -325142
7890 -325142
7920 -325142
7950 -325142
7980 -325142
8010 -325142
8040 -325142
8070 -325142
8100 -325142
8130 -325142
8160 -325142
8190 -325142
8220 -325142
8250 -325142
8280 -325142
8310 -325142
8340 -325142
8370 -325142
8400 -325142
8430 -325142
8460 -325018
8490 -325018
8520 -324923
8550 -324923
8580 -324923
8610 -324923
8640 -324923
8670 -324923
8700 -324923
8730 -324923
8760 -324923
8790 -324923
8820 -324923
8850 -324923
8880 -324923
8910 -324917
8940 -324917
8970 -324917
9000 -324917
9030 -324917
9060 -324917
9090 -324541
9120 -324541
9150 -324067
9180 -324067
9210 -324067
9240 -323026
9270 -323026
9300 -323026
9330 -323026
9360 -323026
9390 -323026
9420 -323026
9450 -323026
9480 -323026
9510 -323026
9540 -323026
9570 -323026
9600 -323026
9630 -323026
9660 -322957
9690 -322957
9720 -322957
9750 -322957
9780 -322957
9810 -322957
9840 -322957
9870 -322957
9900 -322957
9930 -322957
9960 -322957
9990 -322957
10020 -322957
10050 -322957
10080 -322957
10110 -322957
10140 -322957
10170 -322957
10200 -322957
10230 -322957
10260 -322957
10290 -322957
10320 -322957
10350 -322957
10380 -322957
10410 -322957
10440 -322957
10470 -322957
10500 -320919
10530 -320919
10560 -320919
10590 -320919
10620 -320919
10650 -320919
10680 -320919
10710 -320919
10740 -320919
10770 -320919
10800 -320919
10830 -320530
10860 -320530
10890 -320530
10920 -320377
10950 -320318
10980 -320318
11010 -320318
11040 -320318
11070 -320286
11100 -320286
11130 -320286
11160 -320286
11190 -320286
11220 -320286
11250 -320286
11280 -320286
11310 -320286
11340 -320286
11370 -320286
11400 -320286
11430 -320286
11460 -320286
11490 -319793
11520 -319793
11550 -319793
11580 -319793
11610 -319793
11640 -319793
11670 -319793
11700 -319793
11730 -319793
11760 -319793
11790 -319793
11820 -319793
11850 -319793
11880 -319793
11910 -319793
11940 -319793
11970 -319793
12000 -319793
12030 -319793
12060 -319793
12090 -319793
12120 -319793
12150 -319793
12180 -319793
12210 -319793
12240 -319793
12270 -319793
12300 -319793
12330 -319793
12360 -319793
12390 -319793
12420 -319793
12450 -319793
12480 -319793
12510 -319793
12540 -319793
12570 -319793
12600 -319793
12630 -319793
12660 -319793
12690 -319793
12720 -319793
12750 -319793
12780 -319793
12810 -319793
12840 -319793
12870 -319793
12900 -319793
12930 -319750
12960 -319750
12990 -319750
13020 -319750
13050 -319750
13080 -319750
13110 -319750
13140 -319750
13170 -319750
13200 -319750
13230 -319220
13260 -319220
13290 -319220
13320 -319220
13350 -319220
13380 -319220
13410 -319220
13440 -319220
13470 -319220
13500 -319220
13530 -319220
13560 -319220
13590 -319220
13620 -319220
13650 -319220
13680 -319220
13710 -319220
13740 -319191
13770 -319191
13800 -319191
13830 -319191
13860 -319191
13890 -319151
13920 -319151
13950 -319151
13980 -319151
14010 -319151
14040 -319151
14070 -319151
14100 -319151
14130 -319151
14160 -319151
14190 -319151
14220 -319151
14250 -319151
14280 -319151
14310 -319151
14340 -319151
14370 -319151
14400 -319151
14430 -319151
14460 -319151
14490 -319151
14520 -319151
14550 -319151
14580 -319151
14610 -319151
14640 -319151
14670 -319151
14700 -319151
14730 -319151
14760 -319151
14790 -319151
14820 -319151
14850 -319151
14880 -319151
14910 -319151
14940 -319151
14970 -319151
15000 -319151
15030 -319151
15060 -319151
15090 -319151
15120 -319151
15150 -319151
15180 -319151
15210 -319151
15240 -319151
15270 -319151
15300 -319151
15330 -319151
15360 -319151
15390 -319151
15420 -319151
15450 -319151
15480 -319151
15510 -319151
15540 -319151
15570 -319151
15600 -319151
15630 -319151
15660 -319151
15690 -319151
15720 -319143
15750 -319143
15780 -319143
15810 -319143
15840 -319143
15870 -319143
15900 -319143
15930 -319143
15960 -319143
15990 -319143
16020 -319143
16050 -319143
16080 -319143
16110 -319143
16140 -319143
16170 -319143
16200 -319143
16230 -319143
16260 -319143
16290 -319143
16320 -319143
16350 -319143
16380 -319143
16410 -319143
16440 -319143
16470 -319143
16500 -319143
16530 -319143
16560 -319143
16590 -319143
16620 -319125
16650 -319125
16680 -319125
16710 -319125
16740 -319125
16770 -319125
16800 -319125
16830 -319125
16860 -319125
16890 -319125
16920 -319125
16950 -319125
16980 -319125
17010 -319125
17040 -319125
17070 -319125
17100 -319125
17130 -319125
17160 -319125
17190 -319125
17220 -319125
17250 -319125
17280 -319125
17310 -319125
17340 -319125
17370 -318748
17400 -318748
17430 -318748
17460 -318748
17490 -318748
17520 -318748
17550 -318748
17580 -318748
17610 -318748
17640 -318748
17670 -318748
17700 -318748
17730 -318748
17760 -318748
17790 -318748
17820 -318748
17850 -318748
17880 -318748
17910 -318748
17940 -318748
17970 -318748
18000 -318748
18030 -318748
18060 -318748
18090 -318748
18120 -318748
18150 -318748
18180 -318748
18210 -318748
18240 -318748
18270 -318748
18300 -318748
18330 -318748
18360 -318748
18390 -318535
18420 -318535
18450 -318535
18480 -318535
18510 -318535
18540 -318535
18570 -318535
18600 -318535
18630 -318535
18660 -318535
18690 -318535
18720 -318535
18750 -318535
18780 -318535
18810 -318535
18840 -318535
18870 -318535
18900 -318535
18930 -318535
18960 -318535
18990 -318535
19020 -318535
19050 -318535
19080 -318535
19110 -318535
19140 -318535
19170 -318535
19200 -318535
19230 -318535
19260 -318535
19290 -318535
19320 -318535
19350 -318535
19380 -318535
19410 -318535
19440 -318535
19470 -318535
19500 -318535
19530 -318535
19560 -318535
19590 -318535
19620 -318535
19650 -318535
19680 -318535
19710 -318521
19740 -318521
19770 -318521
19800 -318521
19830 -318521
19860 -318521
19890 -318521
19920 -318521
19950 -318093
19980 -318093
20010 -318093
20040 -318093
20070 -318093
20100 -318093
20130 -318093
20160 -318093
20190 -317947
20220 -317921
20250 -317921
20280 -317921
20310 -317921
20340 -317921
20370 -317832
20400 -317832
20430 -317832
20460 -317832
20490 -317832
20520 -317832
20550 -317832
20580 -317832
20610 -317832
20640 -317832
20670 -317832
20700 -317832
20730 -317832
20760 -317832
20790 -317832
20820 -317832
20850 -317832
20880 -317832
20910 -317832
20940 -317832
20970 -317832
21000 -317832
21030 -317832
21060 -317832
21090 -317491
21120 -317491
21150 -317491
21180 -317491
21210 -317491
21240 -317491
21270 -317491
21300 -317491
21330 -317491
21360 -317491
21390 -317491
21420 -317491
21450 -317491
21480 -317491
21510 -317491
21540 -317491
21570 -317491
21600 -317491
21630 -317491
21660 -317491
21690 -317491
21720 -317491
21750 -317491
21780 -317491
21810 -317491
21840 -317491
21870 -317491
21900 -317491
21930 -317491
21960 -317491
21990 -317491
22020 -317491
22050 -317491
22080 -317491
22110 -317491
22140 -317491
22170 -317491
22200 -317491
22230 -317491
22260 -317491
22290 -317491
22320 -317491
22350 -317491
22380 -317491
22410 -317491
22440 -317491
22470 -317491
22500 -317491
22530 -317491
22560 -317491
22590 -317491
22620 -317491
22650 -317491
22680 -317491
22710 -317491
22740 -317491
22770 -317491
22800 -317491
22830 -317491
22860 -317491
22890 -317491
22920 -317491
22950 -317374
22980 -317374
23010 -317374
23040 -317374
23070 -317374
23100 -317374
23130 -317374
23160 -317374
23190 -317374
23220 -317374
23250 -317374
23280 -317374
23310 -317374
23340 -317374
23370 -317374
23400 -317374
23430 -317374
23460 -317374
23490 -317374
23520 -317374
23550 -317374
23580 -317374
23610 -317374
23640 -317374
23670 -317374
23700 -317374
23730 -317374
23760 -317374
23790 -316967
23820 -316967
23850 -316967
23880 -316967
23910 -316967
23940 -316967
23970 -316967
24000 -316967
24030 -316967
24060 -316967
24090 -316967
24120 -316967
24150 -316967
24180 -316967
24210 -316967
24240 -316967
24270 -316967
24300 -316967
24330 -316967
24360 -316967
24390 -316967
24420 -316967
24450 -316967
24480 -316967
24510 -316967
24540 -316967
24570 -316967
24600 -316967
24630 -316967
24660 -316967
24690 -316967
24720 -316967
24750 -316967
24780 -316967
24810 -316967
24840 -316967
24870 -316967
24900 -316967
24930 -316967
24960 -316967
24990 -316967
25020 -316967
25050 -316967
25080 -316967
25110 -316925
25140 -316925
25170 -316925
25200 -316925
25230 -316925
25260 -315951
25290 -315951
25320 -315951
25350 -315951
25380 -315951
25410 -315951
25440 -315951
25470 -315951
25500 -315951
25530 -315951
25560 -315951
25590 -315951
25620 -315841
25650 -315841
25680 -315841
25710 -315841
25740 -315841
25770 -315841
25800 -315841
25830 -315841
25860 -315841
25890 -315841
25920 -315841
25950 -315841
25980 -315841
26010 -315841
26040 -315841
26070 -315841
26100 -315841
26130 -315841
26160 -315841
26190 -315841
26220 -315841
26250 -315841
26280 -315841
26310 -315801
26340 -315801
26370 -315801
26400 -315801
26430 -315801
26460 -315801
26490 -315801
26520 -315801
26550 -315801
26580 -315777
26610 -315777
26640 -315777
26670 -315777
26700 -315777
26730 -315777
26760 -315777
26790 -315505
26820 -315505
26850 -315505
26880 -315505
26910 -315505
26940 -315505
26970 -315505
27000 -315505
27030 -312072
27060 -312072
27090 -312072
27120 -312072
27150 -312072
27180 -312072
27210 -312072
27240 -312072
27270 -312072
27300 -312072
27330 -312072
27360 -312072
27390 -312072
27420 -312072
27450 -312072
27480 -312072
27510 -312072
27540 -312047
27570 -312047
27600 -312047
27630 -312047
27660 -312047
27690 -312047
27720 -312047
27750 -312047
27780 -312047
27810 -312047
27840 -312047
27870 -312047
27900 -312047
27930 -312047
27960 -312047
27990 -312047
28020 -311846
28050 -311846
28080 -311846
28110 -311846
28140 -311846
28170 -311846
28200 -311846
28230 -311846
28260 -311846
28290 -311846
28320 -311846
28350 -311810
28380 -311810
28410 -311810
28440 -311810
28470 -311810
28500 -311810
28530 -311810
28560 -311810
28590 -311810
28620 -311810
28650 -311810
28680 -311810
28710 -311810
28740 -311810
28770 -311671
28800 -311671
28830 -311671
28860 -311671
28890 -311671
28920 -310828
28950 -310828
28980 -310828
29010 -310828
29040 -310828
29070 -310828
29100 -310828
29130 -310828
29160 -310828
29190 -310828
29220 -310828
29250 -310828
29280 -310828
29310 -310828
29340 -310828
29370 -310828
29400 -310828
29430 -310828
29460 -310828
29490 -310828
29520 -310786
29550 -310786
29580 -310786
29610 -310786
29640 -310786
29670 -310786
29700 -310786
29730 -310786
29760 -310786
29790 -310786
29820 -310786
29850 -310786
29880 -310786
29910 -310786
29940 -310786
29970 -310786
30000 -310786
30030 -310786
30060 -310786
30090 -310786
30120 -310786
30150 -310786
30180 -310786
30210 -310786
30240 -310786
30270 -310762
30300 -310762
30330 -310762
30360 -310762
30390 -310762
30420 -310762
30450 -310762
30480 -310762
30510 -310762
30540 -310762
30570 -310762
30600 -310762
30630 -310762
30660 -310762
30690 -310762
30720 -310062
30750 -310062
30780 -310062
30810 -310062
30840 -310062
30870 -310062
30900 -310062
30930 -310062
30960 -310062
30990 -310062
31020 -310062
31050 -310062
31080 -310062
31110 -310062
31140 -310062
31170 -310062
31200 -310062
31230 -310062
31260 -310062
31290 -310062
31320 -310062
31350 -310062
31380 -310062
31410 -310062
31440 -309377
31470 -309377
31500 -309377
31530 -309377
31560 -309377
31590 -309377
31620 -309377
31650 -309377
31680 -309377
31710 -309377
31740 -309377
31770 -309377
31800 -309377
31830 -309377
31860 -309377
31890 -309377
31920 -309377
31950 -309377
31980 -309377
32010 -309377
32040 -309377
32070 -309377
32100 -309377
32130 -309377
32160 -309377
32190 -309377
32220 -309377
32250 -309377
32280 -309377
32310 -309377
32340 -309377
32370 -309377
32400 -309377
32430 -309377
32460 -309377
32490 -309377
32520 -309377
32550 -309377
32580 -309377
32610 -309377
32640 -309377
32670 -309377
32700 -309377
32730 -309377
32760 -309377
32790 -309377
32820 -309377
32850 -309377
32880 -309377
32910 -309377
32940 -309377
32970 -309377
33000 -309377
33030 -309377
33060 -309377
33090 -309377
33120 -309377
33150 -309377
33180 -309377
33210 -309377
33240 -309377
33270 -309377
33300 -309377
33330 -309377
33360 -309377
33390 -309377
33420 -309377
33450 -309377
33480 -309377
33510 -309377
33540 -309377
33570 -309377
33600 -309377
33630 -309377
33660 -309377
33690 -309377
33720 -309377
33750 -309377
33780 -309377
33810 -309377
33840 -309377
33870 -309377
33900 -309377
33930 -309377
33960 -309377
33990 -309377
34020 -309377
34050 -309377
34080 -309377
34110 -309377
34140 -309377
34170 -309377
34200 -309377
34230 -309377
34260 -309377
34290 -309377
34320 -309377
34350 -309377
34380 -309377
34410 -309377
34440 -309377
34470 -309377
34500 -309377
34530 -309377
34560 -309377
34590 -309377
34620 -309377
34650 -309377
34680 -309377
34710 -309377
34740 -309377
34770 -309377
34800 -309377
34830 -309377
34860 -309377
34890 -309377
34920 -309377
34950 -309377
34980 -309377
35010 -309377
35040 -309377
35070 -309377
35100 -309377
35130 -309377
35160 -309377
35190 -309377
35220 -309377
35250 -309377
35280 -309377
35310 -309216
35340 -309216
35370 -309216
35400 -309216
35430 -309216
35460 -309216
35490 -309216
35520 -309216
35550 -309216
35580 -309216
35610 -309216
35640 -309216
35670 -309216
35700 -309216
35730 -309216
35760 -309216
35790 -309216
35820 -309216
35850 -309216
35880 -308924
35910 -308924
35940 -308924
35970 -308924
36000 -308924
36030 -308924
36060 -308924
36090 -308924
36120 -308924
36150 -308924
36180 -308924
36210 -308924
36240 -308924
36270 -308924
36300 -308924
36330 -308924
36360 -308924
36390 -308924
36420 -308924
36450 -308924
36480 -308924
36510 -308924
36540 -308924
36570 -308924
36600 -308924
36630 -308924
36660 -308924
36690 -308924
36720 -308924
36750 -308924
36780 -308924
36810 -308924
36840 -308924
36870 -308924
36900 -308801
36930 -308801
36960 -308801
36990 -308801
37020 -308801
37050 -308801
37080 -308801
37110 -308801
37140 -308801
37170 -308801
37200 -308801
37230 -308801
37260 -308801
37290 -308801
37320 -308801
37350 -308801
37380 -308801
37410 -308801
37440 -308801
37470 -308801
37500 -308801
37530 -308801
37560 -308801
37590 -308801
37620 -308801
37650 -308801
37680 -308674
37710 -308674
37740 -308674
37770 -308674
37800 -308674
37830 -308674
37860 -308674
37890 -308674
37920 -308674
37950 -308674
37980 -308674
38010 -308674
38040 -308674
38070 -308674
38100 -308650
38130 -308650
38160 -308650
38190 -308650
38220 -308650
38250 -308650
38280 -308650
38310 -308650
38340 -308650
38370 -308650
38400 -308650
38430 -308650
38460 -308650
38490 -308650
38520 -308650
38550 -308650
38580 -308650
38610 -308650
38640 -308650
38670 -308650
38700 -308650
38730 -308650
38760 -308650
38790 -308650
38820 -308650
38850 -308650
38880 -308650
38910 -308650
38940 -308650
38970 -308650
39000 -308650
39030 -308650
39060 -308650
39090 -308650
39120 -308650
39150 -308650
39180 -308650
39210 -308650
39240 -308650
39270 -308650
39300 -308650
39330 -308650
