60 -452695
90 -452695
120 -452695
150 -452695
180 -452695
210 -447918
240 -447918
270 -447918
300 -447918
330 -447918
360 -444314
390 -444066
420 -444066
450 -444066
480 -444066
510 -444066
540 -444066
570 -444066
600 -444066
630 -444066
660 -443879
690 -443879
720 -443879
750 -443879
780 -443879
810 -443879
840 -443549
870 -443469
900 -441844
930 -441844
960 -441844
990 -441844
1020 -441844
1050 -441844
1080 -441844
1110 -441211
1140 -441211
1170 -441211
1200 -441211
1230 -441211
1260 -441211
1290 -441211
1320 -441211
1350 -439902
1380 -439218
1410 -439218
1440 -439174
1470 -439174
1500 -439174
1530 -439174
1560 -439174
1590 -439174
1620 -439174
1650 -437571
1680 -436039
1710 -436039
1740 -435939
1770 -435939
1800 -435939
1830 -435939
1860 -435939
1890 -435939
1920 -435939
1950 -435939
1980 -435939
2010 -435939
2040 -435939
2070 -435939
2100 -435939
2130 -435939
2160 -435939
2190 -435939
2220 -435939
2250 -435939
2280 -435915
2310 -435746
2340 -435746
2370 -435746
2400 -435746
2430 -435746
2460 -435746
2490 -435746
2520 -435746
2550 -435746
2580 -435746
2610 -435746
2640 -435746
2670 -435746
2700 -435746
2730 -435746
2760 -435746
2790 -435746
2820 -435746
2850 -435746
2880 -435744
2910 -435744
2940 -435162
2970 -435162
3000 -435162
3030 -435162
3060 -435162
3090 -435162
3120 -435162
3150 -435162
3180 -435162
3210 -435162
3240 -435162
3270 -435162
3300 -435162
3330 -435162
3360 -435162
3390 -435162
3420 -435162
3450 -435162
3480 -435162
3510 -435162
3540 -435162
3570 -435063
3600 -435063
3630 -435063
3660 -434752
3690 -434752
3720 -434752
3750 -434752
3780 -434752
3810 -434752
3840 -434752
3870 -434752
3900 -434752
3930 -434752
3960 -434752
3990 -434752
4020 -434752
4050 -434752
4080 -434497
4110 -433839
4140 -433839
4170 -433839
4200 -433839
4230 -433839
4260 -433839
4290 -433839
4320 -433839
4350 -433839
4380 -433839
4410 -433839
4440 -433839
4470 -433839
4500 -433839
4530 -433839
4560 -433839
4590 -433839
4620 -433839
4650 -433417
4680 -433417
4710 -433417
4740 -433417
4770 -433417
4800 -433417
4830 -433417
4860 -433417
4890 -433417
4920 -433417
4950 -433417
4980 -431419
5010 -431419
5040 -431419
5070 -431419
5100 -431419
5130 -431419
5160 -431419
5190 -431419
5220 -431419
5250 -431419
5280 -431419
5310 -431419
5340 -431419
5370 -431419
5400 -431419
5430 -431419
5460 -431419
5490 -431419
5520 -431419
5550 -431419
5580 -431419
5610 -431419
5640 -431419
5670 -431419
5700 -431419
5730 -431419
5760 -431419
5790 -431419
5820 -431419
5850 -431419
5880 -431419
5910 -431419
5940 -431115
5970 -431115
6000 -431115
6030 -431115
6060 -431115
6090 -431115
6120 -431115
6150 -431115
6180 -431115
6210 -431115
6240 -431115
6270 -431115
6300 -431115
6330 -431115
6360 -431115
6390 -431115
6420 -431084
6450 -431084
6480 -431084
6510 -431084
6540 -431084
6570 -431084
6600 -431084
6630 -430930
6660 -430930
6690 -430880
6720 -430880
6750 -430880
6780 -430320
6810 -430320
6840 -429842
6870 -429819
6900 -429819
6930 -429819
6960 -429819
6990 -429101
7020 -429101
7050 -429101
7080 -429101
7110 -429101
7140 -429101
7170 -429101
7200 -429101
7230 -428668
7260 -428668
7290 -428668
7320 -428668
7350 -428668
7380 -428668
7410 -428668
7440 -427963
7470 -427963
7500 -427963
7530 -427963
7560 -427963
7590 -427963
7620 -427963
7650 -427963
7680 -427963
7710 -427790
7740 -427790
7770 -427790
7800 -427790
7830 -427790
7860 -427790
7890 -427790
7920 -427790
7950 -427790
7980 -427790
8010 -427790
8040 -427790
8070 -427790
8100 -427790
8130 -427790
8160 -427790
8190 -427790
8220 -427790
8250 -427790
8280 -427790
8310 -427790
8340 -427790
8370 -427790
8400 -427790
8430 -427790
8460 -427790
8490 -427790
8520 -427000
8550 -427000
8580 -427000
8610 -427000
8640 -427000
8670 -427000
8700 -427000
8730 -427000
8760 -426957
8790 -426957
8820 -426957
8850 -426957
8880 -426957
8910 -426957
8940 -426957
8970 -426957
9000 -426957
9030 -426957
9060 -426957
9090 -426957
9120 -426957
9150 -426957
9180 -426957
9210 -426957
9240 -426957
9270 -426957
9300 -426957
9330 -426957
9360 -426957
9390 -426957
9420 -426957
9450 -426957
9480 -426957
9510 -426957
9540 -426957
9570 -426957
9600 -426957
9630 -426957
9660 -426462
9690 -426462
9720 -426462
9750 -426462
9780 -426462
9810 -426462
9840 -426462
9870 -426462
9900 -426462
9930 -426462
9960 -426264
9990 -426264
10020 -426264
10050 -426264
10080 -426264
10110 -426264
10140 -424361
10170 -424361
10200 -424361
10230 -424361
10260 -424361
10290 -424361
10320 -424361
10350 -424361
10380 -424361
10410 -424361
10440 -424361
10470 -424361
10500 -424361
10530 -424361
10560 -424361
10590 -424361
10620 -424361
10650 -424361
10680 -424361
10710 -424361
10740 -424361
10770 -424361
10800 -424361
10830 -424356
10860 -424356
10890 -424356
10920 -424356
10950 -424356
10980 -424356
11010 -424356
11040 -424356
11070 -424356
11100 -424356
11130 -424356
11160 -424356
11190 -424356
11220 -424356
11250 -424356
11280 -424356
11310 -424260
11340 -424260
11370 -424260
11400 -424260
11430 -424260
11460 -424260
11490 -424022
11520 -424022
11550 -423908
11580 -423908
11610 -423908
11640 -423908
11670 -423908
11700 -423908
11730 -423908
11760 -423908
11790 -423908
11820 -423908
11850 -423908
11880 -423908
11910 -423908
11940 -423908
11970 -423908
12000 -423908
12030 -423908
12060 -423908
12090 -423908
12120 -423908
12150 -423908
12180 -423908
12210 -423908
12240 -423908
12270 -423908
12300 -423908
12330 -423908
12360 -423908
12390 -423908
12420 -423908
12450 -423908
12480 -423908
12510 -423908
12540 -423908
12570 -423799
12600 -423799
12630 -423799
12660 -423799
12690 -423799
12720 -423799
12750 -423799
12780 -422376
12810 -422376
12840 -422111
12870 -422111
12900 -422111
12930 -422111
12960 -422111
12990 -422111
13020 -421885
13050 -421885
13080 -421408
13110 -421408
13140 -421408
13170 -421408
13200 -421408
13230 -421408
13260 -421408
13290 -421408
13320 -421408
13350 -421408
13380 -421408
13410 -421408
13440 -421408
13470 -421408
13500 -421408
13530 -421408
13560 -421408
13590 -421408
13620 -421408
13650 -420981
13680 -420723
13710 -420723
13740 -420723
13770 -420723
13800 -420723
13830 -420723
13860 -420723
13890 -420723
13920 -420723
13950 -420723
13980 -420723
14010 -420723
14040 -420723
14070 -420723
14100 -420723
14130 -420723
14160 -420723
14190 -420723
14220 -420723
14250 -420723
14280 -420723
14310 -420723
14340 -420723
14370 -420723
14400 -420723
14430 -420723
14460 -420723
14490 -420723
14520 -420723
14550 -420723
14580 -420723
14610 -420723
14640 -420723
14670 -420723
14700 -420723
14730 -420723
14760 -420723
14790 -420723
14820 -420723
14850 -420723
14880 -420723
14910 -420723
14940 -420723
14970 -420723
15000 -420723
15030 -420723
15060 -420723
15090 -420723
15120 -420723
15150 -420723
15180 -420723
15210 -420723
15240 -420723
15270 -420723
15300 -420723
15330 -420723
15360 -420723
15390 -420723
15420 -420723
15450 -420723
15480 -420723
15510 -420723
15540 -420723
15570 -420723
15600 -420723
15630 -420723
15660 -420723
15690 -420723
15720 -420723
15750 -420723
15780 -420723
15810 -420723
15840 -420723
15870 -420723
15900 -420723
15930 -420723
15960 -420723
15990 -420723
16020 -420723
16050 -420723
16080 -420723
16110 -420723
16140 -420723
16170 -420723
16200 -420723
16230 -420723
16260 -420723
16290 -420723
16320 -420723
16350 -420723
16380 -420723
16410 -420723
16440 -420723
16470 -420723
16500 -420693
16530 -420693
16560 -420693
16590 -420693
16620 -420693
16650 -420693
16680 -420693
16710 -420693
16740 -420693
16770 -420693
16800 -420693
16830 -420693
16860 -420693
16890 -420693
16920 -420693
16950 -420693
16980 -420693
17010 -420693
17040 -420693
17070 -420503
17100 -420503
17130 -420503
17160 -420503
17190 -420503
17220 -420503
17250 -420503
17280 -420503
17310 -420503
17340 -420503
17370 -420503
17400 -420503
17430 -420503
17460 -420503
17490 -420503
17520 -420503
17550 -420503
17580 -420503
17610 -420503
17640 -420503
17670 -420503
17700 -420503
17730 -420503
17760 -420503
17790 -420503
17820 -420503
17850 -420503
17880 -420503
17910 -420503
17940 -420503
17970 -420503
18000 -420503
18030 -420503
18060 -420501
18090 -420501
18120 -420501
18150 -420501
18180 -420501
18210 -420501
18240 -420501
18270 -420501
18300 -420501
18330 -420501
18360 -420501
18390 -420501
18420 -420501
18450 -420501
18480 -420501
18510 -420501
18540 -420501
18570 -420501
18600 -420501
18630 -420501
18660 -420501
18690 -420501
18720 -420501
18750 -420501
18780 -420501
18810 -420501
18840 -420501
18870 -420501
18900 -420501
18930 -420501
18960 -420501
18990 -420501
19020 -420501
19050 -420501
19080 -420501
19110 -420501
19140 -420501
19170 -420501
19200 -420501
19230 -420501
19260 -420501
19290 -420501
19320 -420501
19350 -420501
19380 -420501
19410 -420501
19440 -420501
19470 -420501
19500 -420501
19530 -420501
19560 -420501
19590 -420501
19620 -420501
19650 -420501
19680 -420501
19710 -420501
19740 -420501
19770 -420501
19800 -420501
19830 -420501
19860 -420501
19890 -420501
19920 -420501
19950 -420501
19980 -420501
20010 -420501
20040 -420501
20070 -420501
20100 -420501
20130 -420501
20160 -420501
20190 -420501
20220 -420501
20250 -420501
20280 -420501
20310 -420501
20340 -420501
20370 -420501
20400 -420501
20430 -420501
20460 -420501
20490 -420501
20520 -420501
20550 -420501
20580 -420501
20610 -420501
20640 -420501
20670 -420501
20700 -420501
20730 -420501
20760 -420501
20790 -420501
20820 -420501
20850 -420501
20880 -420501
20910 -420501
20940 -420501
20970 -420501
21000 -420501
21030 -420501
21060 -420501
21090 -420501
21120 -420501
21150 -420501
21180 -420501
21210 -420501
21240 -420501
21270 -420501
21300 -420501
21330 -420501
21360 -420501
21390 -420501
21420 -420501
21450 -420501
21480 -420501
21510 -420501
21540 -420501
21570 -420501
21600 -420501
21630 -420501
21660 -420501
21690 -420501
21720 -420501
21750 -420501
21780 -420501
21810 -420501
21840 -420501
21870 -420501
21900 -420501
21930 -420501
21960 -420501
21990 -420501
22020 -420501
22050 -420501
22080 -420501
22110 -420501
22140 -420501
22170 -420501
22200 -420501
22230 -420501
22260 -420501
22290 -420501
22320 -420501
22350 -420501
22380 -420501
22410 -420501
22440 -420501
22470 -420501
22500 -420501
22530 -416877
22560 -416877
22590 -416877
22620 -416877
22650 -416877
22680 -416877
22710 -416877
22740 -416877
22770 -416877
22800 -416877
22830 -416877
22860 -416877
22890 -416877
22920 -416877
22950 -416877
22980 -416877
23010 -416877
23040 -416877
23070 -416877
23100 -416877
23130 -416877
23160 -416877
23190 -416877
23220 -416877
23250 -416877
23280 -416877
23310 -416877
23340 -416877
23370 -416877
23400 -416877
23430 -416877
23460 -416877
23490 -416877
23520 -416877
23550 -416877
23580 -416877
23610 -416877
23640 -416877
23670 -416877
23700 -416877
23730 -416877
23760 -416877
23790 -416877
23820 -416877
23850 -416877
23880 -416877
23910 -416877
23940 -416877
23970 -416877
24000 -416877
24030 -416877
24060 -416877
24090 -416877
24120 -416877
24150 -416877
24180 -416877
24210 -416877
24240 -416877
24270 -416877
24300 -416877
24330 -416877
24360 -416877
24390 -416877
24420 -416877
24450 -416877
24480 -416877
24510 -416877
24540 -416877
24570 -416780
24600 -416780
24630 -416780
24660 -416780
24690 -416780
24720 -416780
24750 -416726
24780 -416726
24810 -416726
24840 -416726
24870 -416726
24900 -416726
24930 -416726
24960 -416726
24990 -416726
25020 -416726
25050 -416726
25080 -416726
25110 -416726
25140 -416726
25170 -416726
25200 -416726
25230 -416726
25260 -416726
25290 -416496
25320 -416496
25350 -416496
25380 -416496
25410 -416496
25440 -416496
25470 -416496
25500 -416496
25530 -416496
25560 -416496
25590 -416496
25620 -416496
25650 -416496
25680 -416079
25710 -416079
25740 -416079
25770 -416079
25800 -416079
25830 -416079
25860 -416079
25890 -416079
25920 -416079
25950 -416079
25980 -416079
26010 -416079
26040 -416079
26070 -416079
26100 -416079
26130 -416079
26160 -416079
26190 -416079
26220 -416079
26250 -416079
26280 -416079
26310 -416079
26340 -416079
26370 -416079
26400 -416079
26430 -416079
26460 -416079
26490 -416079
26520 -416079
26550 -416079
26580 -416079
26610 -416079
26640 -416079
26670 -416079
26700 -416079
26730 -416079
26760 -416079
26790 -416079
26820 -416079
26850 -416079
26880 -416079
26910 -415993
26940 -415993
26970 -415993
27000 -415993
27030 -415993
27060 -415993
27090 -415993
27120 -415993
27150 -415993
27180 -415993
27210 -415993
27240 -415993
27270 -415993
27300 -415993
27330 -415993
27360 -415993
27390 -415993
27420 -415993
27450 -415993
27480 -415993
27510 -415993
27540 -415993
27570 -415993
27600 -415993
27630 -415993
27660 -415993
27690 -415993
27720 -415993
27750 -415993
27780 -415993
27810 -415993
27840 -415993
27870 -415993
27900 -415993
27930 -415993
27960 -415993
27990 -415196
28020 -415196
28050 -415196
28080 -415196
28110 -415196
28140 -415196
28170 -415196
28200 -415196
28230 -415196
28260 -415196
28290 -415196
28320 -415196
28350 -415196
28380 -415196
28410 -415196
28440 -415196
28470 -415196
28500 -415196
28530 -415196
28560 -415196
28590 -415196
28620 -415196
28650 -415196
28680 -415196
28710 -415196
28740 -415196
28770 -415196
28800 -415196
28830 -415196
28860 -415196
28890 -415196
28920 -415196
28950 -415196
28980 -415196
29010 -415196
29040 -415196
29070 -415196
29100 -415196
29130 -415196
29160 -415196
29190 -415196
29220 -415196
29250 -415196
29280 -415196
29310 -415196
29340 -415196
29370 -415196
29400 -415196
29430 -415196
29460 -415196
29490 -415196
29520 -415196
29550 -415196
29580 -415060
29610 -415060
29640 -415060
29670 -415060
29700 -415060
29730 -415060
29760 -415060
29790 -415060
29820 -415060
29850 -415060
29880 -415060
29910 -415060
29940 -415060
29970 -415060
30000 -415060
30030 -415060
30060 -415060
30090 -415060
30120 -415060
30150 -415060
30180 -415060
30210 -415060
30240 -415060
30270 -415060
30300 -415060
30330 -415060
30360 -415060
30390 -415060
30420 -415060
30450 -415060
30480 -415060
30510 -415060
30540 -415060
30570 -415060
30600 -415060
30630 -415060
30660 -415060
30690 -415060
30720 -415060
30750 -415060
30780 -415060
30810 -415060
30840 -415060
30870 -415060
30900 -415060
30930 -415060
30960 -415060
30990 -415060
31020 -415060
31050 -415060
31080 -415060
31110 -415060
31140 -415060
31170 -415060
31200 -415060
31230 -415060
31260 -415060
31290 -415060
31320 -414397
31350 -414397
31380 -414397
31410 -414397
31440 -414397
31470 -414397
31500 -414397
31530 -414397
31560 -414397
31590 -414397
31620 -414397
31650 -414381
31680 -414381
31710 -414381
31740 -414381
31770 -414381
31800 -414381
31830 -414381
31860 -414381
31890 -414381
31920 -414381
31950 -414381
31980 -414381
32010 -414381
32040 -413141
32070 -413141
32100 -413141
32130 -413141
32160 -413141
32190 -413141
32220 -413141
32250 -413141
32280 -413141
32310 -413141
32340 -413141
32370 -413141
32400 -413141
32430 -413141
32460 -413141
32490 -413141
32520 -413141
32550 -413141
32580 -413141
32610 -413141
32640 -413141
32670 -413141
32700 -413141
32730 -413141
32760 -413141
32790 -413141
32820 -413141
32850 -413141
32880 -413141
32910 -413141
32940 -413141
32970 -413141
33000 -413141
33030 -413141
33060 -413141
33090 -412368
33120 -412368
33150 -412368
33180 -412368
33210 -412368
33240 -412368
33270 -412368
33300 -412368
33330 -412368
33360 -412368
33390 -412368
33420 -412368
33450 -412368
33480 -412368
33510 -412368
33540 -412368
33570 -412368
33600 -412368
33630 -412368
33660 -412368
33690 -412368
33720 -412368
33750 -412368
33780 -412368
33810 -412368
33840 -412368
33870 -412368
33900 -412368
33930 -412368
33960 -412368
33990 -412368
34020 -412368
34050 -412368
34080 -412368
34110 -412368
34140 -412368
34170 -412368
34200 -412368
34230 -412368
34260 -412368
34290 -412368
34320 -412368
34350 -412368
34380 -412368
34410 -412368
34440 -412368
34470 -412368
34500 -412368
34530 -412368
34560 -412368
34590 -412368
34620 -412368
34650 -412368
34680 -412368
34710 -412368
34740 -412368
34770 -412368
34800 -412368
34830 -412368
34860 -412368
34890 -412368
34920 -412368
34950 -412368
34980 -412368
35010 -412368
35040 -412368
35070 -412368
35100 -412368
35130 -412368
35160 -412368
35190 -412368
35220 -412368
35250 -412368
35280 -412368
35310 -412368
35340 -412368
35370 -412368
35400 -412368
35430 -412368
35460 -412368
35490 -412368
35520 -412368
35550 -412368
35580 -412368
35610 -412368
35640 -412368
35670 -412368
35700 -412368
35730 -412368
35760 -412368
35790 -412368
35820 -412368
35850 -412368
35880 -412368
35910 -412368
35940 -412368
35970 -412368
36000 -412368
36030 -412368
36060 -412368
36090 -412368
36120 -412368
36150 -412368
36180 -412368
36210 -412368
36240 -412368
36270 -412368
36300 -412368
36330 -412368
36360 -412368
36390 -412368
36420 -412368
36450 -412368
36480 -412368
36510 -412368
36540 -412368
36570 -412368
36600 -412368
36630 -412368
36660 -412368
36690 -412368
36720 -412368
36750 -412368
36780 -412368
36810 -412368
36840 -412368
36870 -412368
36900 -412368
36930 -412368
36960 -412368
36990 -412368
37020 -412368
37050 -412368
37080 -412179
37110 -412179
37140 -412179
37170 -412179
37200 -412179
37230 -412179
37260 -412179
37290 -412179
37320 -412179
37350 -412179
37380 -412179
37410 -412179
37440 -412179
37470 -412179
37500 -412179
37530 -412179
37560 -412179
37590 -412179
37620 -412179
37650 -412179
37680 -412179
37710 -412179
37740 -412179
37770 -412179
37800 -412179
37830 -412179
37860 -412179
37890 -412179
37920 -412179
37950 -412179
37980 -412179
38010 -412179
38040 -412179
38070 -412179
38100 -412179
38130 -412179
38160 -412179
38190 -412179
38220 -412179
38250 -412179
38280 -412179
38310 -412179
38340 -412179
38370 -412179
38400 -412179
38430 -412179
38460 -412179
38490 -412179
38520 -412179
38550 -412179
38580 -412179
38610 -412179
38640 -412179
38670 -412179
38700 -412179
38730 -412179
38760 -412179
38790 -412179
38820 -411891
38850 -411891
38880 -411891
38910 -411891
38940 -411891
38970 -411891
39000 -411891
39030 -411828
39060 -411828
39090 -411828
39120 -411828
39150 -411828
39180 -411716
39210 -411716
39240 -411716
39270 -411716
39300 -411716
39330 -411716
39360 -411716
39390 -411716
39420 -410308
39450 -410308
39480 -410308
39510 -410308
39540 -410308
39570 -410308
39600 -410308
39630 -410308
39660 -410308
39690 -410308
39720 -410308
39750 -410308
39780 -410308
39810 -410308
39840 -410308
39870 -410308
39900 -410308
39930 -410308
39960 -410308
39990 -410308
40020 -410308
40050 -410308
40080 -410308
40110 -410308
40140 -410308
40170 -410308
40200 -410308
40230 -410308
40260 -410308
40290 -410308
40320 -410308
40350 -410308
40380 -410308
40410 -410308
40440 -410308
40470 -410308
40500 -410308
40530 -410308
40560 -410308
40590 -410308
40620 -410308
40650 -410308
40680 -410308
40710 -410308
40740 -410308
40770 -410308
40800 -410308
40830 -410308
40860 -410308
40890 -410308
40920 -410308
40950 -410308
40980 -410308
41010 -410308
41040 -410308
41070 -410308
41100 -410308
41130 -410308
41160 -410308
41190 -410308
41220 -410308
41250 -410308
41280 -410308
41310 -410308
41340 -410308
41370 -410308
41400 -410308
41430 -410308
41460 -410308
41490 -410308
41520 -410308
41550 -410308
41580 -410308
41610 -410308
41640 -409938
41670 -409938
41700 -409938
41730 -409938
41760 -409938
41790 -409938
41820 -409938
41850 -409938
41880 -409938
41910 -409938
41940 -409938
41970 -409938
42000 -409938
42030 -409938
42060 -409938
42090 -409938
42120 -409938
42150 -409938
42180 -409938
42210 -409938
42240 -409938
42270 -409938
42300 -409938
42330 -409938
42360 -409938
42390 -409938
42420 -409938
42450 -409938
42480 -409938
42510 -409938
42540 -409938
42570 -409938
42600 -409938
42630 -409938
42660 -409938
42690 -409938
42720 -409938
42750 -409938
42780 -409938
42810 -409938
42840 -409938
42870 -409938
42900 -409938
42930 -409938
42960 -409938
42990 -409938
43020 -409938
43050 -409938
43080 -409938
43110 -409937
43140 -409937
43170 -409937
43200 -409937
43230 -409937
43260 -409937
43290 -409937
43320 -409937
43350 -409937
43380 -409937
43410 -409937
43440 -409937
43470 -409937
43500 -409937
43530 -409937
