60 -454110
90 -454110
120 -450853
150 -450853
180 -442522
210 -442522
240 -442324
270 -442324
300 -442324
330 -442324
360 -442324
390 -442324
420 -442324
450 -442324
480 -442324
510 -442324
540 -442324
570 -442324
600 -442324
630 -440870
660 -440870
690 -440870
720 -440870
750 -440870
780 -440870
810 -440870
840 -440870
870 -440870
900 -440870
930 -440870
960 -440055
990 -438671
1020 -438671
1050 -438671
1080 -438671
1110 -438671
1140 -438671
1170 -438671
1200 -438671
1230 -438671
1260 -438671
1290 -438671
1320 -438671
1350 -438671
1380 -438671
1410 -438671
1440 -438671
1470 -438671
1500 -438671
1530 -438671
1560 -438671
1590 -438162
1620 -437646
1650 -437086
1680 -437086
1710 -437086
1740 -436805
1770 -436805
1800 -436390
1830 -436390
1860 -436390
1890 -436390
1920 -436390
1950 -436390
1980 -436390
2010 -436390
2040 -436390
2070 -436028
2100 -436028
2130 -436028
2160 -436028
2190 -436028
2220 -436028
2250 -436028
2280 -436028
2310 -436028
2340 -436028
2370 -436028
2400 -434937
2430 -434937
2460 -434937
2490 -434937
2520 -434937
2550 -434937
2580 -434937
2610 -434937
2640 -434937
2670 -434937
2700 -434937
2730 -434937
2760 -434937
2790 -434937
2820 -434232
2850 -434232
2880 -431928
2910 -431928
2940 -431928
2970 -431928
3000 -431928
3030 -431928
3060 -431928
3090 -431928
3120 -431928
3150 -431928
3180 -431928
3210 -431928
3240 -431928
3270 -431928
3300 -431928
3330 -431928
3360 -431928
3390 -431928
3420 -431928
3450 -431928
3480 -431928
3510 -431928
3540 -431928
3570 -431928
3600 -431928
3630 -431928
3660 -431928
3690 -431928
3720 -431928
3750 -431928
3780 -431928
3810 -431928
3840 -431928
3870 -431928
3900 -431928
3930 -431928
3960 -431928
3990 -431928
4020 -431928
4050 -431928
4080 -431928
4110 -431928
4140 -431928
4170 -431928
4200 -431928
4230 -431754
4260 -431754
4290 -431754
4320 -431754
4350 -430494
4380 -430494
4410 -430494
4440 -430494
4470 -430494
4500 -430494
4530 -430494
4560 -430494
4590 -430494
4620 -430351
4650 -430351
4680 -430351
4710 -430351
4740 -430351
4770 -430351
4800 -430351
4830 -430351
4860 -430351
4890 -430351
4920 -430351
4950 -430351
4980 -429873
5010 -429873
5040 -429873
5070 -429873
5100 -429873
5130 -429873
5160 -429873
5190 -429873
5220 -429873
5250 -429873
5280 -429873
5310 -429873
5340 -429873
5370 -429873
5400 -429873
5430 -429873
5460 -429873
5490 -429873
5520 -429873
5550 -429873
5580 -429873
5610 -429873
5640 -429873
5670 -429873
5700 -429873
5730 -429873
5760 -429873
5790 -429873
5820 -429766
5850 -429766
5880 -429766
5910 -429766
5940 -429178
5970 -429178
6000 -429178
6030 -429166
6060 -429166
6090 -429166
6120 -429166
6150 -429166
6180 -429166
6210 -429030
6240 -429030
6270 -429030
6300 -429030
6330 -429030
6360 -429030
6390 -429030
6420 -429030
6450 -429030
6480 -429030
6510 -429030
6540 -429030
6570 -429030
6600 -429030
6630 -429030
6660 -429030
6690 -429030
6720 -429030
6750 -429030
6780 -429030
6810 -428852
6840 -428852
6870 -428852
6900 -428852
6930 -428852
6960 -428852
6990 -428852
7020 -428852
7050 -428852
7080 -428852
7110 -428852
7140 -428852
7170 -428852
7200 -428852
7230 -428852
7260 -428852
7290 -428852
7320 -428852
7350 -428852
7380 -428852
7410 -428852
7440 -428852
7470 -428852
7500 -428852
7530 -428852
7560 -428852
7590 -428670
7620 -428670
7650 -428670
7680 -428670
7710 -428582
7740 -428582
7770 -428582
7800 -428582
7830 -428582
7860 -428582
7890 -428582
7920 -428410
7950 -428410
7980 -428410
8010 -428410
8040 -428410
8070 -428410
8100 -428410
8130 -428410
8160 -428410
8190 -428410
8220 -428245
8250 -428245
8280 -428245
8310 -428245
8340 -428245
8370 -428245
8400 -428245
8430 -428245
8460 -428245
8490 -428245
8520 -428245
8550 -428245
8580 -428245
8610 -428245
8640 -428245
8670 -427744
8700 -427744
8730 -427744
8760 -427744
8790 -427744
8820 -427744
8850 -427744
8880 -427744
8910 -427744
8940 -427744
8970 -427744
9000 -427744
9030 -427744
9060 -427744
9090 -427744
9120 -427744
9150 -427744
9180 -427744
9210 -427744
9240 -427744
9270 -427744
9300 -427744
9330 -427744
9360 -427744
9390 -427744
9420 -427744
9450 -427744
9480 -427744
9510 -427744
9540 -427744
9570 -427744
9600 -427744
9630 -427744
9660 -427744
9690 -427744
9720 -427744
9750 -427744
9780 -427744
9810 -427744
9840 -427744
9870 -427744
9900 -427744
9930 -427703
9960 -427703
9990 -427703
10020 -427703
10050 -427703
10080 -427703
10110 -427703
10140 -427703
10170 -427703
10200 -427703
10230 -427703
10260 -427703
10290 -427703
10320 -427703
10350 -427703
10380 -427703
10410 -427703
10440 -427703
10470 -427703
10500 -427703
10530 -427703
10560 -427703
10590 -427703
10620 -427017
10650 -427017
10680 -427017
10710 -427017
10740 -427017
10770 -427017
10800 -427017
10830 -427017
10860 -427017
10890 -427017
10920 -427017
10950 -426986
10980 -426986
11010 -426986
11040 -426986
11070 -426986
11100 -426986
11130 -426986
11160 -425159
11190 -425159
11220 -425159
11250 -425159
11280 -425159
11310 -425159
11340 -425159
11370 -425159
11400 -425159
11430 -425159
11460 -425159
11490 -425159
11520 -425159
11550 -425159
11580 -425159
11610 -425159
11640 -425159
11670 -425159
11700 -425159
11730 -425159
11760 -425159
11790 -425159
11820 -424453
11850 -424453
11880 -424453
11910 -424453
11940 -424453
11970 -424453
12000 -424453
12030 -424453
12060 -424453
12090 -424453
12120 -424453
12150 -424453
12180 -424453
12210 -424453
12240 -424453
12270 -424453
12300 -424453
12330 -424453
12360 -424453
12390 -424453
12420 -424453
12450 -424453
12480 -424453
12510 -424453
12540 -424453
12570 -424453
12600 -424453
12630 -424453
12660 -424453
12690 -424453
12720 -424453
12750 -424453
12780 -424453
12810 -424453
12840 -424453
12870 -424107
12900 -424107
12930 -423217
12960 -423217
12990 -423217
13020 -423217
13050 -423217
13080 -423217
13110 -423217
13140 -423217
13170 -423217
13200 -423217
13230 -423217
13260 -423217
13290 -423217
13320 -423217
13350 -423217
13380 -423217
13410 -423217
13440 -423217
13470 -423217
13500 -423217
13530 -423217
13560 -423217
13590 -423217
13620 -423217
13650 -423217
13680 -423217
13710 -423217
13740 -423217
13770 -423217
13800 -423217
13830 -423217
13860 -423217
13890 -423205
13920 -423205
13950 -423205
13980 -423205
14010 -423205
14040 -423205
14070 -423205
14100 -423205
14130 -423205
14160 -423205
14190 -423205
14220 -423205
14250 -423205
14280 -422200
14310 -422200
14340 -422200
14370 -422200
14400 -422200
14430 -422200
14460 -422200
14490 -422200
14520 -422200
14550 -422200
14580 -422200
14610 -422200
14640 -422200
14670 -422200
14700 -422200
14730 -422200
14760 -422200
14790 -422200
14820 -422200
14850 -422028
14880 -422028
14910 -422028
14940 -422028
14970 -422028
15000 -422028
15030 -421982
15060 -421982
15090 -421982
15120 -421982
15150 -421982
15180 -421982
15210 -421982
15240 -421982
15270 -421982
15300 -421982
15330 -421982
15360 -421982
15390 -421982
15420 -421982
15450 -421982
15480 -421877
15510 -421877
15540 -421877
15570 -421877
15600 -421877
15630 -421877
15660 -421877
15690 -421877
15720 -421877
15750 -421877
15780 -421877
15810 -421877
15840 -421877
15870 -421877
15900 -421877
15930 -421877
15960 -421877
15990 -421877
16020 -421877
16050 -421877
16080 -421877
16110 -421877
16140 -421877
16170 -421877
16200 -421877
16230 -421877
16260 -421877
16290 -421877
16320 -421124
16350 -421124
16380 -421124
16410 -421124
16440 -421124
16470 -421124
16500 -421124
16530 -421124
16560 -421124
16590 -421124
16620 -421124
16650 -421124
16680 -419063
16710 -419063
16740 -419063
16770 -419063
16800 -419063
16830 -419063
16860 -419063
16890 -419063
16920 -419063
16950 -419063
16980 -419063
17010 -419063
17040 -419063
17070 -419063
17100 -419063
17130 -419063
17160 -419063
17190 -419063
17220 -419063
17250 -419063
17280 -419063
17310 -419063
17340 -419063
17370 -419063
17400 -419063
17430 -419063
17460 -419063
17490 -419063
17520 -419063
17550 -419063
17580 -418851
17610 -418851
17640 -418851
17670 -418851
17700 -418851
17730 -418851
17760 -418851
17790 -418851
17820 -418851
17850 -418851
17880 -418851
17910 -418851
17940 -418851
17970 -418851
18000 -418851
18030 -418851
18060 -418851
18090 -418851
18120 -418851
18150 -418851
18180 -418851
18210 -418851
18240 -418851
18270 -418851
18300 -418851
18330 -418851
18360 -418851
18390 -418851
18420 -418851
18450 -418851
18480 -418851
18510 -418851
18540 -418851
18570 -418851
18600 -418851
18630 -418851
18660 -418851
18690 -418851
18720 -418851
18750 -418851
18780 -418851
18810 -418851
18840 -418851
18870 -418851
18900 -418851
18930 -418851
18960 -418851
18990 -418851
19020 -418851
19050 -418851
19080 -418851
19110 -418851
19140 -418374
19170 -418374
19200 -418374
19230 -418374
19260 -418374
19290 -418374
19320 -418374
19350 -418374
19380 -418374
19410 -418374
19440 -418374
19470 -418374
19500 -418374
19530 -418374
19560 -418374
19590 -418374
19620 -418374
19650 -418374
19680 -418374
19710 -418306
19740 -418306
19770 -418306
19800 -418306
19830 -418306
19860 -418306
19890 -418306
19920 -418306
19950 -418306
19980 -418306
20010 -418306
20040 -418306
20070 -418306
20100 -418306
20130 -418306
20160 -418306
20190 -418306
20220 -418306
20250 -418306
20280 -418306
20310 -418306
20340 -418306
20370 -418306
20400 -418306
20430 -418306
20460 -418306
20490 -418306
20520 -418306
20550 -418306
20580 -418306
20610 -418306
20640 -418306
20670 -418306
20700 -418306
20730 -418306
20760 -418306
20790 -418306
20820 -418306
20850 -418306
20880 -418306
20910 -418306
20940 -418306
20970 -418306
21000 -418306
21030 -418306
21060 -418306
21090 -418306
21120 -418306
21150 -418306
21180 -418306
21210 -418306
21240 -418306
21270 -418306
21300 -418306
21330 -418306
21360 -418306
21390 -418262
21420 -418262
21450 -418262
21480 -418262
21510 -418262
21540 -418262
21570 -418262
21600 -418262
21630 -418262
21660 -418262
21690 -418262
21720 -418262
21750 -418262
21780 -418262
21810 -418262
21840 -418262
21870 -418262
21900 -418262
21930 -418262
21960 -418262
21990 -418262
22020 -418262
22050 -418262
22080 -418262
22110 -418262
22140 -418262
22170 -418262
22200 -418262
22230 -418262
22260 -418262
22290 -418262
22320 -418262
22350 -418262
22380 -418262
22410 -418262
22440 -418262
22470 -418262
22500 -418262
22530 -418262
22560 -418262
22590 -418262
22620 -418262
22650 -418262
22680 -418262
22710 -418262
22740 -418262
22770 -418262
22800 -418262
22830 -418262
22860 -418262
22890 -418262
22920 -418262
22950 -418262
22980 -418262
23010 -418262
23040 -418262
23070 -418262
23100 -418262
23130 -418262
23160 -418262
23190 -418262
23220 -418262
23250 -418262
23280 -418262
23310 -418262
23340 -418262
23370 -418262
23400 -418262
23430 -418262
23460 -418262
23490 -418262
23520 -418262
23550 -418262
23580 -418262
23610 -418262
23640 -418262
23670 -418262
23700 -418262
23730 -418262
23760 -418262
23790 -418262
23820 -418262
23850 -418262
23880 -418262
23910 -418262
23940 -418262
23970 -418262
24000 -418262
24030 -418262
24060 -418262
24090 -418262
24120 -418262
24150 -418262
24180 -418262
24210 -418262
24240 -418262
24270 -418262
24300 -418262
24330 -418262
24360 -418262
24390 -418262
24420 -418262
24450 -418262
24480 -418262
24510 -418262
24540 -418262
24570 -418262
24600 -418262
24630 -418262
24660 -418262
24690 -418262
24720 -418262
24750 -418262
24780 -418262
24810 -418262
24840 -418262
24870 -418262
24900 -418262
24930 -418262
24960 -418262
24990 -418262
25020 -418262
25050 -418262
25080 -418262
25110 -418262
25140 -418262
25170 -418262
25200 -418262
25230 -418262
25260 -418262
25290 -418262
25320 -418262
25350 -418262
25380 -418262
25410 -418262
25440 -418262
25470 -418262
25500 -418262
25530 -418262
25560 -418262
25590 -418262
25620 -418262
25650 -417778
25680 -417778
25710 -417778
25740 -417778
25770 -417778
25800 -417778
25830 -417778
25860 -417778
25890 -417778
25920 -417778
25950 -417778
25980 -417778
26010 -417778
26040 -417778
26070 -417778
26100 -417703
26130 -417703
26160 -417703
26190 -417703
26220 -417703
26250 -417703
26280 -417703
26310 -417703
26340 -417703
26370 -417513
26400 -417513
26430 -417513
26460 -417513
26490 -417513
26520 -417513
26550 -417513
26580 -417513
26610 -417513
26640 -417513
26670 -417513
26700 -417513
26730 -417513
26760 -417513
26790 -417513
26820 -417513
26850 -417513
26880 -417513
26910 -417513
26940 -417513
26970 -417513
27000 -417513
27030 -417513
27060 -417513
27090 -417513
27120 -417513
27150 -417513
27180 -417513
27210 -417513
27240 -417513
27270 -417513
27300 -417513
27330 -417513
27360 -417513
27390 -417513
27420 -417513
27450 -417513
27480 -417513
27510 -417513
27540 -417513
27570 -417513
27600 -417513
27630 -417513
27660 -417513
27690 -417513
27720 -417513
27750 -417513
27780 -417513
27810 -417513
27840 -417513
27870 -417513
27900 -417513
27930 -417513
27960 -417513
27990 -417513
28020 -417513
28050 -417513
28080 -417513
28110 -417513
28140 -417513
28170 -417513
28200 -417513
28230 -417513
28260 -417513
28290 -417513
28320 -417513
28350 -417513
28380 -417513
28410 -417513
28440 -417513
28470 -417513
28500 -417513
28530 -417513
28560 -417513
28590 -417513
28620 -417513
28650 -417513
28680 -417513
28710 -417513
28740 -417513
28770 -417513
28800 -417513
28830 -417513
28860 -417513
28890 -417513
28920 -417513
28950 -417513
28980 -417513
29010 -417513
29040 -417513
29070 -417513
29100 -417513
29130 -417513
29160 -417513
29190 -417513
29220 -417513
29250 -417513
29280 -417513
29310 -417513
29340 -417513
29370 -417513
29400 -417513
29430 -417513
29460 -417513
29490 -417513
29520 -417513
29550 -417513
29580 -417513
29610 -417513
29640 -417513
29670 -417513
29700 -417513
29730 -417513
29760 -417513
29790 -417513
29820 -417513
29850 -417513
29880 -417513
29910 -417513
29940 -417513
29970 -417513
30000 -417513
30030 -417513
30060 -417513
30090 -417513
30120 -417513
30150 -417513
30180 -417513
30210 -417513
30240 -417513
30270 -417513
30300 -417513
30330 -417513
30360 -417513
30390 -417513
30420 -417513
30450 -417513
30480 -417513
30510 -417513
30540 -417513
30570 -417513
30600 -417513
30630 -417513
30660 -417513
30690 -417513
30720 -417513
30750 -417513
30780 -417513
30810 -417513
30840 -417513
30870 -417513
30900 -417513
30930 -417513
30960 -417513
30990 -417513
31020 -417513
31050 -417513
31080 -417513
31110 -417513
31140 -417513
31170 -417513
31200 -417513
31230 -417513
31260 -417513
31290 -417513
31320 -417513
31350 -417513
31380 -417513
31410 -417513
31440 -417513
31470 -417513
31500 -417513
31530 -417513
31560 -417513
31590 -417473
31620 -417473
31650 -417473
31680 -417473
31710 -417473
31740 -417473
31770 -417473
31800 -417473
31830 -417473
31860 -417390
31890 -417390
31920 -417390
31950 -417390
31980 -417390
32010 -417390
32040 -417390
32070 -417390
32100 -417390
32130 -417390
32160 -417390
32190 -417390
32220 -417390
32250 -417390
32280 -417390
32310 -417390
32340 -417390
32370 -417390
32400 -417390
32430 -417390
32460 -417390
32490 -417390
32520 -417390
32550 -417390
32580 -417390
32610 -417390
32640 -417390
32670 -417390
32700 -417390
32730 -417390
32760 -417390
32790 -417390
32820 -417390
32850 -417390
32880 -417390
32910 -417390
32940 -417390
32970 -417390
33000 -417390
33030 -417390
33060 -417390
33090 -417390
33120 -417390
33150 -417390
33180 -417390
33210 -417390
33240 -417390
33270 -417390
33300 -417390
33330 -417390
33360 -417390
33390 -417390
33420 -417390
33450 -417390
33480 -417390
33510 -417390
33540 -417390
33570 -417390
33600 -417390
33630 -417390
33660 -417390
33690 -417390
33720 -417390
33750 -417390
33780 -417390
33810 -417390
33840 -417390
33870 -417390
33900 -417390
33930 -417390
33960 -417390
33990 -417390
34020 -417390
34050 -417390
34080 -417390
34110 -417390
34140 -417390
34170 -417390
34200 -417390
34230 -417390
34260 -417390
34290 -417390
34320 -417390
34350 -417390
34380 -417390
34410 -417390
34440 -417390
34470 -417390
34500 -417390
34530 -417390
34560 -417390
34590 -417390
34620 -417390
34650 -417390
34680 -417390
34710 -417390
34740 -417390
34770 -417390
34800 -417390
34830 -417390
34860 -417390
34890 -417222
34920 -417222
34950 -417222
34980 -417222
35010 -417222
35040 -417222
35070 -417222
35100 -417222
35130 -417222
35160 -417222
35190 -417222
35220 -417222
35250 -417222
35280 -417222
35310 -417222
35340 -417222
35370 -417222
35400 -417222
35430 -417222
35460 -417222
35490 -417222
35520 -417222
35550 -417222
35580 -417222
35610 -417222
35640 -417222
35670 -417222
35700 -417222
35730 -417222
35760 -417222
35790 -417222
35820 -417222
35850 -417222
35880 -417222
35910 -417222
35940 -417222
35970 -417222
36000 -417222
36030 -417222
36060 -417222
36090 -417222
36120 -417222
36150 -417222
36180 -417222
36210 -417222
36240 -417222
36270 -417222
36300 -417222
36330 -417222
36360 -417222
36390 -417222
36420 -417222
36450 -417222
36480 -417222
36510 -417222
36540 -417222
36570 -417222
36600 -417222
36630 -417222
36660 -417222
36690 -417222
36720 -417222
36750 -417222
36780 -417222
36810 -417222
36840 -417222
36870 -417222
36900 -417222
36930 -417222
36960 -417222
36990 -417222
37020 -417222
37050 -417222
37080 -417222
37110 -417222
37140 -417222
37170 -417222
37200 -417222
37230 -417222
37260 -417222
37290 -417222
37320 -417222
37350 -417222
37380 -417222
37410 -417222
37440 -417222
37470 -417222
37500 -417222
37530 -417222
37560 -417222
37590 -417222
37620 -417222
37650 -417222
37680 -417222
37710 -417222
37740 -417222
37770 -417222
37800 -417222
37830 -417222
37860 -417222
37890 -417222
37920 -417222
37950 -417222
37980 -417222
38010 -417222
38040 -417222
38070 -417222
38100 -417222
38130 -417222
38160 -417222
38190 -417222
38220 -417222
38250 -417222
38280 -417222
38310 -417222
38340 -417222
38370 -417222
38400 -417222
38430 -417222
38460 -417222
38490 -417222
38520 -417222
38550 -417222
38580 -417222
38610 -417222
38640 -417222
38670 -417222
