60 -374504
90 -374504
120 -374504
150 -374504
180 -374504
210 -374504
240 -374504
270 -374504
300 -374394
330 -374394
360 -374394
390 -374394
420 -374394
450 -374394
480 -367024
510 -367024
540 -367024
570 -367024
600 -367024
630 -367024
660 -367024
690 -367024
720 -367024
750 -367024
780 -367024
810 -367024
840 -367024
870 -367024
900 -367024
930 -366142
960 -366142
990 -366142
1020 -364284
1050 -364284
1080 -364284
1110 -364284
1140 -364284
1170 -364284
1200 -363248
1230 -363248
1260 -363248
1290 -363248
1320 -363248
1350 -363248
1380 -363248
1410 -363248
1440 -363248
1470 -363248
1500 -363248
1530 -362316
1560 -362316
1590 -362316
1620 -362316
1650 -357769
1680 -357769
1710 -357769
1740 -357769
1770 -357769
1800 -357769
1830 -357769
1860 -357769
1890 -357769
1920 -357769
1950 -357769
1980 -357769
2010 -357769
2040 -357769
2070 -357769
2100 -357769
2130 -357769
2160 -357769
2190 -357769
2220 -357769
2250 -357769
2280 -357769
2310 -357475
2340 -357475
2370 -357475
2400 -357475
2430 -357475
2460 -357475
2490 -357475
2520 -357475
2550 -357475
2580 -357475
2610 -357475
2640 -357475
2670 -356873
2700 -356873
2730 -356873
2760 -356873
2790 -356873
2820 -356873
2850 -356873
2880 -356873
2910 -356016
2940 -356016
2970 -356016
3000 -356016
3030 -356016
3060 -356016
3090 -356016
3120 -356016
3150 -356016
3180 -356016
3210 -356016
3240 -356016
3270 -356016
3300 -355812
3330 -355812
3360 -355812
3390 -355812
3420 -355812
3450 -355812
3480 -355000
3510 -352703
3540 -352703
3570 -352703
3600 -352703
3630 -352703
3660 -351796
3690 -350672
3720 -350672
3750 -350672
3780 -350672
3810 -350672
3840 -350672
3870 -350672
3900 -350672
3930 -350672
3960 -350672
3990 -350484
4020 -350484
4050 -349931
4080 -348203
4110 -348203
4140 -348203
4170 -348195
4200 -348195
4230 -347243
4260 -347243
4290 -347243
4320 -347243
4350 -347243
4380 -347243
4410 -347243
4440 -347243
4470 -347243
4500 -347243
4530 -347243
4560 -347243
4590 -347074
4620 -347074
4650 -347074
4680 -347074
4710 -347074
4740 -347074
4770 -347074
4800 -347074
4830 -347074
4860 -347074
4890 -346839
4920 -346839
4950 -346839
4980 -346839
5010 -346839
5040 -346839
5070 -346839
5100 -346839
5130 -346806
5160 -345859
5190 -345859
5220 -345859
5250 -345859
5280 -345859
5310 -345859
5340 -345859
5370 -345859
5400 -345837
5430 -345837
5460 -345837
5490 -345837
5520 -345837
5550 -345837
5580 -345837
5610 -345837
5640 -345754
5670 -345754
5700 -345754
5730 -345754
5760 -345754
5790 -345754
5820 -345754
5850 -345754
5880 -345754
5910 -345754
5940 -345754
5970 -345754
6000 -345754
6030 -345754
6060 -345754
6090 -345754
6120 -345754
6150 -345754
6180 -345754
6210 -345754
6240 -345754
6270 -345754
6300 -345754
6330 -345754
6360 -345754
6390 -345754
6420 -345622
6450 -345622
6480 -345622
6510 -345622
6540 -345622
6570 -345622
6600 -345622
6630 -345416
6660 -345416
6690 -345416
6720 -345416
6750 -345416
6780 -345338
6810 -345338
6840 -345338
6870 -345338
6900 -345338
6930 -345338
6960 -345338
6990 -345338
7020 -345338
7050 -345338
7080 -345338
7110 -345338
7140 -345338
7170 -345338
7200 -345338
7230 -345338
7260 -345338
7290 -345338
7320 -345338
7350 -345230
7380 -345230
7410 -343908
7440 -343908
7470 -343908
7500 -343908
7530 -343908
7560 -343908
7590 -343908
7620 -343908
7650 -343908
7680 -343908
7710 -343908
7740 -343908
7770 -343908
7800 -343908
7830 -343908
7860 -343908
7890 -343908
7920 -343908
7950 -343814
7980 -343814
8010 -343814
8040 -343814
8070 -343814
8100 -343814
8130 -343814
8160 -343814
8190 -343814
8220 -343814
8250 -343814
8280 -343814
8310 -343814
8340 -343814
8370 -343814
8400 -343814
8430 -343814
8460 -343478
8490 -343478
8520 -343478
8550 -343478
8580 -343478
8610 -343478
8640 -343478
8670 -343478
8700 -343478
8730 -343478
8760 -343478
8790 -343478
8820 -343478
8850 -343478
8880 -343478
8910 -343478
8940 -343478
8970 -343478
9000 -343478
9030 -343478
9060 -343478
9090 -343478
9120 -343478
9150 -343478
9180 -343478
9210 -343478
9240 -343478
9270 -343478
9300 -343478
9330 -343478
9360 -343328
9390 -343328
9420 -343328
9450 -343328
9480 -343328
9510 -343328
9540 -343328
9570 -343328
9600 -343328
9630 -343328
9660 -343328
9690 -343328
9720 -343328
9750 -343328
9780 -343328
9810 -343328
9840 -343328
9870 -343328
9900 -343328
9930 -343328
9960 -343328
9990 -343328
10020 -343328
10050 -343328
10080 -343328
10110 -343328
10140 -343328
10170 -343328
10200 -343328
10230 -343328
10260 -343328
10290 -343328
10320 -343328
10350 -343328
10380 -343328
10410 -343328
10440 -343328
10470 -343328
10500 -343328
10530 -343328
10560 -343328
10590 -342957
10620 -342957
10650 -342957
10680 -342957
10710 -342957
10740 -342957
10770 -342885
10800 -342885
10830 -342885
10860 -342885
10890 -342885
10920 -342885
10950 -342885
10980 -342885
11010 -342885
11040 -342885
11070 -342885
11100 -342885
11130 -342885
11160 -342885
11190 -342885
11220 -342885
11250 -342885
11280 -342885
11310 -342885
11340 -342885
11370 -342742
11400 -342742
11430 -342742
11460 -342742
11490 -342742
11520 -342742
11550 -342742
11580 -342742
11610 -342742
11640 -342742
11670 -342742
11700 -342712
11730 -342712
11760 -342712
11790 -342712
11820 -342712
11850 -342712
11880 -342712
11910 -342712
11940 -342712
11970 -342712
12000 -342712
12030 -342653
12060 -342653
12090 -342653
12120 -342653
12150 -342653
12180 -342653
12210 -342653
12240 -342653
12270 -342653
12300 -342653
12330 -342653
12360 -342653
12390 -342653
12420 -342653
12450 -342653
12480 -342653
12510 -342653
12540 -342653
12570 -342653
12600 -342653
12630 -342653
12660 -342653
12690 -342653
12720 -342653
12750 -342653
12780 -342653
12810 -342653
12840 -342653
12870 -342653
12900 -342653
12930 -342653
12960 -342653
12990 -342653
13020 -342653
13050 -342653
13080 -342653
13110 -342653
13140 -342653
13170 -342653
13200 -342653
13230 -342653
13260 -342653
13290 -342653
13320 -342653
13350 -342653
13380 -342653
13410 -342653
13440 -342653
13470 -342108
13500 -342108
13530 -342108
13560 -342108
13590 -342108
13620 -342108
13650 -342108
13680 -342108
13710 -342108
13740 -342108
13770 -342108
13800 -342108
13830 -342108
13860 -342108
13890 -342108
13920 -342108
13950 -342108
13980 -342108
14010 -342108
14040 -342108
14070 -342108
14100 -342108
14130 -342108
14160 -342108
14190 -342108
14220 -342108
14250 -342108
14280 -342108
14310 -342108
14340 -342108
14370 -342108
14400 -342108
14430 -342108
14460 -342108
14490 -342108
14520 -342108
14550 -342108
14580 -342108
14610 -342108
14640 -342108
14670 -342108
14700 -342108
14730 -342108
14760 -342108
14790 -342108
14820 -342108
14850 -342108
14880 -342108
14910 -342108
14940 -342108
14970 -342108
15000 -342108
15030 -342108
15060 -342108
15090 -342108
15120 -342108
15150 -342108
15180 -342108
15210 -342108
15240 -342108
15270 -342108
15300 -342108
15330 -342108
15360 -342108
15390 -342108
15420 -342108
15450 -342108
15480 -342108
15510 -342108
15540 -342108
15570 -342108
15600 -342108
15630 -342108
15660 -342108
15690 -342108
15720 -342108
15750 -342108
15780 -342108
15810 -342108
15840 -342108
15870 -342108
15900 -342108
15930 -342108
15960 -342108
15990 -342108
16020 -342108
16050 -342108
16080 -342108
16110 -342108
16140 -342108
16170 -342108
16200 -342108
16230 -342108
16260 -342108
16290 -342108
16320 -342108
16350 -342108
16380 -342108
16410 -342108
16440 -342108
16470 -342108
16500 -342108
16530 -342108
16560 -342108
16590 -341389
16620 -341389
16650 -341389
16680 -341389
16710 -341389
16740 -341389
16770 -341143
16800 -341143
16830 -341143
16860 -341143
16890 -341143
16920 -341143
16950 -341143
16980 -341143
17010 -341143
17040 -341143
17070 -341143
17100 -341093
17130 -341093
17160 -341093
17190 -341093
17220 -341093
17250 -341093
17280 -341093
17310 -341093
17340 -341093
17370 -341093
17400 -341093
17430 -341093
17460 -341093
17490 -341093
17520 -341093
17550 -341093
17580 -341093
17610 -341093
17640 -341093
17670 -341093
17700 -341093
17730 -341093
17760 -341093
17790 -341093
17820 -341093
17850 -341093
17880 -341093
17910 -341093
17940 -341093
17970 -341093
18000 -341093
18030 -340919
18060 -340919
18090 -340919
18120 -340919
18150 -340919
18180 -340919
18210 -340919
18240 -340919
18270 -340919
18300 -340919
18330 -340919
18360 -340919
18390 -340919
18420 -340919
18450 -340919
18480 -340919
18510 -340919
18540 -340919
18570 -340919
18600 -340919
18630 -340919
18660 -340919
18690 -340919
18720 -340919
18750 -340919
18780 -340919
18810 -340919
18840 -340919
18870 -340919
18900 -340919
18930 -340919
18960 -340919
18990 -340919
19020 -340919
19050 -340919
19080 -340919
19110 -340919
19140 -340919
19170 -340919
19200 -340919
19230 -340919
19260 -340919
19290 -339957
19320 -339957
19350 -339957
19380 -339957
19410 -339957
19440 -339957
19470 -339957
19500 -339957
19530 -339957
19560 -339957
19590 -339957
19620 -339957
19650 -339957
19680 -339957
19710 -339957
19740 -339957
19770 -339957
19800 -339850
19830 -339850
19860 -339850
19890 -339850
19920 -339850
19950 -339850
19980 -339850
20010 -339850
20040 -339850
20070 -339850
20100 -339850
20130 -339850
20160 -339850
20190 -339850
20220 -339850
20250 -339850
20280 -339850
20310 -339850
20340 -339850
20370 -339850
20400 -339850
20430 -339850
20460 -339850
20490 -339850
20520 -339850
20550 -339850
20580 -339850
20610 -339850
20640 -339850
20670 -339850
20700 -339850
20730 -339850
20760 -339850
20790 -339850
20820 -339850
20850 -339850
20880 -339850
20910 -339850
20940 -339850
20970 -339850
21000 -339850
21030 -339850
21060 -339850
21090 -339850
21120 -339850
21150 -339850
21180 -339850
21210 -339850
21240 -339850
21270 -339850
21300 -339850
21330 -339850
21360 -339850
21390 -339850
21420 -339850
21450 -339850
21480 -339850
21510 -339850
21540 -339850
21570 -339850
21600 -339850
21630 -339850
21660 -339850
21690 -339850
21720 -339850
21750 -339850
21780 -339850
21810 -339850
21840 -339850
21870 -339850
21900 -339850
21930 -339850
21960 -339850
21990 -339850
22020 -339850
22050 -339850
22080 -339850
22110 -339850
22140 -339850
22170 -339850
22200 -339850
22230 -339850
22260 -339850
22290 -339850
22320 -339850
22350 -339850
22380 -339850
22410 -339850
22440 -339850
22470 -339850
22500 -339850
22530 -339850
22560 -339850
22590 -339850
22620 -339850
22650 -339850
22680 -339850
22710 -339850
22740 -339850
22770 -339850
22800 -339850
22830 -339850
22860 -339850
22890 -339850
22920 -339850
22950 -339850
22980 -339850
23010 -339850
23040 -339850
23070 -339850
23100 -339850
23130 -339850
23160 -339850
23190 -339850
23220 -339850
23250 -339850
23280 -339850
23310 -339850
23340 -339850
23370 -339850
23400 -339850
23430 -339850
23460 -339850
23490 -339850
23520 -339850
23550 -339850
23580 -339850
23610 -339850
23640 -339850
23670 -339850
23700 -339850
23730 -339850
23760 -339850
23790 -339850
23820 -339850
23850 -339850
23880 -339850
23910 -339850
23940 -339850
23970 -339850
24000 -339850
24030 -339850
24060 -339850
24090 -339850
24120 -339850
24150 -339850
24180 -339850
24210 -339850
24240 -339850
24270 -339850
24300 -339850
24330 -339850
24360 -339850
24390 -339850
24420 -339814
24450 -339814
24480 -339814
24510 -339814
24540 -339814
24570 -339814
24600 -339814
24630 -339814
24660 -339814
24690 -339814
24720 -339814
24750 -339814
24780 -339814
24810 -339814
24840 -339814
24870 -339814
24900 -339814
24930 -339814
24960 -339814
24990 -339814
25020 -339814
25050 -339814
25080 -339814
25110 -339814
25140 -339814
25170 -339814
25200 -339814
25230 -339814
25260 -339814
25290 -339814
25320 -339814
25350 -339814
25380 -339814
25410 -339814
25440 -339814
25470 -339814
25500 -339814
25530 -339814
25560 -339814
25590 -339814
25620 -339814
25650 -339814
25680 -339814
25710 -339681
25740 -339681
25770 -339681
25800 -339681
25830 -339681
25860 -339681
25890 -339681
25920 -339681
25950 -339681
25980 -339681
26010 -339681
26040 -339681
26070 -339681
26100 -339681
26130 -339681
26160 -339681
26190 -339681
26220 -339681
26250 -339681
26280 -339681
26310 -339681
26340 -339681
26370 -339681
26400 -339681
26430 -339681
26460 -339681
26490 -339681
26520 -339681
26550 -339681
26580 -339681
26610 -339681
26640 -339681
26670 -339681
26700 -339681
26730 -339681
26760 -339681
26790 -339681
26820 -339681
26850 -339681
26880 -339681
26910 -339681
26940 -339681
26970 -339681
27000 -339681
27030 -339681
27060 -339681
27090 -339681
27120 -339681
27150 -339681
27180 -339681
27210 -339681
27240 -339681
27270 -339681
27300 -339681
27330 -339681
27360 -339681
27390 -339681
27420 -339681
27450 -339681
27480 -339681
27510 -339681
27540 -339681
27570 -339681
27600 -339681
27630 -339681
27660 -339681
27690 -339681
27720 -339681
27750 -339681
27780 -339681
27810 -339681
27840 -339681
27870 -339681
27900 -339681
27930 -339681
27960 -339681
27990 -339681
28020 -339681
28050 -339681
28080 -339681
28110 -339681
28140 -339681
28170 -339681
28200 -339681
28230 -339681
28260 -339681
28290 -339681
28320 -339681
28350 -339681
28380 -339681
28410 -339681
28440 -339681
28470 -339681
28500 -339681
28530 -339681
28560 -339681
28590 -339681
28620 -339681
28650 -339681
28680 -339681
28710 -339681
28740 -339681
28770 -339681
28800 -339681
28830 -339681
28860 -339681
28890 -339681
28920 -339681
28950 -339681
28980 -339681
29010 -339681
29040 -339681
29070 -339681
29100 -339681
29130 -339681
29160 -339681
29190 -339681
29220 -339681
29250 -339681
29280 -339681
29310 -339681
29340 -339631
29370 -339631
29400 -339631
29430 -339631
29460 -339631
29490 -339631
29520 -339616
29550 -339616
29580 -339616
29610 -339616
29640 -339616
29670 -339616
29700 -339616
29730 -339616
29760 -339616
29790 -339616
29820 -339616
29850 -339616
29880 -339616
29910 -339616
29940 -339616
29970 -339616
30000 -339616
30030 -339616
30060 -339616
30090 -339616
30120 -339616
30150 -339616
30180 -339616
30210 -339616
30240 -339616
30270 -339616
30300 -339616
30330 -339616
30360 -339616
30390 -339616
30420 -339616
30450 -339616
30480 -339616
30510 -339616
30540 -339616
30570 -339616
30600 -339616
30630 -339616
30660 -339616
30690 -339196
30720 -339196
30750 -339196
30780 -339196
30810 -339196
30840 -339196
30870 -339196
30900 -339196
30930 -339196
30960 -339196
30990 -339196
31020 -339196
31050 -339196
31080 -339196
31110 -339196
31140 -339196
31170 -339168
31200 -339168
31230 -339168
31260 -339168
31290 -339168
31320 -339168
31350 -339168
31380 -339168
31410 -339168
31440 -339168
31470 -339168
31500 -339168
31530 -339168
31560 -339168
31590 -339105
31620 -339105
31650 -339105
31680 -339105
31710 -339105
31740 -339105
31770 -339105
31800 -339105
31830 -339105
31860 -339077
31890 -339077
31920 -339077
31950 -339077
31980 -339077
32010 -339077
32040 -339077
32070 -339077
32100 -339077
32130 -339077
32160 -339077
32190 -339077
32220 -339077
32250 -339077
32280 -339077
32310 -339077
32340 -339077
32370 -339077
32400 -339077
32430 -339077
32460 -339077
32490 -338997
32520 -338997
32550 -338997
32580 -338997
32610 -338997
32640 -338997
32670 -338997
32700 -338997
32730 -338997
32760 -338997
32790 -338997
32820 -338997
32850 -338997
32880 -338997
32910 -338997
32940 -338997
32970 -338997
33000 -338997
33030 -338997
33060 -338997
33090 -338997
33120 -338997
33150 -338997
33180 -338997
33210 -338997
33240 -338997
33270 -338997
33300 -338997
33330 -338997
33360 -338997
33390 -338997
33420 -338997
33450 -338997
33480 -338997
33510 -338997
33540 -338997
33570 -338997
33600 -338997
33630 -338997
33660 -338997
33690 -338997
33720 -338997
33750 -338997
33780 -338997
33810 -338997
33840 -338997
33870 -338997
33900 -338997
33930 -338997
33960 -338997
33990 -338997
34020 -338997
34050 -338997
34080 -338997
34110 -338997
34140 -338997
34170 -338997
34200 -338997
34230 -338997
34260 -338997
34290 -338997
34320 -338997
34350 -338997
34380 -338891
34410 -338891
34440 -338891
34470 -338891
34500 -338891
34530 -338891
34560 -338891
34590 -338891
34620 -338891
34650 -338891
34680 -338891
34710 -338891
34740 -338891
34770 -338891
34800 -338891
34830 -338891
34860 -338891
34890 -338891
34920 -338891
34950 -338863
34980 -338863
35010 -338863
35040 -338863
35070 -338863
35100 -338863
35130 -338863
35160 -338863
35190 -338863
35220 -338863
35250 -338863
35280 -338863
35310 -338863
35340 -338863
35370 -338863
35400 -338863
35430 -338863
35460 -338863
35490 -338863
35520 -338863
35550 -338863
35580 -338863
35610 -338863
35640 -338863
35670 -338863
35700 -338863
35730 -338863
35760 -338863
35790 -338863
35820 -338819
35850 -338819
35880 -338819
35910 -338819
35940 -338819
35970 -338819
36000 -338819
36030 -338819
36060 -338819
36090 -338819
36120 -338819
36150 -338819
36180 -338819
36210 -338819
36240 -338819
36270 -338819
36300 -338819
36330 -338819
36360 -338819
36390 -338819
36420 -338819
36450 -338819
36480 -338819
36510 -338819
36540 -338819
36570 -338819
36600 -338819
36630 -338819
36660 -338819
36690 -338819
36720 -338819
36750 -338819
36780 -338819
36810 -338819
36840 -338819
36870 -338819
36900 -338819
36930 -338819
36960 -338819
36990 -338819
37020 -338819
37050 -338819
37080 -338819
37110 -338819
37140 -338819
37170 -338819
37200 -338819
37230 -338819
37260 -338819
37290 -338819
37320 -338819
37350 -338819
37380 -338819
37410 -338819
37440 -338819
37470 -338819
37500 -338819
37530 -338819
37560 -338819
37590 -338819
37620 -338819
37650 -338819
37680 -338819
37710 -338819
37740 -338819
37770 -338819
37800 -338819
37830 -338819
37860 -338819
37890 -338819
37920 -338819
37950 -338819
37980 -338819
38010 -338819
38040 -338819
38070 -338819
38100 -338819
38130 -338819
38160 -338819
38190 -338819
38220 -338819
38250 -338819
38280 -338819
38310 -338819
38340 -338819
38370 -338819
38400 -338819
38430 -338819
38460 -338819
38490 -338819
38520 -338819
38550 -338819
38580 -338796
38610 -338796
38640 -338796
38670 -338796
38700 -338796
38730 -338796
38760 -338796
38790 -338796
38820 -338796
38850 -338796
38880 -338796
38910 -338724
38940 -338724
38970 -338724
39000 -338724
39030 -338724
39060 -338723
39090 -338723
39120 -338723
39150 -338723
39180 -338723
39210 -338723
39240 -338723
39270 -338723
39300 -338723
39330 -338723
39360 -338723
39390 -338723
39420 -338723
39450 -338723
39480 -338723
39510 -338723
39540 -338723
39570 -338723
39600 -338723
39630 -338723
39660 -338723
39690 -338723
39720 -338723
39750 -338723
39780 -338723
39810 -338723
39840 -338723
39870 -338723
39900 -338723
39930 -338723
39960 -338723
39990 -338723
40020 -338723
40050 -338723
40080 -338723
40110 -338723
40140 -338723
40170 -338723
40200 -338723
40230 -338723
40260 -338723
40290 -338723
40320 -338723
40350 -338723
40380 -338723
40410 -338723
40440 -338723
40470 -338723
40500 -338723
40530 -338723
40560 -338723
40590 -338723
40620 -338723
40650 -338723
40680 -338723
40710 -338723
40740 -338723
40770 -338723
40800 -338723
40830 -338723
40860 -338723
40890 -338723
40920 -338723
40950 -338723
40980 -338723
41010 -338723
41040 -338723
41070 -338723
41100 -338723
41130 -338723
41160 -338723
41190 -338723
41220 -338723
41250 -338723
41280 -338723
41310 -338723
41340 -338723
41370 -338723
41400 -338723
41430 -338723
41460 -338723
41490 -338723
41520 -338723
41550 -338723
41580 -338723
41610 -338723
41640 -338723
41670 -338723
41700 -338723
41730 -338687
41760 -338687
41790 -338687
41820 -338687
41850 -338687
41880 -338687
41910 -338687
41940 -338687
41970 -338687
42000 -338687
42030 -338687
42060 -338687
42090 -338687
42120 -338687
42150 -338687
42180 -338687
42210 -338687
42240 -338687
42270 -338687
42300 -338687
42330 -338687
42360 -338687
42390 -338687
42420 -338687
42450 -338687
42480 -338687
42510 -338687
42540 -338687
42570 -338687
42600 -338687
42630 -338687
42660 -338687
42690 -338643
42720 -338643
42750 -338643
42780 -338643
42810 -338643
42840 -338643
42870 -338643
42900 -338643
42930 -338643
42960 -338643
42990 -338643
43020 -338643
43050 -338643
43080 -338643
43110 -338643
43140 -338643
43170 -338643
43200 -338643
43230 -338643
43260 -338643
43290 -338643
43320 -338204
43350 -338204
43380 -338204
43410 -338204
43440 -338204
43470 -338204
43500 -338204
43530 -338204
43560 -338204
43590 -338204
43620 -338204
43650 -338204
43680 -338204
43710 -338204
43740 -338204
43770 -338204
43800 -338204
43830 -338204
43860 -338204
43890 -338204
43920 -338204
43950 -338204
43980 -338204
44010 -338204
44040 -338204
44070 -338204
44100 -338204
44130 -338204
44160 -338204
44190 -338204
44220 -338204
44250 -338204
44280 -338204
44310 -338204
44340 -338204
44370 -338204
44400 -338204
44430 -338204
44460 -338204
44490 -338204
44520 -338204
44550 -338204
44580 -338204
44610 -338204
44640 -338204
44670 -338204
44700 -338204
44730 -338204
44760 -338204
44790 -338204
44820 -338204
44850 -338204
44880 -338204
44910 -338204
44940 -338204
44970 -338188
45000 -338188
45030 -338188
45060 -338188
45090 -338188
45120 -338188
45150 -338188
45180 -338188
45210 -338188
45240 -338188
45270 -338188
45300 -338188
45330 -338188
45360 -338188
45390 -338188
45420 -338188
45450 -338188
45480 -338188
45510 -338188
45540 -338188
45570 -338188
45600 -338188
45630 -338188
45660 -338188
45690 -338188
45720 -338188
45750 -338188
45780 -338188
45810 -338188
45840 -338188
45870 -338188
45900 -338188
45930 -338188
45960 -338188
45990 -338188
46020 -338188
46050 -338188
46080 -338188
46110 -338188
46140 -338119
46170 -338119
46200 -338119
46230 -338119
46260 -338119
46290 -338119
46320 -338119
46350 -338119
46380 -338119
46410 -338119
46440 -338119
46470 -338119
46500 -338119
46530 -338119
46560 -338119
46590 -338119
46620 -338119
46650 -338119
46680 -338119
46710 -338119
46740 -338119
46770 -338119
46800 -338119
46830 -338119
46860 -338119
46890 -338119
46920 -338119
46950 -338119
46980 -338119
47010 -338119
47040 -338119
47070 -338119
47100 -338119
47130 -338119
47160 -338119
47190 -338119
47220 -338119
47250 -338119
47280 -338119
47310 -338119
47340 -338119
47370 -338119
47400 -338119
47430 -338119
47460 -338119
47490 -338119
47520 -338119
47550 -338119
47580 -338119
47610 -338119
47640 -337865
47670 -337865
47700 -337865
47730 -337865
47760 -337865
47790 -337865
47820 -337865
47850 -337865
47880 -337865
47910 -337865
47940 -337865
47970 -337865
48000 -337623
48030 -337623
48060 -336432
48090 -336432
48120 -336432
48150 -336432
48180 -336432
48210 -336432
48240 -336432
48270 -336432
48300 -336432
48330 -336432
48360 -336432
48390 -336432
48420 -336432
48450 -336432
48480 -336432
48510 -336432
48540 -336432
48570 -336432
48600 -336432
48630 -336425
48660 -336425
48690 -336425
48720 -336425
48750 -336425
48780 -336425
48810 -336425
48840 -336425
48870 -336425
48900 -336425
48930 -336425
48960 -336425
48990 -336425
49020 -336425
49050 -336425
49080 -336425
49110 -336425
49140 -336425
49170 -336425
49200 -336425
49230 -336425
49260 -336425
49290 -336425
49320 -336425
49350 -336109
49380 -336109
49410 -336109
49440 -336109
49470 -336109
49500 -336109
49530 -336109
49560 -336109
49590 -336109
49620 -336109
49650 -336109
49680 -336109
49710 -336109
49740 -336109
49770 -336109
49800 -336109
49830 -336109
49860 -336109
49890 -336109
49920 -336109
49950 -336109
49980 -336109
50010 -336109
50040 -336057
50070 -336057
50100 -336057
50130 -336057
50160 -336057
50190 -336057
50220 -336057
50250 -336057
50280 -336057
50310 -336057
50340 -336057
50370 -336057
50400 -336057
50430 -336057
50460 -336057
50490 -336057
50520 -336057
50550 -336057
50580 -336057
50610 -335939
50640 -335939
50670 -335939
50700 -335939
50730 -335939
50760 -335939
50790 -335939
50820 -335939
50850 -335939
50880 -335939
50910 -335939
50940 -335939
50970 -335939
51000 -335939
51030 -335939
51060 -335939
51090 -335939
51120 -335939
51150 -335939
51180 -335939
51210 -335939
51240 -335939
51270 -335939
51300 -335939
51330 -335939
51360 -335939
51390 -335939
51420 -335939
51450 -335939
51480 -335939
51510 -335939
51540 -335939
51570 -335939
51600 -335939
51630 -335939
51660 -335939
51690 -335939
51720 -335939
51750 -335939
51780 -335939
51810 -335939
51840 -335939
51870 -335939
51900 -335939
51930 -335939
51960 -335939
51990 -335939
52020 -335939
52050 -335939
52080 -335887
52110 -335887
52140 -335887
52170 -335887
52200 -335887
52230 -335887
52260 -335887
52290 -335887
52320 -335887
52350 -335887
52380 -335887
52410 -335887
52440 -335887
52470 -335887
52500 -335643
52530 -335643
52560 -335643
52590 -335643
52620 -335643
52650 -335643
52680 -335643
52710 -335643
52740 -335643
52770 -335643
52800 -335643
52830 -335643
52860 -335643
52890 -335643
52920 -335643
52950 -335640
52980 -335640
53010 -335640
53040 -335640
53070 -335640
53100 -335640
53130 -335640
53160 -335640
53190 -335640
53220 -335640
53250 -335640
53280 -335640
53310 -335640
53340 -335640
53370 -335640
53400 -335640
53430 -335640
53460 -335640
53490 -335640
53520 -335640
53550 -335640
53580 -335640
53610 -335640
53640 -335640
53670 -335640
53700 -335640
53730 -335640
53760 -335640
53790 -335640
53820 -335640
53850 -335640
53880 -335640
53910 -335640
53940 -335640
53970 -335640
54000 -335640
54030 -335640
54060 -335640
54090 -335640
54120 -335640
54150 -335640
54180 -335640
54210 -335640
54240 -335640
54270 -335640
54300 -335640
54330 -335640
54360 -335640
54390 -335640
54420 -335640
54450 -335640
54480 -335640
54510 -335640
54540 -335640
54570 -335640
54600 -335640
54630 -335640
54660 -335640
54690 -335640
54720 -335640
54750 -335640
54780 -335640
54810 -335640
54840 -335640
54870 -335640
54900 -335640
54930 -335640
54960 -335640
54990 -335640
55020 -335640
55050 -335640
55080 -335640
55110 -335640
55140 -335640
55170 -335640
55200 -335640
55230 -335640
55260 -335640
55290 -335640
55320 -335640
55350 -335640
55380 -335640
55410 -335640
55440 -335640
55470 -335640
55500 -335640
55530 -335640
55560 -335640
55590 -335640
55620 -335640
55650 -335640
55680 -335640
55710 -335640
55740 -335640
55770 -335640
55800 -335640
55830 -335640
55860 -335640
55890 -335640
55920 -335640
55950 -335640
55980 -335640
56010 -335640
56040 -335640
56070 -335640
56100 -335640
56130 -335640
56160 -335640
56190 -335640
56220 -335640
56250 -335640
56280 -335640
56310 -335640
56340 -335640
56370 -335640
56400 -335640
56430 -335640
56460 -335640
56490 -335640
56520 -335640
56550 -335640
56580 -335640
56610 -335640
56640 -335640
56670 -335640
56700 -335640
56730 -335640
56760 -335640
56790 -335640
56820 -335640
56850 -335640
56880 -335640
56910 -335640
56940 -335640
56970 -335640
57000 -335640
57030 -335640
57060 -335640
57090 -335640
57120 -335640
57150 -335640
57180 -335640
57210 -335640
57240 -335640
57270 -335640
57300 -335640
57330 -335640
57360 -335640
57390 -335640
57420 -335640
57450 -335640
57480 -335640
57510 -335640
57540 -335640
57570 -335640
57600 -335640
57630 -335640
57660 -335640
57690 -335640
57720 -335640
57750 -335640
57780 -335640
57810 -335640
57840 -335640
57870 -335640
57900 -335640
57930 -335640
57960 -335640
57990 -335640
58020 -335640
58050 -335640
58080 -335640
58110 -335640
58140 -335640
58170 -335640
58200 -335640
58230 -335640
58260 -335640
58290 -335640
58320 -335640
58350 -335640
58380 -335640
58410 -335640
58440 -335640
58470 -335640
58500 -335640
58530 -335640
58560 -335640
58590 -335640
58620 -335640
58650 -335640
58680 -335640
58710 -335640
58740 -335640
58770 -335640
58800 -335640
58830 -335640
58860 -335640
58890 -335640
58920 -335640
58950 -335640
58980 -335640
59010 -335640
59040 -335640
59070 -335640
59100 -335640
59130 -335640
59160 -335640
59190 -335640
59220 -335640
59250 -335640
59280 -335640
59310 -335564
59340 -335526
59370 -335526
59400 -335526
59430 -335526
59460 -335526
59490 -335526
59520 -335526
59550 -335526
59580 -335526
59610 -335526
59640 -335526
59670 -335526
59700 -335526
59730 -335526
59760 -335526
59790 -335526
59820 -335526
59850 -335526
59880 -335526
59910 -335526
59940 -335526
59970 -335516
60000 -335516
60030 -335516
60060 -335516
60090 -335516
60120 -335516
60150 -335516
60180 -335516
60210 -335516
60240 -335516
60270 -335516
60300 -335516
60330 -335516
60360 -335516
60390 -335452
60420 -335452
60450 -335452
60480 -335452
60510 -335452
60540 -335452
60570 -335452
60600 -335452
60630 -335452
60660 -335452
60690 -335452
60720 -335452
60750 -335452
60780 -335452
60810 -335452
60840 -335452
60870 -335452
60900 -335452
60930 -335452
60960 -335452
60990 -335452
61020 -335452
61050 -335452
61080 -335452
61110 -335452
61140 -335452
61170 -335452
61200 -335452
61230 -335452
61260 -335452
61290 -335452
61320 -335452
61350 -335452
61380 -335452
61410 -335452
61440 -335452
61470 -335452
61500 -335452
61530 -335452
61560 -335452
61590 -335452
61620 -335452
61650 -335452
61680 -335452
61710 -335452
61740 -335452
61770 -335452
61800 -335452
61830 -335452
61860 -335452
61890 -335452
61920 -335452
61950 -335452
61980 -335452
62010 -335452
62040 -335452
62070 -335452
62100 -335452
62130 -335452
62160 -335452
62190 -335452
62220 -335452
62250 -335452
62280 -335452
62310 -335452
62340 -335452
62370 -335452
62400 -335452
62430 -335452
62460 -335452
62490 -335452
62520 -335452
62550 -335452
62580 -335452
62610 -335452
62640 -335452
62670 -335452
62700 -335452
62730 -335452
62760 -335452
62790 -335452
62820 -335452
62850 -335452
62880 -335452
62910 -335452
62940 -335452
62970 -335452
63000 -335452
63030 -335452
63060 -335452
63090 -335452
63120 -335452
63150 -335452
63180 -335452
63210 -335452
63240 -335452
63270 -335452
63300 -335452
63330 -335452
63360 -335452
63390 -335452
63420 -335452
63450 -335452
63480 -335452
63510 -335452
63540 -335452
63570 -335452
63600 -335452
63630 -335452
63660 -335452
63690 -335452
63720 -335452
63750 -335452
63780 -335452
63810 -335452
63840 -335452
63870 -335452
63900 -335036
63930 -335036
63960 -335036
63990 -335036
64020 -335036
64050 -335036
64080 -335036
64110 -335036
64140 -335036
64170 -335036
64200 -335036
64230 -335036
64260 -335036
64290 -335036
64320 -335036
64350 -335036
64380 -335036
64410 -335036
64440 -335036
64470 -335036
64500 -335036
64530 -335036
64560 -335036
64590 -335036
64620 -335036
64650 -335036
64680 -335036
64710 -335036
64740 -335036
64770 -335036
64800 -335036
64830 -335036
64860 -335036
64890 -335036
64920 -335036
64950 -335036
64980 -335036
65010 -335036
65040 -335036
65070 -335036
65100 -335036
65130 -335036
65160 -335036
65190 -335036
65220 -335036
65250 -335036
65280 -335036
65310 -335036
65340 -335036
65370 -335036
65400 -335036
65430 -335036
65460 -335036
65490 -335036
65520 -335036
65550 -335036
65580 -335036
65610 -335036
65640 -335036
65670 -335036
65700 -335036
65730 -335036
65760 -335036
65790 -335036
65820 -335036
65850 -335036
65880 -335036
65910 -335036
65940 -335036
65970 -335036
66000 -335036
66030 -335036
66060 -335036
66090 -335036
66120 -335036
66150 -335036
66180 -335036
66210 -335036
66240 -335036
66270 -335036
66300 -335036
66330 -335036
66360 -335036
66390 -335036
66420 -335036
66450 -335036
66480 -335036
66510 -335036
66540 -335036
66570 -335036
66600 -335036
66630 -335036
66660 -335036
66690 -335036
66720 -335036
66750 -335036
66780 -335036
66810 -335036
66840 -335036
66870 -335036
66900 -335036
66930 -334924
66960 -334924
66990 -334924
67020 -334924
67050 -334924
67080 -334924
67110 -334924
67140 -334924
67170 -334924
67200 -334924
67230 -334924
67260 -334924
67290 -334924
67320 -334924
67350 -334924
67380 -334924
67410 -334924
67440 -334924
67470 -334924
67500 -334924
67530 -334924
67560 -334924
67590 -334307
67620 -334307
67650 -334307
67680 -334307
67710 -334307
67740 -334307
67770 -334307
67800 -334307
67830 -334307
67860 -334307
67890 -334307
67920 -334307
67950 -334307
67980 -334307
68010 -334307
68040 -334307
68070 -334307
68100 -334307
68130 -334307
68160 -334307
68190 -334307
68220 -334307
68250 -334307
68280 -334307
68310 -334307
68340 -334307
68370 -334307
68400 -334307
68430 -334307
68460 -334307
68490 -334307
68520 -334307
68550 -334307
68580 -334307
68610 -334307
68640 -334307
68670 -334307
68700 -334105
68730 -334105
68760 -334105
68790 -334105
68820 -334105
68850 -334100
68880 -334100
68910 -334100
68940 -334100
68970 -334100
69000 -334100
69030 -334100
69060 -334100
69090 -334100
69120 -334100
69150 -334100
69180 -334100
69210 -334100
69240 -334100
69270 -334100
69300 -334100
69330 -334100
69360 -334100
69390 -334100
69420 -334100
69450 -334100
69480 -334100
69510 -334100
69540 -334100
69570 -334100
69600 -334100
69630 -334100
69660 -334100
69690 -334100
69720 -334100
69750 -334100
69780 -334100
69810 -334100
69840 -333591
69870 -333591
69900 -333591
69930 -333591
69960 -333591
69990 -333591
70020 -333591
70050 -333591
70080 -333591
70110 -333591
70140 -333591
70170 -333591
70200 -333591
70230 -333591
70260 -333591
70290 -333591
70320 -333591
70350 -333591
70380 -333591
70410 -333591
70440 -333554
70470 -333554
70500 -333554
70530 -333554
70560 -333554
70590 -333554
70620 -333554
70650 -333554
70680 -333554
70710 -333554
70740 -333554
70770 -333554
70800 -333554
70830 -333554
70860 -333554
70890 -333554
70920 -333554
70950 -333554
70980 -333554
71010 -333554
71040 -333554
71070 -333554
71100 -333554
71130 -333554
71160 -333554
71190 -333554
71220 -333554
71250 -333554
71280 -333435
71310 -333435
71340 -333435
71370 -333435
71400 -333435
71430 -333435
71460 -333435
71490 -333435
71520 -333435
71550 -333435
71580 -333435
71610 -333435
71640 -333435
71670 -333435
71700 -333435
71730 -333435
71760 -333435
71790 -333435
71820 -333435
71850 -333435
71880 -333435
71910 -333435
71940 -333435
71970 -333435
72000 -333435
72030 -333435
72060 -333435
72090 -333435
72120 -333435
72150 -333435
72180 -333435
72210 -333435
72240 -333435
72270 -333435
72300 -333435
72330 -333435
72360 -333435
72390 -333435
72420 -333435
72450 -333435
72480 -333435
72510 -333435
72540 -333435
72570 -333435
72600 -333435
72630 -333435
72660 -333435
72690 -333435
72720 -333435
72750 -333435
72780 -333435
72810 -333435
72840 -333435
72870 -333435
72900 -333435
72930 -333435
72960 -333435
72990 -333435
73020 -333435
73050 -333435
73080 -333435
73110 -333435
73140 -333435
73170 -333435
73200 -333435
73230 -333435
73260 -333435
73290 -333435
73320 -333435
73350 -333435
73380 -333435
73410 -333435
73440 -333435
73470 -333435
73500 -333435
73530 -333435
73560 -333435
73590 -333435
73620 -333435
73650 -333435
73680 -333435
73710 -333435
73740 -333435
73770 -333435
73800 -333435
73830 -333435
73860 -333435
73890 -333435
73920 -333435
73950 -333435
73980 -333435
74010 -333435
74040 -333435
74070 -333435
74100 -333435
74130 -333435
74160 -333435
74190 -333435
74220 -333435
74250 -333435
74280 -333435
74310 -333435
74340 -333435
74370 -333435
74400 -333435
74430 -333435
74460 -333435
74490 -333435
74520 -333435
74550 -333435
74580 -333435
74610 -333435
74640 -333435
74670 -333435
74700 -333435
74730 -333435
74760 -333435
74790 -333435
74820 -333435
74850 -333435
74880 -333435
74910 -333435
74940 -333435
74970 -333435
75000 -333435
75030 -333435
75060 -333435
75090 -333435
75120 -333435
75150 -333435
75180 -333435
75210 -333435
75240 -333435
75270 -333435
75300 -333435
75330 -333435
75360 -333435
75390 -333435
75420 -333435
75450 -333435
75480 -333435
75510 -333435
75540 -333435
75570 -333435
75600 -333435
75630 -333435
75660 -333435
75690 -333435
75720 -333435
75750 -333435
75780 -333435
75810 -333435
75840 -333435
75870 -333435
75900 -333435
75930 -333435
75960 -333435
75990 -333435
76020 -333435
76050 -333435
76080 -333435
76110 -333435
76140 -333435
76170 -333435
76200 -333435
76230 -333435
76260 -333435
76290 -333435
76320 -333435
76350 -333435
76380 -333435
76410 -333435
76440 -333435
76470 -333435
76500 -333435
76530 -333435
76560 -333435
76590 -333435
76620 -333435
76650 -333435
76680 -333435
76710 -333435
