60 -293776
90 -290499
120 -288788
150 -288788
180 -288788
210 -288788
240 -288788
270 -288734
300 -288734
330 -288734
360 -288734
390 -288734
420 -288734
450 -288734
480 -288734
510 -288734
540 -287731
570 -287731
600 -287731
630 -287110
660 -287110
690 -287110
720 -287110
750 -287110
780 -287110
810 -287110
840 -287110
870 -287110
900 -287110
930 -287110
960 -287110
990 -287110
1020 -286869
1050 -286688
1080 -286688
1110 -286688
1140 -286688
1170 -286688
1200 -286688
1230 -286688
1260 -286688
1290 -286688
1320 -286643
1350 -286378
1380 -286378
1410 -286378
1440 -286378
1470 -285805
1500 -285805
1530 -285805
1560 -285805
1590 -285451
1620 -285451
1650 -285451
1680 -285451
1710 -285451
1740 -285451
1770 -284796
1800 -284796
1830 -284796
1860 -284796
1890 -284777
1920 -284626
1950 -284626
1980 -284626
2010 -284626
2040 -284424
2070 -284424
2100 -283666
2130 -283666
2160 -283666
2190 -283627
2220 -283512
2250 -283512
2280 -283512
2310 -283512
2340 -283512
2370 -283512
2400 -283512
2430 -282159
2460 -282159
2490 -282159
2520 -282159
2550 -282159
2580 -282159
2610 -282159
2640 -282159
2670 -279584
2700 -279316
2730 -279258
2760 -279258
2790 -279258
2820 -279258
2850 -279037
2880 -279037
2910 -279037
2940 -278868
2970 -278868
3000 -278450
3030 -278450
3060 -278450
3090 -278450
3120 -278450
3150 -278450
3180 -278450
3210 -278450
3240 -277727
3270 -277597
3300 -277597
3330 -277597
3360 -277597
3390 -277597
3420 -277597
3450 -277597
3480 -277597
3510 -277597
3540 -277597
3570 -277597
3600 -277597
3630 -277597
3660 -277078
3690 -277078
3720 -276973
3750 -276973
3780 -276722
3810 -276722
3840 -276722
3870 -276722
3900 -276722
3930 -276722
3960 -276722
3990 -276221
4020 -276221
4050 -276221
4080 -276221
4110 -276221
4140 -276221
4170 -276221
4200 -276221
4230 -276221
4260 -276221
4290 -276221
4320 -276221
4350 -276221
4380 -276221
4410 -276221
4440 -276221
4470 -276109
4500 -276109
4530 -276109
4560 -276109
4590 -276109
4620 -276109
4650 -276109
4680 -276109
4710 -275752
4740 -275752
4770 -275752
4800 -275752
4830 -275752
4860 -275752
4890 -275752
4920 -275752
4950 -275421
4980 -275421
5010 -275421
5040 -275421
5070 -275421
5100 -275421
5130 -275421
5160 -275421
5190 -275421
5220 -275421
5250 -275421
5280 -275421
5310 -275421
5340 -275325
5370 -275325
5400 -274931
5430 -274931
5460 -274931
5490 -274931
5520 -274931
5550 -274931
5580 -274931
5610 -274931
5640 -274931
5670 -274931
5700 -274867
5730 -274867
5760 -274867
5790 -274867
5820 -274867
5850 -274867
5880 -274867
5910 -274867
5940 -274867
5970 -274867
6000 -274867
6030 -274867
6060 -274867
6090 -274867
6120 -274867
6150 -274867
6180 -274867
6210 -274867
6240 -274867
6270 -274867
6300 -274867
6330 -274867
6360 -274867
6390 -274867
6420 -274867
6450 -274676
6480 -274676
6510 -274236
6540 -274236
6570 -274236
6600 -274236
6630 -274236
6660 -274236
6690 -274236
6720 -274219
6750 -274219
6780 -274216
6810 -273866
6840 -273866
6870 -273866
6900 -273866
6930 -273866
6960 -273866
6990 -273866
7020 -273866
7050 -273866
7080 -273866
7110 -273866
7140 -273866
7170 -273699
7200 -273484
7230 -273484
7260 -273484
7290 -273484
7320 -273484
7350 -273484
7380 -273484
7410 -273426
7440 -273426
7470 -273426
7500 -273426
7530 -273426
7560 -273426
7590 -273426
7620 -273426
7650 -273426
7680 -273426
7710 -273426
7740 -273426
7770 -273426
7800 -273426
7830 -273426
7860 -273426
7890 -273426
7920 -273426
7950 -273426
7980 -273357
8010 -272950
8040 -272950
8070 -272950
8100 -272950
8130 -272950
8160 -272950
8190 -272950
8220 -272950
8250 -272950
8280 -272950
8310 -272950
8340 -272950
8370 -272950
8400 -272950
8430 -272950
8460 -272950
8490 -272950
8520 -272950
8550 -272950
8580 -272950
8610 -272950
8640 -272950
8670 -272950
8700 -272950
8730 -272950
8760 -272950
8790 -272950
8820 -272950
8850 -272950
8880 -272950
8910 -272950
8940 -272950
8970 -272950
9000 -272950
9030 -272950
9060 -272864
9090 -272864
9120 -272864
9150 -272756
9180 -272756
9210 -272756
9240 -272756
9270 -272756
9300 -272756
9330 -272756
9360 -272756
9390 -272756
9420 -272756
9450 -272756
9480 -272756
9510 -272756
9540 -272431
9570 -272431
9600 -272431
9630 -272431
9660 -272431
9690 -272431
9720 -272431
9750 -271916
9780 -271916
9810 -271916
9840 -271916
9870 -271888
9900 -271888
9930 -271888
9960 -271888
9990 -271888
10020 -271888
10050 -271888
10080 -271888
10110 -271888
10140 -271888
10170 -271888
10200 -271888
10230 -271888
10260 -271888
10290 -271888
10320 -271888
10350 -271888
10380 -271888
10410 -271888
10440 -271888
10470 -271888
10500 -271545
10530 -271100
10560 -271100
10590 -271100
10620 -271100
10650 -271100
10680 -271100
10710 -271100
10740 -271100
10770 -271100
10800 -271100
10830 -270728
10860 -270728
10890 -270728
10920 -270728
10950 -270728
10980 -270728
11010 -270728
11040 -270728
11070 -270728
11100 -270728
11130 -270728
11160 -270728
11190 -270728
11220 -270728
11250 -270728
11280 -270728
11310 -270728
11340 -270728
11370 -270728
11400 -270728
11430 -270728
11460 -270728
11490 -270728
11520 -270728
11550 -270728
11580 -270728
11610 -270728
11640 -270728
11670 -270728
11700 -270728
11730 -270728
11760 -270728
11790 -270728
11820 -270728
11850 -270728
11880 -270728
11910 -270728
11940 -270728
11970 -270728
12000 -270728
12030 -270666
12060 -270666
12090 -270666
12120 -270666
12150 -270666
12180 -270666
12210 -270666
12240 -270131
12270 -270131
12300 -270019
12330 -270019
12360 -270019
12390 -270019
12420 -270019
12450 -270019
12480 -270019
12510 -270019
12540 -270019
12570 -270019
12600 -270019
12630 -270019
12660 -270019
12690 -270019
12720 -270019
12750 -270019
12780 -270019
12810 -270019
12840 -270019
12870 -270019
12900 -270019
12930 -270019
12960 -270019
12990 -270019
13020 -270019
13050 -270019
13080 -270019
13110 -270019
13140 -270019
13170 -270019
13200 -270019
13230 -270019
13260 -269991
13290 -269991
13320 -269991
13350 -269991
13380 -269991
13410 -269991
13440 -269991
13470 -269991
13500 -269991
13530 -269991
13560 -269991
13590 -269991
13620 -269991
13650 -269991
13680 -269991
13710 -269991
13740 -269991
13770 -269991
13800 -269991
13830 -269991
13860 -269991
13890 -269991
13920 -269991
13950 -269991
13980 -269991
14010 -269991
14040 -269991
14070 -269991
14100 -269991
14130 -269657
14160 -269657
14190 -269620
14220 -269620
14250 -269620
14280 -269620
14310 -269620
14340 -269620
14370 -269620
14400 -269620
14430 -269620
14460 -269620
14490 -269620
14520 -269620
14550 -269620
14580 -269620
14610 -269620
14640 -269620
14670 -269620
14700 -269620
14730 -269620
14760 -269620
14790 -269620
14820 -269620
14850 -269620
14880 -269620
14910 -269620
14940 -269620
14970 -269620
15000 -269620
15030 -269620
15060 -269620
15090 -269620
15120 -269620
15150 -269620
15180 -269620
15210 -269620
15240 -269620
15270 -269620
15300 -269620
15330 -269620
15360 -269620
15390 -269620
15420 -269620
15450 -269620
15480 -269620
15510 -269620
15540 -269620
15570 -269620
15600 -269620
15630 -269301
15660 -269301
15690 -269301
15720 -269301
15750 -269301
15780 -269301
15810 -269301
15840 -269290
15870 -269290
15900 -269290
15930 -269290
15960 -269010
15990 -269010
16020 -269010
16050 -269010
16080 -269010
16110 -269010
16140 -269010
16170 -269010
16200 -269010
16230 -269010
16260 -269010
16290 -269010
16320 -269010
16350 -269010
16380 -268649
16410 -268601
16440 -268601
16470 -268601
16500 -268601
16530 -268601
16560 -268601
16590 -268376
16620 -268376
16650 -268376
16680 -268376
16710 -268376
16740 -268376
16770 -268376
16800 -268376
16830 -268376
16860 -268376
16890 -268376
16920 -268376
16950 -268376
16980 -268376
17010 -268327
17040 -268327
17070 -268327
17100 -268327
17130 -268327
17160 -268327
17190 -268327
17220 -268327
17250 -268327
17280 -268327
17310 -268327
17340 -268327
17370 -268327
17400 -268327
17430 -268327
17460 -268327
17490 -268327
17520 -268327
17550 -267886
17580 -267886
17610 -267886
17640 -267886
17670 -267886
17700 -267886
17730 -267886
17760 -267886
17790 -267886
17820 -267886
17850 -267705
17880 -267705
17910 -267705
17940 -267705
17970 -267705
18000 -267705
18030 -267705
18060 -267705
18090 -267705
18120 -267705
18150 -267705
18180 -267678
18210 -267678
18240 -267678
18270 -267678
18300 -267678
18330 -267678
18360 -267678
18390 -267678
18420 -267678
18450 -267678
18480 -267639
18510 -267639
18540 -267639
18570 -267639
18600 -267639
18630 -267639
18660 -267011
18690 -267011
18720 -267011
18750 -267011
18780 -267011
18810 -267011
18840 -266858
18870 -266858
18900 -266858
18930 -266858
18960 -266858
18990 -266858
19020 -266668
19050 -266668
19080 -266668
19110 -266668
19140 -266668
19170 -266668
19200 -266668
19230 -266668
19260 -266668
19290 -266668
19320 -266668
19350 -266668
19380 -266668
19410 -266668
19440 -266668
19470 -266668
19500 -266668
19530 -266638
19560 -266638
19590 -266638
19620 -266638
19650 -266638
19680 -266638
19710 -266638
19740 -266638
19770 -266638
19800 -266638
19830 -266638
19860 -266638
19890 -266638
19920 -266638
19950 -266638
19980 -266638
20010 -266638
20040 -266638
20070 -266638
20100 -266638
20130 -266638
20160 -266638
20190 -266631
20220 -266631
20250 -266631
20280 -266631
20310 -266631
20340 -266631
20370 -266631
20400 -266631
20430 -266631
20460 -266631
20490 -266631
20520 -266631
20550 -266631
20580 -266631
20610 -266631
20640 -266631
20670 -266631
20700 -266631
20730 -266631
20760 -266631
20790 -266317
20820 -266317
20850 -266317
20880 -266317
20910 -266317
20940 -266317
20970 -266317
21000 -266317
21030 -266317
21060 -266317
21090 -266317
21120 -266317
21150 -266317
21180 -266317
21210 -266317
21240 -266317
21270 -266317
21300 -266317
21330 -266317
21360 -266317
21390 -266317
21420 -266317
21450 -266272
21480 -266272
21510 -266272
21540 -266272
21570 -266272
21600 -266272
21630 -265974
21660 -265974
21690 -265974
21720 -265974
21750 -265974
21780 -265974
21810 -265974
21840 -265974
21870 -265974
21900 -265974
21930 -265974
21960 -265974
21990 -265974
22020 -265758
22050 -265758
22080 -265758
22110 -265758
22140 -265758
22170 -265758
22200 -265758
22230 -265758
22260 -265758
22290 -265620
22320 -265620
22350 -265620
22380 -265620
22410 -265620
22440 -265620
22470 -265620
22500 -265620
22530 -265620
22560 -265620
22590 -265549
22620 -265549
22650 -265549
22680 -265549
22710 -265549
22740 -265549
22770 -265405
22800 -265405
22830 -265405
22860 -265405
22890 -265405
22920 -265405
22950 -265188
22980 -265188
23010 -265188
23040 -265188
23070 -265188
23100 -265188
23130 -265188
23160 -265188
23190 -265188
23220 -265188
23250 -265188
23280 -265188
23310 -265188
23340 -265188
23370 -265177
23400 -265177
23430 -265177
23460 -265177
23490 -265177
23520 -265177
23550 -265126
23580 -265126
23610 -265126
23640 -265126
23670 -265126
23700 -265126
23730 -265126
23760 -265126
23790 -265126
23820 -265126
23850 -265126
23880 -265046
23910 -265046
23940 -265046
23970 -264595
24000 -264595
24030 -264595
24060 -264532
24090 -264532
24120 -263949
24150 -263912
24180 -263912
24210 -263653
24240 -263653
24270 -263653
24300 -263653
24330 -263653
24360 -263653
24390 -263653
24420 -263653
24450 -263635
24480 -263635
24510 -263635
24540 -263635
24570 -263635
24600 -263635
24630 -263635
24660 -263635
24690 -263635
24720 -263635
24750 -263635
24780 -263635
24810 -263635
24840 -263635
24870 -263635
24900 -263635
24930 -263635
24960 -263635
24990 -263635
25020 -263635
25050 -263635
25080 -263635
25110 -263635
25140 -263635
25170 -263414
25200 -263414
25230 -263414
25260 -263414
25290 -263414
25320 -263414
25350 -263414
25380 -263414
25410 -263414
25440 -263414
25470 -263414
25500 -263414
25530 -263414
25560 -263414
25590 -263414
25620 -263414
25650 -263414
25680 -263285
25710 -263285
25740 -263285
25770 -263285
25800 -263285
25830 -263285
25860 -263285
25890 -263285
25920 -263285
25950 -263285
25980 -263285
26010 -263285
26040 -263285
26070 -263285
26100 -263285
26130 -263285
26160 -263285
26190 -263285
26220 -263285
26250 -263285
26280 -263285
26310 -263285
26340 -263285
26370 -263285
26400 -263285
26430 -263285
26460 -263285
26490 -263285
26520 -263285
26550 -263285
26580 -263285
26610 -263285
26640 -263285
26670 -263285
26700 -263285
26730 -263285
26760 -263285
26790 -263285
26820 -263285
26850 -263076
26880 -263076
26910 -263076
26940 -263076
26970 -263076
27000 -263076
27030 -263076
27060 -263076
27090 -263076
27120 -263076
27150 -263076
27180 -262620
27210 -262620
27240 -262620
27270 -262620
27300 -262620
27330 -262533
27360 -262533
27390 -262533
27420 -262533
27450 -262222
27480 -262222
27510 -262222
27540 -262222
27570 -262222
27600 -262222
27630 -262222
27660 -262222
27690 -262222
27720 -262222
27750 -262222
27780 -262222
27810 -262222
27840 -262222
27870 -262222
27900 -262222
27930 -262218
27960 -262218
27990 -262155
28020 -262155
28050 -262155
28080 -262155
28110 -262155
28140 -262155
28170 -262155
28200 -262155
28230 -262155
28260 -262155
28290 -262155
28320 -262155
28350 -262155
28380 -262155
28410 -262007
28440 -262007
28470 -262007
28500 -262007
28530 -262007
28560 -261855
28590 -261855
28620 -261855
28650 -261855
28680 -261855
28710 -261855
28740 -261855
28770 -261855
28800 -261855
28830 -261855
28860 -261855
28890 -261855
28920 -261855
28950 -261855
28980 -261855
29010 -261855
29040 -261855
29070 -261855
29100 -261855
29130 -261855
29160 -261855
29190 -261850
29220 -261850
29250 -261850
29280 -261850
29310 -261850
29340 -261850
29370 -261850
29400 -261421
29430 -261421
29460 -261421
29490 -261421
29520 -261421
29550 -261421
29580 -261421
29610 -261161
29640 -261161
29670 -261161
29700 -261161
29730 -261161
29760 -261161
29790 -261161
29820 -261161
29850 -261161
29880 -261161
29910 -261161
29940 -261161
29970 -261161
30000 -261161
30030 -261118
30060 -261118
30090 -261118
30120 -261118
30150 -261118
30180 -261118
30210 -261118
30240 -261118
30270 -261118
30300 -261118
30330 -261118
30360 -261118
30390 -261118
30420 -261118
30450 -261118
30480 -261118
30510 -261118
30540 -261118
30570 -261118
30600 -261118
30630 -261118
30660 -261118
30690 -261118
30720 -261118
30750 -261118
30780 -261118
30810 -261027
30840 -261027
30870 -261027
30900 -261027
30930 -261027
30960 -261027
30990 -261027
31020 -261027
31050 -261027
31080 -261027
31110 -261027
31140 -261027
31170 -261027
31200 -261027
31230 -261027
31260 -260429
31290 -260429
31320 -260429
31350 -260429
31380 -260429
31410 -260429
31440 -260429
31470 -260429
31500 -260429
31530 -260429
31560 -260429
31590 -260429
31620 -260429
31650 -260429
31680 -260429
31710 -260429
31740 -260429
31770 -260429
31800 -260429
31830 -260429
31860 -260429
31890 -260429
31920 -260429
31950 -260429
31980 -260429
32010 -260429
32040 -260429
32070 -260429
32100 -260429
32130 -260429
32160 -260429
32190 -260429
32220 -260429
32250 -260429
32280 -260429
32310 -260429
32340 -260429
32370 -260429
32400 -260429
32430 -260429
32460 -260429
32490 -260429
32520 -260429
32550 -260401
32580 -260401
32610 -260401
32640 -260401
32670 -260401
32700 -260401
32730 -260401
32760 -260401
32790 -260401
32820 -260401
32850 -260401
32880 -260401
32910 -260401
32940 -260401
32970 -260401
33000 -260401
33030 -260401
33060 -260401
33090 -260401
33120 -260401
33150 -260401
33180 -260401
33210 -260142
33240 -260142
33270 -260142
33300 -260142
33330 -260142
33360 -260142
33390 -260142
33420 -260142
33450 -260142
33480 -260142
33510 -260142
33540 -260142
33570 -260142
33600 -260142
33630 -260142
33660 -260142
33690 -260142
33720 -260142
33750 -260142
33780 -260142
33810 -260142
33840 -260142
33870 -260142
33900 -260142
33930 -260142
33960 -260142
33990 -260142
34020 -260142
34050 -260142
34080 -260142
34110 -260142
34140 -260142
34170 -260142
34200 -260142
34230 -260142
34260 -260142
34290 -260142
34320 -260142
34350 -260142
34380 -260142
34410 -260142
34440 -260142
34470 -260142
34500 -260142
34530 -260142
34560 -260142
34590 -260142
34620 -260142
34650 -260142
34680 -260142
34710 -260142
34740 -260142
34770 -260142
34800 -260142
34830 -260142
34860 -260142
34890 -260142
34920 -260142
34950 -260142
34980 -260142
35010 -260142
35040 -260142
35070 -260142
35100 -260142
35130 -260142
35160 -260142
35190 -260142
35220 -260142
35250 -260142
35280 -260142
35310 -260142
35340 -260142
35370 -260142
35400 -260142
35430 -260142
35460 -260142
35490 -260142
35520 -260142
35550 -259236
35580 -259236
35610 -259236
35640 -259236
35670 -259236
35700 -259236
35730 -259236
35760 -259236
35790 -259236
35820 -259236
35850 -259236
35880 -259236
35910 -259236
35940 -259236
35970 -259236
36000 -259236
36030 -259236
36060 -259236
36090 -259236
36120 -259236
36150 -259236
36180 -259236
36210 -259236
36240 -259236
36270 -259236
36300 -259236
36330 -259236
36360 -259236
36390 -259236
36420 -259236
36450 -259236
36480 -259236
36510 -259236
36540 -259236
36570 -259236
36600 -259236
36630 -259236
36660 -259236
36690 -259236
36720 -259236
36750 -259236
36780 -259236
36810 -259236
36840 -259236
36870 -259236
36900 -259236
36930 -259236
36960 -259236
36990 -259236
37020 -259236
37050 -259236
37080 -259236
37110 -259236
37140 -259236
37170 -259236
37200 -259236
37230 -259236
37260 -259236
37290 -259236
37320 -259236
37350 -259236
37380 -259236
37410 -259236
37440 -259236
37470 -259236
37500 -259236
37530 -259236
37560 -259236
37590 -259236
37620 -259236
37650 -259202
37680 -259176
37710 -259176
37740 -259176
37770 -259176
37800 -259176
37830 -259176
37860 -259176
37890 -259176
37920 -259176
37950 -259176
37980 -259176
38010 -259176
38040 -259176
38070 -259176
38100 -259176
38130 -259176
38160 -259176
38190 -259176
38220 -259176
38250 -259176
38280 -259176
38310 -259176
38340 -259176
38370 -259176
38400 -259094
38430 -259094
38460 -259094
38490 -259094
38520 -259094
38550 -259094
38580 -259094
38610 -259094
38640 -259094
38670 -259094
38700 -259094
38730 -259014
38760 -259014
38790 -259014
38820 -259014
38850 -259014
38880 -259014
38910 -259014
38940 -258787
38970 -258787
39000 -258787
39030 -258787
39060 -258658
39090 -258658
39120 -258658
39150 -258658
39180 -258658
39210 -258658
39240 -258658
39270 -258658
39300 -258536
39330 -258536
39360 -258536
39390 -258536
39420 -258536
39450 -258536
39480 -258536
39510 -258536
39540 -258536
39570 -258536
39600 -258536
39630 -258536
39660 -258536
39690 -258536
39720 -258536
39750 -258536
39780 -258536
39810 -258536
39840 -258536
39870 -258536
39900 -258536
39930 -258536
39960 -258536
39990 -258536
40020 -258536
40050 -258536
40080 -258536
40110 -258536
40140 -258536
40170 -258536
40200 -258536
40230 -258536
40260 -258536
40290 -258536
40320 -258536
40350 -258536
40380 -258536
40410 -258536
40440 -258536
40470 -258536
40500 -258536
40530 -258536
40560 -258536
40590 -258536
40620 -258536
40650 -258536
40680 -258536
40710 -258536
40740 -258536
40770 -258536
40800 -258536
40830 -258296
40860 -258296
40890 -258296
40920 -258296
40950 -258296
40980 -258296
41010 -258296
41040 -258296
41070 -258296
41100 -258292
41130 -258292
41160 -258292
41190 -258292
41220 -258292
41250 -258292
41280 -258292
41310 -258292
41340 -258292
41370 -258292
41400 -258292
41430 -258292
41460 -258292
41490 -258292
41520 -258292
41550 -258292
41580 -258292
41610 -258292
41640 -258292
41670 -258292
41700 -258292
41730 -258292
41760 -257948
41790 -257948
41820 -257948
41850 -257948
41880 -257948
41910 -257948
41940 -257948
41970 -257948
42000 -257948
42030 -257948
42060 -257948
42090 -257948
42120 -257948
42150 -257948
42180 -257948
42210 -257948
42240 -257948
42270 -257948
42300 -257948
42330 -257948
42360 -257948
42390 -257948
42420 -257948
42450 -257948
42480 -257948
42510 -257948
42540 -257948
42570 -257948
42600 -257948
42630 -257948
42660 -257948
42690 -257948
42720 -257898
42750 -257898
42780 -257898
42810 -257898
42840 -257898
42870 -257898
42900 -257898
42930 -257898
42960 -257898
42990 -257898
43020 -257898
43050 -257898
43080 -257898
43110 -257898
43140 -257898
43170 -257898
43200 -257898
43230 -257898
43260 -257898
43290 -257898
43320 -257898
43350 -257898
43380 -257898
43410 -257898
43440 -257898
43470 -257898
43500 -257898
43530 -257898
43560 -257898
43590 -257898
43620 -257898
43650 -257898
43680 -257898
43710 -257898
43740 -257898
43770 -257898
43800 -257898
43830 -257898
43860 -257898
43890 -257898
43920 -257898
43950 -257898
43980 -257898
44010 -257898
44040 -257898
44070 -257898
44100 -257898
44130 -257898
44160 -257898
44190 -257898
44220 -257898
44250 -257898
44280 -257898
44310 -257898
44340 -257898
44370 -257898
44400 -257898
44430 -257898
44460 -257898
44490 -257898
44520 -257898
44550 -257898
44580 -257898
44610 -257898
44640 -257898
44670 -257898
44700 -257898
44730 -257898
44760 -257898
44790 -257720
44820 -257720
44850 -257720
44880 -257720
44910 -257720
44940 -257720
44970 -257720
45000 -257720
45030 -257720
45060 -257720
45090 -257720
45120 -257720
45150 -257720
45180 -257720
45210 -257720
45240 -257720
45270 -257720
45300 -257720
45330 -257720
45360 -257720
45390 -257720
45420 -257720
45450 -257720
45480 -257720
45510 -257720
45540 -257720
45570 -257720
45600 -257720
45630 -257720
45660 -257720
45690 -257720
45720 -257720
45750 -257720
45780 -257720
45810 -257720
45840 -257720
45870 -257720
45900 -257720
45930 -257720
45960 -257720
45990 -257720
46020 -257720
46050 -257720
46080 -257720
46110 -257720
46140 -257720
46170 -257720
46200 -257720
46230 -257720
46260 -257720
46290 -257720
46320 -257720
46350 -257720
46380 -257720
46410 -257720
46440 -257720
46470 -257720
46500 -257720
46530 -257720
46560 -257720
46590 -257720
46620 -257720
46650 -257720
46680 -257720
46710 -257720
46740 -257720
46770 -257720
46800 -257720
46830 -257720
46860 -257720
46890 -257720
46920 -257720
46950 -257720
46980 -257720
47010 -257720
47040 -257720
47070 -257720
47100 -257720
47130 -257720
47160 -257720
47190 -257720
47220 -257720
47250 -257720
47280 -257720
47310 -257720
47340 -257720
47370 -257720
47400 -257720
47430 -257720
47460 -257720
47490 -257720
47520 -257720
47550 -257720
47580 -257720
47610 -257720
47640 -257720
47670 -257720
47700 -257720
47730 -257720
47760 -257720
47790 -257720
47820 -257720
47850 -257720
47880 -257720
47910 -257720
47940 -257720
47970 -257720
48000 -257720
48030 -257720
48060 -257720
48090 -257556
48120 -257556
48150 -257556
48180 -257556
48210 -257556
48240 -257556
48270 -257556
48300 -257556
48330 -257556
48360 -257556
48390 -257556
48420 -257556
48450 -257556
48480 -257556
48510 -257556
48540 -257556
48570 -257556
48600 -257556
48630 -257556
48660 -257556
48690 -257556
48720 -257556
48750 -257556
48780 -257556
48810 -257556
48840 -257516
48870 -257516
48900 -257516
48930 -257516
48960 -257516
48990 -257516
49020 -257516
49050 -257516
49080 -257516
49110 -257516
49140 -257516
49170 -257516
49200 -257516
49230 -257516
49260 -257516
49290 -257516
49320 -257516
49350 -257516
49380 -257516
49410 -257516
49440 -257516
49470 -257516
49500 -257516
49530 -257516
49560 -257516
49590 -257516
49620 -256930
49650 -256930
49680 -256930
49710 -256930
49740 -256930
49770 -256930
49800 -256930
49830 -256930
49860 -256930
49890 -256930
49920 -256930
49950 -256930
49980 -256930
50010 -256930
50040 -256930
50070 -256930
50100 -256930
50130 -256930
50160 -256930
50190 -256930
50220 -256930
50250 -256930
50280 -256930
50310 -256930
50340 -256930
50370 -256930
50400 -256930
50430 -256930
50460 -256930
50490 -256930
50520 -256930
50550 -256930
50580 -256930
50610 -256930
50640 -256930
50670 -256930
50700 -256930
50730 -256930
50760 -256930
50790 -256930
50820 -256930
50850 -256930
50880 -256930
50910 -256930
50940 -256930
50970 -256930
51000 -256930
51030 -256930
51060 -256930
51090 -256930
51120 -256930
51150 -256930
51180 -256930
51210 -256930
51240 -256930
51270 -256930
51300 -256930
51330 -256930
51360 -256930
51390 -256930
51420 -256930
51450 -256930
51480 -256930
51510 -256930
51540 -256930
51570 -256930
51600 -256930
51630 -256930
51660 -256930
51690 -256924
51720 -256924
51750 -256924
51780 -256924
51810 -256924
51840 -256924
51870 -256924
51900 -256924
51930 -256924
51960 -256924
51990 -256924
52020 -256924
52050 -256924
52080 -256924
52110 -256924
52140 -256924
52170 -256924
52200 -256924
52230 -256924
52260 -256924
52290 -256924
52320 -256924
52350 -256924
52380 -256924
52410 -256924
52440 -256924
52470 -256924
52500 -256924
52530 -256924
52560 -256924
52590 -256924
52620 -256924
52650 -256924
52680 -256924
52710 -256924
52740 -256924
52770 -256924
52800 -256924
52830 -256924
52860 -256924
52890 -256924
52920 -256924
52950 -256924
52980 -256924
53010 -256924
53040 -256924
53070 -256924
53100 -256924
53130 -256924
53160 -256924
53190 -256924
53220 -256924
53250 -256878
53280 -256878
53310 -256878
53340 -256878
53370 -256878
53400 -256878
53430 -256878
53460 -256878
53490 -256878
53520 -256878
53550 -256878
53580 -256878
53610 -256878
53640 -256878
53670 -256878
53700 -256878
53730 -256878
53760 -256878
53790 -256878
53820 -256878
53850 -256878
53880 -256878
53910 -256878
53940 -256878
53970 -256878
54000 -256878
54030 -256878
54060 -256878
54090 -256878
54120 -256878
54150 -256878
54180 -256878
54210 -256878
54240 -256878
54270 -256878
54300 -256878
54330 -256878
54360 -256878
54390 -256878
54420 -256878
54450 -256878
54480 -256878
54510 -256878
54540 -256878
54570 -256878
54600 -256878
54630 -256878
54660 -256878
54690 -256878
54720 -256878
54750 -256878
54780 -256878
54810 -256878
54840 -256878
54870 -256878
54900 -256878
54930 -256878
54960 -256878
54990 -256878
55020 -256878
55050 -256878
55080 -256878
55110 -256878
55140 -256878
55170 -256878
55200 -256878
55230 -256878
55260 -256878
55290 -256878
55320 -256878
55350 -256878
55380 -256878
55410 -256878
55440 -256878
55470 -256878
55500 -256878
55530 -256878
55560 -256878
55590 -256878
55620 -256878
55650 -256878
55680 -256878
55710 -256878
55740 -256878
55770 -256878
55800 -256878
55830 -256878
55860 -256878
55890 -256878
55920 -256878
55950 -256878
55980 -256878
56010 -256878
56040 -256878
56070 -256878
56100 -256878
56130 -256878
56160 -256878
56190 -256878
56220 -256878
56250 -256878
56280 -256878
56310 -256878
56340 -256878
56370 -256878
56400 -256878
56430 -256878
56460 -256869
56490 -256869
56520 -256869
56550 -256869
56580 -256869
56610 -256869
56640 -256869
56670 -256869
56700 -256869
56730 -256869
56760 -256869
56790 -256869
56820 -256869
56850 -256869
56880 -256869
56910 -256869
56940 -256869
56970 -256869
57000 -256869
57030 -256869
57060 -256869
57090 -256869
57120 -256869
57150 -256869
57180 -256869
57210 -256869
57240 -256869
57270 -256869
57300 -256869
57330 -256869
57360 -256869
57390 -256869
57420 -256869
57450 -256869
57480 -256869
57510 -256869
57540 -256869
57570 -256869
57600 -256869
57630 -256869
57660 -256869
57690 -256869
57720 -256869
57750 -256869
57780 -256869
57810 -256869
57840 -256869
57870 -256869
57900 -256869
57930 -256869
57960 -256869
57990 -256869
58020 -256869
58050 -256869
58080 -256869
58110 -256869
58140 -256869
58170 -256869
58200 -256869
58230 -256869
58260 -256869
58290 -256869
58320 -256869
58350 -256869
58380 -256869
58410 -256869
58440 -256869
58470 -256869
58500 -256869
58530 -256869
58560 -256869
58590 -256869
58620 -256869
58650 -256869
58680 -256869
58710 -256869
58740 -256563
58770 -256563
58800 -256563
58830 -256563
58860 -256563
58890 -256563
58920 -256563
58950 -256563
58980 -256563
59010 -256563
59040 -256563
59070 -256563
59100 -256563
59130 -256563
59160 -256539
59190 -256539
59220 -256539
59250 -256539
59280 -256539
59310 -256539
59340 -256539
59370 -256539
59400 -256539
59430 -256539
59460 -256539
59490 -256539
59520 -256539
59550 -256539
59580 -256539
59610 -256539
59640 -256539
59670 -256539
59700 -256539
59730 -256539
59760 -256539
59790 -256539
59820 -256539
59850 -256539
59880 -256539
59910 -256539
59940 -256539
59970 -256539
60000 -256539
60030 -256539
60060 -256539
60090 -256539
60120 -256539
60150 -256539
60180 -256539
60210 -256539
60240 -256539
60270 -256539
60300 -256539
60330 -256539
60360 -256539
60390 -256539
60420 -256539
60450 -256539
60480 -256539
60510 -256539
60540 -256539
60570 -256539
60600 -256479
60630 -256479
60660 -256479
60690 -256479
60720 -256479
60750 -256479
60780 -256479
60810 -256479
60840 -256479
60870 -256479
60900 -256479
60930 -256479
60960 -256479
60990 -256479
61020 -256479
61050 -256479
61080 -256479
61110 -256479
61140 -256479
61170 -256479
61200 -256479
61230 -256479
61260 -256479
61290 -256479
61320 -256479
61350 -256479
61380 -256479
61410 -256479
61440 -256479
61470 -256479
61500 -256479
61530 -256479
61560 -256479
61590 -256479
61620 -256479
61650 -256479
61680 -256479
61710 -256479
61740 -256479
61770 -256479
61800 -256479
61830 -256479
61860 -256479
61890 -256479
61920 -256479
61950 -256449
61980 -256449
62010 -256449
62040 -256449
62070 -256449
62100 -256449
62130 -256449
62160 -256449
62190 -256449
62220 -256449
62250 -256449
62280 -256449
62310 -256449
62340 -256449
62370 -256449
62400 -256449
62430 -256449
62460 -256449
62490 -256449
62520 -256449
62550 -256449
62580 -256449
62610 -256449
62640 -256449
62670 -256449
62700 -256449
62730 -256449
62760 -256449
62790 -256449
62820 -256449
62850 -256449
62880 -256449
62910 -256449
62940 -256449
62970 -256449
63000 -256449
63030 -256449
63060 -256449
63090 -256449
63120 -256449
63150 -256449
63180 -256449
63210 -256449
63240 -256449
63270 -256449
63300 -256449
63330 -256449
63360 -256449
63390 -256449
63420 -256449
63450 -256449
63480 -256449
63510 -256449
63540 -256449
63570 -256449
63600 -256449
63630 -256449
63660 -256449
63690 -256449
63720 -256449
63750 -256449
63780 -256449
63810 -256449
63840 -256449
63870 -256449
63900 -256429
63930 -256429
63960 -256429
63990 -256429
64020 -256429
64050 -256429
64080 -256429
64110 -256429
64140 -256429
64170 -256429
64200 -256429
64230 -256429
64260 -256429
64290 -256429
64320 -256429
64350 -256429
64380 -256429
64410 -256429
64440 -256429
64470 -256429
64500 -256429
64530 -256429
64560 -256429
64590 -256429
64620 -256429
64650 -256429
64680 -256429
64710 -256391
64740 -256391
64770 -256391
64800 -256391
64830 -256391
64860 -256391
64890 -256391
64920 -256391
64950 -256391
64980 -256391
65010 -256391
65040 -256391
65070 -256391
65100 -256391
65130 -256391
65160 -256391
65190 -256391
65220 -256391
65250 -256391
65280 -256391
65310 -256330
65340 -256330
65370 -256330
65400 -256213
65430 -256213
65460 -256213
65490 -256213
65520 -256213
65550 -256213
65580 -256213
65610 -256213
65640 -256213
65670 -256213
65700 -256213
65730 -256213
65760 -256213
65790 -256057
65820 -256057
65850 -256057
65880 -256057
65910 -256057
65940 -256057
65970 -256057
66000 -256057
66030 -256057
66060 -256057
66090 -256057
66120 -256057
66150 -256057
66180 -256057
66210 -256057
66240 -256057
66270 -256057
66300 -256057
66330 -256057
66360 -256057
66390 -256057
66420 -256057
66450 -256057
66480 -256057
66510 -256057
66540 -256057
66570 -256057
66600 -256057
66630 -256057
66660 -256057
66690 -256057
66720 -256057
66750 -256057
66780 -256057
66810 -256057
66840 -256057
66870 -256057
66900 -256057
66930 -256057
66960 -256057
66990 -256057
67020 -256057
67050 -256057
67080 -256057
67110 -256057
67140 -256057
67170 -256057
67200 -256057
67230 -256057
67260 -256057
67290 -256057
67320 -256057
67350 -256057
67380 -256057
67410 -256057
67440 -256057
67470 -256057
67500 -256057
67530 -256057
67560 -256057
67590 -256057
67620 -256057
67650 -256057
67680 -256057
67710 -256057
67740 -256057
67770 -256057
67800 -256057
67830 -256057
67860 -256057
67890 -256057
67920 -256057
67950 -256057
67980 -256057
68010 -256057
68040 -256057
68070 -256057
68100 -256057
68130 -256057
68160 -256057
68190 -256057
68220 -256057
68250 -256057
68280 -256057
68310 -256057
68340 -256057
68370 -256057
68400 -256057
68430 -256057
68460 -256057
68490 -256057
68520 -256057
68550 -256057
68580 -256057
68610 -256057
68640 -256057
68670 -256057
68700 -256057
68730 -256057
68760 -255999
68790 -255999
68820 -255999
68850 -255999
68880 -255999
68910 -255999
68940 -255999
68970 -255999
69000 -255999
69030 -255999
69060 -255999
69090 -255999
69120 -255999
69150 -255999
69180 -255999
69210 -255999
69240 -255999
69270 -255999
69300 -255999
69330 -255999
69360 -255999
69390 -255999
69420 -255999
69450 -255999
69480 -255999
69510 -255999
69540 -255999
69570 -255999
69600 -255999
69630 -255999
69660 -255999
69690 -255999
69720 -255999
69750 -255999
69780 -255999
69810 -255999
69840 -255999
69870 -255999
69900 -255999
69930 -255999
69960 -255999
69990 -255999
70020 -255999
70050 -255999
70080 -255999
70110 -255999
70140 -255999
70170 -255999
70200 -255999
70230 -255999
70260 -255999
70290 -255999
70320 -255999
70350 -255999
70380 -255999
70410 -255999
70440 -255999
70470 -255999
70500 -255999
70530 -255999
70560 -255999
70590 -255999
70620 -255999
70650 -255999
70680 -255999
70710 -255999
70740 -255999
70770 -255999
70800 -255999
70830 -255999
70860 -255999
70890 -255999
70920 -255999
70950 -255999
70980 -255999
71010 -255999
71040 -255999
71070 -255999
71100 -255999
71130 -255999
71160 -255999
71190 -255999
71220 -255999
71250 -255999
71280 -255999
71310 -255999
71340 -255999
71370 -255999
71400 -255999
71430 -255999
71460 -255999
71490 -255999
71520 -255999
71550 -255999
71580 -255999
71610 -255999
71640 -255975
71670 -255975
71700 -255975
71730 -255975
71760 -255975
71790 -255975
71820 -255850
71850 -255850
71880 -255850
71910 -255850
71940 -255850
71970 -255850
72000 -255850
72030 -255850
72060 -255850
72090 -255648
72120 -255648
72150 -255648
72180 -255648
72210 -255648
72240 -255648
72270 -255606
72300 -255606
72330 -255606
72360 -255606
72390 -255606
72420 -255606
72450 -255512
72480 -255512
72510 -255512
72540 -255512
72570 -255512
72600 -255499
72630 -255499
72660 -255499
72690 -255499
72720 -255499
72750 -255499
72780 -255499
72810 -255499
72840 -255499
72870 -255499
72900 -255499
72930 -255499
72960 -255499
72990 -255499
73020 -255499
73050 -255499
73080 -255499
73110 -255499
73140 -255499
73170 -255499
73200 -255499
73230 -255499
73260 -255499
73290 -255499
73320 -255499
73350 -255499
73380 -255499
73410 -255499
73440 -255340
73470 -255340
73500 -255340
73530 -255340
73560 -255340
73590 -255340
73620 -255340
73650 -255340
73680 -255340
73710 -255340
73740 -255340
73770 -255340
73800 -255340
73830 -255340
73860 -255340
73890 -255340
73920 -255340
73950 -255340
73980 -255340
74010 -255340
74040 -255340
74070 -255340
74100 -255340
74130 -255340
74160 -255340
74190 -255340
74220 -255340
74250 -255340
74280 -255340
74310 -255340
74340 -255340
74370 -255340
74400 -255340
74430 -255340
74460 -255340
74490 -255340
74520 -255340
74550 -255340
74580 -255340
74610 -255340
74640 -255340
74670 -255340
74700 -255340
74730 -255340
74760 -255340
74790 -255340
74820 -255340
74850 -255340
74880 -255340
74910 -255340
74940 -255340
74970 -255340
75000 -255340
75030 -255340
75060 -255340
75090 -255340
75120 -255340
75150 -255340
75180 -255340
75210 -255340
75240 -255340
75270 -255340
75300 -255340
75330 -255340
75360 -255340
75390 -255340
75420 -255340
75450 -255340
75480 -255340
75510 -255340
75540 -255340
75570 -255340
75600 -255340
75630 -255340
75660 -255034
75690 -255034
75720 -255034
75750 -255034
75780 -255034
75810 -255034
75840 -255034
75870 -255034
75900 -255034
75930 -255034
75960 -255034
75990 -255034
76020 -255034
76050 -255034
76080 -255034
76110 -255034
76140 -255034
76170 -255034
76200 -255034
76230 -255034
76260 -255034
76290 -255034
76320 -255034
76350 -255034
76380 -255034
76410 -255034
76440 -255034
76470 -255034
76500 -255034
76530 -255034
76560 -255034
76590 -255034
76620 -255034
76650 -254969
76680 -254969
76710 -254969
76740 -254969
76770 -254969
76800 -254969
76830 -254969
76860 -254969
76890 -254969
76920 -254969
76950 -254969
76980 -254969
77010 -254969
77040 -254969
77070 -254969
77100 -254969
77130 -254969
77160 -254969
77190 -254969
77220 -254969
77250 -254969
77280 -254969
77310 -254969
77340 -254969
77370 -254969
77400 -254969
77430 -254969
77460 -254969
77490 -254969
77520 -254969
77550 -254969
77580 -254969
77610 -254969
77640 -254969
77670 -254969
77700 -254969
77730 -254969
77760 -254969
77790 -254969
77820 -254969
77850 -254969
77880 -254969
77910 -254969
77940 -254969
77970 -254969
78000 -254969
78030 -254969
78060 -254969
78090 -254929
78120 -254929
78150 -254929
78180 -254929
78210 -254929
78240 -254929
78270 -254929
78300 -254929
78330 -254929
78360 -254929
78390 -254929
78420 -254929
78450 -254929
78480 -254929
78510 -254929
78540 -254929
78570 -254929
78600 -254929
78630 -254929
78660 -254929
78690 -254929
78720 -254929
78750 -254929
78780 -254929
78810 -254929
78840 -254929
78870 -254929
78900 -254929
78930 -254929
78960 -254929
78990 -254929
79020 -254901
79050 -254901
79080 -254897
79110 -254897
79140 -254897
79170 -254897
79200 -254897
79230 -254897
79260 -254897
79290 -254794
79320 -254794
79350 -254794
79380 -254794
79410 -254794
79440 -254794
79470 -254794
79500 -254794
79530 -254794
79560 -254794
79590 -254794
79620 -254794
79650 -254794
79680 -254794
79710 -254794
79740 -254794
79770 -254794
79800 -254794
79830 -254546
79860 -254546
79890 -254546
79920 -254546
79950 -254546
79980 -254546
80010 -254546
80040 -254546
80070 -254546
80100 -254546
80130 -254546
80160 -254546
80190 -254546
80220 -254546
80250 -254546
80280 -254546
80310 -254546
80340 -254546
80370 -254546
80400 -254546
80430 -254546
80460 -254546
80490 -254546
80520 -254546
80550 -254546
80580 -254546
80610 -254423
80640 -254423
80670 -254423
80700 -253713
80730 -253713
80760 -253713
80790 -253713
80820 -253713
80850 -253713
80880 -253713
80910 -253713
80940 -253713
80970 -253713
81000 -253713
81030 -253713
