1520 -559796
2280 -552149
3040 -547512
3800 -543668
4560 -540587
5320 -538459
6080 -536418
6840 -534605
7600 -532872
8360 -531576
9120 -530068
9880 -528928
10640 -528062
11400 -527011
12160 -526118
12920 -525280
13680 -524556
14440 -523953
15200 -523505
15960 -522667
16720 -522228
17480 -521738
18240 -521459
19000 -521012
19760 -520437
20520 -519867
21280 -519502
22040 -519002
22800 -518667
23560 -518323
24320 -517903
25080 -517423
25840 -516975
26600 -516820
27360 -516419
28120 -516161
28880 -515875
29640 -515535
30400 -515225
31160 -514879
31920 -514526
32680 -514261
33440 -514131
34200 -513763
34960 -513564
35720 -513341
36480 -513021
37240 -512676
38000 -512287
38760 -511892
39520 -511662
40280 -511408
41040 -511246
41800 -511026
42560 -510832
43320 -510583
44080 -510312
44840 -510166
45600 -510025
46360 -509844
47120 -509465
47880 -509325
48640 -509094
49400 -508967
50160 -508824
50920 -508643
51680 -508544
52440 -508401
53200 -508153
53960 -507946
54720 -507846
55480 -507699
56240 -507626
57000 -507503
57760 -507369
58520 -507288
59280 -507160
60040 -507052
60800 -506930
61560 -506782
62320 -506594
63080 -506487
63840 -506356
64600 -506248
65360 -506079
66120 -505872
66880 -505759
67640 -505572
68400 -505494
69160 -505283
69920 -505167
70680 -504933
71440 -504824
72200 -504769
72960 -504590
73720 -504454
74480 -504378
75240 -504262
76000 -504242
76760 -504165
77520 -504041
78280 -503922
79040 -503790
79800 -503657
80560 -503543
81320 -503440
82080 -503387
82840 -503267
83600 -503166
84360 -503000
85120 -502783
85880 -502681
86640 -502554
87400 -502357
88160 -502220
88920 -502159
89680 -501982
90440 -501839
91200 -501686
91960 -501643
92720 -501568
93480 -501348
94240 -501174
95000 -501013
95760 -500806
96520 -500657
97280 -500518
98040 -500420
98800 -500340
99560 -500252
100320 -500211
101080 -500172
101840 -500114
102600 -500029
103360 -499934
104120 -499887
104880 -499846
105640 -499708
106400 -499570
107160 -499412
107920 -499336
108680 -499228
