20 -552571
30 -545253
40 -537615
50 -533989
60 -529074
70 -528357
80 -527732
90 -525354
100 -525354
110 -525202
120 -525202
130 -525202
140 -524847
150 -518743
160 -518743
170 -516691
180 -516691
190 -516691
200 -516691
210 -515628
220 -515628
230 -512196
240 -509418
250 -509418
260 -509418
270 -509418
280 -509418
290 -509418
300 -509391
310 -509391
320 -509391
330 -509391
340 -509391
350 -509391
360 -509391
370 -502684
380 -501450
390 -501450
400 -499744
410 -499744
420 -499740
430 -499740
440 -499740
450 -499740
460 -499428
470 -499428
480 -499428
490 -499428
500 -499428
510 -498441
520 -498441
530 -498270
540 -498270
550 -498270
560 -498270
570 -498209
580 -498209
590 -498209
600 -498209
610 -498209
620 -498209
630 -498197
640 -498197
650 -498197
660 -498197
670 -498197
680 -498197
690 -498197
700 -498197
710 -498197
720 -494424
730 -494424
740 -494424
750 -494424
760 -494424
770 -493952
780 -493952
790 -493952
800 -492842
810 -492842
820 -492842
830 -492842
840 -492842
850 -492842
860 -492842
870 -492842
880 -492842
890 -492656
900 -492656
910 -492656
920 -492656
930 -492656
940 -492656
950 -492656
960 -492656
970 -492656
980 -492656
990 -492656
1000 -492656
1010 -492656
1020 -492656
1030 -492656
1040 -491364
1050 -491364
1060 -491364
1070 -490491
1080 -490491
1090 -489268
1100 -489268
1110 -489268
1120 -489268
1130 -489268
1140 -489268
1150 -489268
1160 -489268
1170 -489268
1180 -487488
1190 -487488
1200 -487488
1210 -487488
1220 -487488
1230 -487488
1240 -487488
1250 -487488
1260 -487488
1270 -487488
1280 -487399
1290 -487399
1300 -487399
1310 -487399
1320 -487399
1330 -484924
1340 -484924
1350 -484924
1360 -484924
1370 -484924
1380 -484924
1390 -484924
1400 -484924
1410 -484924
1420 -484924
1430 -484924
1440 -484924
1450 -484924
1460 -484924
1470 -484924
1480 -484924
1490 -484924
1500 -484924
1510 -484924
1520 -483396
1530 -482856
1540 -482856
1550 -482856
1560 -482856
1570 -482856
1580 -482856
1590 -482856
1600 -481288
1610 -481288
1620 -481288
1630 -481288
1640 -481210
1650 -481210
1660 -481210
1670 -481210
1680 -481210
1690 -481210
1700 -481210
1710 -481210
1720 -481210
1730 -481210
1740 -481210
1750 -481210
1760 -481210
1770 -481210
1780 -481210
1790 -481210
1800 -481210
1810 -481210
1820 -481210
1830 -481210
1840 -481210
1850 -481210
1860 -481210
1870 -481210
1880 -479899
1890 -479899
1900 -479899
1910 -479899
1920 -479899
1930 -479899
1940 -479899
1950 -479899
1960 -479899
1970 -479899
1980 -479899
1990 -479899
2000 -479899
2010 -479899
2020 -479899
2030 -479899
2040 -479899
2050 -479899
2060 -479899
2070 -479899
2080 -479899
2090 -479899
2100 -479899
2110 -479899
2120 -479899
2130 -479899
2140 -479899
2150 -479899
2160 -479899
2170 -479899
2180 -479899
2190 -479899
2200 -479899
2210 -479899
2220 -479899
2230 -477618
2240 -477618
2250 -477618
2260 -477618
2270 -477618
2280 -477618
2290 -477618
2300 -477618
2310 -477618
2320 -477618
2330 -477618
2340 -477618
2350 -477618
2360 -477618
2370 -477618
2380 -477618
2390 -477618
2400 -477618
2410 -477618
2420 -477618
2430 -477618
2440 -477618
2450 -477205
2460 -477205
2470 -477205
2480 -477205
2490 -475958
2500 -475958
2510 -473560
2520 -473560
2530 -473560
2540 -473560
2550 -473560
2560 -473560
2570 -473560
2580 -472631
2590 -472631
2600 -471886
2610 -471886
2620 -471886
2630 -471886
2640 -471886
2650 -471886
2660 -471886
2670 -471886
2680 -471886
2690 -471886
2700 -471886
2710 -471886
2720 -471886
2730 -469397
2740 -469397
2750 -469397
2760 -469397
2770 -469397
2780 -469397
2790 -469397
2800 -469397
2810 -469397
2820 -469397
2830 -469397
2840 -469397
2850 -469397
2860 -469397
2870 -469397
2880 -469397
2890 -469397
2900 -469397
2910 -469397
2920 -469397
2930 -469397
2940 -469397
2950 -469397
2960 -469397
2970 -469397
2980 -469397
2990 -469397
3000 -469397
3010 -469397
3020 -469397
3030 -469397
3040 -469397
3050 -469397
3060 -469397
3070 -469397
3080 -469397
3090 -469397
3100 -469397
3110 -469397
3120 -469397
3130 -469397
3140 -469397
3150 -469397
3160 -469397
3170 -469397
3180 -469397
3190 -469397
3200 -469397
3210 -469397
3220 -469397
3230 -469397
3240 -469397
3250 -469397
3260 -469397
3270 -469397
3280 -468655
3290 -468655
3300 -468655
3310 -468655
3320 -468655
3330 -468655
3340 -468655
3350 -468655
3360 -468655
3370 -468655
3380 -468655
3390 -468655
3400 -468655
3410 -468655
3420 -468655
3430 -468655
3440 -468655
3450 -468655
3460 -468655
3470 -468562
3480 -468562
3490 -468562
3500 -468562
3510 -468562
3520 -468562
3530 -468562
3540 -468562
3550 -468562
3560 -468562
3570 -468562
3580 -468562
3590 -468562
3600 -468562
3610 -468562
3620 -468562
3630 -468562
3640 -468562
3650 -468562
3660 -468562
3670 -468562
3680 -468562
3690 -468562
3700 -468562
3710 -468562
3720 -468562
3730 -468562
3740 -468562
3750 -468562
3760 -468562
3770 -468562
3780 -468562
3790 -468562
3800 -468562
3810 -468562
3820 -468562
3830 -468562
3840 -468562
3850 -468562
3860 -468562
3870 -468562
3880 -468562
3890 -468562
3900 -468562
3910 -468562
3920 -468562
3930 -468562
3940 -468562
3950 -468562
3960 -468562
3970 -468562
3980 -468562
3990 -468562
4000 -468562
4010 -468562
4020 -468562
4030 -468562
4040 -468562
4050 -468562
4060 -468562
4070 -468562
4080 -468562
4090 -468562
4100 -468562
4110 -468562
4120 -468562
4130 -468562
4140 -468562
4150 -468562
4160 -468562
4170 -468562
4180 -468562
4190 -468562
4200 -468562
4210 -468562
4220 -468562
4230 -468562
4240 -468562
4250 -468562
4260 -468562
4270 -468562
4280 -468562
4290 -468562
4300 -468562
4310 -468562
4320 -468562
4330 -468562
4340 -468562
4350 -468562
4360 -468562
4370 -468562
4380 -468562
4390 -468562
4400 -468562
4410 -468562
4420 -468562
4430 -468562
4440 -468562
4450 -468006
4460 -468006
4470 -468006
4480 -468006
4490 -468006
4500 -468006
4510 -468006
4520 -467491
4530 -467491
4540 -467491
4550 -467491
4560 -467491
4570 -467491
4580 -467491
4590 -467491
4600 -467491
4610 -467491
4620 -467491
4630 -467491
4640 -467491
4650 -467491
4660 -466568
4670 -466568
4680 -466568
4690 -466568
4700 -466568
4710 -466568
4720 -466568
4730 -466568
4740 -466568
4750 -466568
4760 -466568
4770 -466568
4780 -466568
4790 -466568
4800 -466568
4810 -465994
4820 -465994
4830 -465994
4840 -465994
4850 -465994
4860 -465994
4870 -465994
4880 -465994
4890 -465994
4900 -465994
4910 -465994
4920 -465994
4930 -465994
4940 -465994
4950 -465994
4960 -465994
4970 -465994
4980 -465243
4990 -465243
5000 -465243
5010 -465243
5020 -465243
5030 -465243
5040 -465243
5050 -465243
5060 -465243
5070 -465243
5080 -465243
5090 -465243
5100 -465243
5110 -465243
5120 -465243
5130 -465243
5140 -465243
5150 -465243
5160 -465243
5170 -465243
5180 -465243
5190 -465243
5200 -465243
5210 -465243
5220 -465243
5230 -465243
5240 -465243
5250 -465243
5260 -465243
