20 -547822
30 -536415
40 -531413
50 -527805
60 -526865
70 -526865
80 -526865
90 -526865
100 -526865
110 -526865
120 -526865
130 -526865
140 -526865
150 -525997
160 -525997
170 -525997
180 -525980
190 -525980
200 -525980
210 -525980
220 -525980
230 -525980
240 -525980
250 -524528
260 -522758
270 -518959
280 -518959
290 -518059
300 -517907
310 -517907
320 -517907
330 -517361
340 -517361
350 -517262
360 -517262
370 -517262
380 -516635
390 -514725
400 -514725
410 -514725
420 -514725
430 -514416
440 -513838
450 -513838
460 -513838
470 -513838
480 -513838
490 -513838
500 -513838
510 -513838
520 -513838
530 -513400
540 -513400
550 -513400
560 -513400
570 -512206
580 -512206
590 -512206
600 -512206
610 -512206
620 -512206
630 -512206
640 -512206
650 -512206
660 -512206
670 -512206
680 -512206
690 -512206
700 -512206
710 -512206
720 -512206
730 -512206
740 -512206
750 -512206
760 -512206
770 -512206
780 -512206
790 -512206
800 -512206
810 -512206
820 -512206
830 -512206
840 -512206
850 -512206
860 -512206
870 -512206
880 -512206
890 -512206
900 -512206
910 -512206
920 -512206
930 -512206
940 -512206
950 -512206
960 -512206
970 -512206
980 -512206
990 -512206
1000 -512206
1010 -512206
1020 -512206
1030 -512206
1040 -511858
1050 -511858
1060 -511858
1070 -511858
1080 -511858
1090 -511858
1100 -511858
1110 -511858
1120 -511858
1130 -511858
1140 -511858
1150 -511858
1160 -511858
1170 -511858
1180 -511858
1190 -511305
1200 -511305
1210 -511305
1220 -511305
1230 -511305
1240 -511305
1250 -511305
1260 -511305
1270 -510997
1280 -509670
1290 -507877
1300 -507877
1310 -506994
1320 -506994
1330 -506994
1340 -506994
1350 -506994
1360 -506994
1370 -506994
1380 -506994
1390 -506994
1400 -506994
1410 -505793
1420 -504838
1430 -504838
1440 -504838
1450 -504838
1460 -504838
1470 -504838
1480 -504838
1490 -504838
1500 -504838
1510 -504579
1520 -504056
1530 -504056
1540 -501821
1550 -501821
1560 -501821
1570 -500581
1580 -498949
1590 -498949
1600 -498949
1610 -498949
1620 -498949
1630 -498949
1640 -498158
1650 -496866
1660 -496866
1670 -496866
1680 -496866
1690 -496866
1700 -496866
1710 -496866
1720 -496866
1730 -496507
1740 -496507
1750 -496507
1760 -496507
1770 -496507
1780 -496507
1790 -496507
1800 -496507
1810 -494616
1820 -494616
1830 -494616
1840 -494616
1850 -494616
1860 -494616
1870 -494616
1880 -494616
1890 -494616
1900 -494616
1910 -494616
1920 -493611
1930 -493611
1940 -493611
1950 -492781
1960 -492781
1970 -492781
1980 -492781
1990 -492781
2000 -492781
2010 -492781
2020 -492356
2030 -492356
2040 -492356
2050 -492356
2060 -491999
2070 -491999
2080 -491999
2090 -491999
2100 -491999
2110 -491999
2120 -491999
2130 -491999
2140 -491999
2150 -491999
2160 -491999
2170 -491999
2180 -491688
2190 -491688
2200 -491688
2210 -491688
2220 -491688
2230 -491688
2240 -491688
2250 -491688
2260 -491688
2270 -491688
2280 -491688
2290 -491688
2300 -491688
2310 -490946
2320 -490946
2330 -490946
2340 -490946
2350 -490848
2360 -490848
2370 -490848
2380 -490848
2390 -490848
2400 -490848
2410 -490848
2420 -490848
2430 -490848
2440 -490848
2450 -490848
2460 -490848
2470 -490546
2480 -490546
2490 -490546
2500 -490138
2510 -490138
2520 -490138
2530 -488773
2540 -488773
2550 -488773
2560 -488773
2570 -488773
2580 -488773
2590 -488773
2600 -488773
2610 -488773
2620 -488773
2630 -488773
2640 -488773
2650 -488773
2660 -488773
2670 -488773
2680 -488773
2690 -488773
2700 -488733
2710 -488733
2720 -488733
2730 -488733
2740 -488733
2750 -488733
2760 -487007
2770 -487007
2780 -487007
2790 -487007
2800 -487007
2810 -487007
2820 -487007
2830 -487007
2840 -487007
2850 -487007
2860 -487007
2870 -487007
2880 -487007
2890 -487007
2900 -487007
2910 -487007
2920 -487007
2930 -487007
2940 -487007
2950 -487007
2960 -487007
2970 -487007
2980 -487007
2990 -487007
3000 -487007
3010 -487007
3020 -487007
3030 -487007
3040 -486397
3050 -486397
3060 -486397
3070 -486397
3080 -486397
3090 -486397
3100 -486397
3110 -486397
3120 -486397
3130 -486397
3140 -486397
3150 -486397
3160 -486397
3170 -486397
3180 -486309
3190 -486309
3200 -486309
3210 -485732
3220 -485732
3230 -485361
3240 -485361
3250 -485361
3260 -485361
3270 -485361
3280 -485361
3290 -485361
3300 -485361
3310 -485361
3320 -485222
3330 -485222
3340 -485222
3350 -485222
3360 -485222
3370 -485222
3380 -485222
3390 -485222
3400 -485222
3410 -485222
3420 -485222
3430 -485222
3440 -485222
3450 -485222
3460 -485222
3470 -485222
3480 -485222
3490 -485222
3500 -485222
3510 -485222
3520 -485222
3530 -485222
3540 -485222
3550 -485222
3560 -485222
3570 -485222
3580 -485222
3590 -485222
3600 -485222
3610 -485222
3620 -485178
3630 -485178
3640 -485178
3650 -485178
3660 -485178
3670 -485178
3680 -485178
3690 -485178
3700 -485178
3710 -484667
3720 -483118
3730 -483118
3740 -483118
