20 260289
30 260289
40 264982
50 264982
60 264982
70 264982
80 264982
90 264982
100 264982
110 264982
120 264982
130 264982
140 264982
150 264982
160 264982
170 264982
180 264982
190 264982
200 264982
210 268802
220 268802
230 268802
240 268802
250 268802
260 268802
270 268802
280 268802
290 268802
300 268802
310 268802
320 268802
330 270917
340 270917
350 270917
360 270917
370 270917
380 270917
390 270917
400 270917
410 278696
420 278696
430 278696
440 278696
450 278696
460 278696
470 278696
480 278696
490 278696
500 278696
510 278696
520 278696
530 278696
540 278696
550 278696
560 278696
570 278696
580 278696
590 278696
600 278696
610 278696
620 278696
630 278696
640 278696
650 278696
