20 320994
30 320994
40 321884
50 321884
60 321884
70 323253
80 326966
90 326966
100 326966
110 326966
120 326966
130 326966
140 326966
150 332231
160 332231
170 332231
180 332231
190 332231
200 332231
210 332231
220 332231
230 332231
240 332231
250 332231
260 335797
270 335797
280 335797
290 335797
300 335797
310 335797
320 335797
330 335797
340 335797
350 335797
360 335797
370 335797
380 344927
390 344927
400 344927
410 344927
420 344927
430 344927
440 344927
450 344927
460 344927
470 344927
480 344927
490 344927
500 344927
510 344927
520 344927
530 344927
540 344927
550 344927
560 344927
570 344927
580 344927
590 344927
600 344927
610 344927
620 344927
630 344927
640 344927
650 344927
660 344927
670 344927
680 344927
690 344927
700 344927
710 344927
720 344927
730 344927
740 344927
750 344927
760 344927
770 344927
780 344927
790 344927
800 344927
810 344927
820 344927
830 344927
840 344927
850 344927
860 344927
870 344927
880 344927
890 344927
900 344927
910 344927
920 344927
930 344927
940 344927
950 344927
960 344927
970 344927
980 344927
990 344927
1000 344927
1010 344927
1020 344927
1030 344927
1040 344927
1050 344927
1060 344927
1070 344927
1080 344927
1090 344927
1100 344927
1110 344927
1120 344927
1130 344927
1140 344927
1150 344927
1160 344927
1170 344927
1180 344927
1190 344927
1200 344927
1210 344927
1220 344927
1230 344927
1240 344927
1250 350251
1260 350251
1270 350251
1280 350251
1290 350251
1300 350251
1310 350251
1320 350251
1330 350251
1340 350251
1350 350251
1360 350251
1370 350251
1380 350251
1390 350251
1400 350251
1410 350251
1420 350251
1430 350251
1440 350251
1450 350251
1460 350251
1470 350251
1480 350251
1490 350251
1500 350251
1510 350251
1520 350251
1530 350251
1540 350251
1550 350251
1560 350251
1570 350251
1580 350251
1590 350251
1600 350251
1610 350251
1620 350251
1630 350251
1640 350251
1650 350251
1660 350251
1670 350251
1680 350251
1690 350251
1700 350251
1710 350251
1720 350251
1730 350251
1740 350251
1750 350251
1760 350251
1770 350251
1780 350251
1790 350251
1800 350251
1810 350251
1820 350251
1830 350251
1840 350251
1850 350251
1860 350251
1870 350251
1880 350251
1890 350251
1900 350251
1910 350251
1920 350251
1930 350251
1940 350251
1950 350251
1960 350251
1970 350251
1980 350251
1990 350251
2000 350251
2010 350251
2020 350251
2030 350251
2040 350251
2050 350251
2060 350251
2070 350251
2080 350251
2090 350251
2100 350251
2110 350251
2120 350251
2130 350251
2140 350251
2150 350251
