20 543437
30 561639
40 561639
50 561639
60 561639
70 561639
80 561639
90 561639
100 561639
110 561639
120 561639
130 561639
140 561639
150 561639
160 561639
170 561639
180 561639
190 561639
200 561639
210 561639
220 561639
230 561639
240 561639
250 561639
260 561639
270 561639
280 561639
290 561639
300 561639
310 561639
320 561639
330 561639
340 561639
350 561639
360 561639
370 561639
380 561639
390 561639
400 561639
410 561639
420 561639
430 561639
440 561639
450 561639
460 561639
470 561639
480 561639
490 561639
500 562688
510 577012
520 577012
530 577012
540 577012
550 577012
560 577012
570 577012
580 577012
590 577012
600 577012
610 577012
620 577012
630 577012
640 577012
650 577012
660 577012
670 577012
680 577012
690 577012
700 577012
710 577012
720 577012
730 577012
740 577012
750 577012
760 577012
770 577012
780 577012
790 577012
800 577012
810 577012
820 577012
830 577012
840 577012
850 577012
860 577012
870 577012
880 577012
890 577012
900 577012
910 577012
920 577012
930 577012
940 577012
950 577012
960 577012
970 577012
980 577012
990 577012
1000 577012
1010 577012
1020 577012
1030 577012
1040 577012
1050 577012
1060 577012
1070 577012
1080 577012
1090 577012
1100 577012
1110 577012
1120 577012
1130 577012
1140 577012
1150 577012
1160 577012
1170 577012
1180 577012
1190 577012
1200 577012
1210 577012
1220 577012
1230 577012
1240 577012
1250 577012
1260 577012
1270 577012
1280 577012
1290 577012
1300 577012
1310 577012
1320 577012
1330 577012
1340 577012
1350 577012
1360 577012
1370 584696
1380 584696
1390 584696
1400 584696
1410 584696
1420 584696
1430 584696
1440 584696
1450 584696
1460 584696
1470 584696
1480 584696
1490 584696
1500 584696
1510 584696
1520 584696
1530 584696
1540 584696
1550 584696
1560 584696
1570 584696
1580 584696
1590 584696
1600 584696
1610 584696
1620 584696
1630 584696
1640 584696
1650 584696
1660 584696
1670 584696
1680 584696
1690 584696
1700 584696
1710 584696
1720 584696
1730 584696
1740 584696
1750 584696
1760 586034
1770 586034
1780 586034
1790 586034
1800 586034
1810 586034
1820 586034
1830 586034
1840 586034
1850 586034
1860 586034
1870 586034
1880 586034
1890 586034
1900 586034
1910 586034
1920 586034
1930 586034
1940 586034
1950 586034
1960 586034
1970 586034
1980 586034
1990 586034
2000 586034
2010 586034
2020 586034
2030 586034
2040 590084
2050 590084
2060 590084
2070 590084
2080 590084
2090 590084
2100 590084
2110 590084
2120 590084
2130 590084
2140 590084
2150 590084
2160 590084
2170 590084
2180 590084
2190 590084
2200 590084
2210 590084
2220 590084
2230 590084
2240 590084
2250 590084
2260 590084
2270 590084
2280 590084
2290 590084
2300 590084
2310 590084
2320 590084
2330 590084
2340 590084
2350 590084
2360 590084
2370 590084
2380 590084
2390 590084
2400 590084
2410 590084
2420 590084
2430 590084
2440 590084
2450 590084
2460 590084
2470 590084
2480 590084
2490 590084
2500 590084
2510 590084
2520 590084
2530 590084
2540 590084
2550 590084
2560 590084
2570 590084
2580 590084
2590 590084
2600 590084
2610 590084
2620 590084
2630 590084
2640 590084
2650 590084
2660 590084
2670 590084
2680 590084
2690 590084
2700 590084
2710 590084
2720 590084
2730 590084
2740 590084
2750 590084
2760 590084
2770 590084
2780 590084
2790 590084
2800 590084
2810 590084
2820 590084
2830 590084
2840 590084
2850 590084
2860 590084
2870 590084
2880 590084
2890 590084
2900 590084
2910 590084
2920 590084
2930 590084
2940 590084
2950 590084
2960 590084
2970 590084
2980 590084
2990 590084
3000 590084
3010 590084
3020 590084
3030 590084
3040 590084
3050 590084
3060 590084
3070 590084
3080 590084
3090 590084
3100 590084
3110 590084
3120 590084
3130 590084
3140 590084
3150 590084
3160 590084
