20 635349
30 635349
40 635349
50 635349
60 640368
70 640368
80 640368
90 640368
100 640368
110 646327
120 646327
130 659424
140 659424
150 663318
160 672962
170 672962
180 672962
190 672962
200 672962
210 672962
220 672962
230 672962
240 672962
250 672962
260 672962
270 672962
280 672962
290 672962
300 672962
310 676964
320 676964
330 676964
340 676964
350 676964
360 676964
370 676964
380 676964
390 676964
400 676964
410 676964
420 676964
430 676964
440 676964
450 676964
460 676964
470 676964
480 676964
490 676964
500 676964
510 676964
520 676964
530 676964
540 676964
550 676964
560 676964
570 676964
580 676964
590 676964
600 676964
610 676964
620 676964
630 676964
640 676964
650 676964
660 676964
670 676964
680 676964
690 680690
700 680690
710 680690
720 680690
730 680690
740 680690
750 680690
760 680690
770 680690
780 680690
790 680690
800 680690
810 680690
820 680690
830 680690
840 680690
850 680690
860 683107
870 683107
880 683107
890 683107
900 683107
910 683107
920 683107
930 683107
940 683107
950 683107
960 683107
970 683107
980 683107
990 683107
1000 683107
1010 683107
1020 683107
1030 683107
1040 683107
1050 683107
1060 683107
1070 685370
1080 690514
1090 690514
1100 690514
1110 690514
1120 690514
1130 690514
1140 690514
1150 690514
1160 690514
1170 690514
1180 690514
1190 690514
1200 690514
1210 690514
1220 690514
1230 690514
1240 690514
1250 690514
1260 690514
1270 690514
1280 690514
1290 690514
1300 690514
1310 690514
1320 690514
1330 690514
1340 690514
1350 690514
1360 690514
1370 690514
1380 690514
1390 690514
1400 690514
1410 690514
1420 690514
1430 690514
1440 690514
1450 690514
1460 690514
1470 690514
1480 690514
1490 690514
1500 690514
1510 690514
1520 690514
1530 690514
1540 690514
1550 690514
1560 690514
1570 690514
1580 690514
1590 690514
1600 690514
1610 690514
1620 690514
1630 690514
1640 690514
1650 690514
1660 690514
1670 690514
1680 690514
1690 690514
1700 690514
1710 690514
1720 690514
1730 690514
1740 690514
1750 690514
1760 690514
1770 690514
1780 690514
1790 690514
1800 690514
1810 690514
1820 690514
1830 690514
1840 690514
1850 690514
1860 690514
1870 690514
1880 690514
1890 690514
1900 690514
1910 690514
1920 690514
1930 690514
1940 690514
1950 690514
1960 690795
1970 690795
1980 690795
1990 690795
2000 690795
2010 690795
2020 704264
2030 704264
2040 704264
2050 704264
2060 704264
2070 704264
2080 704264
2090 704264
2100 704264
2110 704264
2120 704264
2130 704264
2140 704264
2150 704264
2160 704264
2170 704264
2180 704264
2190 704264
2200 704264
2210 704264
2220 704264
2230 704264
2240 704264
2250 704264
2260 704264
2270 704264
2280 704264
2290 704264
2300 704264
2310 704264
2320 704264
2330 704264
2340 704264
2350 704264
2360 704264
2370 704264
2380 704264
2390 704264
2400 704264
2410 704264
2420 704264
2430 704264
2440 704264
2450 704264
2460 704264
2470 704264
2480 704264
2490 704264
2500 704264
2510 704264
2520 704264
2530 704264
2540 704264
2550 704264
2560 704264
2570 704264
2580 704264
2590 704264
2600 704264
2610 704264
2620 704264
2630 704264
2640 704264
2650 704264
2660 704264
2670 704264
2680 704264
2690 704264
2700 704264
2710 704264
2720 704264
2730 704264
2740 704264
2750 704264
2760 704264
2770 704264
2780 704264
2790 704264
2800 704264
2810 704264
2820 704264
2830 704264
2840 704264
2850 704264
2860 704264
2870 704264
2880 704264
2890 704264
2900 704264
2910 704264
2920 704264
2930 704264
2940 704264
2950 704264
2960 704264
2970 704264
2980 704264
2990 704264
3000 704264
3010 704264
3020 704264
3030 704264
3040 704264
3050 704264
3060 704264
3070 704264
3080 704264
3090 704264
3100 704264
3110 704264
3120 704264
3130 704264
3140 704264
3150 704264
3160 704264
3170 704264
3180 704264
3190 704264
3200 704264
3210 704264
3220 704264
3230 704264
3240 704264
3250 704264
3260 704264
3270 704264
3280 704264
3290 704264
3300 704264
3310 704264
3320 704264
3330 704264
3340 704264
3350 704264
3360 704264
3370 704264
3380 704264
3390 704264
3400 704264
3410 704264
3420 704264
3430 704264
3440 704264
3450 704264
3460 704264
3470 704264
3480 704264
3490 704264
3500 704264
3510 704264
3520 704264
3530 704264
3540 704264
3550 704264
3560 704264
3570 704264
3580 704264
3590 704264
3600 704264
3610 704264
3620 704264
3630 704264
3640 704264
3650 704264
3660 704264
3670 704264
3680 704264
3690 704264
3700 704264
3710 704264
3720 704264
3730 704264
3740 704264
3750 704264
3760 704264
3770 704264
3780 704264
3790 704264
3800 704264
3810 704264
3820 704264
3830 704264
3840 704264
3850 704264
3860 704264
3870 704264
3880 704264
3890 704264
3900 704264
3910 704264
3920 704264
3930 704264
3940 704264
3950 704264
3960 704264
3970 704264
3980 704264
3990 704264
4000 704264
4010 704264
4020 704264
4030 704264
4040 704264
4050 704264
4060 704264
4070 704264
4080 704264
4090 704264
4100 704264
4110 704264
4120 704264
4130 704264
4140 704264
4150 704264
4160 704264
4170 704264
4180 704264
4190 704264
4200 704264
4210 704264
4220 704264
4230 704264
4240 704264
4250 704264
4260 704264
4270 704264
4280 704264
4290 704264
4300 705224
4310 705224
4320 705224
4330 705224
4340 705224
4350 705224
4360 705224
4370 705224
4380 705224
4390 705224
4400 705224
4410 705224
4420 705224
4430 705224
4440 705224
4450 705224
4460 705224
4470 705224
4480 705224
4490 705224
4500 705224
4510 705224
4520 705224
4530 705224
4540 705224
4550 705224
4560 705224
4570 705224
4580 705224
4590 705224
4600 705224
4610 705224
4620 705224
4630 705224
4640 705224
4650 705224
4660 705224
4670 705224
4680 705224
4690 705224
4700 705224
4710 705224
4720 705224
4730 705224
4740 705224
4750 705224
4760 705224
4770 705224
4780 705224
4790 705224
4800 705224
4810 705224
4820 705224
4830 705224
4840 705224
4850 705224
4860 705224
4870 705224
4880 705224
4890 705224
4900 705224
4910 705224
4920 705224
4930 705224
4940 705224
4950 705224
4960 705224
