20 249171
30 251440
40 252670
50 254367
60 255154
70 256826
80 259412
90 259904
100 260602
110 262972
120 264216
130 264566
140 264566
150 264566
160 264789
170 264903
180 265240
190 265682
200 265682
210 265975
220 266297
230 266297
240 266368
250 266368
260 266368
270 266368
280 266368
290 266368
300 266368
310 267030
320 267395
330 267455
340 267455
350 267455
360 267455
370 267455
380 267455
390 267455
400 267455
410 267455
420 267455
430 267455
440 267455
450 267724
460 267724
470 267996
480 267996
490 268126
500 268126
510 268126
520 268126
530 268126
540 268126
550 268407
560 268407
570 268407
580 268407
590 268407
600 268407
610 268407
620 268407
630 268407
640 268407
650 268407
660 268838
670 268838
680 268838
690 268838
700 268838
710 268838
720 269592
730 269592
740 269592
750 269592
760 269592
770 269592
780 269592
790 269592
800 269894
810 269894
820 269894
830 269894
840 269894
850 270524
860 270524
870 270524
880 270543
890 271518
900 271614
910 271614
920 271614
930 272506
940 272506
950 272506
960 272506
970 272506
980 272506
990 272509
1000 272509
1010 272509
1020 272509
1030 272509
1040 272509
1050 272509
