20 298681
30 305990
40 308208
50 308961
60 310889
70 312892
80 313456
90 316994
100 317347
110 319423
120 321110
130 321611
140 321611
150 321611
160 321862
170 323694
180 323694
190 323936
200 325185
210 325185
220 325192
230 325459
240 325767
250 328765
260 328765
270 329040
280 329040
290 329040
300 329040
310 329040
320 329040
330 329152
340 329152
350 329152
360 329541
370 331354
380 331354
390 331760
400 333019
410 333019
420 335155
430 335155
440 335419
450 335419
460 335559
470 335559
480 335559
490 335559
500 335559
510 335559
520 335559
530 335559
540 335559
550 335559
560 335559
570 335559
580 335559
590 335559
600 335693
610 335693
620 335726
630 335726
640 335802
650 336332
660 336332
670 336332
680 337743
690 338513
700 338513
710 338513
720 338513
730 338513
740 338513
750 338513
760 338513
770 339302
780 339302
790 339302
800 339442
810 339442
820 339442
830 340212
840 341143
850 342056
860 342056
870 342056
880 342413
890 342413
900 342579
910 342579
920 342579
930 342579
940 342579
950 342579
960 342579
970 342579
980 342894
990 342894
1000 342894
1010 342894
1020 342894
1030 342894
1040 342894
1050 342894
1060 342894
1070 342894
1080 342894
1090 342894
1100 342894
1110 342894
1120 342894
1130 342894
1140 342894
1150 342894
1160 342894
1170 343155
1180 343155
1190 343155
1200 343155
1210 343155
1220 343155
1230 343155
1240 344037
1250 344037
1260 344037
1270 344037
1280 344037
1290 344037
1300 344037
1310 344037
1320 344037
1330 344037
1340 344785
1350 344785
1360 344785
1370 344785
1380 345733
1390 345733
1400 345733
1410 345733
1420 345733
1430 345733
1440 345733
1450 345733
1460 345733
1470 345733
1480 345733
