20 522846
30 526546
40 529727
50 534884
60 536815
70 538468
80 541761
90 543177
100 543475
110 544024
120 544024
130 544024
140 544413
150 544413
160 544413
170 544413
180 544413
190 545891
200 545891
210 547525
220 548510
230 548510
240 548510
250 551352
260 551352
270 551352
280 552076
290 552076
300 552640
310 552640
320 552640
330 553641
340 553641
350 554103
360 554103
370 554103
380 554103
390 554128
400 554128
410 554128
420 554128
430 555973
440 555973
450 555973
460 555973
470 555973
480 556276
490 556276
500 556276
510 556294
520 556390
530 556390
540 556842
550 556842
560 556842
570 556842
580 556842
590 556842
600 560075
610 560075
620 560963
630 560963
640 560963
650 560963
660 560963
670 560963
680 560963
690 560963
700 560963
710 560963
720 560963
730 560963
740 560963
750 560963
760 561025
770 561216
780 561216
790 561216
800 561216
810 561216
820 561216
830 561216
840 561845
850 561845
860 561845
870 561845
880 561845
890 561845
900 561845
910 561845
920 561845
930 561845
940 561845
950 561845
960 561845
970 562722
980 562722
990 562722
1000 562722
1010 562722
1020 562722
1030 562764
1040 562764
1050 562764
1060 563442
1070 563442
1080 565439
1090 565677
1100 565677
1110 565677
1120 565677
1130 565693
1140 565693
1150 565693
1160 566392
1170 566392
1180 566392
1190 566392
1200 566392
1210 566392
1220 566392
1230 566392
1240 566392
1250 566392
1260 566851
1270 566851
1280 566851
1290 566851
1300 566851
1310 566851
1320 566851
1330 566851
1340 566851
1350 566851
1360 566851
1370 566851
1380 566851
1390 566851
1400 566851
1410 566851
1420 566851
1430 566851
1440 566851
1450 566851
1460 566851
1470 566851
1480 567057
1490 567057
1500 567057
1510 567057
1520 567057
1530 567057
1540 567057
1550 567057
1560 567057
1570 567057
1580 568521
1590 568584
1600 568584
1610 568584
1620 569090
1630 569090
1640 569090
1650 569090
1660 569090
1670 569090
1680 569090
1690 569090
1700 569090
1710 569090
1720 569090
1730 569155
1740 569155
1750 569155
1760 569155
1770 569155
1780 569155
1790 569155
1800 569155
1810 569155
1820 569155
1830 569155
1840 569155
1850 569155
1860 569155
1870 569155
1880 569155
1890 569155
1900 569155
1910 569155
1920 569155
1930 569155
1940 569155
1950 569155
1960 569155
1970 569155
1980 569155
1990 569155
2000 569155
2010 569155
2020 569155
2030 570747
2040 570747
2050 571542
2060 571542
2070 571542
2080 571542
2090 571542
2100 571542
2110 571542
2120 571542
2130 571542
2140 571542
2150 571542
2160 571863
2170 571863
2180 571863
2190 571863
2200 571863
2210 571863
2220 571863
2230 571863
2240 571863
2250 571863
2260 571863
2270 571863
2280 571863
2290 571863
2300 571863
2310 571863
2320 571863
2330 571863
2340 571863
2350 571863
2360 571863
2370 571863
2380 571863
2390 571863
2400 571863
2410 571863
2420 571863
2430 571863
2440 571863
2450 571863
2460 571863
2470 571863
2480 571863
2490 571863
2500 571863
2510 571863
2520 571863
2530 571863
2540 571863
2550 571863
2560 571863
2570 571863
2580 571863
2590 571863
2600 571863
2610 572197
2620 572197
2630 572197
2640 572197
2650 572197
2660 572197
2670 572197
2680 572197
2690 572197
2700 573733
2710 573733
2720 573733
2730 573733
2740 573733
2750 573733
2760 573733
2770 573733
2780 573733
2790 573733
2800 573733
2810 573733
2820 573733
2830 573733
2840 573733
2850 573733
2860 573733
2870 573733
2880 573733
2890 573733
2900 573733
2910 573733
2920 573733
2930 573733
2940 573733
2950 573733
2960 573733
2970 573733
2980 573733
2990 574055
3000 574055
3010 574055
3020 574055
3030 574055
3040 574055
3050 574055
3060 574055
3070 574055
3080 574055
3090 574055
3100 574055
3110 574055
3120 574055
3130 574055
3140 574055
3150 574055
3160 574055
3170 574055
3180 574055
3190 574055
3200 574055
3210 574055
3220 574055
3230 574055
3240 574055
3250 574705
