20 517140
30 524299
40 527323
50 533302
60 538638
70 538638
80 539778
90 539778
100 540349
110 544439
120 545534
130 545534
140 545534
150 545534
160 546037
170 546353
180 547093
190 547093
200 547093
210 547995
220 548476
230 548476
240 549514
250 551442
260 558266
270 558266
280 558280
290 558280
300 559015
310 559015
320 559573
330 559573
340 560341
350 560341
360 560341
370 560341
380 560341
390 561488
400 562687
410 564751
420 564751
430 564751
440 564751
450 564751
460 564751
470 565952
480 565952
490 565952
500 566740
510 566740
520 566740
530 566740
540 566740
550 566740
560 566740
570 566740
580 566740
590 569327
600 570176
610 570176
620 571339
630 571339
640 571339
650 571339
660 571339
670 571339
680 571339
690 571653
700 571653
710 571653
720 571653
730 573353
740 573353
750 573353
760 573353
770 573353
780 573472
790 573472
800 573472
810 573472
820 573472
830 573472
840 573472
850 573472
860 573472
870 573472
880 573472
890 574006
900 574006
910 574006
920 574006
930 574006
940 574006
950 574006
960 574006
970 574006
980 574822
990 574822
1000 574822
1010 574822
1020 574822
1030 574822
1040 574822
1050 574822
1060 574822
1070 576462
1080 576462
1090 576462
1100 576462
1110 576462
1120 576462
1130 576462
1140 576462
1150 576462
1160 576462
1170 576462
1180 576462
1190 576462
1200 576462
1210 576462
1220 576462
1230 576462
1240 576462
1250 576462
1260 576462
1270 576462
1280 576462
1290 576462
1300 576462
1310 576462
1320 576462
1330 576462
1340 576462
1350 576462
1360 576462
1370 576462
1380 576462
1390 576462
1400 576462
1410 576462
1420 576462
1430 576462
1440 576462
1450 576462
1460 576462
1470 576462
1480 576462
1490 576462
1500 576462
1510 576462
1520 576462
1530 576462
1540 576462
1550 576462
1560 576462
1570 576462
1580 576462
1590 576462
1600 576462
1610 576462
1620 576462
1630 576462
1640 576462
1650 576462
1660 576462
1670 576462
1680 576462
1690 576462
1700 576462
1710 576462
1720 576462
1730 576462
1740 576462
1750 576462
1760 576462
1770 576462
1780 576462
1790 576462
1800 576462
1810 576462
1820 576462
1830 576462
1840 576462
1850 576462
1860 576462
1870 576462
1880 576462
1890 576462
1900 576462
1910 576462
1920 576462
1930 576462
1940 576462
1950 576462
1960 576462
1970 576729
1980 576729
1990 576729
2000 576729
2010 576729
2020 576729
2030 576729
2040 576729
2050 576729
2060 576729
2070 576729
2080 576729
2090 576729
2100 576729
2110 576729
2120 576729
2130 576729
2140 576729
2150 576729
2160 576729
2170 576729
2180 576729
2190 576729
2200 576729
2210 576729
2220 576729
2230 576729
2240 576729
2250 576729
2260 576729
2270 576729
2280 576729
2290 576729
2300 576729
2310 576729
2320 576966
2330 577451
2340 577451
2350 577451
2360 577451
2370 577451
2380 577451
2390 577451
2400 577451
2410 577451
2420 577451
2430 577451
2440 577451
2450 577590
2460 577590
2470 577590
2480 577590
2490 577590
2500 577877
2510 577877
2520 577877
2530 577877
2540 577877
2550 577877
2560 577877
2570 577877
2580 577877
2590 577877
2600 577877
2610 577877
2620 578655
2630 578655
2640 578655
2650 578655
2660 578655
2670 578655
2680 578655
2690 578655
2700 578655
2710 578655
2720 578655
2730 578692
2740 578692
2750 578692
2760 578692
2770 578692
2780 578692
2790 578692
2800 578692
2810 578692
2820 578692
2830 578692
2840 578692
2850 578692
2860 578692
2870 578692
2880 578692
2890 578692
2900 578692
2910 579266
2920 579266
2930 579266
2940 579266
2950 579266
2960 579266
2970 579266
2980 579266
2990 579266
3000 579266
3010 579266
3020 579266
3030 579266
3040 579266
3050 579266
3060 579266
3070 579266
3080 579266
3090 579266
3100 579266
3110 579266
3120 579266
3130 579266
3140 579266
3150 580217
3160 580217
3170 580217
3180 580217
3190 580217
3200 580217
3210 580217
3220 580217
3230 580217
3240 580217
3250 580217
3260 580217
3270 580217
3280 580217
3290 580217
3300 580217
3310 580217
3320 580217
3330 580217
3340 580217
3350 580217
3360 580217
3370 580217
3380 580217
3390 581781
3400 581781
3410 581781
