20 562847
30 570448
40 578877
50 582007
60 582007
70 582007
80 582007
90 582007
100 582687
110 584502
120 584502
130 584502
140 585840
150 590823
160 590823
170 594073
180 594475
190 596314
200 596314
210 596335
220 596335
230 596534
240 599018
250 599018
260 599891
270 599891
280 599891
290 602983
300 603366
310 603757
320 603757
330 603757
340 604495
350 604495
360 604495
370 604870
380 604870
390 604870
400 607695
410 607695
420 607695
430 607695
440 607695
450 607695
460 607695
470 607695
480 607695
490 607695
500 607695
510 607695
520 608064
530 608064
540 608064
550 608064
560 608064
570 608064
580 608064
590 608064
600 608064
610 608064
620 608064
630 610460
640 610460
650 610460
660 610460
670 610460
680 610460
690 610460
700 610460
710 610460
720 611574
730 611622
740 611622
750 611622
760 611622
770 611622
780 611622
790 611622
800 611622
810 611622
820 611622
830 611622
840 611622
850 611622
860 612011
870 612011
880 612011
890 612011
900 612011
910 613138
920 613138
930 613138
940 615093
950 615093
960 615093
970 615093
980 615093
990 615093
1000 615093
1010 615093
1020 615093
1030 615953
1040 615953
1050 615953
1060 615953
1070 615953
1080 618200
1090 618200
1100 618200
1110 618200
1120 618959
1130 618959
1140 618959
1150 618959
1160 618959
1170 618959
1180 618959
1190 618959
1200 618959
1210 618959
1220 618959
1230 618959
1240 619176
1250 619176
1260 619176
1270 619176
1280 619176
1290 619176
1300 619176
1310 619176
1320 619176
1330 619176
1340 619176
1350 619176
1360 619176
1370 619176
1380 619176
1390 619176
1400 619176
1410 619915
1420 619915
1430 619915
1440 619915
1450 619915
1460 619915
1470 619915
1480 619915
1490 619915
1500 619915
1510 619915
1520 619915
1530 619915
1540 619915
1550 619915
1560 621322
1570 621322
1580 621322
1590 622921
1600 622921
1610 622921
1620 622921
1630 622921
1640 622921
1650 622921
1660 622921
1670 622921
1680 622921
1690 622921
1700 623554
1710 623554
1720 623554
1730 623554
1740 623554
1750 623554
1760 623554
1770 623554
1780 623554
1790 623554
1800 623554
1810 623554
1820 623554
1830 623554
1840 623554
1850 623554
1860 623554
1870 623554
1880 623554
1890 623554
1900 623554
1910 623554
1920 623554
1930 623554
1940 623554
1950 623554
1960 623554
1970 623554
1980 623554
1990 623554
2000 623554
2010 623554
2020 623554
2030 623554
2040 623554
2050 623554
2060 623554
2070 623554
2080 623554
2090 623554
2100 623554
2110 623554
2120 623554
2130 623554
2140 623554
2150 623554
2160 623554
2170 623554
2180 623554
2190 623554
2200 623554
2210 623554
2220 623554
2230 623554
2240 623554
2250 624016
2260 624016
2270 624016
2280 624016
2290 624016
2300 624016
2310 624016
2320 624016
2330 624016
2340 624016
2350 625010
2360 625010
2370 625010
2380 625010
2390 625010
2400 625010
2410 625010
2420 625010
2430 625010
2440 625010
2450 625010
2460 625010
2470 625010
2480 625010
2490 625010
2500 625010
2510 625010
2520 625010
2530 625010
2540 625010
2550 625010
2560 625010
2570 625010
2580 625010
2590 625010
2600 625010
2610 626455
2620 626455
2630 626455
2640 626455
2650 626455
2660 626455
2670 626455
2680 626455
2690 626455
2700 629184
2710 629184
2720 629184
2730 629184
2740 629184
2750 629184
2760 629184
2770 629184
2780 629184
2790 629184
2800 629184
2810 629184
2820 629184
2830 629184
2840 629184
2850 629184
2860 629184
2870 629184
2880 629184
2890 629184
2900 629184
2910 629184
2920 629184
2930 629184
2940 629184
2950 629184
2960 629184
2970 629184
2980 629184
2990 629184
3000 629184
3010 629184
3020 629184
3030 629184
3040 629184
3050 629184
3060 629184
3070 629184
3080 629184
3090 629184
3100 629184
3110 629184
3120 629184
3130 629184
3140 629184
3150 629184
3160 629184
3170 629184
3180 629184
3190 629184
3200 629184
3210 629184
3220 629184
3230 629184
3240 629184
3250 629184
3260 629184
3270 629184
3280 629184
3290 629184
3300 629184
3310 629184
3320 629184
3330 629184
3340 629184
3350 629184
3360 629184
3370 629184
3380 629184
3390 629184
3400 629184
3410 629184
3420 629184
3430 629184
3440 629184
3450 629184
3460 629184
3470 629184
3480 629184
3490 629184
3500 629184
3510 629184
3520 629184
3530 629184
3540 629184
3550 629184
3560 629184
3570 629184
3580 629184
3590 629184
3600 629184
3610 629184
3620 629184
3630 629184
3640 629184
3650 629184
3660 629184
3670 629184
3680 629184
3690 629184
3700 629184
3710 629184
3720 629184
3730 629184
3740 629184
3750 629184
3760 629184
3770 629184
3780 629184
3790 629184
3800 629184
3810 629184
3820 629184
3830 629184
3840 629184
3850 629184
3860 629184
3870 629184
3880 629184
3890 629184
3900 629184
3910 629184
3920 629184
3930 629184
3940 629184
3950 629184
3960 629184
3970 629184
3980 629184
3990 629184
4000 629184
4010 629184
4020 629184
4030 629184
4040 629184
4050 629184
4060 629184
4070 629184
4080 629184
4090 629184
4100 629184
4110 629184
4120 629184
4130 629184
4140 629184
4150 629184
4160 629184
4170 629184
4180 629545
4190 629545
4200 629545
4210 629545
4220 629545
4230 629545
4240 629545
4250 629545
4260 629545
4270 629545
4280 629545
4290 629545
4300 629545
4310 629545
4320 629545
4330 629545
4340 629545
4350 629545
4360 630118
4370 630118
4380 630118
4390 632360
4400 632360
4410 632360
4420 632360
4430 632360
4440 632473
4450 633465
4460 633465
4470 633465
4480 633465
4490 633465
4500 633465
4510 633465
4520 633465
4530 633465
4540 633465
4550 633465
4560 633465
4570 633465
4580 633465
4590 633465
4600 633465
4610 633465
4620 633465
4630 633465
4640 633465
4650 633465
4660 634092
4670 634092
4680 634092
4690 634092
4700 634092
4710 634092
4720 634092
4730 634092
4740 634092
4750 634092
4760 634092
4770 634092
4780 634092
4790 634092
4800 634092
4810 634092
4820 634092
4830 634092
4840 634092
4850 634092
4860 634092
4870 634092
4880 634092
4890 634092
4900 634092
4910 634092
4920 634092
4930 634092
4940 634092
4950 634092
4960 634092
4970 634092
4980 634092
4990 634092
5000 634092
