20 545785
30 559396
40 563776
50 571998
60 576888
70 589935
80 592961
90 592961
100 593901
110 593901
120 596781
130 596866
140 596866
150 596866
160 596866
170 599588
180 599588
190 599713
200 599713
210 601228
220 601228
230 601228
240 601228
250 601962
260 601962
270 601962
280 601962
290 601962
300 604168
310 607602
320 609662
330 609662
340 609662
350 609662
360 610767
370 612282
380 612282
390 612282
400 612282
410 612282
420 612282
430 612282
440 612282
450 612282
460 612282
470 612282
480 612282
490 616043
500 616043
510 616043
520 616043
530 616043
540 616043
550 616043
560 616043
570 616043
580 616043
590 616541
600 616541
610 616541
620 616541
630 616541
640 616541
650 616541
660 617376
670 617376
680 617376
690 617376
700 617376
710 617376
720 617376
730 617376
740 617376
750 617376
760 617376
770 617376
780 617376
790 617376
800 617376
810 617376
820 619716
830 619716
840 619716
850 619716
860 619716
870 619716
880 619716
890 619716
900 619716
910 619716
920 619716
930 619716
940 619716
950 619716
960 619716
970 619716
980 619716
990 619716
1000 619716
1010 619716
1020 619716
1030 619716
1040 619716
1050 620502
1060 620502
1070 620502
1080 620502
1090 620502
1100 620502
1110 620502
1120 620502
1130 620502
1140 620502
1150 620502
1160 622055
1170 622055
1180 622055
1190 622055
1200 622322
1210 622322
1220 622322
1230 622322
1240 622322
1250 623995
1260 624822
1270 624822
1280 624822
1290 625419
1300 625419
1310 625419
1320 625419
1330 625419
1340 625419
1350 625419
1360 625419
1370 625419
1380 625419
1390 625419
1400 625419
1410 625419
1420 625419
1430 625419
1440 625419
1450 625419
1460 625419
1470 625839
1480 625839
1490 625839
1500 625839
1510 625839
1520 625839
1530 625839
1540 625839
1550 625839
1560 625930
1570 625930
1580 625930
1590 625930
1600 625930
1610 625930
1620 625930
1630 625930
1640 625930
1650 625930
1660 625930
1670 625930
1680 625930
1690 625930
1700 625930
1710 625930
1720 625930
1730 625930
1740 625930
1750 625930
1760 625930
1770 625930
1780 625930
1790 625930
1800 625930
1810 625930
1820 625930
1830 625930
1840 625930
1850 625930
1860 625930
1870 626001
1880 626461
1890 626461
1900 626461
1910 626461
1920 626461
1930 626461
1940 626461
1950 626461
1960 626461
1970 626461
1980 626624
1990 626624
2000 626624
2010 626624
2020 626624
2030 626624
2040 626624
2050 626624
2060 626624
2070 626624
2080 626624
2090 626624
2100 626624
2110 626624
2120 626624
2130 626624
2140 626624
2150 626624
2160 626624
2170 626624
2180 626624
2190 626624
2200 626624
2210 626624
2220 626624
2230 626624
2240 626624
2250 626624
2260 626624
2270 626624
2280 626624
2290 626624
2300 626624
2310 626624
2320 626624
2330 626624
2340 626624
2350 626624
2360 626624
2370 626624
2380 626624
2390 626624
2400 627240
2410 627240
2420 627240
2430 627240
2440 627240
2450 629502
2460 629502
2470 629502
2480 629502
2490 629502
2500 629502
2510 629502
2520 629502
2530 629502
2540 629502
2550 629502
2560 629502
2570 629502
2580 629502
2590 629502
2600 629502
2610 629502
2620 629502
2630 629502
2640 629502
2650 629502
2660 629502
2670 629502
2680 629502
2690 629502
2700 629502
2710 629502
2720 629502
2730 629502
2740 629502
2750 629502
2760 629502
2770 629502
2780 629502
2790 629502
2800 629502
2810 629502
2820 629502
2830 629502
2840 629502
2850 629502
2860 629502
2870 629502
2880 629502
2890 629502
2900 629502
2910 629502
2920 629502
2930 629502
2940 629502
2950 629502
2960 629502
2970 629502
2980 629502
2990 629502
3000 629502
3010 629502
3020 629502
3030 629502
3040 629819
3050 629819
3060 629819
3070 629819
3080 629819
3090 629819
3100 629819
3110 629819
3120 629819
3130 629819
3140 629819
3150 629819
3160 629819
3170 629819
3180 629819
3190 629819
3200 629819
3210 629819
3220 629819
3230 629819
3240 629819
3250 629819
3260 629819
3270 629819
3280 629819
3290 629819
3300 629819
3310 629819
3320 629819
3330 629819
3340 629819
3350 629819
3360 629819
3370 629819
3380 629819
3390 629819
3400 629819
3410 630011
3420 630011
3430 630011
3440 630011
3450 630011
3460 630011
3470 630011
3480 630011
3490 630011
3500 630011
3510 630011
3520 630011
3530 630011
3540 630011
3550 630011
3560 630011
3570 630011
3580 630011
3590 630011
3600 630011
3610 630011
3620 630011
3630 630011
3640 630011
3650 630011
3660 630011
3670 630011
3680 630011
3690 630571
3700 630571
3710 630571
3720 630571
3730 630571
3740 630571
3750 630873
3760 630873
3770 632865
3780 632865
3790 632865
3800 632939
3810 632939
3820 632939
3830 632939
3840 632939
3850 632939
3860 632939
3870 632939
3880 632939
3890 632939
3900 632939
3910 632939
3920 632939
3930 632939
3940 632939
3950 633562
3960 633562
3970 633562
3980 633562
3990 633562
4000 633562
4010 633562
4020 633562
4030 633562
4040 633562
4050 633562
4060 633562
4070 634297
4080 634297
4090 634297
4100 634297
4110 634297
4120 634297
4130 634297
4140 634297
4150 634297
4160 634297
4170 634297
4180 634297
4190 634297
4200 634297
4210 634297
4220 634297
4230 634297
4240 634297
4250 634297
4260 634297
4270 634297
4280 634520
4290 634520
4300 634520
4310 634520
4320 634520
4330 634520
4340 634520
4350 634742
4360 634742
4370 634742
4380 634742
4390 634742
4400 634742
4410 634742
4420 634742
4430 634742
4440 634742
4450 634742
4460 634742
4470 634742
4480 634742
4490 634742
4500 635261
4510 635261
4520 635261
4530 635261
4540 635261
4550 635261
4560 635261
4570 635261
4580 635261
4590 635261
4600 635261
4610 635261
4620 635261
4630 635261
4640 635261
4650 636482
4660 636482
4670 636482
4680 636482
4690 636482
4700 636482
4710 636482
4720 636482
4730 636482
4740 636482
4750 636482
4760 636482
4770 636482
4780 636482
4790 636482
4800 636482
4810 636482
4820 636482
4830 636482
4840 636482
4850 636482
4860 636482
4870 636482
4880 636482
4890 636482
4900 636482
4910 636482
4920 636482
4930 636482
4940 636482
4950 636482
4960 636482
4970 636482
4980 636482
4990 636482
5000 636482
5010 637949
5020 637949
5030 637949
5040 637949
5050 637949
5060 637949
5070 637949
5080 637949
5090 637949
5100 637949
5110 637949
5120 637949
5130 637949
5140 637949
5150 637949
5160 637949
5170 637949
5180 637949
5190 637949
5200 637949
5210 637949
5220 637949
5230 637949
5240 637949
5250 638154
5260 638154
5270 638154
5280 638154
5290 638154
5300 638154
5310 638154
5320 638154
5330 638154
5340 638154
5350 638154
5360 638154
5370 638154
5380 638154
5390 638154
5400 638154
5410 638154
5420 638154
5430 638154
5440 638154
5450 638154
5460 638154
5470 638154
5480 638154
5490 638154
5500 638795
5510 638795
5520 638795
