152 -567612
228 -561952
304 -556618
380 -552436
456 -548598
532 -543122
608 -537895
684 -532538
760 -528873
836 -525818
912 -521795
988 -517046
1064 -512932
1140 -509482
1216 -506781
1292 -504747
1368 -499467
1444 -494415
1520 -489200
1596 -484893
1672 -481012
1748 -477880
1824 -472962
1900 -470119
1976 -465799
2052 -462401
2128 -459483
2204 -457023
2280 -454548
2356 -451854
2432 -448501
2508 -445430
2584 -442272
2660 -439994
2736 -437561
2812 -433714
2888 -432051
2964 -429234
3040 -427228
3116 -425070
3192 -422342
3268 -420371
3344 -418225
3420 -415341
3496 -411194
3572 -408084
3648 -406277
3724 -403793
3800 -403150
3876 -400556
3952 -399098
4028 -396779
4104 -394214
4180 -391545
4256 -389620
4332 -388490
4408 -386226
4484 -383901
4560 -382024
4636 -380310
4712 -378041
4788 -376446
4864 -375493
4940 -373513
5016 -372610
5092 -371181
5168 -370218
5244 -369259
5320 -367662
5396 -365726
5472 -364593
5548 -362700
5624 -360888
5700 -359732
5776 -358016
5852 -356741
5928 -355516
6004 -354883
6080 -354294
6156 -352918
6232 -351395
6308 -350283
6384 -349698
6460 -348544
6536 -348334
6612 -346165
6688 -344591
6764 -343305
6840 -342489
6916 -341295
6992 -340288
7068 -339186
7144 -337995
7220 -335843
7296 -334780
7372 -333248
7448 -332015
7524 -330602
7600 -329851
7676 -329249
7752 -328713
7828 -327328
7904 -326603
7980 -325275
8056 -324558
8132 -322885
8208 -322362
8284 -321242
8360 -320137
8436 -318967
8512 -317611
8588 -316528
8664 -315848
8740 -314692
8816 -313970
8892 -313091
8968 -312531
9044 -311173
9120 -309664
9196 -308631
9272 -307558
9348 -306375
9424 -305442
9500 -304573
9576 -303857
9652 -303148
9728 -302637
9804 -302039
9880 -301535
9956 -300980
10032 -300052
10108 -299224
10184 -298030
10260 -297408
10336 -296493
10412 -295703
10488 -294740
10564 -294111
10640 -293066
10716 -292662
10792 -291536
10868 -291054
10944 -289948
11020 -289586
11096 -288721
11172 -288265
11248 -287632
11324 -286828
11400 -286666
11476 -286471
11552 -285466
11628 -284869
11704 -284453
11780 -283839
11856 -283067
11932 -282480
12008 -282018
12084 -280812
12160 -280168
12236 -279528
12312 -279088
12388 -278694
12464 -278059
12540 -277699
12616 -276692
12692 -276115
12768 -275339
12844 -274968
12920 -274374
12996 -274035
13072 -273612
13148 -273484
13224 -273293
13300 -272767
13376 -271625
13452 -271007
13528 -270351
13604 -269939
13680 -269669
13756 -269400
13832 -269001
13908 -268501
13984 -267692
14060 -267417
14136 -267054
14212 -266570
14288 -265899
14364 -264912
14440 -264537
14516 -264331
14592 -264142
14668 -263742
14744 -263130
14820 -262918
14896 -262262
14972 -262049
15048 -261612
15124 -261230
15200 -260722
15276 -260461
15352 -260209
15428 -259751
15504 -259174
15580 -258733
15656 -258596
15732 -258315
15808 -257401
15884 -257284
15960 -256920
16036 -256674
16112 -256358
16188 -255829
16264 -255534
16340 -255447
16416 -255253
16492 -254663
16568 -254078
16644 -253571
16720 -252904
16796 -252499
16872 -252278
16948 -252064
17024 -251849
17100 -251497
17176 -251252
17252 -250648
17328 -250311
17404 -249960
17480 -249429
17556 -249298
17632 -248968
17708 -248736
17784 -248107
17860 -247685
17936 -247371
18012 -247296
18088 -247248
18164 -246976
18240 -246588
18316 -246537
18392 -246220
18468 -246018
18544 -245983
18620 -245631
18696 -245424
18772 -245190
18848 -245004
18924 -244710
19000 -244404
19076 -244236
19152 -243917
19228 -243573
19304 -243218
19380 -242705
19456 -242238
19532 -241755
19608 -241649
19684 -241182
19760 -240941
19836 -240791
19912 -240426
19988 -239976
20064 -239843
20140 -239715
20216 -239411
20292 -238658
20368 -238454
20444 -238043
20520 -237410
20596 -237143
20672 -236593
20748 -236358
20824 -235839
20900 -235640
20976 -235089
21052 -234914
21128 -234780
21204 -234497
21280 -234328
21356 -234225
21432 -234108
21508 -233932
21584 -233847
21660 -233579
21736 -233497
21812 -233475
21888 -233025
21964 -232905
22040 -232730
22116 -232360
22192 -232149
22268 -232090
22344 -231993
22420 -231695
22496 -231299
22572 -231069
22648 -230923
22724 -230740
22800 -230636
22876 -230503
22952 -230396
23028 -230038
23104 -229881
23180 -229713
23256 -229568
23332 -229494
23408 -229345
23484 -229120
23560 -229018
23636 -228863
23712 -228782
23788 -228636
23864 -228440
23940 -228056
24016 -227913
24092 -227527
24168 -227154
24244 -226995
24320 -226767
24396 -226679
24472 -226326
24548 -225919
24624 -225361
24700 -225089
24776 -224875
24852 -224787
24928 -224705
25004 -224522
25080 -224475
25156 -224283
25232 -224128
25308 -223998
25384 -223801
25460 -223693
25536 -223384
25612 -223094
25688 -222908
25764 -222704
25840 -222328
25916 -222036
25992 -221886
26068 -221458
26144 -221410
26220 -221293
26296 -221028
26372 -221014
26448 -220914
26524 -220876
26600 -220769
26676 -220597
26752 -220461
26828 -220152
26904 -220033
26980 -219971
27056 -219897
27132 -219874
27208 -219583
27284 -219353
27360 -219258
27436 -218938
27512 -218740
27588 -218647
27664 -218497
27740 -218299
27816 -218166
27892 -217868
27968 -217560
28044 -217300
28120 -217222
28196 -217124
28272 -216983
28348 -216678
28424 -216321
28500 -216305
28576 -216080
28652 -216051
28728 -215795
28804 -215566
28880 -215427
28956 -215346
29032 -215218
29108 -214958
29184 -214809
29260 -214600
29336 -214431
29412 -214213
29488 -214112
29564 -214047
29640 -214045
29716 -213845
29792 -213630
29868 -213491
29944 -213298
30020 -213100
30096 -212907
30172 -212784
30248 -212527
30324 -212514
30400 -212481
30476 -212128
30552 -211974
30628 -211937
30704 -211907
30780 -211833
30856 -211444
30932 -211120
31008 -211062
31084 -210972
31160 -210888
31236 -210762
31312 -210737
31388 -210656
31464 -210588
31540 -210556
31616 -210054
31692 -209906
31768 -209701
31844 -209557
31920 -209482
31996 -209339
32072 -209012
32148 -208902
32224 -208816
32300 -208726
32376 -208597
32452 -208532
32528 -208352
32604 -208238
32680 -208133
32756 -207993
32832 -207929
32908 -207803
32984 -207768
33060 -207476
33136 -207456
33212 -207448
33288 -207244
33364 -207141
33440 -207084
33516 -206870
33592 -206779
33668 -206450
33744 -205934
33820 -205707
33896 -205550
33972 -205410
34048 -205322
34124 -205297
34200 -205097
34276 -204969
34352 -204859
34428 -204753
34504 -204594
34580 -204524
34656 -204379
34732 -204308
34808 -204117
34884 -203851
34960 -203702
35036 -203639
35112 -203553
35188 -203359
35264 -203221
35340 -203098
35416 -203022
35492 -202921
35568 -202850
35644 -202712
35720 -202687
35796 -202595
35872 -202485
35948 -202438
36024 -202367
36100 -202169
36176 -202140
36252 -202102
36328 -202018
36404 -201958
36480 -201926
36556 -201836
36632 -201795
36708 -201688
36784 -201594
36860 -201463
36936 -201358
37012 -201016
37088 -200888
37164 -200746
37240 -200688
37316 -200601
37392 -200166
37468 -200112
37544 -199998
37620 -199926
37696 -199873
37772 -199751
37848 -199706
37924 -199547
38000 -199386
38076 -199346
38152 -199275
38228 -199263
38304 -199168
38380 -199094
38456 -199068
38532 -198966
38608 -198623
38684 -198614
38760 -198441
38836 -198104
38912 -197883
38988 -197681
39064 -197670
39140 -197599
39216 -197408
39292 -197351
39368 -197219
39444 -197090
39520 -197049
39596 -196877
39672 -196733
39748 -196664
39824 -196614
39900 -196598
39976 -196560
40052 -196469
40128 -196326
40204 -196197
40280 -196169
40356 -196080
40432 -196018
40508 -195991
40584 -195877
40660 -195866
40736 -195766
40812 -195466
40888 -195337
40964 -195331
41040 -195145
41116 -195062
41192 -195000
41268 -194884
41344 -194870
41420 -194795
41496 -194669
41572 -194609
41648 -194433
41724 -194431
41800 -194431
41876 -194395
41952 -194282
42028 -194261
42104 -194224
42180 -194192
42256 -194181
42332 -194105
42408 -193980
42484 -193949
42560 -193840
42636 -193813
42712 -193785
42788 -193757
42864 -193672
42940 -193631
43016 -193565
43092 -193396
43168 -193320
43244 -193245
43320 -193216
43396 -193162
43472 -193043
43548 -192988
43624 -192792
43700 -192702
43776 -192687
43852 -192492
43928 -192273
44004 -192172
44080 -192030
44156 -191997
44232 -191925
44308 -191874
44384 -191796
44460 -191566
44536 -191497
44612 -191323
44688 -191233
44764 -190973
44840 -190907
44916 -190741
44992 -190696
45068 -190657
45144 -190631
45220 -190552
45296 -190481
45372 -190266
45448 -190246
45524 -190217
45600 -190058
45676 -190012
45752 -189934
45828 -189934
45904 -189885
45980 -189788
46056 -189771
46132 -189696
46208 -189653
46284 -189601
46360 -189601
46436 -189588
46512 -189511
46588 -189465
46664 -189307
46740 -189284
46816 -189098
46892 -189061
46968 -189003
47044 -188869
47120 -188862
47196 -188780
47272 -188742
47348 -188595
47424 -188578
47500 -188576
47576 -188552
47652 -188315
47728 -188308
47804 -188246
47880 -188192
47956 -188161
48032 -188147
48108 -188042
48184 -187900
48260 -187850
48336 -187786
48412 -187671
48488 -187610
48564 -187555
48640 -187503
48716 -187348
48792 -187281
48868 -187251
48944 -187223
49020 -187176
49096 -186878
49172 -186866
49248 -186760
49324 -186689
49400 -186553
49476 -186519
49552 -186483
49628 -186407
49704 -186388
49780 -186154
49856 -186046
49932 -185965
50008 -185886
50084 -185720
50160 -185585
50236 -185585
50312 -185497
50388 -185413
50464 -185377
50540 -185289
50616 -185185
50692 -185128
50768 -185119
50844 -185077
50920 -185034
50996 -184996
51072 -184926
51148 -184875
51224 -184739
51300 -184713
51376 -184650
51452 -184626
51528 -184518
51604 -184473
51680 -184394
51756 -184345
51832 -184249
51908 -184158
51984 -184063
52060 -183993
52136 -183873
52212 -183831
52288 -183770
52364 -183678
52440 -183560
52516 -183477
52592 -183161
52668 -183130
52744 -182940
52820 -182831
52896 -182715
52972 -182582
53048 -182582
53124 -182411
53200 -182367
53276 -182317
53352 -182262
53428 -182234
53504 -182194
53580 -182118
53656 -182089
53732 -182056
53808 -181989
53884 -181839
53960 -181754
54036 -181660
54112 -181607
54188 -181570
54264 -181476
54340 -181433
54416 -181327
54492 -181130
54568 -181042
54644 -180970
54720 -180842
54796 -180821
54872 -180746
54948 -180712
55024 -180663
55100 -180562
55176 -180527
55252 -180447
55328 -180404
55404 -180281
55480 -180265
55556 -180241
55632 -180177
55708 -180143
55784 -180119
55860 -180086
55936 -179966
56012 -179895
56088 -179805
56164 -179785
56240 -179734
56316 -179706
56392 -179665
56468 -179655
56544 -179612
56620 -179537
56696 -179529
56772 -179410
56848 -179198
56924 -179197
57000 -179128
57076 -179019
57152 -178968
57228 -178933
57304 -178805
57380 -178520
57456 -178486
57532 -178461
57608 -178414
57684 -178409
57760 -178372
57836 -178371
57912 -178287
57988 -178271
58064 -178157
58140 -178141
58216 -178126
58292 -178087
58368 -177936
58444 -177895
58520 -177870
58596 -177864
58672 -177844
58748 -177794
58824 -177745
58900 -177611
58976 -177578
59052 -177533
59128 -177308
59204 -177150
59280 -177104
59356 -177093
59432 -177042
59508 -177038
59584 -176984
59660 -176964
59736 -176904
59812 -176874
59888 -176872
59964 -176866
60040 -176801
60116 -176691
60192 -176683
60268 -176680
60344 -176638
60420 -176623
60496 -176592
60572 -176556
60648 -176556
60724 -176502
60800 -176502
60876 -176502
60952 -176460
61028 -176442
61104 -176326
61180 -176166
61256 -176165
61332 -176161
61408 -176145
61484 -176072
61560 -175982
61636 -175946
61712 -175910
61788 -175904
61864 -175884
61940 -175860
62016 -175820
62092 -175724
62168 -175709
62244 -175591
62320 -175483
62396 -175476
62472 -175476
62548 -175460
62624 -175382
62700 -175220
62776 -175180
62852 -175130
62928 -175108
63004 -175090
63080 -174947
63156 -174878
63232 -174877
63308 -174855
63384 -174842
63460 -174832
63536 -174827
63612 -174738
63688 -174665
63764 -174599
63840 -174503
63916 -174500
63992 -174288
64068 -174210
64144 -174205
64220 -174175
64296 -174129
64372 -174102
64448 -174090
64524 -173945
64600 -173907
64676 -173817
64752 -173683
64828 -173650
64904 -173617
64980 -173565
65056 -173540
65132 -173523
65208 -173511
65284 -173498
65360 -173415
65436 -173398
65512 -173392
65588 -173366
65664 -173308
65740 -173186
65816 -173176
65892 -173163
65968 -173110
66044 -173094
66120 -172966
66196 -172910
66272 -172888
66348 -172874
66424 -172803
66500 -172674
66576 -172633
66652 -172625
66728 -172561
66804 -172513
66880 -172471
66956 -172436
67032 -172381
67108 -172347
67184 -172336
67260 -172285
67336 -172276
67412 -172267
67488 -172183
67564 -172164
67640 -172079
67716 -172065
67792 -171956
67868 -171954
67944 -171889
68020 -171857
68096 -171825
68172 -171779
68248 -171648
68324 -171592
68400 -171498
68476 -171449
68552 -171329
68628 -171275
68704 -171212
68780 -171193
68856 -171166
68932 -171129
69008 -171125
69084 -171125
69160 -171113
69236 -171085
69312 -170971
69388 -170931
69464 -170887
69540 -170885
69616 -170868
69692 -170868
69768 -170821
69844 -170821
69920 -170819
69996 -170778
70072 -170778
70148 -170697
70224 -170659
70300 -170586
70376 -170528
70452 -170473
70528 -170370
70604 -170271
70680 -170267
70756 -170247
70832 -170228
70908 -170113
70984 -170111
71060 -170100
71136 -170062
71212 -169983
71288 -169980
71364 -169955
71440 -169888
71516 -169833
71592 -169818
71668 -169719
71744 -169559
71820 -169515
71896 -169478
71972 -169464
72048 -169360
72124 -169227
72200 -169227
72276 -169203
72352 -169158
72428 -169158
72504 -169158
72580 -169146
72656 -169085
72732 -169072
72808 -169055
72884 -169043
72960 -168968
73036 -168959
73112 -168931
73188 -168913
73264 -168913
73340 -168879
73416 -168877
73492 -168765
73568 -168595
73644 -168563
73720 -168554
73796 -168411
73872 -168411
73948 -168348
74024 -168337
74100 -168312
74176 -168247
74252 -168211
74328 -168198
74404 -168181
74480 -168090
74556 -168041
74632 -167950
74708 -167926
74784 -167926
74860 -167855
74936 -167832
75012 -167828
75088 -167749
75164 -167701
75240 -167631
75316 -167598
75392 -167592
75468 -167592
75544 -167570
75620 -167566
75696 -167480
75772 -167448
75848 -167412
75924 -167366
76000 -167358
76076 -167358
76152 -167358
76228 -167347
76304 -167343
76380 -167260
76456 -167260
76532 -167229
76608 -167110
76684 -167110
76760 -167110
76836 -167060
76912 -167033
76988 -167033
77064 -166915
77140 -166901
77216 -166901
77292 -166854
77368 -166726
77444 -166726
77520 -166695
77596 -166607
77672 -166591
77748 -166540
77824 -166539
77900 -166528
77976 -166527
78052 -166469
78128 -166355
78204 -166340
78280 -166333
78356 -166327
78432 -166311
78508 -166194
78584 -166180
78660 -166180
78736 -166083
78812 -165980
78888 -165966
78964 -165793
79040 -165726
79116 -165713
79192 -165699
79268 -165674
79344 -165671
79420 -165604
79496 -165588
79572 -165588
79648 -165562
79724 -165541
79800 -165514
79876 -165197
79952 -165144
80028 -165144
80104 -164909
80180 -164906
80256 -164851
80332 -164820
80408 -164811
80484 -164795
80560 -164784
80636 -164784
80712 -164777
80788 -164711
80864 -164700
80940 -164670
81016 -164537
81092 -164465
81168 -164441
81244 -164422
81320 -164374
81396 -164374
81472 -164340
81548 -164318
81624 -164318
81700 -164240
81776 -164240
81852 -164192
81928 -164192
82004 -163943
82080 -163921
82156 -163858
82232 -163858
82308 -163847
82384 -163834
82460 -163713
82536 -163694
82612 -163674
82688 -163670
82764 -163660
82840 -163659
82916 -163616
82992 -163506
83068 -163445
83144 -163425
83220 -163425
83296 -163405
83372 -163405
83448 -163348
83524 -163332
83600 -163315
83676 -163293
83752 -163277
83828 -163258
83904 -163233
83980 -163230
84056 -163111
84132 -163098
84208 -163060
84284 -163039
84360 -162970
84436 -162955
84512 -162898
84588 -162895
84664 -162815
84740 -162815
84816 -162797
84892 -162676
84968 -162670
85044 -162641
85120 -162633
85196 -162633
85272 -162627
85348 -162627
85424 -162599
85500 -162530
85576 -162464
85652 -162444
85728 -162444
85804 -162427
85880 -162394
85956 -162335
86032 -162271
86108 -162214
86184 -162162
86260 -162150
86336 -162021
86412 -161985
86488 -161985
86564 -161944
86640 -161917
86716 -161917
86792 -161903
86868 -161815
86944 -161803
87020 -161758
87096 -161756
87172 -161706
87248 -161678
87324 -161630
87400 -161545
87476 -161508
87552 -161436
87628 -161270
87704 -161176
87780 -161115
87856 -161105
87932 -161082
88008 -161056
88084 -161056
88160 -161054
88236 -161054
88312 -161028
88388 -161003
88464 -160979
88540 -160955
88616 -160882
88692 -160841
88768 -160814
88844 -160814
88920 -160814
88996 -160773
89072 -160745
89148 -160731
89224 -160730
89300 -160687
89376 -160675
89452 -160583
89528 -160521
89604 -160500
89680 -160475
89756 -160458
89832 -160433
89908 -160428
89984 -160399
90060 -160393
90136 -160381
90212 -160336
90288 -160313
90364 -160299
90440 -160248
90516 -160248
90592 -160239
90668 -160211
90744 -160171
90820 -160112
90896 -160070
90972 -160030
91048 -160011
91124 -159954
91200 -159922
91276 -159837
91352 -159790
91428 -159749
91504 -159736
91580 -159736
91656 -159727
91732 -159549
91808 -159490
91884 -159490
91960 -159490
92036 -159475
92112 -159386
92188 -159378
92264 -159367
92340 -159307
92416 -159303
92492 -159294
92568 -159278
92644 -159239
92720 -159199
92796 -159175
92872 -159174
92948 -159174
93024 -159174
93100 -159117
93176 -159098
93252 -159087
93328 -159035
93404 -159020
93480 -159020
93556 -159012
93632 -158988
93708 -158840
93784 -158797
93860 -158782
93936 -158768
94012 -158717
94088 -158714
94164 -158714
94240 -158702
94316 -158702
94392 -158696
94468 -158619
94544 -158591
94620 -158591
94696 -158562
94772 -158502
94848 -158492
94924 -158477
95000 -158455
95076 -158452
95152 -158452
95228 -158430
95304 -158400
95380 -158389
95456 -158389
95532 -158358
95608 -158230
95684 -158230
95760 -158119
95836 -158113
95912 -158071
95988 -158070
96064 -158070
96140 -158070
96216 -158055
96292 -158011
96368 -158001
96444 -157982
96520 -157920
96596 -157895
96672 -157884
96748 -157821
96824 -157784
96900 -157784
96976 -157737
97052 -157730
97128 -157713
97204 -157686
97280 -157678
97356 -157647
97432 -157647
97508 -157534
97584 -157526
97660 -157508
97736 -157507
97812 -157495
97888 -157466
97964 -157461
98040 -157428
98116 -157389
98192 -157389
98268 -157368
98344 -157357
98420 -157355
98496 -157335
98572 -157221
98648 -157192
98724 -157192
98800 -157156
98876 -157140
98952 -157104
99028 -157084
99104 -157080
99180 -157036
99256 -156992
99332 -156992
99408 -156940
99484 -156924
99560 -156921
99636 -156920
99712 -156912
99788 -156907
99864 -156865
99940 -156859
100016 -156859
100092 -156837
100168 -156837
100244 -156837
100320 -156720
100396 -156713
100472 -156713
100548 -156601
100624 -156601
100700 -156570
100776 -156554
100852 -156539
100928 -156535
101004 -156535
101080 -156531
101156 -156473
101232 -156436
101308 -156436
101384 -156430
101460 -156395
101536 -156350
101612 -156321
101688 -156313
101764 -156279
101840 -156279
101916 -156216
101992 -156134
102068 -156113
102144 -156103
102220 -156099
102296 -156098
102372 -156083
102448 -156083
102524 -156077
102600 -156076
102676 -156065
102752 -156060
102828 -156040
102904 -156037
102980 -155938
103056 -155840
103132 -155840
103208 -155840
103284 -155825
103360 -155787
103436 -155787
103512 -155767
103588 -155733
103664 -155704
103740 -155699
103816 -155651
103892 -155651
103968 -155611
104044 -155494
104120 -155465
104196 -155447
104272 -155397
104348 -155378
104424 -155377
104500 -155377
104576 -155377
104652 -155377
104728 -155351
104804 -155339
104880 -155319
104956 -155319
105032 -155303
105108 -155235
105184 -155235
105260 -155233
105336 -155233
105412 -155222
105488 -155188
105564 -155184
105640 -155169
105716 -155160
105792 -155092
105868 -155092
105944 -155091
106020 -155088
106096 -155086
106172 -155086
106248 -155069
106324 -155069
106400 -155069
106476 -154954
106552 -154954
106628 -154943
106704 -154934
106780 -154926
106856 -154893
106932 -154893
107008 -154857
107084 -154777
107160 -154755
107236 -154690
107312 -154690
107388 -154643
107464 -154643
107540 -154619
107616 -154619
107692 -154559
107768 -154511
107844 -154501
107920 -154451
107996 -154436
108072 -154436
108148 -154407
108224 -154391
108300 -154365
108376 -154365
108452 -154365
108528 -154325
108604 -154322
108680 -154303
108756 -154293
108832 -154278
108908 -154260
108984 -154231
109060 -154202
109136 -154202
109212 -154202
109288 -154185
109364 -154137
109440 -154122
109516 -154052
109592 -154040
109668 -154021
109744 -154016
109820 -154016
109896 -154016
109972 -154016
110048 -154016
110124 -154005
110200 -154005
110276 -153989
110352 -153973
110428 -153969
110504 -153969
110580 -153950
110656 -153932
110732 -153917
110808 -153873
110884 -153846
110960 -153838
111036 -153829
111112 -153791
111188 -153711
111264 -153653
111340 -153642
111416 -153627
111492 -153627
111568 -153627
111644 -153616
111720 -153608
111796 -153596
111872 -153592
111948 -153592
112024 -153580
112100 -153580
112176 -153574
112252 -153574
112328 -153574
112404 -153556
112480 -153529
112556 -153509
112632 -153468
112708 -153434
112784 -153434
112860 -153419
112936 -153395
113012 -153333
113088 -153311
113164 -153302
113240 -153295
113316 -153295
113392 -153295
113468 -153293
113544 -153281
113620 -153281
113696 -153281
113772 -153281
113848 -153256
113924 -153206
114000 -153206
114076 -153187
114152 -153176
114228 -153176
114304 -153176
114380 -153135
114456 -153102
114532 -153102
114608 -153097
114684 -153097
114760 -153097
114836 -153097
114912 -153095
114988 -153076
115064 -153076
115140 -153076
115216 -153064
115292 -153057
115368 -153057
115444 -153055
115520 -153045
115596 -153045
115672 -153026
115748 -153023
115824 -153010
115900 -152970
115976 -152945
116052 -152942
116128 -152918
116204 -152902
116280 -152902
116356 -152902
116432 -152902
116508 -152886
116584 -152874
116660 -152834
116736 -152834
116812 -152824
116888 -152812
116964 -152805
117040 -152805
117116 -152776
117192 -152769
117268 -152764
117344 -152753
117420 -152753
117496 -152753
117572 -152753
117648 -152741
117724 -152741
117800 -152741
117876 -152725
117952 -152725
118028 -152689
118104 -152676
118180 -152622
118256 -152622
118332 -152611
118408 -152611
118484 -152574
118560 -152574
118636 -152571
118712 -152561
118788 -152534
118864 -152434
118940 -152330
119016 -152330
119092 -152329
119168 -152329
119244 -152318
119320 -152294
119396 -152257
119472 -152165
119548 -152163
119624 -152158
119700 -152098
119776 -152033
119852 -152031
119928 -151977
120004 -151876
120080 -151875
120156 -151859
120232 -151859
120308 -151855
120384 -151855
120460 -151854
120536 -151787
120612 -151780
120688 -151739
120764 -151733
120840 -151733
120916 -151696
120992 -151696
121068 -151690
121144 -151653
121220 -151644
121296 -151525
121372 -151525
121448 -151525
121524 -151519
121600 -151508
121676 -151493
121752 -151492
121828 -151492
121904 -151462
121980 -151451
122056 -151408
122132 -151406
122208 -151403
122284 -151380
122360 -151378
122436 -151344
122512 -151344
122588 -151344
122664 -151344
122740 -151330
122816 -151275
122892 -151267
122968 -151267
123044 -151265
123120 -151257
123196 -151235
123272 -151224
123348 -151224
123424 -151219
123500 -151184
123576 -151104
123652 -151104
123728 -151074
123804 -151032
123880 -150981
123956 -150976
124032 -150950
124108 -150946
124184 -150946
124260 -150946
124336 -150913
124412 -150913
124488 -150909
124564 -150862
124640 -150862
124716 -150819
124792 -150797
124868 -150774
124944 -150774
125020 -150740
125096 -150705
125172 -150705
125248 -150695
125324 -150687
125400 -150597
125476 -150597
125552 -150597
125628 -150593
125704 -150487
125780 -150487
125856 -150481
125932 -150481
126008 -150428
126084 -150424
126160 -150406
126236 -150402
126312 -150390
126388 -150390
126464 -150390
126540 -150387
126616 -150361
126692 -150356
126768 -150353
126844 -150320
126920 -150320
126996 -150316
127072 -150277
127148 -150270
127224 -150267
127300 -150267
127376 -150267
127452 -150267
127528 -150267
127604 -150267
127680 -150259
127756 -150252
127832 -150252
127908 -150252
127984 -150238
128060 -150224
128136 -150213
128212 -150098
128288 -150091
128364 -150081
128440 -150068
128516 -150060
128592 -150032
128668 -150032
128744 -150032
128820 -150019
128896 -149988
128972 -149966
129048 -149935
129124 -149931
129200 -149930
129276 -149930
129352 -149930
129428 -149887
129504 -149887
129580 -149866
129656 -149866
129732 -149866
129808 -149860
129884 -149846
129960 -149846
130036 -149827
130112 -149786
130188 -149782
130264 -149760
130340 -149760
130416 -149760
130492 -149720
130568 -149720
130644 -149720
130720 -149720
130796 -149695
130872 -149693
130948 -149679
131024 -149679
131100 -149679
131176 -149679
131252 -149679
131328 -149679
131404 -149644
131480 -149616
131556 -149614
131632 -149614
131708 -149614
131784 -149614
131860 -149607
131936 -149607
132012 -149607
132088 -149586
132164 -149586
132240 -149586
132316 -149581
132392 -149581
132468 -149581
132544 -149571
132620 -149571
132696 -149545
132772 -149545
132848 -149545
132924 -149517
133000 -149517
133076 -149517
133152 -149517
133228 -149497
133304 -149497
133380 -149495
133456 -149463
133532 -149460
133608 -149451
133684 -149371
133760 -149359
133836 -149359
133912 -149357
133988 -149332
134064 -149255
134140 -149219
134216 -149219
134292 -149213
134368 -149193
134444 -149192
134520 -149163
134596 -149163
134672 -149163
134748 -149157
134824 -149157
134900 -149157
134976 -149157
135052 -149157
135128 -149007
135204 -149004
135280 -148940
135356 -148936
135432 -148936
135508 -148889
135584 -148874
135660 -148865
135736 -148855
135812 -148855
135888 -148841
135964 -148841
136040 -148825
136116 -148790
136192 -148790
136268 -148755
136344 -148755
136420 -148692
136496 -148692
136572 -148670
136648 -148670
136724 -148665
136800 -148665
136876 -148653
136952 -148622
137028 -148585
137104 -148585
137180 -148569
137256 -148566
137332 -148566
137408 -148566
137484 -148555
137560 -148555
137636 -148516
137712 -148493
137788 -148493
137864 -148479
137940 -148476
138016 -148476
138092 -148465
138168 -148463
138244 -148451
138320 -148451
138396 -148439
138472 -148378
138548 -148360
138624 -148346
138700 -148244
138776 -148244
138852 -148244
138928 -148239
139004 -148215
139080 -148207
139156 -148168
139232 -148168
139308 -148168
139384 -148168
139460 -148162
139536 -148149
139612 -148149
139688 -148149
139764 -148149
139840 -148149
139916 -148149
139992 -148149
140068 -148141
140144 -148137
140220 -148122
140296 -148115
140372 -148115
140448 -148113
140524 -148113
140600 -148088
140676 -148088
140752 -148088
140828 -148082
140904 -148082
140980 -148056
141056 -148056
141132 -148028
141208 -148026
141284 -148026
141360 -147970
141436 -147968
141512 -147954
