152 -569294
228 -564418
304 -557602
380 -553560
456 -549895
532 -544514
608 -540009
684 -535560
760 -530606
836 -525540
912 -521301
988 -517938
1064 -512218
1140 -509257
1216 -505533
1292 -501759
1368 -498129
1444 -494443
1520 -490156
1596 -486514
1672 -483806
1748 -479262
1824 -476103
1900 -472724
1976 -470687
2052 -468203
2128 -463980
2204 -461509
2280 -457886
2356 -454911
2432 -451784
2508 -449990
2584 -447811
2660 -445515
2736 -443834
2812 -441756
2888 -438844
2964 -434965
3040 -432631
3116 -430356
3192 -428956
3268 -426075
3344 -423685
3420 -420369
3496 -418063
3572 -416868
3648 -415219
3724 -413374
3800 -411665
3876 -409247
3952 -407168
4028 -405786
4104 -403685
4180 -402526
4256 -400671
4332 -399956
4408 -398727
4484 -396428
4560 -393967
4636 -392251
4712 -390247
4788 -387771
4864 -386029
4940 -384160
5016 -381871
5092 -380216
5168 -378242
5244 -377244
5320 -375282
5396 -372654
5472 -371688
5548 -369878
5624 -368278
5700 -367190
5776 -365749
5852 -364592
5928 -363205
6004 -362432
6080 -361050
6156 -359365
6232 -357877
6308 -356639
6384 -355273
6460 -354361
6536 -354017
6612 -351618
6688 -349609
6764 -348531
6840 -347829
6916 -346310
6992 -345055
7068 -343413
7144 -342069
7220 -340633
7296 -339854
7372 -339087
7448 -337292
7524 -336123
7600 -335664
7676 -334593
7752 -333551
7828 -332018
7904 -331506
7980 -330624
8056 -329735
8132 -329036
8208 -328235
8284 -327560
8360 -326169
8436 -324945
8512 -323740
8588 -323157
8664 -322582
8740 -321644
8816 -321451
8892 -321018
8968 -319761
9044 -319078
9120 -318019
9196 -317442
9272 -316275
9348 -315272
9424 -314346
9500 -313430
9576 -312310
9652 -311396
9728 -310804
9804 -310661
9880 -309886
9956 -309340
10032 -309033
10108 -308851
