152 -575446
228 -569760
304 -564036
380 -558476
456 -554781
532 -550453
608 -545839
684 -540720
760 -536260
836 -531878
912 -525222
988 -519601
1064 -516285
1140 -510860
1216 -505733
1292 -501844
1368 -495281
1444 -491802
1520 -487072
1596 -483047
1672 -479429
1748 -475858
1824 -471551
1900 -468673
1976 -466476
2052 -463507
2128 -459439
2204 -456286
2280 -452396
2356 -449698
2432 -446311
2508 -444412
2584 -441082
2660 -438370
2736 -435232
2812 -432810
2888 -431508
2964 -429460
3040 -426535
3116 -423626
3192 -422158
3268 -419669
3344 -416940
3420 -415290
3496 -413391
3572 -410525
3648 -408665
3724 -406708
3800 -404345
3876 -401879
3952 -399894
4028 -398500
4104 -396287
4180 -394212
4256 -392434
4332 -390986
4408 -390029
4484 -387518
4560 -386372
4636 -384502
4712 -383256
4788 -381598
4864 -380019
4940 -377688
5016 -376511
5092 -375048
5168 -373830
5244 -372219
5320 -370554
5396 -368916
5472 -367329
5548 -366285
5624 -365011
5700 -363143
5776 -362410
5852 -361860
5928 -360359
6004 -359710
6080 -357848
6156 -356565
6232 -354871
6308 -353594
6384 -352635
6460 -351593
6536 -350082
6612 -349047
6688 -348036
6764 -347014
6840 -345573
6916 -343886
6992 -342260
7068 -340531
7144 -339560
7220 -338930
7296 -337299
7372 -335329
7448 -333843
7524 -332855
7600 -332021
7676 -331080
7752 -329267
7828 -328624
7904 -328021
7980 -327702
8056 -326771
8132 -326128
8208 -324645
8284 -324064
8360 -323014
8436 -322628
8512 -322202
8588 -321775
8664 -321045
8740 -320022
8816 -319711
8892 -318527
8968 -317339
9044 -316226
9120 -315849
9196 -314324
9272 -313700
9348 -313271
9424 -312418
9500 -311715
9576 -309828
9652 -308906
9728 -308507
9804 -307483
9880 -306991
9956 -306005
10032 -305208
10108 -304273
10184 -303112
10260 -302858
10336 -301485
10412 -300847
10488 -299978
10564 -299462
10640 -299235
10716 -298770
10792 -297897
10868 -297369
10944 -297006
11020 -295682
11096 -294885
11172 -293843
11248 -293449
11324 -292860
11400 -292439
11476 -291710
11552 -291371
11628 -290874
11704 -290274
11780 -289728
11856 -288927
11932 -288712
12008 -288166
12084 -287379
12160 -286678
12236 -286187
12312 -285620
12388 -284927
12464 -284089
12540 -283649
12616 -282663
12692 -282055
12768 -281643
12844 -280942
12920 -280377
12996 -280114
13072 -279649
13148 -279189
13224 -278690
13300 -278267
13376 -277458
13452 -276782
13528 -276220
13604 -275394
13680 -274771
13756 -274610
13832 -274371
13908 -273530
13984 -273142
14060 -272724
14136 -271891
14212 -271360
14288 -270773
14364 -270562
14440 -270182
14516 -269672
14592 -269481
14668 -268887
14744 -268439
14820 -268329
14896 -268081
14972 -267476
15048 -267130
15124 -266804
15200 -266508
15276 -266179
15352 -265756
15428 -265204
15504 -264756
15580 -264030
15656 -263400
15732 -262352
15808 -261482
15884 -260837
15960 -260385
16036 -260199
16112 -260081
16188 -260049
16264 -259897
16340 -259559
16416 -259376
16492 -259218
16568 -258783
16644 -258270
16720 -258053
16796 -257762
16872 -257536
16948 -257417
17024 -256747
17100 -256505
17176 -256373
17252 -255705
17328 -254682
17404 -253670
17480 -253427
17556 -252987
17632 -252796
17708 -252699
17784 -252404
17860 -251766
17936 -251644
18012 -251303
18088 -251246
18164 -250891
18240 -250631
18316 -250512
18392 -250257
18468 -250236
18544 -250117
18620 -249749
18696 -249644
18772 -249254
18848 -248514
18924 -248110
19000 -247616
19076 -246960
19152 -246832
19228 -246510
19304 -246145
19380 -245972
19456 -245412
19532 -245223
19608 -245076
19684 -244585
19760 -244203
19836 -243839
19912 -243291
19988 -243070
20064 -242838
20140 -242552
20216 -242289
20292 -241836
20368 -241628
20444 -241381
20520 -241118
20596 -241084
20672 -240781
20748 -240672
20824 -240434
20900 -239947
20976 -239514
21052 -239226
21128 -238703
21204 -238538
21280 -238194
21356 -238099
21432 -237983
21508 -237658
21584 -237559
21660 -237308
21736 -236964
21812 -236626
21888 -236226
21964 -235821
22040 -235542
22116 -235415
22192 -235170
22268 -235088
22344 -234728
22420 -234450
22496 -234291
22572 -233887
22648 -233722
22724 -233631
22800 -233348
22876 -233119
22952 -232879
23028 -232512
23104 -232204
23180 -231845
23256 -231430
23332 -231210
23408 -231060
23484 -230838
23560 -230406
23636 -230147
23712 -229874
23788 -229684
23864 -229615
23940 -229484
24016 -229416
24092 -228786
24168 -228657
24244 -228560
24320 -228517
24396 -228469
24472 -228319
24548 -228213
24624 -228165
24700 -228026
24776 -227908
24852 -227546
24928 -227469
25004 -227242
25080 -227118
25156 -226802
25232 -226576
25308 -226415
25384 -225976
25460 -225762
25536 -225566
25612 -225376
25688 -225260
25764 -225115
25840 -224797
25916 -224591
25992 -224478
26068 -224250
26144 -224200
26220 -224144
26296 -223974
26372 -223781
26448 -223539
26524 -223165
26600 -222884
26676 -222613
26752 -222316
26828 -222013
26904 -221829
26980 -221798
27056 -221481
27132 -221396
27208 -221267
27284 -221096
27360 -221041
27436 -220901
27512 -220655
27588 -220286
27664 -220057
27740 -219767
27816 -219475
27892 -218957
27968 -218797
28044 -218623
28120 -218497
28196 -218331
28272 -218145
28348 -218041
28424 -217586
28500 -217570
28576 -217485
28652 -217325
28728 -217231
28804 -217143
28880 -217024
28956 -216787
29032 -216595
29108 -216529
29184 -216410
29260 -216196
29336 -216150
29412 -215911
29488 -215568
29564 -215297
29640 -215013
29716 -214924
29792 -214782
29868 -214694
29944 -214494
30020 -214313
30096 -214035
30172 -213893
30248 -213438
30324 -213231
30400 -213218
30476 -213042
30552 -212966
30628 -212823
30704 -212680
30780 -212660
30856 -212574
30932 -212467
31008 -212334
31084 -212212
31160 -211912
31236 -211604
31312 -211582
31388 -211445
31464 -211232
31540 -211133
31616 -210888
31692 -210612
31768 -210532
31844 -210135
31920 -210029
31996 -209835
32072 -209540
32148 -209485
32224 -209457
32300 -209310
32376 -209232
32452 -208672
32528 -208620
32604 -208242
32680 -208024
32756 -207874
32832 -207678
32908 -207643
32984 -207506
33060 -207374
33136 -207245
33212 -207158
33288 -206937
33364 -206937
33440 -206937
33516 -206563
33592 -206542
33668 -206416
33744 -206299
33820 -206252
33896 -206081
33972 -205887
34048 -205825
34124 -205819
34200 -205717
34276 -205383
34352 -205286
34428 -205180
34504 -204913
34580 -204788
34656 -204698
34732 -204614
34808 -204565
34884 -204500
34960 -204299
35036 -204159
35112 -204131
35188 -204049
35264 -203914
35340 -203857
35416 -203805
35492 -203739
35568 -203668
35644 -203540
35720 -203428
35796 -203329
35872 -203201
35948 -203159
36024 -203130
36100 -203100
36176 -203077
36252 -203033
36328 -202930
36404 -202799
36480 -202703
36556 -202664
36632 -202632
36708 -202507
36784 -202481
36860 -202304
36936 -202272
37012 -202092
37088 -201958
37164 -201832
37240 -201779
37316 -201712
37392 -201708
37468 -201626
37544 -201438
37620 -201411
37696 -201259
37772 -201181
37848 -201133
37924 -201115
38000 -201041
38076 -200992
38152 -200957
38228 -200813
38304 -200794
38380 -200610
38456 -200307
38532 -200260
38608 -200057
38684 -199856
38760 -199856
38836 -199716
38912 -199570
38988 -199418
39064 -199322
39140 -199270
39216 -199222
39292 -199119
39368 -199042
39444 -198950
39520 -198915
39596 -198741
39672 -198582
39748 -198348
39824 -198229
39900 -198135
39976 -198053
40052 -198025
40128 -198002
40204 -197943
40280 -197863
40356 -197800
40432 -197747
40508 -197540
40584 -197431
40660 -197395
40736 -197267
40812 -197206
40888 -197108
40964 -197050
41040 -197042
41116 -196947
41192 -196923
41268 -196589
41344 -196422
41420 -196404
41496 -196084
41572 -196050
41648 -195830
41724 -195728
41800 -195728
41876 -195672
41952 -195601
42028 -195405
42104 -195311
42180 -195156
42256 -195020
42332 -194879
42408 -194781
42484 -194702
42560 -194617
42636 -194588
42712 -194498
42788 -194444
42864 -194358
42940 -194183
43016 -194053
43092 -194002
43168 -193878
43244 -193788
43320 -193724
43396 -193597
43472 -193565
43548 -193532
43624 -193482
43700 -193379
43776 -193338
43852 -193269
43928 -193165
44004 -193053
44080 -193016
44156 -192891
44232 -192810
44308 -192770
44384 -192717
44460 -192628
44536 -192490
44612 -192430
44688 -192405
44764 -192333
44840 -192327
44916 -192265
44992 -192238
45068 -192115
45144 -192053
45220 -192012
45296 -191966
45372 -191905
45448 -191890
45524 -191826
45600 -191695
45676 -191636
45752 -191575
45828 -191525
45904 -191500
45980 -191325
46056 -191202
46132 -191194
46208 -191191
46284 -190835
46360 -190659
46436 -190563
46512 -190500
46588 -190318
46664 -190308
46740 -190249
46816 -190162
46892 -190094
46968 -190080
47044 -189963
47120 -189909
47196 -189839
47272 -189763
47348 -189672
47424 -189625
47500 -189603
47576 -189550
47652 -189550
47728 -189525
47804 -189467
47880 -189419
47956 -189309
48032 -189220
48108 -189210
48184 -189114
48260 -189076
48336 -189011
48412 -188923
48488 -188843
48564 -188769
48640 -188722
48716 -188665
48792 -188563
48868 -188349
48944 -188204
49020 -188153
49096 -188130
49172 -188102
49248 -188036
49324 -187896
49400 -187863
49476 -187821
49552 -187698
49628 -187676
49704 -187648
49780 -187477
49856 -187445
49932 -187413
50008 -187412
50084 -187400
50160 -187272
50236 -187193
50312 -187135
50388 -187039
50464 -187031
50540 -186943
50616 -186892
50692 -186871
50768 -186751
50844 -186736
50920 -186723
50996 -186688
51072 -186575
51148 -186486
51224 -186365
51300 -186340
51376 -186324
51452 -186199
51528 -186119
51604 -186042
51680 -185957
51756 -185922
51832 -185903
51908 -185807
51984 -185714
52060 -185597
52136 -185478
52212 -185442
52288 -185315
52364 -185242
52440 -185143
52516 -184954
52592 -184908
52668 -184794
52744 -184782
52820 -184662
52896 -184517
52972 -184481
53048 -184408
53124 -184396
53200 -184218
53276 -184217
53352 -184155
53428 -184064
53504 -184058
53580 -184024
53656 -183932
53732 -183879
53808 -183860
53884 -183822
53960 -183732
54036 -183561
54112 -183444
54188 -183354
54264 -183331
54340 -183149
54416 -183135
54492 -183064
54568 -183052
54644 -183036
54720 -183036
54796 -182978
54872 -182960
54948 -182923
55024 -182890
55100 -182874
55176 -182808
55252 -182770
55328 -182666
55404 -182528
55480 -182383
55556 -182344
55632 -182327
55708 -182234
55784 -182212
55860 -182193
55936 -182106
56012 -181987
56088 -181826
56164 -181747
56240 -181632
56316 -181510
56392 -181364
56468 -181157
56544 -181155
56620 -181081
56696 -181051
56772 -181046
56848 -181004
56924 -180957
57000 -180939
57076 -180897
57152 -180872
57228 -180838
57304 -180713
57380 -180713
57456 -180683
57532 -180572
57608 -180567
57684 -180471
57760 -180443
57836 -180404
57912 -180289
57988 -180151
58064 -180089
58140 -180029
58216 -180015
58292 -179954
58368 -179910
58444 -179861
58520 -179828
58596 -179768
58672 -179724
58748 -179675
58824 -179635
58900 -179570
58976 -179398
59052 -179326
59128 -179273
59204 -179231
59280 -179120
59356 -179097
59432 -179019
59508 -178979
59584 -178911
59660 -178816
59736 -178781
59812 -178735
59888 -178664
59964 -178645
60040 -178590
60116 -178571
60192 -178435
60268 -178271
60344 -178151
60420 -178151
60496 -178066
60572 -177912
60648 -177769
60724 -177610
60800 -177574
60876 -177546
60952 -177440
61028 -177347
61104 -177337
61180 -177219
61256 -177199
61332 -177171
61408 -177004
61484 -176999
61560 -176964
61636 -176911
61712 -176888
61788 -176813
61864 -176666
61940 -176624
62016 -176536
62092 -176442
62168 -176390
62244 -176326
62320 -176128
62396 -175994
62472 -175994
62548 -175870
62624 -175819
62700 -175757
62776 -175716
62852 -175664
62928 -175571
63004 -175525
63080 -175525
63156 -175448
63232 -175397
63308 -175358
63384 -175303
63460 -175283
63536 -175277
63612 -175223
63688 -175139
63764 -175107
63840 -175052
63916 -175019
63992 -174981
64068 -174956
64144 -174907
64220 -174838
64296 -174838
64372 -174802
64448 -174703
64524 -174662
64600 -174624
64676 -174572
64752 -174517
64828 -174498
64904 -174496
64980 -174471
65056 -174406
65132 -174384
65208 -174261
65284 -174196
65360 -174165
65436 -174078
65512 -174054
65588 -173863
65664 -173858
65740 -173751
65816 -173730
65892 -173660
65968 -173559
66044 -173493
66120 -173409
66196 -173380
66272 -173305
66348 -173264
66424 -173161
66500 -173086
66576 -173061
66652 -173047
66728 -172898
66804 -172888
66880 -172834
66956 -172784
67032 -172775
67108 -172734
67184 -172694
67260 -172621
67336 -172612
67412 -172544
67488 -172480
67564 -172456
67640 -172456
67716 -172327
67792 -172287
67868 -172089
67944 -171994
68020 -171958
68096 -171917
68172 -171897
68248 -171889
68324 -171888
68400 -171878
68476 -171846
68552 -171789
68628 -171789
68704 -171772
68780 -171667
68856 -171635
68932 -171544
69008 -171328
69084 -171321
69160 -171286
69236 -171249
69312 -171226
69388 -171198
69464 -171168
69540 -171168
69616 -171168
69692 -171126
69768 -171119
69844 -171119
69920 -171110
69996 -170973
70072 -170865
70148 -170850
70224 -170822
70300 -170758
70376 -170658
70452 -170552
70528 -170552
70604 -170471
70680 -170271
70756 -170159
70832 -170022
70908 -170006
70984 -169988
71060 -169966
71136 -169922
71212 -169921
71288 -169864
71364 -169832
71440 -169832
71516 -169802
71592 -169791
71668 -169713
71744 -169623
71820 -169537
71896 -169504
71972 -169318
72048 -169272
72124 -169219
72200 -169201
72276 -169139
72352 -169139
72428 -169139
72504 -169036
72580 -169014
72656 -169010
72732 -168904
72808 -168882
72884 -168792
72960 -168792
73036 -168699
73112 -168678
73188 -168657
73264 -168626
73340 -168467
73416 -168457
73492 -168435
73568 -168377
73644 -168355
73720 -168355
73796 -168313
73872 -168313
73948 -168290
74024 -168240
74100 -168230
74176 -168230
74252 -168148
74328 -168092
74404 -168088
74480 -168014
74556 -168007
74632 -167983
74708 -167982
74784 -167953
74860 -167916
74936 -167813
75012 -167776
75088 -167631
75164 -167549
75240 -167495
75316 -167479
75392 -167450
75468 -167426
75544 -167359
75620 -167321
75696 -167321
75772 -167291
75848 -167291
75924 -167241
76000 -167191
76076 -167184
76152 -167154
76228 -167116
76304 -167116
76380 -167091
76456 -167045
76532 -167042
76608 -167041
76684 -166998
76760 -166987
76836 -166987
76912 -166987
76988 -166938
77064 -166893
77140 -166858
77216 -166825
77292 -166792
77368 -166705
77444 -166686
77520 -166668
77596 -166601
77672 -166552
77748 -166513
77824 -166391
77900 -166374
77976 -166374
78052 -166330
78128 -166309
78204 -166302
78280 -166265
78356 -166207
78432 -166146
78508 -166095
78584 -166072
78660 -166070
78736 -166010
78812 -165964
78888 -165952
78964 -165858
79040 -165850
79116 -165773
79192 -165771
79268 -165744
79344 -165705
79420 -165589
79496 -165580
79572 -165546
79648 -165481
79724 -165459
79800 -165450
79876 -165378
79952 -165359
80028 -165358
80104 -165311
80180 -165269
80256 -165269
80332 -165244
80408 -165218
80484 -165198
80560 -165192
80636 -165176
80712 -165158
80788 -165090
80864 -165011
80940 -165010
81016 -164985
81092 -164961
81168 -164932
81244 -164928
81320 -164909
81396 -164872
81472 -164820
81548 -164808
81624 -164781
81700 -164772
81776 -164757
81852 -164691
81928 -164691
82004 -164685
82080 -164380
82156 -164380
82232 -164342
82308 -164292
82384 -164278
82460 -164230
82536 -164219
82612 -164167
82688 -164167
82764 -164156
82840 -164132
82916 -164119
82992 -164038
83068 -164019
83144 -163942
83220 -163928
83296 -163928
83372 -163928
83448 -163898
83524 -163886
83600 -163869
83676 -163869
83752 -163869
83828 -163868
83904 -163828
83980 -163793
84056 -163783
84132 -163757
84208 -163630
84284 -163604
84360 -163578
84436 -163548
84512 -163546
84588 -163530
84664 -163514
84740 -163509
84816 -163479
84892 -163440
84968 -163402
85044 -163387
85120 -163382
85196 -163252
85272 -163238
85348 -163199
85424 -163186
85500 -163186
85576 -163104
85652 -163077
85728 -163032
85804 -163011
85880 -162969
85956 -162967
86032 -162952
86108 -162895
86184 -162867
86260 -162867
86336 -162855
86412 -162793
86488 -162793
86564 -162771
86640 -162771
86716 -162684
86792 -162672
86868 -162650
86944 -162650
87020 -162607
87096 -162500
87172 -162473
87248 -162458
87324 -162444
87400 -162422
87476 -162386
87552 -162386
87628 -162386
87704 -162380
87780 -162307
87856 -162251
87932 -162248
88008 -162201
88084 -162178
88160 -162169
88236 -162169
88312 -162169
88388 -162105
88464 -162077
88540 -162029
88616 -162023
88692 -162001
88768 -161912
88844 -161884
88920 -161843
88996 -161830
89072 -161815
89148 -161793
89224 -161793
89300 -161780
89376 -161779
89452 -161779
89528 -161748
89604 -161714
89680 -161714
89756 -161638
89832 -161580
89908 -161580
89984 -161568
90060 -161558
90136 -161543
90212 -161538
90288 -161515
90364 -161441
90440 -161354
90516 -161354
90592 -161322
90668 -161321
90744 -161298
90820 -161298
90896 -161278
90972 -161258
91048 -161232
91124 -161184
91200 -161184
91276 -161118
91352 -161106
91428 -161106
91504 -161106
91580 -161106
91656 -161089
91732 -161071
91808 -161019
91884 -161010
91960 -161000
92036 -161000
92112 -161000
92188 -160933
92264 -160919
92340 -160910
92416 -160851
92492 -160844
92568 -160823
92644 -160764
92720 -160764
92796 -160764
92872 -160761
92948 -160728
93024 -160718
93100 -160708
93176 -160693
93252 -160638
93328 -160638
93404 -160638
93480 -160638
93556 -160626
93632 -160593
93708 -160584
93784 -160499
93860 -160465
93936 -160460
94012 -160406
94088 -160325
94164 -160311
94240 -160311
94316 -160305
94392 -160282
94468 -160248
94544 -160231
94620 -160230
94696 -160190
94772 -160178
94848 -160178
94924 -160012
95000 -160010
95076 -160002
95152 -160002
95228 -159958
95304 -159948
95380 -159941
95456 -159842
95532 -159821
95608 -159821
95684 -159765
95760 -159761
95836 -159701
95912 -159667
95988 -159662
96064 -159574
96140 -159574
96216 -159560
96292 -159556
96368 -159510
96444 -159451
96520 -159438
96596 -159413
96672 -159389
96748 -159388
96824 -159366
96900 -159359
96976 -159353
97052 -159353
97128 -159336
97204 -159328
97280 -159287
97356 -159272
97432 -159272
97508 -159264
97584 -159190
97660 -159190
97736 -159190
97812 -159138
97888 -159135
97964 -159135
98040 -159125
98116 -159125
98192 -159070
98268 -159063
98344 -159059
98420 -159030
98496 -159030
98572 -159030
98648 -159016
98724 -159007
98800 -159007
98876 -158975
98952 -158975
99028 -158932
99104 -158932
99180 -158919
99256 -158844
99332 -158683
99408 -158638
99484 -158600
99560 -158525
99636 -158516
99712 -158495
99788 -158479
99864 -158464
99940 -158440
100016 -158356
100092 -158312
100168 -158308
100244 -158273
100320 -158229
100396 -158210
100472 -158192
100548 -158154
100624 -158136
100700 -158106
100776 -158090
100852 -158076
100928 -157874
101004 -157816
101080 -157812
101156 -157769
101232 -157738
101308 -157730
101384 -157702
101460 -157673
101536 -157612
101612 -157589
101688 -157577
101764 -157554
101840 -157476
101916 -157469
101992 -157440
102068 -157440
102144 -157392
102220 -157359
102296 -157335
102372 -157293
102448 -157288
102524 -157266
102600 -157263
102676 -157254
102752 -157224
102828 -157214
102904 -157189
102980 -157178
103056 -157134
103132 -157107
103208 -157072
103284 -157037
103360 -157010
103436 -157010
103512 -157006
103588 -156988
103664 -156969
103740 -156955
103816 -156948
103892 -156926
103968 -156893
104044 -156863
104120 -156832
104196 -156782
104272 -156778
104348 -156751
104424 -156751
104500 -156731
104576 -156702
104652 -156605
104728 -156600
104804 -156588
104880 -156585
104956 -156582
105032 -156572
105108 -156568
105184 -156491
105260 -156488
105336 -156452
105412 -156425
105488 -156417
105564 -156417
105640 -156415
105716 -156393
105792 -156393
105868 -156295
105944 -156275
106020 -156275
106096 -156238
106172 -156233
106248 -156224
106324 -156224
106400 -156207
106476 -156075
106552 -156062
106628 -156035
106704 -155945
106780 -155909
106856 -155909
106932 -155892
107008 -155883
107084 -155839
107160 -155759
107236 -155755
107312 -155604
107388 -155604
107464 -155595
107540 -155583
107616 -155583
107692 -155581
107768 -155581
107844 -155581
107920 -155581
107996 -155571
108072 -155571
108148 -155569
108224 -155569
108300 -155569
108376 -155569
108452 -155564
108528 -155562
108604 -155545
108680 -155486
108756 -155464
108832 -155464
108908 -155429
108984 -155429
109060 -155412
109136 -155412
109212 -155392
109288 -155268
109364 -155221
109440 -155221
109516 -155195
109592 -155195
109668 -155195
109744 -155195
109820 -155114
109896 -155060
109972 -155052
110048 -155052
110124 -155052
110200 -155048
110276 -155018
110352 -154940
110428 -154929
110504 -154830
110580 -154830
110656 -154807
110732 -154775
110808 -154762
110884 -154750
110960 -154749
111036 -154749
111112 -154693
111188 -154693
111264 -154693
111340 -154693
111416 -154693
111492 -154571
111568 -154529
111644 -154488
111720 -154488
111796 -154464
111872 -154464
111948 -154405
112024 -154387
112100 -154383
112176 -154375
112252 -154297
112328 -154274
112404 -154263
112480 -154246
112556 -154243
112632 -154226
112708 -154226
112784 -154226
112860 -154212
112936 -154181
113012 -154170
113088 -154170
113164 -154170
113240 -154170
113316 -154168
113392 -154126
113468 -154093
113544 -154093
113620 -154027
113696 -154027
113772 -153967
113848 -153957
113924 -153924
114000 -153924
114076 -153906
114152 -153839
114228 -153813
114304 -153813
114380 -153772
114456 -153772
114532 -153766
114608 -153766
114684 -153752
114760 -153720
114836 -153717
114912 -153713
114988 -153713
115064 -153689
115140 -153689
115216 -153679
115292 -153679
115368 -153654
115444 -153574
115520 -153561
115596 -153561
115672 -153561
115748 -153545
115824 -153502
115900 -153496
115976 -153490
116052 -153490
116128 -153399
116204 -153398
116280 -153389
116356 -153302
116432 -153300
116508 -153261
116584 -153224
116660 -153204
116736 -153094
116812 -153082
116888 -153047
116964 -153033
117040 -153033
117116 -153033
117192 -153025
117268 -153025
117344 -153003
117420 -153002
117496 -152985
117572 -152985
117648 -152985
117724 -152985
117800 -152969
117876 -152969
117952 -152954
118028 -152954
118104 -152920
118180 -152920
118256 -152903
118332 -152898
118408 -152898
118484 -152829
118560 -152821
118636 -152816
118712 -152816
118788 -152665
118864 -152665
118940 -152665
119016 -152665
119092 -152650
119168 -152620
119244 -152612
119320 -152612
119396 -152612
119472 -152612
119548 -152603
119624 -152603
119700 -152602
119776 -152602
119852 -152583
119928 -152567
120004 -152552
120080 -152522
120156 -152510
120232 -152510
120308 -152504
120384 -152503
120460 -152503
120536 -152433
120612 -152406
120688 -152378
120764 -152378
120840 -152378
120916 -152340
120992 -152331
121068 -152331
121144 -152294
121220 -152275
121296 -152272
121372 -152257
121448 -152176
121524 -152176
121600 -152146
121676 -152096
121752 -152096
121828 -152095
121904 -152080
121980 -152063
122056 -152039
122132 -152039
122208 -151981
122284 -151953
122360 -151905
122436 -151905
122512 -151905
122588 -151899
122664 -151889
122740 -151889
122816 -151861
122892 -151847
122968 -151847
123044 -151842
123120 -151842
123196 -151838
123272 -151825
123348 -151825
123424 -151795
123500 -151763
123576 -151745
123652 -151742
123728 -151742
123804 -151725
123880 -151690
123956 -151664
124032 -151601
124108 -151592
124184 -151567
124260 -151556
124336 -151545
124412 -151545
124488 -151522
124564 -151507
124640 -151505
124716 -151493
124792 -151493
124868 -151446
124944 -151446
125020 -151446
125096 -151446
125172 -151446
125248 -151446
125324 -151415
125400 -151410
125476 -151344
125552 -151227
125628 -151193
125704 -151193
125780 -151193
125856 -151183
125932 -151176
126008 -151171
126084 -151157
126160 -151157
126236 -151157
126312 -151157
126388 -151146
126464 -151118
126540 -151108
126616 -151096
126692 -151072
126768 -151061
126844 -151045
126920 -151017
126996 -151012
127072 -150998
127148 -150998
127224 -150996
127300 -150956
127376 -150943
127452 -150943
127528 -150943
127604 -150930
127680 -150928
127756 -150915
127832 -150884
127908 -150831
127984 -150831
128060 -150803
128136 -150803
128212 -150803
128288 -150801
128364 -150795
128440 -150740
128516 -150740
128592 -150738
128668 -150676
128744 -150676
128820 -150676
128896 -150676
128972 -150676
129048 -150598
129124 -150598
129200 -150582
129276 -150582
129352 -150542
129428 -150506
129504 -150496
129580 -150479
129656 -150479
129732 -150457
129808 -150452
129884 -150442
129960 -150442
130036 -150442
130112 -150381
130188 -150371
130264 -150309
130340 -150309
130416 -150309
130492 -150307
130568 -150284
130644 -150274
130720 -150274
130796 -150257
130872 -150232
130948 -150223
131024 -150196
131100 -150196
131176 -150194
131252 -150188
131328 -150154
131404 -150109
131480 -150090
131556 -150085
131632 -150059
131708 -149989
131784 -149982
131860 -149949
131936 -149934
132012 -149934
132088 -149926
132164 -149897
132240 -149897
132316 -149897
132392 -149897
132468 -149862
132544 -149860
132620 -149860
132696 -149840
132772 -149826
132848 -149826
132924 -149816
133000 -149810
133076 -149810
133152 -149806
133228 -149806
133304 -149722
133380 -149722
133456 -149703
133532 -149702
133608 -149653
133684 -149649
133760 -149637
133836 -149627
133912 -149574
133988 -149532
134064 -149526
134140 -149526
134216 -149526
134292 -149526
134368 -149506
134444 -149506
134520 -149505
134596 -149505
134672 -149460
134748 -149460
134824 -149460
134900 -149458
134976 -149410
135052 -149399
135128 -149399
135204 -149399
135280 -149387
135356 -149371
135432 -149360
135508 -149360
135584 -149353
135660 -149344
135736 -149314
135812 -149255
135888 -149255
135964 -149234
136040 -149232
136116 -149205
136192 -149205
136268 -149195
136344 -149182
136420 -149182
136496 -149155
136572 -149136
136648 -149136
136724 -149136
136800 -149136
136876 -149136
136952 -149123
137028 -149123
137104 -149123
137180 -148993
137256 -148988
137332 -148984
137408 -148984
137484 -148982
137560 -148982
137636 -148980
137712 -148973
137788 -148953
137864 -148921
137940 -148908
138016 -148908
138092 -148905
138168 -148905
138244 -148809
138320 -148703
138396 -148703
138472 -148703
138548 -148703
138624 -148665
138700 -148640
138776 -148640
138852 -148621
138928 -148619
139004 -148587
139080 -148565
139156 -148539
139232 -148506
139308 -148449
139384 -148430
139460 -148430
139536 -148430
139612 -148396
139688 -148391
139764 -148391
139840 -148389
139916 -148372
139992 -148359
140068 -148358
140144 -148358
140220 -148324
140296 -148324
140372 -148324
140448 -148324
140524 -148315
140600 -148315
140676 -148298
140752 -148274
140828 -148219
140904 -148213
140980 -148213
141056 -148149
141132 -148109
141208 -148109
141284 -148109
141360 -148109
141436 -148109
141512 -148109
141588 -148047
141664 -148047
141740 -148042
141816 -148029
141892 -148029
141968 -148029
142044 -148029
142120 -148010
142196 -148000
142272 -148000
142348 -148000
142424 -148000
142500 -147996
142576 -147965
142652 -147954
142728 -147948
142804 -147948
142880 -147948
142956 -147948
143032 -147934
143108 -147934
143184 -147934
143260 -147887
143336 -147828
143412 -147818
143488 -147812
143564 -147812
143640 -147805
143716 -147805
143792 -147790
143868 -147790
143944 -147788
144020 -147779
144096 -147773
144172 -147741
144248 -147739
144324 -147739
144400 -147738
144476 -147728
144552 -147728
144628 -147692
144704 -147685
144780 -147658
144856 -147645
144932 -147645
145008 -147645
145084 -147619
145160 -147619
145236 -147616
145312 -147613
145388 -147613
145464 -147613
145540 -147578
145616 -147566
145692 -147566
145768 -147555
145844 -147488
145920 -147488
145996 -147485
146072 -147473
146148 -147473
146224 -147473
146300 -147473
146376 -147473
146452 -147448
146528 -147448
146604 -147448
146680 -147448
146756 -147438
146832 -147389
146908 -147382
146984 -147382
147060 -147349
147136 -147349
147212 -147335
147288 -147319
147364 -147316
147440 -147311
147516 -147306
147592 -147306
147668 -147282
147744 -147254
147820 -147254
147896 -147254
147972 -147254
148048 -147254
148124 -147247
148200 -147217
148276 -147173
148352 -147159
148428 -147159
148504 -147154
148580 -147154
148656 -147154
148732 -147152
148808 -147107
148884 -147095
148960 -147095
149036 -147095
149112 -147095
149188 -147081
149264 -147072
149340 -147072
149416 -147046
149492 -147038
149568 -147038
149644 -147035
149720 -147035
149796 -147035
149872 -147025
149948 -147024
150024 -147024
150100 -147023
150176 -147017
150252 -147017
150328 -147017
150404 -147014
150480 -147008
150556 -147006
150632 -146995
150708 -146942
150784 -146942
150860 -146923
150936 -146904
151012 -146904
151088 -146815
151164 -146793
151240 -146757
151316 -146743
151392 -146738
151468 -146738
151544 -146725
151620 -146725
151696 -146725
151772 -146671
151848 -146671
151924 -146658
152000 -146658
152076 -146653
152152 -146639
152228 -146639
152304 -146639
152380 -146626
152456 -146600
152532 -146600
152608 -146600
152684 -146600
152760 -146600
152836 -146600
152912 -146599
152988 -146581
153064 -146569
153140 -146559
153216 -146559
153292 -146559
153368 -146559
153444 -146555
153520 -146555
153596 -146555
153672 -146555
153748 -146555
153824 -146555
153900 -146541
153976 -146521
154052 -146511
154128 -146511
154204 -146492
154280 -146472
154356 -146472
154432 -146467
154508 -146464
154584 -146464
154660 -146463
154736 -146463
154812 -146461
154888 -146455
154964 -146455
155040 -146455
155116 -146453
155192 -146453
155268 -146446
155344 -146432
155420 -146430
155496 -146427
155572 -146427
155648 -146426
155724 -146410
155800 -146410
155876 -146393
155952 -146393
156028 -146393
156104 -146375
156180 -146375
156256 -146338
156332 -146338
156408 -146338
156484 -146338
156560 -146338
156636 -146338
156712 -146338
156788 -146329
156864 -146329
156940 -146245
157016 -146245
157092 -146245
157168 -146245
157244 -146244
157320 -146244
157396 -146244
157472 -146244
157548 -146244
157624 -146244
157700 -146244
157776 -146244
157852 -146244
157928 -146240
158004 -146234
158080 -146234
158156 -146234
158232 -146234
158308 -146212
158384 -146212
158460 -146212
158536 -146212
158612 -146212
158688 -146212
158764 -146211
158840 -146156
158916 -146156
158992 -146156
159068 -146094
159144 -146094
159220 -146094
159296 -146039
159372 -146026
159448 -146024
159524 -146024
159600 -146024
159676 -146024
159752 -146014
159828 -146014
159904 -146014
159980 -146014
160056 -145991
160132 -145991
160208 -145991
160284 -145930
160360 -145930
160436 -145891
160512 -145891
160588 -145891
160664 -145891
160740 -145891
160816 -145888
160892 -145888
160968 -145888
161044 -145883
161120 -145883
161196 -145883
161272 -145870
161348 -145867
161424 -145863
161500 -145856
161576 -145856
161652 -145776
161728 -145776
161804 -145776
161880 -145776
161956 -145774
162032 -145765
162108 -145765
162184 -145753
162260 -145753
162336 -145749
162412 -145749
162488 -145744
162564 -145744
162640 -145744
162716 -145742
162792 -145742
162868 -145739
162944 -145739
163020 -145734
163096 -145734
163172 -145734
163248 -145734
163324 -145704
163400 -145703
163476 -145703
163552 -145703
163628 -145696
163704 -145696
163780 -145694
163856 -145694
163932 -145694
164008 -145694
164084 -145689
164160 -145689
164236 -145689
164312 -145689
164388 -145689
164464 -145689
164540 -145689
164616 -145641
164692 -145630
164768 -145630
164844 -145630
164920 -145630
164996 -145630
165072 -145617
165148 -145617
165224 -145617
165300 -145599
165376 -145599
165452 -145599
165528 -145599
165604 -145599
165680 -145581
165756 -145581
165832 -145581
165908 -145581
165984 -145580
166060 -145580
166136 -145580
166212 -145580
166288 -145580
166364 -145580
166440 -145580
166516 -145580
166592 -145575
166668 -145565
166744 -145565
166820 -145565
166896 -145565
166972 -145557
167048 -145556
167124 -145537
167200 -145535
167276 -145415
167352 -145415
167428 -145415
167504 -145415
167580 -145415
167656 -145415
167732 -145415
167808 -145415
167884 -145415
167960 -145415
168036 -145410
168112 -145410
168188 -145400
168264 -145383
168340 -145352
168416 -145333
168492 -145214
168568 -145214
168644 -145188
168720 -145184
168796 -145184
168872 -145065
168948 -145065
169024 -145060
169100 -145060
169176 -145057
169252 -145045
169328 -145045
169404 -145044
169480 -145044
169556 -145044
169632 -145044
169708 -145036
169784 -145034
169860 -145034
169936 -145027
170012 -144980
170088 -144963
170164 -144963
170240 -144952
170316 -144941
170392 -144941
170468 -144941
170544 -144941
170620 -144940
170696 -144940
170772 -144940
170848 -144911
170924 -144911
171000 -144911
171076 -144911
171152 -144911
171228 -144909
171304 -144909
171380 -144888
171456 -144888
171532 -144888
171608 -144888
171684 -144888
171760 -144888
171836 -144888
171912 -144888
171988 -144888
172064 -144888
172140 -144842
172216 -144842
172292 -144839
172368 -144839
172444 -144822
172520 -144822
172596 -144822
172672 -144817
172748 -144810
172824 -144804
172900 -144804
172976 -144795
173052 -144795
173128 -144779
173204 -144779
173280 -144779
173356 -144779
173432 -144779
173508 -144779
173584 -144779
173660 -144779
173736 -144779
173812 -144745
173888 -144745
173964 -144743
174040 -144743
174116 -144743
174192 -144743
174268 -144743
174344 -144743
174420 -144715
174496 -144704
174572 -144704
174648 -144704
174724 -144704
174800 -144687
174876 -144687
174952 -144664
175028 -144653
175104 -144653
175180 -144653
175256 -144653
175332 -144653
175408 -144641
175484 -144641
175560 -144636
175636 -144636
175712 -144636
175788 -144629
175864 -144629
175940 -144620
176016 -144587
176092 -144587
176168 -144587
176244 -144583
176320 -144565
176396 -144565
176472 -144565
176548 -144565
176624 -144565
176700 -144554
176776 -144554
176852 -144554
176928 -144554
177004 -144554
177080 -144553
177156 -144553
177232 -144553
177308 -144553
177384 -144548
177460 -144510
177536 -144462
177612 -144462
177688 -144458
177764 -144423
177840 -144422
177916 -144422
177992 -144422
178068 -144422
178144 -144422
178220 -144422
178296 -144422
178372 -144417
178448 -144414
178524 -144396
178600 -144396
178676 -144396
178752 -144396
178828 -144387
178904 -144377
178980 -144377
179056 -144377
179132 -144377
179208 -144370
179284 -144370
179360 -144356
179436 -144356
179512 -144356
179588 -144356
179664 -144330
179740 -144298
179816 -144298
179892 -144291
179968 -144290
180044 -144272
180120 -144272
180196 -144267
180272 -144258
180348 -144258
180424 -144258
180500 -144244
180576 -144226
180652 -144213
180728 -144213
180804 -144213
180880 -144213
180956 -144208
181032 -144199
181108 -144199
181184 -144199
181260 -144199
181336 -144199
181412 -144199
181488 -144171
181564 -144171
181640 -144171
181716 -144171
181792 -144129
181868 -144120
181944 -144120
182020 -144102
182096 -144100
182172 -144096
182248 -144083
182324 -144083
182400 -144083
182476 -144082
182552 -144082
182628 -144082
182704 -144079
182780 -144079
182856 -144078
182932 -144078
183008 -144078
183084 -144078
183160 -144078
183236 -144078
183312 -144078
183388 -144076
183464 -144048
183540 -144048
183616 -144019
183692 -144019
183768 -144019
183844 -144013
183920 -143999
183996 -143989
184072 -143965
184148 -143965
184224 -143965
184300 -143953
184376 -143953
184452 -143953
184528 -143917
184604 -143917
184680 -143917
184756 -143917
184832 -143917
184908 -143893
184984 -143893
185060 -143878
185136 -143878
185212 -143870
185288 -143867
185364 -143837
185440 -143837
185516 -143837
185592 -143837
185668 -143837
185744 -143837
185820 -143819
185896 -143819
185972 -143819
186048 -143819
186124 -143812
186200 -143812
186276 -143764
186352 -143764
186428 -143764
186504 -143761
186580 -143744
186656 -143744
186732 -143744
186808 -143744
186884 -143744
186960 -143742
187036 -143742
187112 -143742
187188 -143737
187264 -143737
187340 -143737
187416 -143646
187492 -143646
187568 -143646
187644 -143646
187720 -143634
187796 -143634
187872 -143626
187948 -143626
188024 -143626
188100 -143575
188176 -143575
188252 -143575
188328 -143569
188404 -143569
188480 -143554
188556 -143554
188632 -143533
188708 -143514
188784 -143514
188860 -143514
188936 -143502
189012 -143497
189088 -143497
189164 -143497
189240 -143497
189316 -143470
189392 -143470
189468 -143470
189544 -143454
189620 -143442
189696 -143442
189772 -143442
189848 -143442
189924 -143441
190000 -143441
190076 -143441
190152 -143441
190228 -143441
190304 -143441
190380 -143441
190456 -143441
190532 -143441
190608 -143441
190684 -143441
190760 -143429
190836 -143415
190912 -143415
190988 -143415
191064 -143415
191140 -143415
191216 -143393
191292 -143393
191368 -143368
191444 -143368
191520 -143358
191596 -143358
191672 -143349
191748 -143349
191824 -143349
191900 -143333
191976 -143333
192052 -143333
192128 -143329
192204 -143317
192280 -143317
192356 -143317
192432 -143317
192508 -143317
192584 -143317
192660 -143317
192736 -143317
192812 -143304
192888 -143304
192964 -143304
193040 -143299
193116 -143299
193192 -143298
193268 -143290
193344 -143290
193420 -143290
193496 -143290
193572 -143287
193648 -143287
193724 -143287
193800 -143267
193876 -143267
193952 -143247
194028 -143247
194104 -143247
194180 -143247
194256 -143241
194332 -143213
194408 -143213
194484 -143213
194560 -143213
194636 -143212
194712 -143203
194788 -143203
194864 -143203
194940 -143203
195016 -143199
195092 -143199
195168 -143199
195244 -143183
195320 -143183
195396 -143183
195472 -143183
195548 -143174
195624 -143174
195700 -143174
195776 -143174
195852 -143174
195928 -143162
196004 -143153
196080 -143151
196156 -143151
196232 -143151
196308 -143133
196384 -143119
196460 -143104
196536 -143104
196612 -143104
196688 -143061
196764 -143061
196840 -143061
196916 -143061
196992 -143061
197068 -143057
197144 -143057
197220 -143057
197296 -143057
197372 -143054
197448 -143053
197524 -143050
197600 -143047
197676 -143047
197752 -143020
197828 -143020
197904 -143020
197980 -143001
198056 -143001
198132 -142999
198208 -142999
198284 -142987
198360 -142987
198436 -142982
198512 -142948
198588 -142946
198664 -142946
198740 -142946
198816 -142942
198892 -142934
198968 -142934
199044 -142934
199120 -142934
199196 -142934
199272 -142934
199348 -142934
199424 -142934
199500 -142930
199576 -142930
199652 -142930
199728 -142927
199804 -142927
199880 -142927
199956 -142927
200032 -142927
200108 -142927
200184 -142927
200260 -142915
200336 -142915
200412 -142915
200488 -142899
200564 -142893
200640 -142887
200716 -142887
200792 -142887
200868 -142879
200944 -142863
201020 -142863
201096 -142857
201172 -142781
201248 -142777
201324 -142777
201400 -142772
201476 -142772
201552 -142772
201628 -142760
201704 -142760
201780 -142760
201856 -142758
201932 -142758
202008 -142758
202084 -142758
202160 -142758
202236 -142747
202312 -142746
202388 -142746
202464 -142741
202540 -142732
202616 -142727
202692 -142727
202768 -142727
202844 -142713
202920 -142713
202996 -142713
203072 -142713
203148 -142701
203224 -142701
203300 -142701
203376 -142701
203452 -142701
203528 -142675
203604 -142669
203680 -142669
203756 -142669
203832 -142585
203908 -142551
203984 -142551
204060 -142551
204136 -142426
204212 -142426
204288 -142406
204364 -142406
204440 -142406
204516 -142406
204592 -142406
204668 -142388
204744 -142388
204820 -142379
204896 -142379
204972 -142379
205048 -142379
205124 -142379
205200 -142378
205276 -142378
205352 -142378
205428 -142378
205504 -142378
205580 -142378
205656 -142378
205732 -142377
205808 -142377
205884 -142377
205960 -142377
206036 -142377
206112 -142377
206188 -142377
206264 -142377
206340 -142377
206416 -142377
206492 -142377
206568 -142377
206644 -142377
206720 -142375
206796 -142370
206872 -142370
206948 -142370
207024 -142370
207100 -142360
207176 -142360
207252 -142360
207328 -142346
207404 -142346
207480 -142346
207556 -142346
207632 -142288
207708 -142288
207784 -142288
207860 -142288
207936 -142232
208012 -142227
208088 -142227
208164 -142227
208240 -142227
208316 -142227
208392 -142227
208468 -142227
208544 -142214
208620 -142214
208696 -142214
208772 -142214
208848 -142214
208924 -142214
209000 -142212
209076 -142212
209152 -142190
209228 -142190
209304 -142190
209380 -142190
209456 -142190
209532 -142190
209608 -142190
209684 -142186
209760 -142186
209836 -142186
209912 -142186
209988 -142186
210064 -142186
210140 -142186
210216 -142175
210292 -142152
210368 -142150
210444 -142150
210520 -142147
210596 -142146
210672 -142146
210748 -142146
210824 -142108
210900 -142102
210976 -142069
211052 -142064
211128 -142051
211204 -142051
211280 -142050
211356 -142049
211432 -142046
211508 -142046
211584 -142046
211660 -142045
211736 -142036
211812 -142021
211888 -142016
211964 -142016
212040 -142014
212116 -141999
212192 -141999
212268 -141999
212344 -141975
212420 -141975
212496 -141975
212572 -141975
212648 -141967
212724 -141947
212800 -141947
212876 -141947
212952 -141947
213028 -141947
213104 -141946
213180 -141946
213256 -141923
213332 -141923
213408 -141906
213484 -141900
213560 -141877
213636 -141868
213712 -141857
213788 -141833
213864 -141833
213940 -141823
214016 -141817
214092 -141817
214168 -141817
214244 -141817
214320 -141817
214396 -141817
214472 -141812
214548 -141812
214624 -141809
214700 -141809
214776 -141803
214852 -141803
214928 -141803
215004 -141802
215080 -141802
215156 -141802
215232 -141802
215308 -141742
215384 -141742
215460 -141742
215536 -141690
215612 -141690
215688 -141678
215764 -141678
215840 -141678
215916 -141678
215992 -141678
216068 -141657
216144 -141657
216220 -141644
216296 -141638
216372 -141638
216448 -141638
216524 -141638
216600 -141612
216676 -141612
216752 -141612
216828 -141542
216904 -141539
216980 -141529
217056 -141529
217132 -141529
217208 -141529
217284 -141511
217360 -141511
217436 -141511
217512 -141499
217588 -141482
217664 -141482
217740 -141482
217816 -141471
217892 -141461
217968 -141439
218044 -141437
218120 -141389
218196 -141387
218272 -141387
218348 -141387
218424 -141387
218500 -141355
218576 -141355
218652 -141354
218728 -141353
218804 -141351
218880 -141350
218956 -141350
219032 -141350
219108 -141350
219184 -141350
219260 -141346
219336 -141283
219412 -141283
219488 -141283
219564 -141283
219640 -141283
219716 -141283
219792 -141283
219868 -141283
219944 -141282
220020 -141282
220096 -141282
220172 -141266
220248 -141266
220324 -141266
220400 -141266
220476 -141266
220552 -141266
220628 -141238
220704 -141238
220780 -141215
220856 -141215
220932 -141212
221008 -141212
221084 -141212
221160 -141193
221236 -141193
221312 -141193
221388 -141156
221464 -141145
221540 -141120
221616 -141120
221692 -141120
221768 -141120
221844 -141116
221920 -141116
221996 -141116
222072 -141116
222148 -141070
222224 -141070
222300 -141050
222376 -141029
222452 -141029
222528 -141029
222604 -140995
222680 -140995
222756 -140995
222832 -140985
222908 -140985
222984 -140966
223060 -140935
223136 -140928
223212 -140928
223288 -140928
223364 -140928
223440 -140928
223516 -140928
223592 -140926
223668 -140926
223744 -140922
223820 -140912
223896 -140910
223972 -140907
224048 -140885
224124 -140885
224200 -140885
224276 -140885
224352 -140883
224428 -140883
224504 -140883
224580 -140864
224656 -140864
224732 -140864
224808 -140864
224884 -140864
224960 -140864
225036 -140864
225112 -140864
225188 -140864
225264 -140864
225340 -140859
225416 -140846
225492 -140837
225568 -140837
225644 -140813
225720 -140807
225796 -140794
225872 -140792
225948 -140781
226024 -140781
226100 -140781
226176 -140781
226252 -140781
226328 -140779
226404 -140779
226480 -140779
226556 -140769
226632 -140765
226708 -140765
226784 -140765
226860 -140754
226936 -140753
227012 -140753
227088 -140703
227164 -140698
227240 -140685
227316 -140685
227392 -140685
227468 -140685
227544 -140685
227620 -140685
227696 -140685
227772 -140685
227848 -140685
227924 -140685
228000 -140685
228076 -140685
228152 -140683
228228 -140667
228304 -140667
228380 -140667
228456 -140667
228532 -140667
228608 -140667
228684 -140667
228760 -140667
228836 -140667
228912 -140667
228988 -140667
229064 -140632
229140 -140632
229216 -140632
229292 -140632
229368 -140632
229444 -140632
229520 -140632
229596 -140632
229672 -140632
229748 -140632
229824 -140632
229900 -140632
229976 -140632
230052 -140632
230128 -140632
230204 -140632
230280 -140610
230356 -140609
230432 -140609
230508 -140597
230584 -140574
230660 -140574
230736 -140574
230812 -140574
230888 -140574
230964 -140559
231040 -140551
231116 -140540
231192 -140540
231268 -140540
231344 -140540
231420 -140521
231496 -140516
231572 -140508
231648 -140508
231724 -140500
231800 -140500
231876 -140500
231952 -140489
232028 -140484
232104 -140484
232180 -140484
232256 -140484
232332 -140484
232408 -140484
232484 -140484
232560 -140484
232636 -140475
232712 -140457
232788 -140457
232864 -140457
232940 -140457
233016 -140457
233092 -140452
233168 -140452
233244 -140452
233320 -140452
233396 -140424
233472 -140424
233548 -140424
233624 -140424
233700 -140389
233776 -140389
233852 -140359
233928 -140349
234004 -140348
234080 -140348
234156 -140348
234232 -140348
234308 -140261
234384 -140261
234460 -140261
234536 -140207
234612 -140163
234688 -140163
234764 -140159
234840 -140159
234916 -140141
