152 -575680
228 -570561
304 -565905
380 -560960
456 -557359
532 -549885
608 -544996
684 -542336
760 -536334
836 -532760
912 -528093
988 -522169
1064 -519252
1140 -514749
1216 -510505
1292 -506620
1368 -503761
1444 -499381
1520 -496224
1596 -492668
1672 -490201
1748 -486652
1824 -481809
1900 -478890
1976 -475114
2052 -471596
2128 -468239
2204 -464738
2280 -461694
2356 -457998
2432 -454940
2508 -452463
2584 -449543
2660 -446206
2736 -442794
2812 -438663
2888 -435602
2964 -433680
3040 -431698
3116 -427628
3192 -425526
3268 -424226
3344 -422045
3420 -420056
3496 -417731
3572 -415914
3648 -413435
3724 -411375
3800 -409590
3876 -407296
3952 -405355
4028 -403933
4104 -401822
4180 -399857
4256 -397013
4332 -394913
4408 -392450
4484 -390575
4560 -387350
4636 -384968
4712 -383470
4788 -381816
4864 -379963
4940 -378689
5016 -377145
5092 -375548
5168 -374119
5244 -371850
5320 -370892
5396 -369712
5472 -368521
5548 -367313
5624 -365343
5700 -364390
5776 -363094
5852 -361634
5928 -360544
6004 -358627
6080 -357023
6156 -355405
6232 -353810
6308 -352149
6384 -351088
6460 -349478
6536 -348499
6612 -347051
6688 -346293
6764 -345309
6840 -343585
6916 -342241
6992 -341514
7068 -340309
7144 -339066
7220 -337732
7296 -336889
7372 -335609
7448 -334578
7524 -333666
7600 -333066
7676 -331903
7752 -330846
7828 -330186
7904 -329529
7980 -328278
8056 -327700
8132 -326977
8208 -326089
8284 -324034
8360 -323357
8436 -322230
8512 -321357
8588 -320543
8664 -318929
8740 -318064
8816 -317646
8892 -317185
8968 -316243
9044 -314921
9120 -314474
9196 -313608
9272 -312807
9348 -311531
9424 -311094
9500 -310242
9576 -309785
9652 -309381
9728 -308719
9804 -308360
9880 -307172
9956 -306428
10032 -305568
10108 -304753
10184 -304015
10260 -302809
10336 -302067
10412 -301374
10488 -300338
10564 -299948
10640 -299083
10716 -298768
10792 -298358
10868 -297362
10944 -296737
11020 -295753
11096 -294648
11172 -293909
11248 -293250
11324 -292824
11400 -292306
11476 -291687
11552 -291045
11628 -290743
11704 -290390
11780 -289632
11856 -289239
11932 -288887
12008 -288299
12084 -287506
12160 -286669
12236 -285664
12312 -284984
12388 -284761
12464 -284305
12540 -283458
12616 -282837
12692 -282312
12768 -281517
12844 -280960
12920 -279923
12996 -279564
13072 -279250
13148 -278954
13224 -278500
13300 -277444
13376 -277003
13452 -276688
13528 -276117
13604 -275845
13680 -274804
13756 -274571
13832 -273687
13908 -273566
13984 -273060
14060 -272663
14136 -272384
14212 -271557
14288 -270824
14364 -270475
14440 -269707
14516 -269451
14592 -268868
14668 -268503
14744 -268349
14820 -267845
14896 -267524
14972 -267104
15048 -266857
15124 -266358
15200 -265908
15276 -265508
15352 -265185
15428 -264631
15504 -264426
15580 -264199
15656 -263933
15732 -263192
15808 -262882
15884 -262240
15960 -261589
16036 -261177
16112 -261072
16188 -260639
16264 -260002
16340 -259668
16416 -259323
16492 -258759
16568 -258077
16644 -257792
16720 -257428
16796 -257201
16872 -256981
16948 -256676
17024 -256382
17100 -256066
17176 -255770
17252 -254915
17328 -254684
17404 -254450
17480 -254103
17556 -253900
17632 -253683
17708 -253418
17784 -252887
17860 -252576
17936 -252224
18012 -251664
18088 -251456
18164 -251318
18240 -250968
18316 -250837
18392 -250400
18468 -250232
18544 -249750
18620 -249485
18696 -248843
18772 -248694
18848 -248141
18924 -247655
19000 -247623
19076 -247411
19152 -247121
19228 -246861
19304 -246516
19380 -245863
19456 -245478
19532 -244813
19608 -244227
19684 -243913
19760 -243767
19836 -243509
19912 -243189
19988 -242464
20064 -242025
20140 -241782
20216 -241664
20292 -241541
20368 -241404
20444 -241277
20520 -240909
20596 -240564
20672 -240247
20748 -239974
20824 -239446
20900 -239165
20976 -238914
21052 -238765
21128 -238428
21204 -238389
21280 -238242
21356 -237873
21432 -237685
21508 -237657
21584 -237550
21660 -237483
21736 -237373
21812 -237299
21888 -237088
21964 -236990
22040 -236547
22116 -236206
22192 -235974
22268 -235585
22344 -235389
22420 -235051
22496 -234782
22572 -234535
22648 -234150
22724 -233944
22800 -233842
22876 -233720
22952 -233592
23028 -233314
23104 -233164
23180 -232489
23256 -232376
23332 -232158
23408 -232003
23484 -231810
23560 -231597
23636 -231545
23712 -231443
23788 -231242
23864 -230871
23940 -230546
24016 -230420
24092 -230158
24168 -229808
24244 -229693
24320 -229473
24396 -229433
24472 -229317
24548 -229223
24624 -228956
24700 -228651
24776 -228368
24852 -228176
24928 -228004
25004 -227648
25080 -227564
25156 -227447
25232 -227223
25308 -227215
25384 -226906
25460 -226745
25536 -226522
25612 -226338
25688 -226225
25764 -225869
25840 -225282
25916 -225048
25992 -224872
26068 -224774
26144 -224684
26220 -224596
26296 -224155
26372 -223995
26448 -223912
26524 -223658
26600 -223496
26676 -223155
26752 -222989
26828 -222614
26904 -222557
26980 -222384
27056 -222168
27132 -221645
27208 -221495
27284 -221404
27360 -221365
27436 -220759
27512 -220709
27588 -220613
27664 -220503
27740 -220394
27816 -220269
27892 -220269
27968 -219998
28044 -219960
28120 -219895
28196 -219671
28272 -219518
28348 -219328
28424 -219113
28500 -219008
28576 -218453
28652 -218247
28728 -218168
28804 -217942
28880 -217747
28956 -217530
29032 -217494
29108 -217341
29184 -217275
29260 -217049
29336 -216829
29412 -216615
29488 -216155
29564 -216132
29640 -216112
29716 -215989
29792 -215976
29868 -215769
29944 -215679
30020 -215578
30096 -215504
30172 -215096
30248 -215068
30324 -214789
30400 -214343
30476 -214219
30552 -213964
30628 -213818
30704 -213680
30780 -213523
30856 -213120
30932 -212944
31008 -212741
31084 -212435
31160 -212223
31236 -212131
31312 -212032
31388 -211836
31464 -211787
31540 -211562
31616 -211409
31692 -211362
31768 -211204
31844 -211105
31920 -210919
31996 -210833
32072 -210762
32148 -210633
32224 -210523
32300 -210321
32376 -210303
32452 -210213
32528 -210009
32604 -209908
32680 -209493
32756 -209314
32832 -209132
32908 -208879
32984 -208852
33060 -208620
33136 -208438
33212 -208392
33288 -208217
33364 -208048
33440 -207964
33516 -207864
33592 -207748
33668 -207580
33744 -207521
33820 -207318
33896 -207139
33972 -206841
34048 -206783
34124 -206538
34200 -206406
34276 -206266
34352 -206074
34428 -205965
34504 -205805
34580 -205456
34656 -205367
34732 -205253
34808 -204954
34884 -204831
34960 -204629
35036 -204333
35112 -204200
35188 -203986
35264 -203888
35340 -203728
35416 -203575
35492 -203410
35568 -203273
35644 -202888
35720 -202830
35796 -202739
35872 -202669
35948 -202664
36024 -202652
36100 -202495
36176 -202456
36252 -202295
36328 -202156
36404 -201800
36480 -201773
36556 -201676
36632 -201624
36708 -201529
36784 -201496
36860 -201443
36936 -201408
37012 -201350
37088 -201242
37164 -201094
37240 -201020
37316 -200843
37392 -200746
37468 -200649
37544 -200479
37620 -200367
37696 -200243
37772 -200051
37848 -199906
37924 -199834
38000 -199720
38076 -199694
38152 -199492
38228 -199451
38304 -199413
38380 -199168
38456 -198958
38532 -198710
38608 -198645
38684 -198634
38760 -198597
38836 -198457
38912 -198412
38988 -198332
39064 -198102
39140 -197955
39216 -197602
39292 -197333
39368 -197162
39444 -197058
39520 -197056
39596 -196907
39672 -196842
39748 -196750
39824 -196703
39900 -196478
39976 -196475
40052 -196402
40128 -196321
40204 -196207
40280 -195984
40356 -195883
40432 -195869
40508 -195820
40584 -195820
40660 -195691
40736 -195460
40812 -195440
40888 -195348
40964 -195331
41040 -195302
41116 -195258
41192 -195046
41268 -195039
41344 -195017
41420 -194954
41496 -194888
41572 -194806
41648 -194748
41724 -194625
41800 -194472
41876 -194409
41952 -194359
42028 -194220
42104 -194140
42180 -194120
42256 -193820
42332 -193660
42408 -193432
42484 -193376
42560 -193029
42636 -192799
42712 -192796
42788 -192443
42864 -192373
42940 -192281
43016 -192196
43092 -192130
43168 -192055
43244 -191973
43320 -191776
43396 -191702
43472 -191654
43548 -191583
43624 -191356
43700 -191258
43776 -191211
43852 -191113
43928 -190965
44004 -190930
44080 -190879
44156 -190823
44232 -190795
44308 -190795
44384 -190737
44460 -190584
44536 -190445
44612 -190427
44688 -190421
44764 -190369
44840 -190331
44916 -190226
44992 -190167
45068 -190151
45144 -190014
45220 -189973
45296 -189936
45372 -189781
45448 -189683
45524 -189590
45600 -189551
45676 -189527
45752 -189388
45828 -189335
45904 -189174
45980 -189136
46056 -189082
46132 -188892
46208 -188885
46284 -188746
46360 -188697
46436 -188623
46512 -188531
46588 -188447
46664 -188256
46740 -188256
46816 -188240
46892 -188042
46968 -187882
47044 -187837
47120 -187732
47196 -187692
47272 -187641
47348 -187639
47424 -187535
47500 -187504
47576 -187423
47652 -187366
47728 -187298
47804 -187144
47880 -187046
47956 -186959
48032 -186882
48108 -186757
48184 -186692
48260 -186619
48336 -186563
48412 -186550
48488 -186475
48564 -186401
48640 -186294
48716 -186268
48792 -186040
48868 -185970
48944 -185946
49020 -185850
49096 -185829
49172 -185798
49248 -185748
49324 -185665
49400 -185616
49476 -185383
49552 -185273
49628 -185238
49704 -185231
49780 -185194
49856 -185162
49932 -185162
50008 -185085
50084 -185032
50160 -184917
50236 -184735
50312 -184712
50388 -184646
50464 -184519
50540 -184370
50616 -184322
50692 -184245
50768 -184144
50844 -184045
50920 -184031
50996 -183927
51072 -183923
51148 -183810
51224 -183743
51300 -183605
51376 -183400
51452 -183327
51528 -183290
51604 -183273
51680 -183244
51756 -183106
51832 -183106
51908 -183036
51984 -182984
52060 -182888
52136 -182844
52212 -182814
52288 -182739
52364 -182706
52440 -182527
52516 -182411
52592 -182322
52668 -182314
52744 -182169
52820 -182036
52896 -181930
52972 -181826
53048 -181825
53124 -181715
53200 -181664
53276 -181659
53352 -181656
53428 -181598
53504 -181545
53580 -181489
53656 -181461
53732 -181434
53808 -181351
53884 -181264
53960 -181099
54036 -181015
54112 -180961
54188 -180942
54264 -180885
54340 -180776
54416 -180760
54492 -180753
54568 -180732
54644 -180685
54720 -180646
54796 -180483
54872 -180467
54948 -180382
55024 -180378
55100 -180270
55176 -180099
55252 -180028
55328 -179955
55404 -179909
55480 -179875
55556 -179819
55632 -179796
55708 -179675
55784 -179621
55860 -179551
55936 -179432
56012 -179412
56088 -179302
56164 -179246
56240 -179223
56316 -179218
56392 -179166
56468 -179030
56544 -178986
56620 -178986
56696 -178986
56772 -178871
56848 -178812
56924 -178724
57000 -178692
57076 -178626
57152 -178560
57228 -178452
57304 -178374
57380 -178311
57456 -178174
57532 -178098
57608 -178087
57684 -177991
57760 -177897
57836 -177873
57912 -177844
57988 -177840
58064 -177800
58140 -177730
58216 -177651
58292 -177638
58368 -177578
58444 -177578
58520 -177504
58596 -177495
58672 -177493
58748 -177486
58824 -177463
58900 -177430
58976 -177400
59052 -177350
59128 -177317
59204 -177290
59280 -177265
59356 -177162
59432 -177097
59508 -177018
59584 -176919
59660 -176814
59736 -176734
59812 -176732
59888 -176661
59964 -176661
60040 -176637
60116 -176339
60192 -176317
60268 -176286
60344 -176150
60420 -176042
60496 -176015
60572 -175997
60648 -175972
60724 -175933
60800 -175877
60876 -175828
60952 -175824
61028 -175716
61104 -175647
61180 -175647
61256 -175613
61332 -175562
61408 -175561
61484 -175561
61560 -175542
61636 -175522
61712 -175465
61788 -175459
61864 -175458
61940 -175355
62016 -175232
62092 -175204
62168 -175197
62244 -174956
62320 -174956
62396 -174898
62472 -174894
62548 -174894
62624 -174834
62700 -174719
62776 -174703
62852 -174676
62928 -174676
63004 -174646
63080 -174646
63156 -174642
63232 -174619
63308 -174577
63384 -174491
63460 -174425
63536 -174355
63612 -174354
63688 -174348
63764 -174241
63840 -174198
63916 -174145
63992 -174119
64068 -174115
64144 -174098
64220 -174090
64296 -174054
64372 -173967
64448 -173902
64524 -173902
64600 -173868
64676 -173845
64752 -173810
64828 -173773
64904 -173713
64980 -173697
65056 -173689
65132 -173672
65208 -173618
65284 -173590
65360 -173589
65436 -173539
65512 -173532
65588 -173501
65664 -173479
65740 -173391
65816 -173370
65892 -173370
65968 -173364
66044 -173260
66120 -173122
66196 -173026
66272 -172928
66348 -172896
66424 -172872
66500 -172854
66576 -172826
66652 -172708
66728 -172668
66804 -172588
66880 -172517
66956 -172474
67032 -172427
67108 -172427
67184 -172342
67260 -172342
67336 -172259
67412 -172233
67488 -172213
67564 -172157
67640 -172144
67716 -172108
67792 -172013
67868 -171984
67944 -171850
68020 -171831
68096 -171827
68172 -171827
68248 -171808
68324 -171808
68400 -171808
68476 -171791
68552 -171791
68628 -171758
68704 -171754
68780 -171736
68856 -171629
68932 -171579
69008 -171565
69084 -171531
69160 -171510
69236 -171436
69312 -171377
69388 -171239
69464 -171184
69540 -171151
69616 -171135
69692 -171135
69768 -171039
69844 -171008
69920 -171000
69996 -170959
70072 -170940
70148 -170932
70224 -170859
70300 -170744
70376 -170739
70452 -170702
70528 -170680
70604 -170677
70680 -170614
70756 -170605
70832 -170593
70908 -170539
70984 -170456
71060 -170408
71136 -170399
71212 -170346
71288 -170346
71364 -170314
71440 -170288
71516 -170251
71592 -170181
71668 -170051
71744 -170031
71820 -170015
71896 -170006
71972 -169963
72048 -169962
72124 -169941
72200 -169930
72276 -169885
72352 -169866
72428 -169860
72504 -169833
72580 -169791
72656 -169655
72732 -169580
72808 -169489
72884 -169478
72960 -169478
73036 -169466
73112 -169466
73188 -169438
73264 -169427
73340 -169400
73416 -169400
73492 -169238
73568 -169188
73644 -169188
73720 -169099
73796 -169096
73872 -169086
73948 -169063
74024 -169042
74100 -168924
74176 -168911
74252 -168911
74328 -168909
74404 -168909
74480 -168883
74556 -168747
74632 -168694
74708 -168672
74784 -168663
74860 -168635
74936 -168634
75012 -168634
75088 -168602
75164 -168587
75240 -168552
75316 -168523
75392 -168444
75468 -168436
75544 -168404
75620 -168368
75696 -168368
75772 -168330
75848 -168321
75924 -168288
76000 -168288
76076 -168130
76152 -168074
76228 -168039
76304 -168039
76380 -168027
76456 -168027
76532 -167821
76608 -167811
76684 -167776
76760 -167763
76836 -167717
76912 -167715
76988 -167668
77064 -167664
77140 -167632
77216 -167616
77292 -167544
77368 -167537
77444 -167516
77520 -167514
77596 -167480
77672 -167425
77748 -167411
77824 -167372
77900 -167350
77976 -167343
78052 -167343
78128 -167229
78204 -167206
78280 -167165
78356 -167148
78432 -167148
78508 -167128
78584 -167095
78660 -167051
78736 -166977
78812 -166965
78888 -166926
78964 -166895
79040 -166890
79116 -166831
79192 -166819
79268 -166819
79344 -166814
79420 -166814
79496 -166776
79572 -166762
79648 -166735
79724 -166704
79800 -166690
79876 -166663
79952 -166590
80028 -166580
80104 -166570
80180 -166557
80256 -166466
80332 -166353
80408 -166353
80484 -166280
80560 -166255
80636 -166255
80712 -166243
80788 -166243
80864 -166134
80940 -166061
81016 -166061
81092 -166050
81168 -166038
81244 -165957
81320 -165927
81396 -165926
81472 -165926
81548 -165880
81624 -165853
81700 -165839
81776 -165827
81852 -165815
81928 -165746
82004 -165746
82080 -165722
82156 -165714
82232 -165691
82308 -165621
82384 -165621
82460 -165616
82536 -165615
82612 -165544
82688 -165544
82764 -165526
82840 -165437
82916 -165364
82992 -165341
83068 -165334
83144 -165302
83220 -165216
83296 -165145
83372 -165113
83448 -165102
83524 -165099
83600 -165069
83676 -165055
83752 -165055
83828 -165040
83904 -164976
83980 -164946
84056 -164934
84132 -164911
84208 -164889
84284 -164889
84360 -164889
84436 -164879
84512 -164876
84588 -164759
84664 -164720
84740 -164650
84816 -164635
84892 -164600
84968 -164573
85044 -164573
85120 -164522
85196 -164515
85272 -164501
85348 -164469
85424 -164459
85500 -164440
85576 -164397
85652 -164397
85728 -164397
85804 -164378
85880 -164373
85956 -164372
86032 -164346
86108 -164321
86184 -164318
86260 -164318
86336 -164290
86412 -164221
86488 -164205
86564 -164172
86640 -164159
86716 -164142
86792 -164130
86868 -164036
86944 -163904
87020 -163866
87096 -163866
87172 -163847
87248 -163847
87324 -163822
87400 -163765
87476 -163727
87552 -163663
87628 -163663
87704 -163641
87780 -163628
87856 -163615
87932 -163615
88008 -163599
88084 -163599
88160 -163590
88236 -163557
88312 -163533
88388 -163511
88464 -163511
88540 -163485
88616 -163418
88692 -163400
88768 -163336
88844 -163299
88920 -163275
88996 -163245
89072 -163146
89148 -163081
89224 -163074
89300 -163074
89376 -163038
89452 -163035
89528 -163032
89604 -163000
89680 -163000
89756 -162984
89832 -162955
89908 -162955
89984 -162955
90060 -162906
90136 -162906
90212 -162876
90288 -162876
90364 -162864
90440 -162817
90516 -162769
90592 -162759
90668 -162750
90744 -162750
90820 -162749
90896 -162716
90972 -162696
91048 -162678
91124 -162637
91200 -162637
91276 -162630
91352 -162628
91428 -162628
91504 -162536
91580 -162502
91656 -162488
91732 -162461
91808 -162454
91884 -162451
91960 -162390
92036 -162326
92112 -162312
92188 -162268
92264 -162253
92340 -162253
92416 -162253
92492 -162240
92568 -162211
92644 -162181
92720 -162181
92796 -162110
92872 -162088
92948 -162087
93024 -162082
93100 -162060
93176 -162060
93252 -162060
93328 -162060
93404 -162053
93480 -162026
93556 -162025
93632 -162025
93708 -162014
93784 -162001
93860 -161988
93936 -161941
94012 -161941
94088 -161924
94164 -161922
94240 -161895
94316 -161822
94392 -161787
94468 -161747
94544 -161732
94620 -161705
94696 -161677
94772 -161647
94848 -161647
94924 -161599
95000 -161599
95076 -161596
95152 -161586
95228 -161581
95304 -161572
95380 -161559
95456 -161554
95532 -161529
95608 -161529
95684 -161500
95760 -161376
95836 -161374
95912 -161374
95988 -161354
96064 -161353
96140 -161342
96216 -161335
96292 -161262
96368 -161231
96444 -161211
96520 -161184
96596 -161184
96672 -161124
96748 -161124
96824 -161110
96900 -161092
96976 -161054
97052 -161031
97128 -160963
97204 -160963
97280 -160963
97356 -160954
97432 -160942
97508 -160923
97584 -160836
97660 -160836
97736 -160823
97812 -160797
97888 -160761
97964 -160748
98040 -160719
98116 -160719
98192 -160707
98268 -160670
98344 -160637
98420 -160622
98496 -160590
98572 -160571
98648 -160563
98724 -160495
98800 -160486
98876 -160453
98952 -160404
99028 -160384
99104 -160372
99180 -160323
99256 -160307
99332 -160302
99408 -160265
99484 -160264
99560 -160264
99636 -160264
99712 -160261
99788 -160249
99864 -160203
99940 -160181
100016 -160152
100092 -160074
100168 -160069
100244 -160066
100320 -160043
100396 -160043
100472 -160035
100548 -160025
100624 -160023
100700 -159983
100776 -159977
100852 -159975
100928 -159968
101004 -159922
101080 -159883
101156 -159848
101232 -159842
101308 -159842
101384 -159842
101460 -159801
101536 -159731
101612 -159731
101688 -159704
101764 -159704
101840 -159704
101916 -159703
101992 -159685
102068 -159685
102144 -159673
102220 -159617
102296 -159582
102372 -159507
102448 -159413
102524 -159383
102600 -159334
102676 -159300
102752 -159275
102828 -159248
102904 -159248
102980 -159230
103056 -159227
103132 -159208
103208 -159208
103284 -159208
103360 -159136
103436 -159136
103512 -159108
103588 -159108
103664 -159093
103740 -159064
103816 -159061
103892 -159022
103968 -159022
104044 -159022
104120 -159012
104196 -159012
104272 -158925
104348 -158925
104424 -158889
104500 -158869
104576 -158836
104652 -158819
104728 -158788
104804 -158774
104880 -158761
104956 -158712
105032 -158637
105108 -158595
105184 -158557
105260 -158553
105336 -158445
105412 -158445
105488 -158442
105564 -158434
105640 -158420
105716 -158396
105792 -158396
105868 -158396
105944 -158384
106020 -158328
106096 -158315
106172 -158315
106248 -158194
106324 -158113
106400 -158103
106476 -158058
106552 -158038
106628 -157978
106704 -157951
106780 -157949
106856 -157949
106932 -157904
107008 -157904
107084 -157904
107160 -157904
107236 -157890
107312 -157881
107388 -157835
107464 -157835
107540 -157778
107616 -157757
107692 -157757
107768 -157652
107844 -157609
107920 -157580
107996 -157536
108072 -157536
108148 -157536
108224 -157524
108300 -157501
108376 -157491
108452 -157491
108528 -157478
108604 -157421
108680 -157299
108756 -157234
108832 -157234
108908 -157225
108984 -157225
109060 -157225
109136 -157225
109212 -157225
109288 -157224
109364 -157199
109440 -157192
109516 -157185
109592 -157178
109668 -157178
109744 -157147
109820 -157137
109896 -157102
109972 -157102
110048 -157058
110124 -157011
110200 -156968
110276 -156943
110352 -156931
110428 -156920
110504 -156920
110580 -156920
110656 -156920
110732 -156860
110808 -156860
110884 -156849
110960 -156823
111036 -156755
111112 -156696
111188 -156690
111264 -156605
111340 -156603
111416 -156535
111492 -156499
111568 -156498
111644 -156498
111720 -156423
111796 -156413
111872 -156391
111948 -156390
112024 -156384
112100 -156384
112176 -156358
112252 -156358
112328 -156321
112404 -156239
112480 -156229
112556 -156204
112632 -156184
112708 -156182
112784 -156179
112860 -156131
112936 -156090
113012 -156090
113088 -156047
113164 -156047
113240 -156047
113316 -156047
113392 -156015
113468 -156008
113544 -156008
113620 -155999
113696 -155999
113772 -155999
113848 -155953
113924 -155939
114000 -155939
114076 -155933
114152 -155931
114228 -155905
114304 -155905
114380 -155903
114456 -155878
114532 -155859
114608 -155809
114684 -155740
114760 -155740
114836 -155724
114912 -155724
114988 -155723
115064 -155716
115140 -155703
115216 -155683
115292 -155683
115368 -155683
115444 -155683
115520 -155680
115596 -155622
115672 -155612
115748 -155570
115824 -155547
115900 -155547
115976 -155547
116052 -155547
116128 -155537
116204 -155537
116280 -155537
116356 -155515
116432 -155509
116508 -155509
116584 -155453
116660 -155379
116736 -155361
116812 -155346
116888 -155346
116964 -155339
117040 -155339
117116 -155332
117192 -155311
117268 -155306
117344 -155268
117420 -155249
117496 -155244
117572 -155244
117648 -155237
117724 -155237
117800 -155211
117876 -155211
117952 -155190
118028 -155108
118104 -155102
118180 -155102
118256 -155096
118332 -155084
118408 -155075
118484 -155072
118560 -155072
118636 -155057
118712 -155045
118788 -155045
118864 -155040
118940 -155040
119016 -155040
119092 -155012
119168 -154971
119244 -154956
119320 -154956
119396 -154956
119472 -154956
119548 -154910
119624 -154898
119700 -154885
119776 -154885
119852 -154867
119928 -154860
120004 -154860
120080 -154842
120156 -154839
120232 -154833
120308 -154833
120384 -154833
120460 -154833
120536 -154833
120612 -154778
120688 -154747
120764 -154740
120840 -154740
120916 -154731
120992 -154731
121068 -154724
121144 -154719
121220 -154712
121296 -154712
121372 -154700
121448 -154700
121524 -154687
121600 -154668
121676 -154655
121752 -154648
121828 -154638
121904 -154620
121980 -154620
122056 -154620
122132 -154612
122208 -154594
122284 -154594
122360 -154567
122436 -154541
122512 -154512
122588 -154466
122664 -154460
122740 -154434
122816 -154416
122892 -154392
122968 -154357
123044 -154357
123120 -154334
123196 -154334
123272 -154326
123348 -154257
123424 -154219
123500 -154187
123576 -154122
123652 -154122
123728 -154111
123804 -154104
123880 -154104
123956 -154045
124032 -154045
124108 -154023
124184 -153966
124260 -153964
124336 -153964
124412 -153946
124488 -153946
124564 -153928
124640 -153899
124716 -153899
124792 -153899
124868 -153889
124944 -153889
125020 -153886
125096 -153862
125172 -153746
125248 -153746
125324 -153713
125400 -153669
125476 -153620
125552 -153619
125628 -153619
125704 -153608
125780 -153572
125856 -153552
125932 -153552
126008 -153454
126084 -153444
126160 -153432
126236 -153432
126312 -153424
126388 -153340
126464 -153340
126540 -153328
126616 -153215
126692 -153198
126768 -153155
126844 -153149
126920 -153132
126996 -153106
127072 -153106
127148 -153100
127224 -153092
127300 -153092
127376 -153029
127452 -153029
127528 -153023
127604 -153023
127680 -153023
127756 -153023
127832 -153016
127908 -153009
127984 -153009
128060 -152966
128136 -152714
128212 -152667
128288 -152644
128364 -152610
128440 -152608
128516 -152608
128592 -152540
128668 -152540
128744 -152540
128820 -152540
128896 -152534
128972 -152475
129048 -152458
129124 -152362
129200 -152362
129276 -152362
129352 -152362
129428 -152362
129504 -152337
129580 -152337
129656 -152337
129732 -152315
129808 -152302
129884 -152283
129960 -152255
130036 -152238
130112 -152238
130188 -152226
130264 -152200
130340 -152200
130416 -152197
130492 -152192
130568 -152185
130644 -152109
130720 -152076
130796 -152072
130872 -152035
130948 -152016
131024 -151938
131100 -151938
131176 -151864
131252 -151848
131328 -151840
131404 -151840
131480 -151820
131556 -151820
131632 -151810
131708 -151794
131784 -151763
131860 -151741
131936 -151739
132012 -151546
132088 -151546
132164 -151526
132240 -151476
132316 -151417
132392 -151386
132468 -151386
132544 -151381
132620 -151381
132696 -151368
132772 -151366
132848 -151366
132924 -151325
133000 -151318
133076 -151279
133152 -151265
133228 -151265
133304 -151253
133380 -151225
133456 -151218
133532 -151195
133608 -151178
133684 -151178
133760 -151174
133836 -151174
133912 -151150
133988 -151114
134064 -151103
134140 -151057
134216 -151057
134292 -151049
134368 -151049
134444 -150917
134520 -150876
134596 -150871
134672 -150730
134748 -150730
134824 -150730
134900 -150692
134976 -150678
135052 -150641
135128 -150567
135204 -150542
135280 -150377
135356 -150309
135432 -150270
135508 -150270
135584 -150252
135660 -150252
135736 -150252
135812 -150252
135888 -150245
135964 -150235
136040 -150211
136116 -150090
136192 -150090
136268 -150090
136344 -150077
136420 -149830
136496 -149776
136572 -149745
136648 -149685
136724 -149685
136800 -149685
136876 -149680
136952 -149574
137028 -149547
137104 -149531
137180 -149464
137256 -149463
137332 -149463
137408 -149463
137484 -149451
137560 -149418
137636 -149375
137712 -149346
137788 -149346
137864 -149346
137940 -149297
138016 -149289
138092 -149289
138168 -149275
138244 -149251
138320 -149213
138396 -149213
138472 -149186
138548 -149181
138624 -149168
138700 -149120
138776 -149120
138852 -149096
138928 -149096
139004 -149078
139080 -149044
139156 -149031
139232 -149031
139308 -149013
139384 -149013
139460 -148995
139536 -148947
139612 -148902
139688 -148896
139764 -148895
139840 -148895
139916 -148895
139992 -148891
140068 -148866
140144 -148865
140220 -148807
140296 -148769
140372 -148769
140448 -148757
140524 -148757
140600 -148748
140676 -148743
140752 -148692
140828 -148677
140904 -148677
140980 -148669
141056 -148661
141132 -148650
141208 -148646
141284 -148646
141360 -148646
141436 -148638
141512 -148638
141588 -148638
141664 -148615
141740 -148608
141816 -148598
141892 -148591
141968 -148577
142044 -148577
142120 -148577
142196 -148577
142272 -148568
142348 -148568
142424 -148523
142500 -148506
142576 -148506
142652 -148492
142728 -148491
142804 -148467
142880 -148467
142956 -148449
143032 -148449
143108 -148449
143184 -148449
143260 -148449
143336 -148449
143412 -148439
143488 -148439
143564 -148439
143640 -148429
143716 -148421
143792 -148420
143868 -148404
143944 -148404
144020 -148404
144096 -148389
144172 -148389
144248 -148389
144324 -148389
144400 -148389
144476 -148388
144552 -148386
144628 -148386
144704 -148386
144780 -148375
144856 -148339
144932 -148310
145008 -148272
145084 -148272
145160 -148233
145236 -148233
145312 -148231
145388 -148229
145464 -148210
145540 -148210
145616 -148210
145692 -148126
145768 -148120
145844 -148102
145920 -148079
145996 -148079
146072 -148003
146148 -147989
146224 -147989
146300 -147984
146376 -147984
146452 -147984
146528 -147984
146604 -147966
146680 -147966
146756 -147943
146832 -147926
146908 -147926
146984 -147824
147060 -147716
147136 -147690
147212 -147677
147288 -147677
147364 -147677
147440 -147676
147516 -147669
147592 -147669
147668 -147584
147744 -147565
147820 -147565
147896 -147555
147972 -147550
148048 -147549
148124 -147457
148200 -147457
148276 -147456
148352 -147456
148428 -147343
148504 -147314
148580 -147289
148656 -147270
148732 -147263
148808 -147256
148884 -147254
148960 -147229
149036 -147229
149112 -147221
149188 -147221
149264 -147221
149340 -147221
149416 -147221
149492 -147221
149568 -147221
149644 -147189
149720 -147180
149796 -147149
149872 -147134
149948 -147124
150024 -147115
150100 -147103
150176 -147091
150252 -147074
150328 -147047
150404 -147047
150480 -147031
150556 -147024
150632 -147020
150708 -147020
150784 -147020
150860 -147020
150936 -146955
151012 -146940
151088 -146910
151164 -146840
151240 -146840
151316 -146803
151392 -146803
151468 -146803
151544 -146803
151620 -146787
151696 -146787
151772 -146751
151848 -146729
151924 -146729
152000 -146727
152076 -146720
152152 -146720
152228 -146701
152304 -146697
152380 -146661
152456 -146661
152532 -146655
152608 -146655
152684 -146648
152760 -146648
152836 -146648
152912 -146647
152988 -146638
153064 -146638
153140 -146638
153216 -146612
153292 -146609
153368 -146583
153444 -146583
153520 -146551
153596 -146551
153672 -146542
153748 -146536
153824 -146536
153900 -146536
153976 -146525
154052 -146505
154128 -146466
154204 -146466
154280 -146463
154356 -146463
154432 -146463
154508 -146424
154584 -146393
154660 -146350
154736 -146339
154812 -146339
154888 -146339
154964 -146325
155040 -146325
155116 -146324
155192 -146314
155268 -146294
155344 -146271
155420 -146199
155496 -146160
155572 -146160
155648 -146160
155724 -146149
155800 -146137
155876 -146131
155952 -146131
156028 -146103
156104 -146095
156180 -146095
156256 -146092
156332 -146046
156408 -146046
156484 -146044
156560 -146044
156636 -146044
156712 -146035
156788 -146035
156864 -146035
156940 -146017
157016 -146017
157092 -145987
157168 -145981
157244 -145981
157320 -145956
157396 -145912
157472 -145894
157548 -145861
157624 -145861
157700 -145828
157776 -145822
157852 -145816
157928 -145781
158004 -145769
158080 -145764
158156 -145764
158232 -145764
158308 -145764
158384 -145764
158460 -145732
158536 -145732
158612 -145706
158688 -145706
158764 -145706
158840 -145706
158916 -145681
158992 -145681
159068 -145681
159144 -145679
159220 -145673
159296 -145673
159372 -145670
159448 -145608
159524 -145595
159600 -145583
159676 -145571
159752 -145571
159828 -145556
159904 -145556
159980 -145525
160056 -145522
160132 -145511
160208 -145495
160284 -145468
160360 -145468
160436 -145468
160512 -145467
160588 -145453
160664 -145387
160740 -145374
160816 -145344
160892 -145332
160968 -145331
161044 -145310
161120 -145302
161196 -145297
161272 -145297
161348 -145214
161424 -145210
161500 -145201
161576 -145130
161652 -145090
161728 -145090
161804 -145090
161880 -145090
161956 -145089
162032 -145082
162108 -145069
162184 -145069
162260 -145059
162336 -145030
162412 -144854
162488 -144838
162564 -144803
162640 -144802
162716 -144714
162792 -144714
162868 -144714
162944 -144714
163020 -144702
163096 -144700
163172 -144700
163248 -144663
163324 -144645
163400 -144637
163476 -144637
163552 -144637
163628 -144637
163704 -144637
163780 -144637
163856 -144619
163932 -144619
164008 -144618
164084 -144603
164160 -144603
164236 -144598
164312 -144584
164388 -144565
164464 -144565
164540 -144565
164616 -144564
164692 -144559
164768 -144559
164844 -144559
164920 -144526
164996 -144525
165072 -144525
165148 -144498
165224 -144488
165300 -144445
165376 -144436
165452 -144436
165528 -144419
165604 -144387
165680 -144384
