20 -309810
30 -309181
40 -306770
50 -305844
60 -305346
70 -303828
80 -303099
90 -301269
100 -300782
110 -300748
120 -299181
130 -299171
140 -299016
150 -297156
160 -297072
170 -297065
180 -296789
190 -296789
200 -296789
210 -296789
220 -296772
230 -296772
240 -295490
250 -295490
260 -295450
270 -294408
280 -294190
290 -294190
300 -294190
310 -293921
320 -293739
330 -293739
340 -293739
350 -293739
360 -293739
370 -293739
380 -293739
390 -293739
400 -293739
410 -293554
420 -293554
430 -293116
440 -292544
450 -292544
460 -292455
470 -292455
480 -292455
490 -292455
500 -292455
510 -292455
520 -292379
530 -292379
540 -292379
550 -292379
560 -292379
570 -292379
580 -292379
590 -292379
600 -291792
610 -291785
620 -291785
630 -291785
640 -291785
650 -291785
660 -291785
670 -291785
680 -291785
690 -291736
700 -291736
710 -291736
720 -291736
730 -291736
740 -291736
750 -291736
760 -291736
770 -291736
780 -291736
790 -291736
800 -291078
810 -291078
820 -291078
830 -291015
840 -291015
850 -291015
860 -291015
870 -291015
880 -291015
890 -291015
900 -291015
910 -291015
920 -291015
930 -291015
940 -291015
950 -291015
960 -291015
970 -291015
980 -291015
990 -291015
1000 -291015
1010 -290809
1020 -290809
1030 -290752
1040 -290752
1050 -290752
1060 -290752
1070 -290752
1080 -290752
1090 -290513
1100 -290513
1110 -290513
1120 -290513
1130 -290513
1140 -290366
1150 -290366
1160 -290366
1170 -290366
1180 -290366
1190 -290225
1200 -290225
1210 -290225
1220 -290225
1230 -290225
1240 -290225
1250 -290225
1260 -290225
1270 -290225
1280 -290225
1290 -290225
1300 -290225
1310 -290225
1320 -290225
1330 -290225
1340 -290225
1350 -290225
1360 -290225
1370 -290225
1380 -290225
1390 -290225
1400 -290130
1410 -290130
1420 -290130
1430 -289932
1440 -289932
1450 -289932
1460 -289932
1470 -289932
1480 -289932
1490 -289932
1500 -289932
1510 -289932
1520 -289932
1530 -289932
1540 -289932
1550 -289932
1560 -289932
1570 -289932
1580 -289932
1590 -289932
1600 -289932
1610 -289932
1620 -289932
1630 -289932
1640 -289932
1650 -289932
1660 -289932
1670 -289932
1680 -289932
1690 -289932
1700 -289932
1710 -289932
1720 -289932
1730 -289932
1740 -289932
1750 -289932
1760 -289932
1770 -289932
1780 -289932
1790 -289932
1800 -289932
1810 -289932
1820 -289932
1830 -289932
1840 -289932
1850 -289932
1860 -289932
1870 -289932
1880 -289890
1890 -289890
1900 -289890
1910 -289890
1920 -289890
1930 -289350
1940 -289350
1950 -288972
1960 -288972
1970 -288972
1980 -288972
1990 -288972
2000 -288972
2010 -288925
2020 -288925
2030 -288925
2040 -288925
2050 -288925
2060 -288925
2070 -288925
2080 -288925
