10 -373940
15 -371257
20 -368648
25 -366996
30 -366996
35 -366996
40 -365601
45 -365601
50 -364736
55 -362650
60 -362650
65 -362650
70 -359223
75 -359223
80 -358779
85 -358779
90 -358446
95 -358446
100 -358446
105 -358446
110 -358446
115 -358446
120 -358446
125 -358446
130 -358446
135 -358446
140 -358446
145 -358446
150 -358446
155 -358446
160 -358446
165 -358446
170 -358446
175 -358446
180 -358446
185 -358446
190 -358446
195 -358446
200 -358446
205 -358446
210 -358446
215 -358446
220 -358446
225 -358446
230 -358446
235 -358446
240 -358446
245 -358446
250 -358446
255 -358446
260 -358446
265 -358446
270 -358446
275 -357720
280 -357720
285 -357720
290 -357720
295 -357720
300 -357720
305 -357720
310 -357720
315 -357720
320 -357637
325 -357637
330 -357637
335 -357637
340 -357637
345 -357637
350 -357637
355 -357637
360 -357637
365 -357637
370 -356943
375 -356943
380 -356943
385 -356943
390 -356943
395 -356943
400 -356943
405 -356898
410 -356898
415 -356898
420 -356627
425 -356627
430 -356627
435 -356627
440 -356627
445 -356627
450 -356627
455 -356627
460 -356627
465 -356627
470 -356627
475 -356627
480 -356627
485 -356602
490 -356602
495 -356602
500 -356602
505 -356602
510 -356602
515 -356602
520 -355253
525 -355253
530 -355253
535 -355253
540 -355253
545 -355253
550 -355253
555 -355253
560 -355253
565 -355253
570 -355253
575 -355253
580 -355253
585 -355253
590 -355253
595 -355253
600 -355253
605 -355253
610 -355253
615 -355253
620 -355253
625 -355253
630 -355253
635 -355253
640 -355253
645 -355253
650 -355253
655 -355253
660 -355253
665 -355253
670 -355253
675 -355253
680 -355253
685 -355253
690 -355253
695 -355253
700 -355253
705 -355253
710 -355253
715 -355253
720 -355253
725 -355253
730 -355253
735 -355253
740 -355253
745 -355253
750 -355253
755 -355253
760 -354512
765 -354512
770 -354512
775 -354512
780 -354512
785 -354512
790 -354512
795 -354512
800 -354512
805 -354512
810 -354512
815 -354512
820 -354512
825 -354512
830 -354512
835 -354484
840 -354484
845 -353463
850 -353463
855 -353110
860 -353110
865 -353110
870 -353110
875 -353110
880 -353110
885 -353110
890 -353110
895 -353110
900 -353110
905 -353110
910 -353110
915 -353110
920 -353110
925 -353110
930 -353110
935 -353110
940 -353110
945 -353110
950 -353110
955 -353110
960 -353110
965 -352843
970 -352686
975 -352686
980 -352686
985 -352686
990 -352686
995 -352686
1000 -352686
1005 -352686
1010 -352686
1015 -352686
1020 -352686
1025 -352686
1030 -352686
1035 -352686
1040 -352533
1045 -352533
1050 -352533
1055 -352533
1060 -352533
1065 -352533
1070 -352533
1075 -352533
1080 -352533
1085 -352533
1090 -352533
1095 -352533
1100 -352533
1105 -352533
1110 -352533
1115 -352533
1120 -352533
1125 -352533
1130 -352533
1135 -352533
1140 -352533
1145 -352533
1150 -352533
1155 -352533
1160 -352533
1165 -352533
1170 -352533
1175 -352533
1180 -352533
1185 -352533
1190 -352533
1195 -352533
1200 -352533
1205 -352533
1210 -352533
1215 -352533
1220 -352533
1225 -352533
1230 -352533
1235 -352533
1240 -352533
1245 -352533
1250 -352533
1255 -352533
1260 -352533
1265 -352533
1270 -352533
1275 -352533
1280 -352533
1285 -352533
1290 -352533
1295 -352533
1300 -352533
1305 -352533
1310 -352533
1315 -352533
1320 -352533
1325 -352533
1330 -352533
1335 -352533
1340 -352533
1345 -352533
1350 -352533
1355 -352533
1360 -352533
1365 -352533
1370 -352533
1375 -352533
1380 -352533
1385 -352533
1390 -352533
1395 -352533
1400 -352533
1405 -352533
1410 -352533
1415 -352533
1420 -352533
1425 -352533
1430 -352533
1435 -352533
1440 -352533
1445 -352533
1450 -352533
1455 -352533
1460 -352533
1465 -352533
1470 -352533
1475 -352533
1480 -352533
1485 -352533
1490 -352533
1495 -352533
1500 -352533
1505 -352533
1510 -352533
1515 -352533
1520 -352533
1525 -352533
1530 -352533
1535 -352533
1540 -352533
1545 -352533
1550 -352533
1555 -352533
1560 -352533
1565 -352533
1570 -352533
1575 -352533
1580 -352533
1585 -352533
1590 -352498
1595 -352498
1600 -352498
1605 -352498
1610 -352498
1615 -352498
1620 -352498
1625 -352498
1630 -352498
1635 -352498
1640 -352498
1645 -352498
1650 -352498
1655 -352498
1660 -352498
1665 -352498
1670 -352498
1675 -352498
1680 -352498
1685 -352498
1690 -352498
1695 -352498
1700 -352498
1705 -352498
1710 -352498
1715 -352498
1720 -352498
1725 -352498
1730 -352498
1735 -352498
1740 -352498
1745 -352498
1750 -352498
1755 -352498
1760 -352498
1765 -352498
1770 -352498
1775 -352498
1780 -352498
1785 -352498
1790 -352498
1795 -352498
1800 -352498
1805 -352498
1810 -352498
1815 -352498
1820 -352498
1825 -352498
1830 -352498
1835 -352498
1840 -352498
1845 -352498
1850 -352498
1855 -352498
1860 -352498
1865 -352498
1870 -351984
1875 -351984
1880 -351984
1885 -351984
1890 -351984
1895 -351984
1900 -351984
1905 -351984
1910 -351984
1915 -351984
1920 -351984
1925 -351984
1930 -351984
1935 -351984
1940 -351984
1945 -351984
1950 -351984
1955 -351984
1960 -351984
1965 -351984
1970 -351984
1975 -351984
1980 -351984
1985 -351984
1990 -351984
1995 -351984
2000 -351984
2005 -351984
2010 -351984
2015 -351984
2020 -351984
2025 -351984
2030 -351984
2035 -351984
2040 -351984
2045 -351984
2050 -351984
2055 -351984
2060 -351984
2065 -351984
2070 -351984
2075 -351984
2080 -351984
2085 -351984
2090 -351984
2095 -351984
2100 -351984
2105 -351984
2110 -351984
2115 -351984
2120 -351984
2125 -351984
2130 -351984
2135 -351984
2140 -351984
2145 -351984
2150 -351984
2155 -351984
2160 -351984
2165 -351984
2170 -351984
2175 -351984
2180 -351984
2185 -351984
2190 -351984
2195 -351984
2200 -351984
2205 -351984
2210 -351984
2215 -351984
2220 -351984
2225 -351984
2230 -351984
2235 -351984
2240 -351984
2245 -351984
2250 -351984
2255 -351984
2260 -351984
2265 -351984
2270 -351984
2275 -351984
2280 -351984
2285 -351984
2290 -351984
2295 -351984
2300 -351984
2305 -351984
2310 -351984
2315 -351984
2320 -351984
2325 -351984
2330 -351984
2335 -351984
2340 -351984
2345 -351984
2350 -351984
2355 -351984
2360 -351984
2365 -351984
2370 -351984
2375 -351984
2380 -351984
2385 -351984
2390 -351984
2395 -351984
2400 -351984
2405 -351984
2410 -351984
2415 -351984
2420 -351984
2425 -351984
2430 -351984
2435 -351984
2440 -351984
2445 -351984
2450 -351984
2455 -351984
2460 -351984
2465 -351984
2470 -351984
2475 -351984
2480 -351984
2485 -351984
2490 -351984
2495 -351984
2500 -351984
2505 -351984
2510 -351984
2515 -351984
2520 -351984
2525 -351984
2530 -351984
2535 -351984
2540 -351984
2545 -351984
2550 -351984
2555 -351984
2560 -351984
2565 -351984
2570 -351984
2575 -351984
2580 -351984
2585 -351984
2590 -351984
2595 -351984
2600 -351984
2605 -351984
2610 -351984
2615 -351984
2620 -351984
2625 -351984
2630 -351984
2635 -351984
2640 -351984
2645 -351984
2650 -351984
2655 -351984
2660 -351984
2665 -351984
2670 -351984
2675 -351984
2680 -351984
2685 -351984
2690 -351984
2695 -351984
2700 -351984
2705 -351984
2710 -351984
2715 -351984
2720 -351984
2725 -351984
2730 -351984
2735 -351984
2740 -351984
2745 -351984
2750 -351984
2755 -351984
2760 -351964
2765 -351964
2770 -351964
2775 -351964
2780 -351964
2785 -351964
2790 -351964
2795 -351964
2800 -351964
2805 -351964
2810 -351964
2815 -351964
2820 -351964
2825 -351964
2830 -351964
2835 -351964
2840 -351964
2845 -351964
2850 -351964
2855 -351964
2860 -351964
2865 -351964
2870 -351964
2875 -351964
2880 -351964
2885 -351964
2890 -351964
2895 -351964
2900 -351964
2905 -351964
2910 -351964
2915 -351964
2920 -351964
2925 -351964
2930 -351964
2935 -351964
2940 -351964
2945 -351964
2950 -351964
2955 -351964
2960 -351964
2965 -351964
2970 -351964
2975 -351964
2980 -351964
2985 -351964
2990 -351964
2995 -351964
3000 -351964
3005 -351964
3010 -351964
3015 -351964
3020 -351964
3025 -351964
3030 -351964
3035 -351964
3040 -351964
3045 -351964
3050 -351964
3055 -351964
3060 -351964
3065 -351964
3070 -351964
3075 -351964
3080 -351964
3085 -351964
3090 -351964
3095 -351964
3100 -351964
3105 -351964
3110 -351964
3115 -351964
3120 -351964
3125 -351964
3130 -351964
3135 -351964
3140 -351964
3145 -351964
3150 -351964
3155 -351964
3160 -351964
3165 -351964
3170 -351964
3175 -351964
3180 -351964
3185 -351964
3190 -351964
3195 -351964
3200 -351964
3205 -351964
3210 -351964
3215 -351964
3220 -351964
3225 -351964
3230 -351964
3235 -351964
3240 -351964
3245 -351964
3250 -351964
3255 -351964
3260 -351964
3265 -351964
3270 -351964
3275 -351964
3280 -351964
3285 -351964
3290 -351964
3295 -351964
3300 -351964
