10 -382496
15 -380654
20 -378099
25 -378099
30 -378099
35 -378099
40 -377948
45 -377306
50 -375907
55 -375907
60 -375260
65 -375260
70 -374196
75 -374054
80 -372801
85 -372148
90 -372148
95 -372148
100 -372148
105 -371877
110 -371877
115 -371789
120 -370636
125 -369648
130 -369648
135 -369648
140 -369279
145 -369087
150 -369087
155 -369087
160 -369087
165 -369087
170 -369087
175 -369087
180 -369087
185 -369087
190 -369087
195 -369087
200 -369087
205 -369087
210 -369087
215 -369087
220 -369087
225 -369087
230 -369087
235 -369087
240 -369087
245 -369087
250 -369087
255 -369087
260 -369087
265 -368472
270 -368472
275 -367074
280 -367074
285 -367074
290 -367074
295 -367074
300 -367074
305 -367074
310 -367074
315 -367074
320 -366837
325 -366837
330 -366837
335 -366837
340 -366837
345 -366837
350 -366837
355 -366837
360 -366837
365 -366837
370 -366837
375 -366837
380 -366837
385 -366837
390 -366837
395 -366837
400 -366837
405 -366837
410 -366837
415 -366837
420 -366837
425 -366837
430 -366837
435 -364666
440 -364666
445 -364666
450 -364539
455 -364539
460 -364539
465 -364539
470 -364195
475 -364195
480 -364195
485 -364195
490 -363656
495 -363656
500 -363656
505 -363656
510 -363656
515 -363656
520 -363656
525 -363656
530 -363656
535 -363656
540 -363656
545 -363656
550 -363656
555 -363656
560 -363656
565 -363656
570 -363656
575 -363656
580 -363656
585 -363656
590 -363656
595 -363656
600 -363656
605 -363656
610 -362462
615 -362462
620 -362462
625 -362462
630 -362462
635 -362462
640 -362462
645 -362462
650 -362462
655 -362462
660 -362462
665 -362462
670 -362462
675 -362462
680 -362462
685 -362462
690 -362462
695 -362462
700 -362462
705 -362462
710 -362462
715 -362462
720 -361584
725 -361584
730 -361584
735 -361584
740 -361584
745 -361584
750 -361584
755 -361584
760 -361584
765 -361584
770 -361584
775 -361584
780 -360711
785 -360711
790 -360711
795 -360711
800 -360711
805 -360467
810 -360467
815 -360091
820 -360091
825 -360091
830 -360091
835 -360091
840 -360091
845 -360091
850 -360091
855 -360091
860 -360091
865 -360091
870 -360091
875 -360091
880 -360091
885 -360091
890 -360091
895 -360091
900 -360091
905 -360091
910 -360091
915 -360075
