10 -364358
15 -362061
20 -358882
25 -354462
30 -353903
35 -352793
40 -352793
45 -352793
50 -352793
55 -352405
60 -352405
65 -352405
70 -352405
75 -352334
80 -351909
85 -351909
90 -351909
95 -351909
100 -351909
105 -350743
110 -350743
115 -350743
120 -350743
125 -349774
130 -349774
135 -349774
140 -349774
145 -349774
150 -349774
155 -349774
160 -349774
165 -349633
170 -349633
175 -349633
180 -349633
185 -349633
190 -349633
195 -349633
200 -349633
205 -349633
210 -349633
215 -349633
220 -349633
225 -349633
230 -349633
235 -349633
240 -349633
245 -349633
250 -349633
255 -349633
260 -349633
265 -349633
270 -349633
275 -349633
280 -349633
285 -349633
290 -349483
295 -349483
300 -348810
305 -348810
310 -348810
315 -348810
320 -348810
325 -348810
330 -348810
335 -348810
340 -348810
345 -348810
350 -348810
355 -348810
360 -348810
365 -348810
370 -348810
375 -348810
380 -347802
385 -347802
390 -347802
395 -347802
400 -347802
405 -347802
410 -347802
415 -347802
420 -347802
425 -347802
430 -347802
435 -347802
440 -347802
445 -347802
450 -347802
455 -347802
460 -347802
465 -347802
470 -347802
475 -347156
480 -347156
485 -347072
490 -347072
495 -347072
500 -347072
505 -347072
510 -347072
515 -347072
520 -347072
525 -347072
530 -347072
535 -347072
540 -347072
545 -347072
550 -347072
555 -347072
560 -347072
565 -347072
570 -347072
575 -347072
580 -347072
585 -347072
590 -347072
595 -347072
600 -347072
605 -347072
610 -347072
615 -347072
620 -347072
625 -346598
630 -346598
635 -346598
640 -346598
645 -346598
650 -346598
655 -345673
660 -345673
665 -345673
670 -345673
675 -345673
680 -345673
685 -345673
690 -345673
695 -345673
700 -345673
705 -345673
710 -345673
715 -345673
720 -345673
725 -345673
730 -345673
735 -345673
740 -345673
745 -345673
750 -345673
755 -345673
760 -345673
765 -345673
770 -345673
775 -345673
780 -345673
785 -345232
790 -345200
795 -345200
800 -345200
805 -344496
810 -344496
815 -344496
820 -344496
825 -344496
830 -344315
835 -344315
840 -344315
845 -344315
850 -344315
855 -344315
860 -344315
865 -344315
870 -344315
875 -344315
880 -344315
885 -344315
890 -344315
895 -344315
900 -344315
905 -344315
910 -344315
915 -344315
920 -344315
925 -344315
930 -344315
935 -344315
940 -344315
945 -344315
950 -344315
955 -344312
960 -344312
965 -344312
970 -344312
975 -344312
980 -344312
985 -344312
990 -344312
995 -344312
1000 -344312
1005 -344312
1010 -344312
1015 -344312
1020 -344312
1025 -344312
1030 -344312
1035 -344312
1040 -344312
1045 -344312
1050 -344312
1055 -344312
1060 -344312
1065 -344312
1070 -344312
1075 -344312
1080 -344304
1085 -344304
1090 -344304
1095 -344304
1100 -344304
1105 -344304
1110 -344304
1115 -344304
1120 -344304
1125 -344304
1130 -344304
1135 -344304
1140 -344304
1145 -344304
1150 -344304
1155 -344304
1160 -344304
1165 -344304
1170 -344304
1175 -344304
1180 -344304
1185 -344304
1190 -344304
1195 -344304
1200 -344304
1205 -344304
1210 -344304
1215 -344304
1220 -344304
1225 -344304
1230 -344304
1235 -344304
1240 -344304
1245 -344304
1250 -344304
1255 -344304
1260 -344304
1265 -344304
1270 -344304
1275 -344304
1280 -344304
1285 -344304
1290 -344304
1295 -344304
1300 -344304
1305 -344304
1310 -344304
1315 -344304
1320 -344304
1325 -344304
1330 -344304
1335 -344304
1340 -343863
1345 -343863
1350 -343863
1355 -343863
1360 -343863
1365 -343863
1370 -343863
1375 -343863
1380 -343863
1385 -343863
1390 -343863
1395 -343863
1400 -343863
1405 -343863
1410 -343863
1415 -343863
1420 -343863
1425 -343863
1430 -343863
1435 -343863
1440 -343863
1445 -343863
1450 -343494
1455 -343494
1460 -343494
1465 -343494
1470 -343494
1475 -343494
1480 -343494
1485 -343494
1490 -343494
1495 -343494
1500 -343494
1505 -343494
1510 -343494
1515 -343494
1520 -343494
1525 -343494
1530 -343494
1535 -343494
1540 -343494
1545 -343494
1550 -343494
1555 -343494
1560 -343494
1565 -343494
1570 -343494
1575 -343494
1580 -343494
1585 -343494
1590 -343494
1595 -343494
1600 -343494
1605 -343494
1610 -343494
1615 -343494
1620 -343494
1625 -343494
1630 -343494
1635 -343494
1640 -343494
1645 -343494
1650 -343494
1655 -343494
1660 -343494
1665 -343312
1670 -343312
1675 -343312
1680 -343312
1685 -343312
1690 -343312
1695 -343312
1700 -343312
1705 -343312
1710 -343312
1715 -343312
1720 -343312
1725 -343312
1730 -343312
1735 -343312
1740 -343312
1745 -343312
1750 -343312
1755 -343312
1760 -343312
1765 -343312
1770 -343312
1775 -343312
1780 -343312
1785 -343312
1790 -343312
1795 -343312
1800 -343312
1805 -343312
1810 -343312
1815 -342922
1820 -342922
1825 -342922
1830 -342922
1835 -342922
1840 -342922
1845 -342922
1850 -342922
1855 -342922
1860 -342922
1865 -342922
1870 -342922
1875 -342922
1880 -342922
1885 -342922
1890 -342922
1895 -342922
1900 -342922
1905 -342922
1910 -342922
1915 -342922
1920 -342922
1925 -342922
1930 -342922
1935 -342922
1940 -342922
1945 -342922
1950 -342922
1955 -342922
1960 -342922
1965 -342922
1970 -342922
1975 -342922
1980 -342922
1985 -342922
1990 -342922
1995 -342922
2000 -342922
2005 -342922
2010 -342922
2015 -342922
2020 -342922
2025 -342922
2030 -342922
2035 -342922
2040 -342922
2045 -342922
2050 -342922
2055 -342922
2060 -342922
2065 -342922
2070 -342922
2075 -342922
2080 -342922
2085 -342922
2090 -342922
2095 -342922
2100 -342922
2105 -342922
2110 -342922
2115 -342922
2120 -342922
2125 -342922
2130 -342922
2135 -342922
2140 -342922
2145 -342922
2150 -342922
2155 -342922
2160 -342922
2165 -342922
2170 -342922
2175 -342922
2180 -342922
2185 -342922
2190 -342922
2195 -342922
2200 -342922
2205 -342922
2210 -342922
2215 -342922
2220 -342922
2225 -342922
2230 -342922
2235 -342922
2240 -342922
2245 -342922
2250 -342922
2255 -342922
2260 -342922
2265 -342922
2270 -342922
2275 -342922
2280 -342922
2285 -342922
2290 -342922
2295 -342922
2300 -342922
2305 -342922
2310 -342922
2315 -342922
2320 -342922
2325 -342922
2330 -342922
2335 -342922
2340 -342922
2345 -342922
2350 -342922
2355 -342922
2360 -342922
2365 -342922
2370 -342922
2375 -342922
2380 -342922
