10 -387917
15 -387634
20 -384244
25 -384032
30 -384032
35 -383270
40 -381511
45 -381511
50 -381421
55 -381421
60 -381421
65 -380238
70 -378247
75 -375904
80 -375904
85 -375904
90 -375904
95 -375904
100 -375684
105 -375684
110 -375684
115 -375684
120 -375484
125 -374893
130 -373363
135 -373363
140 -373363
145 -373363
150 -373363
155 -373363
160 -373007
165 -373007
170 -373007
175 -373007
180 -373007
185 -373007
190 -372035
195 -372035
200 -372035
205 -372035
210 -371871
215 -371871
220 -371871
225 -371871
230 -371498
235 -371232
240 -370743
245 -370743
250 -370615
255 -370615
260 -370615
265 -370429
270 -370429
275 -369596
280 -369520
285 -369520
290 -368242
295 -368242
300 -368242
305 -368242
310 -368242
315 -368242
320 -368242
325 -368242
330 -368242
335 -368242
340 -368242
345 -368242
350 -368242
355 -368242
360 -368242
365 -368242
370 -368242
375 -365654
380 -365654
385 -365654
390 -365654
395 -365654
400 -365654
405 -365654
410 -365654
415 -365654
420 -365654
425 -364917
430 -364917
435 -364917
440 -364917
445 -364917
450 -364917
455 -364917
460 -364917
465 -364917
470 -364917
475 -364917
480 -364917
485 -364917
490 -364917
495 -364917
500 -364917
505 -364917
510 -364917
515 -364917
520 -364917
525 -364917
530 -364917
535 -364917
540 -364917
545 -364917
550 -364917
555 -364917
560 -364917
565 -364917
570 -364917
575 -364917
580 -364917
585 -364917
590 -364917
595 -364917
600 -364917
605 -364917
610 -364917
615 -364917
620 -364917
625 -364917
630 -364415
635 -364415
640 -364415
645 -364415
650 -364415
655 -363856
660 -363856
665 -363856
670 -363856
675 -363856
680 -363856
685 -363856
690 -363856
695 -363856
700 -363856
705 -363856
710 -363856
715 -363856
720 -363856
725 -363856
730 -363856
735 -363856
740 -363856
745 -363856
750 -363856
755 -363856
760 -363856
765 -363856
770 -363856
775 -363856
780 -363856
785 -363856
790 -363856
795 -363856
800 -363856
805 -363856
810 -363856
815 -363856
820 -363449
825 -363449
830 -363449
835 -363449
840 -363449
845 -363449
850 -363449
855 -363449
860 -363449
865 -363449
870 -363449
875 -363449
880 -363449
885 -363449
890 -363449
895 -363449
900 -363449
905 -363449
910 -363449
915 -363449
920 -363449
925 -363449
930 -363449
935 -363449
940 -363449
945 -363449
950 -363449
955 -363449
960 -363449
965 -363449
970 -363449
975 -363449
980 -363449
985 -363449
990 -363449
995 -363449
1000 -363449
1005 -363449
1010 -363449
1015 -363449
1020 -363449
1025 -363449
1030 -363449
1035 -363449
1040 -363449
1045 -363449
1050 -363449
1055 -363449
1060 -363449
1065 -363449
1070 -363449
1075 -363449
1080 -363449
1085 -363449
1090 -363449
1095 -363126
1100 -363126
1105 -363126
1110 -363126
1115 -363126
1120 -363126
1125 -363126
1130 -363126
1135 -363126
1140 -363126
1145 -363126
1150 -363126
1155 -362883
1160 -362883
1165 -362883
1170 -362883
1175 -362883
1180 -362883
1185 -362883
1190 -362883
1195 -362883
1200 -362883
1205 -362883
1210 -362883
1215 -362883
1220 -362883
1225 -362883
1230 -362883
1235 -362883
1240 -362883
1245 -362883
1250 -362883
1255 -362883
1260 -362883
1265 -362883
1270 -362883
1275 -362883
1280 -362883
1285 -362883
1290 -362883
1295 -362883
1300 -362883
1305 -362883
1310 -362883
1315 -362883
1320 -362883
1325 -362883
1330 -362883
1335 -362883
1340 -362883
1345 -362883
1350 -362883
1355 -362883
1360 -362883
1365 -362883
1370 -362883
1375 -362883
1380 -362883
1385 -362883
1390 -362883
1395 -362883
1400 -362883
1405 -362883
1410 -362883
1415 -362883
1420 -362883
1425 -362883
1430 -362883
1435 -362883
1440 -362883
1445 -362883
1450 -362883
1455 -362883
1460 -362883
1465 -362883
1470 -362883
1475 -362883
1480 -362883
1485 -362883
1490 -362883
1495 -362883
1500 -362883
1505 -362883
1510 -362883
1515 -362883
1520 -362883
1525 -362883
1530 -362883
1535 -362883
1540 -362883
1545 -362883
1550 -362883
1555 -362883
1560 -362883
1565 -362883
1570 -362883
1575 -362883
1580 -362883
1585 -362883
1590 -362883
1595 -362883
1600 -362883
1605 -362883
1610 -362883
1615 -362883
1620 -362883
1625 -362883
1630 -362883
1635 -362883
1640 -362883
1645 -362883
1650 -362883
1655 -362883
1660 -362883
1665 -362883
1670 -362883
1675 -362883
1680 -362883
1685 -362883
1690 -362883
1695 -362883
1700 -362883
1705 -362883
1710 -362883
1715 -362883
1720 -362883
1725 -362883
1730 -362883
1735 -362883
1740 -362883
1745 -362883
1750 -362883
1755 -362883
1760 -362883
1765 -362883
1770 -362883
1775 -362883
1780 -362883
1785 -362883
1790 -362883
1795 -362883
1800 -362883
1805 -362883
1810 -362883
1815 -362883
1820 -362883
1825 -362883
1830 -362883
1835 -362883
1840 -362883
1845 -362883
1850 -362883
1855 -362883
1860 -362883
1865 -362883
1870 -362883
1875 -362883
1880 -362883
1885 -362562
1890 -362562
1895 -362562
1900 -362562
1905 -362562
1910 -362562
1915 -362562
1920 -362562
1925 -362562
1930 -362562
1935 -362562
1940 -362562
1945 -362562
1950 -362562
1955 -362562
1960 -362562
1965 -362562
1970 -362562
1975 -362562
1980 -362562
1985 -362562
1990 -362562
1995 -362562
2000 -362562
2005 -362562
2010 -362562
2015 -362562
2020 -362562
2025 -362562
2030 -362562
2035 -362562
2040 -362562
2045 -362562
2050 -362562
2055 -362562
2060 -362562
2065 -362562
2070 -362562
2075 -362562
2080 -362562
2085 -362562
2090 -362562
2095 -362562
2100 -362562
2105 -362562
2110 -362562
2115 -362562
2120 -362562
2125 -362562
2130 -362562
2135 -362562
2140 -362562
2145 -362562
2150 -362562
2155 -362562
2160 -362562
2165 -362562
2170 -362562
2175 -362562
2180 -362562
2185 -362562
2190 -362562
2195 -362562
2200 -362562
2205 -362562
2210 -362562
2215 -362562
2220 -362562
2225 -362562
2230 -362562
2235 -362562
2240 -362562
2245 -362562
2250 -362562
2255 -362562
2260 -362562
2265 -362562
2270 -362562
2275 -362562
2280 -362562
2285 -362562
2290 -362562
2295 -362562
2300 -362562
2305 -362562
2310 -362562
2315 -362562
2320 -362562
2325 -362562
2330 -362562
2335 -362562
2340 -362562
2345 -362562
2350 -362562
2355 -362562
2360 -362562
2365 -362562
2370 -362562
2375 -362562
2380 -362562
2385 -362562
2390 -362562
2395 -362562
2400 -362562
2405 -362562
2410 -362562
2415 -361428
2420 -361428
2425 -361428
2430 -361428
2435 -361428
2440 -361428
2445 -361428
2450 -361428
2455 -361428
2460 -361428
2465 -361428
2470 -361428
2475 -361428
2480 -361428
2485 -361428
2490 -361428
2495 -361428
2500 -361428
2505 -361428
2510 -361428
2515 -361428
2520 -361428
2525 -361428
2530 -361428
2535 -361428
2540 -361428
2545 -361428
2550 -361428
2555 -361428
2560 -361428
2565 -361428
2570 -361428
2575 -361428
2580 -361428
2585 -361428
2590 -361428
2595 -361428
2600 -361428
2605 -361428
2610 -361428
2615 -361428
2620 -361428
2625 -361428
2630 -361428
2635 -361428
2640 -361428
2645 -361428
2650 -361428
2655 -361428
2660 -361428
2665 -361428
2670 -361428
2675 -361428
2680 -361428
2685 -361428
2690 -361428
2695 -361428
2700 -361428
2705 -361428
2710 -361428
2715 -361428
2720 -361428
2725 -361428
2730 -361428
2735 -361428
2740 -361428
2745 -361428
2750 -361428
2755 -361428
2760 -361428
2765 -361428
2770 -361428
2775 -361428
2780 -361428
2785 -361428
2790 -361428
2795 -361428
2800 -361428
2805 -361428
2810 -361428
2815 -361428
2820 -361428
2825 -361428
2830 -361428
2835 -361428
2840 -361428
2845 -361428
2850 -361428
2855 -361428
2860 -361428
2865 -361428
2870 -361428
2875 -361428
2880 -361428
2885 -361428
2890 -361428
2895 -361428
2900 -361428
2905 -361428
2910 -361428
2915 -361428
2920 -361428
2925 -361428
2930 -361428
2935 -361428
2940 -361428
2945 -361428
2950 -361428
2955 -361428
2960 -361428
2965 -361428
2970 -361428
2975 -361428
2980 -361428
2985 -361428
2990 -361428
2995 -361428
3000 -361428
3005 -361428
3010 -361428
3015 -361428
3020 -361428
3025 -361428
3030 -361428
3035 -361428
3040 -361428
3045 -361428
3050 -361428
3055 -361428
3060 -361428
3065 -361428
3070 -361428
3075 -361428
3080 -361428
3085 -361428
3090 -361428
3095 -361428
3100 -361428
3105 -361428
3110 -361428
3115 -361428
3120 -361428
3125 -361428
3130 -361428
3135 -361428
3140 -361428
3145 -361428
3150 -361428
3155 -361428
3160 -361428
3165 -361428
3170 -361428
3175 -361428
3180 -361428
3185 -361428
3190 -361428
3195 -361428
3200 -361428
3205 -361428
3210 -361428
3215 -361428
3220 -361428
3225 -361428
3230 -361428
3235 -361428
3240 -361428
3245 -361428
3250 -361428
3255 -361428
3260 -361428
3265 -361428
3270 -361428
3275 -361428
3280 -361428
3285 -361428
3290 -361428
3295 -361428
3300 -361428
3305 -361428
3310 -361428
3315 -361428
3320 -361428
3325 -361428
3330 -361428
3335 -361428
3340 -361428
3345 -361428
3350 -361428
3355 -361428
3360 -361428
3365 -361428
3370 -361428
3375 -361428
3380 -361428
3385 -361428
3390 -361428
3395 -361428
3400 -361428
3405 -361428
3410 -361428
3415 -361428
3420 -361428
3425 -361428
3430 -361428
3435 -361428
3440 -361428
3445 -361428
3450 -361428
3455 -361428
3460 -361428
3465 -361428
3470 -361428
3475 -361428
3480 -361428
3485 -361428
3490 -361428
3495 -361428
3500 -361428
3505 -361428
3510 -361428
3515 -361428
3520 -361428
3525 -361428
3530 -361428
3535 -361428
3540 -361428
3545 -361428
3550 -361428
3555 -361428
3560 -361428
3565 -361428
3570 -361428
3575 -361428
3580 -361428
3585 -361428
3590 -361428
3595 -361428
3600 -361428
3605 -361428
3610 -361428
3615 -361428
3620 -361428
3625 -361428
3630 -361428
3635 -361428
3640 -361428
3645 -361428
3650 -361428
3655 -361428
3660 -361428
3665 -361428
3670 -361428
3675 -361428
3680 -361428
3685 -361428
3690 -361428
3695 -361428
3700 -361428
3705 -361428
3710 -361428
3715 -361428
3720 -361428
3725 -361428
3730 -361428
3735 -361428
3740 -361428
3745 -361428
3750 -361428
3755 -361428
3760 -361428
3765 -361428
3770 -361428
3775 -361428
3780 -361428
3785 -361428
3790 -361428
3795 -361428
3800 -361428
3805 -361428
3810 -361428
3815 -361428
3820 -361428
3825 -361428
3830 -361428
3835 -361428
3840 -361428
3845 -361428
3850 -361428
3855 -361428
3860 -361428
3865 -361428
3870 -361428
3875 -361428
3880 -361428
3885 -361428
3890 -361428
3895 -361428
3900 -361428
3905 -361428
3910 -361428
3915 -361428
3920 -361428
3925 -361428
3930 -361428
3935 -361428
3940 -361428
3945 -361428
3950 -361428
3955 -361428
3960 -361428
3965 -361428
3970 -361428
3975 -361428
3980 -361428
3985 -361428
3990 -361428
3995 -361428
4000 -361428
4005 -361428
4010 -361428
4015 -361428
4020 -361428
4025 -361428
4030 -361428
4035 -361428
4040 -361428
4045 -361428
4050 -361428
4055 -361428
4060 -361428
4065 -361428
4070 -361428
4075 -361428
4080 -361428
4085 -361428
4090 -361428
4095 -361428
4100 -361428
4105 -361428
4110 -361428
4115 -361428
4120 -361428
4125 -361428
4130 -361428
4135 -361428
4140 -361428
4145 -361428
4150 -361428
4155 -361428
4160 -361428
4165 -361428
4170 -361428
4175 -361428
4180 -361428
4185 -361428
4190 -361428
4195 -361428
4200 -361428
4205 -361428
4210 -361428
4215 -361428
4220 -361428
4225 -361428
4230 -361428
4235 -361428
4240 -361428
4245 -361428
4250 -361428
4255 -361428
4260 -361428
4265 -361428
4270 -361428
4275 -361428
4280 -361428
4285 -361428
4290 -361428
4295 -361428
4300 -361428
4305 -361428
4310 -361428
4315 -361428
4320 -361428
4325 -361428
4330 -361428
4335 -361428
4340 -361428
4345 -361428
4350 -361428
4355 -361428
4360 -361428
4365 -361428
4370 -361428
4375 -361428
4380 -361428
4385 -361428
4390 -361428
4395 -361428
4400 -361428
4405 -361428
4410 -361428
4415 -361428
4420 -361428
4425 -361428
4430 -361428
4435 -361428
4440 -361428
4445 -361428
4450 -361428
4455 -361428
4460 -361428
4465 -361428
4470 -361428
4475 -361428
4480 -361428
4485 -361428
4490 -361428
4495 -361428
4500 -361428
4505 -361428
4510 -361428
4515 -361428
4520 -361428
4525 -361428
4530 -361428
4535 -361428
4540 -361428
4545 -361428
4550 -361428
4555 -361428
4560 -361428
4565 -361428
4570 -361428
4575 -361428
4580 -361428
4585 -361428
4590 -361428
4595 -361428
4600 -361428
4605 -361428
4610 -361428
4615 -361428
4620 -361428
4625 -361428
4630 -361428
4635 -361428
4640 -361428
4645 -361428
4650 -361428
4655 -361428
4660 -361428
4665 -361428
4670 -361428
4675 -361428
4680 -361428
4685 -361428
4690 -361428
4695 -361428
4700 -361428
4705 -361428
4710 -361428
4715 -361428
4720 -361428
4725 -361428
4730 -361428
4735 -361428
4740 -361428
4745 -361428
4750 -361428
4755 -361428
4760 -361428
4765 -361428
4770 -361428
4775 -361428
4780 -361428
4785 -361428
4790 -361428
4795 -361428
4800 -361428
4805 -361428
4810 -361428
4815 -361428
4820 -361428
4825 -361428
4830 -361428
4835 -361428
4840 -361428
4845 -361428
4850 -361428
4855 -361428
4860 -361428
4865 -361428
4870 -361428
4875 -361428
4880 -361428
4885 -361428
4890 -361428
4895 -361428
4900 -361428
4905 -361428
4910 -361428
4915 -361428
4920 -361428
4925 -361428
4930 -361428
4935 -361428
4940 -361428
4945 -361428
4950 -361428
4955 -361428
4960 -361428
4965 -361428
4970 -361428
4975 -361428
4980 -361428
4985 -361428
4990 -361428
4995 -361428
5000 -361428
5005 -361428
5010 -361428
5015 -361428
5020 -361352
5025 -361352
5030 -361352
5035 -361352
5040 -361352
5045 -361352
5050 -361352
5055 -361352
5060 -361352
5065 -361352
5070 -361352
5075 -361352
5080 -361352
5085 -361352
5090 -361352
5095 -361352
5100 -360176
5105 -360176
5110 -360176
5115 -360176
5120 -360176
5125 -360176
5130 -360176
5135 -360176
5140 -360176
5145 -360176
5150 -360176
5155 -359778
5160 -359778
5165 -359778
5170 -359778
5175 -359778
5180 -359778
5185 -359778
5190 -359778
5195 -359778
5200 -359778
5205 -359778
5210 -359778
5215 -359778
5220 -359778
5225 -359778
5230 -359778
5235 -359778
5240 -359778
5245 -359778
5250 -359778
5255 -359778
5260 -359778
5265 -359778
5270 -359778
5275 -359778
5280 -359778
5285 -359778
5290 -359778
5295 -359778
5300 -359778
5305 -359778
5310 -359778
5315 -359778
5320 -359778
5325 -359778
5330 -359778
5335 -359778
5340 -359778
5345 -359778
5350 -359778
5355 -359778
5360 -359778
5365 -359778
5370 -359778
5375 -359778
5380 -359778
5385 -359778
5390 -359778
5395 -359778
5400 -359778
5405 -359778
5410 -359778
5415 -359778
5420 -359778
5425 -359778
5430 -359778
5435 -359457
5440 -359457
5445 -359457
5450 -359457
5455 -359457
5460 -359457
5465 -359457
5470 -359457
5475 -359457
5480 -359457
5485 -359457
5490 -359457
5495 -359457
5500 -359457
5505 -359457
5510 -359457
5515 -359457
5520 -359457
5525 -359457
5530 -359457
5535 -359457
5540 -359457
5545 -359457
5550 -359457
5555 -359457
5560 -359457
5565 -359457
5570 -359457
5575 -359457
5580 -359457
5585 -359457
5590 -359457
5595 -359457
5600 -359457
5605 -359457
5610 -359457
5615 -359457
5620 -359123
5625 -359123
5630 -359123
5635 -359123
5640 -359123
5645 -359123
5650 -359123
5655 -359123
5660 -359123
5665 -359123
5670 -359123
5675 -359123
5680 -359123
5685 -359123
5690 -359123
5695 -359123
5700 -359123
5705 -359123
5710 -359123
5715 -359123
5720 -359123
5725 -359123
5730 -359123
5735 -359123
5740 -359123
5745 -359123
5750 -359123
5755 -359123
5760 -359123
5765 -359123
5770 -359123
5775 -359123
5780 -359123
5785 -359123
5790 -359123
5795 -359123
5800 -359123
5805 -359123
5810 -359123
5815 -359123
5820 -359123
5825 -359123
5830 -359123
5835 -359123
5840 -359123
5845 -359123
5850 -359123
5855 -359123
5860 -359123
5865 -359123
5870 -359123
5875 -359123
5880 -359123
5885 -359123
5890 -359123
5895 -359123
5900 -359123
5905 -359123
5910 -359123
5915 -359123
5920 -359123
5925 -359123
5930 -359123
5935 -359123
5940 -359123
5945 -359123
5950 -359123
5955 -359123
5960 -359123
5965 -359123
5970 -359123
5975 -359123
5980 -359123
5985 -359123
5990 -359123
5995 -359123
6000 -359123
6005 -359123
6010 -359123
6015 -359123
6020 -359123
6025 -359123
6030 -359123
6035 -359123
6040 -359123
6045 -359123
6050 -359123
6055 -359123
6060 -359123
6065 -359123
6070 -359123
6075 -359123
6080 -359123
6085 -359123
6090 -359123
6095 -359123
6100 -359123
