20 -313536
30 -309048
40 -307117
50 -306534
60 -306097
70 -303684
80 -303252
90 -302774
100 -302568
110 -301784
120 -300739
130 -299860
140 -299210
150 -299210
160 -298844
170 -298762
180 -298762
190 -298762
200 -298762
210 -298668
220 -298668
230 -298668
240 -298668
250 -297657
260 -297657
270 -297657
280 -297657
290 -296743
300 -296743
310 -295986
320 -295986
330 -295986
340 -295986
350 -295986
360 -295915
370 -295915
380 -295915
390 -295677
400 -295677
410 -295677
420 -295214
430 -295214
440 -295214
450 -295214
460 -295214
470 -294985
480 -294985
490 -294985
500 -294985
510 -294985
520 -294985
530 -294985
540 -294985
550 -294985
560 -294985
570 -294985
580 -294985
590 -294985
600 -294985
610 -294985
620 -294985
630 -294768
640 -294768
650 -294516
660 -294516
670 -294516
680 -294516
690 -294516
700 -294516
710 -294271
720 -294271
730 -294271
740 -294271
750 -294271
760 -294271
770 -294271
780 -294271
790 -294271
800 -294144
810 -294144
820 -294144
830 -294144
840 -294144
850 -294144
860 -294144
870 -294082
880 -294082
890 -294082
900 -294082
910 -294082
920 -294082
930 -294082
940 -294082
950 -293989
960 -293989
970 -293989
980 -293989
990 -293989
1000 -293989
1010 -293989
1020 -293542
1030 -293542
1040 -293542
1050 -293542
1060 -293542
1070 -293542
1080 -293291
1090 -293291
1100 -293291
1110 -293291
1120 -293287
1130 -293287
1140 -293287
1150 -293189
1160 -293189
1170 -293189
1180 -293189
1190 -293189
1200 -293028
1210 -293028
1220 -293028
1230 -293028
1240 -292835
1250 -292835
1260 -292835
1270 -292835
1280 -292835
1290 -292835
1300 -292835
1310 -292835
1320 -292835
1330 -292835
1340 -292652
1350 -292652
1360 -292652
1370 -292652
1380 -292652
1390 -292652
1400 -292652
1410 -292652
1420 -292579
1430 -292579
1440 -292579
1450 -292579
1460 -292579
1470 -292579
1480 -292579
1490 -292579
1500 -292579
1510 -292097
1520 -292097
1530 -292097
1540 -292097
1550 -292097
1560 -292097
1570 -292097
1580 -292097
1590 -292097
1600 -292097
1610 -292097
1620 -292097
1630 -292097
1640 -292097
1650 -292097
1660 -292097
1670 -292097
1680 -292097
1690 -292097
1700 -292097
1710 -292097
1720 -292097
1730 -292097
1740 -292097
1750 -292097
1760 -292097
1770 -292097
1780 -292097
1790 -292097
1800 -292097
1810 -292097
1820 -292097
1830 -292097
1840 -292097
1850 -292097
1860 -292097
1870 -292097
1880 -292097
1890 -292097
1900 -292097
1910 -292097
1920 -292097
1930 -292097
1940 -292097
1950 -292097
1960 -292097
1970 -292097
1980 -292097
1990 -292097
2000 -292097
2010 -292097
2020 -292097
2030 -292097
2040 -292097
2050 -292097
2060 -292097
2070 -292097
2080 -292097
2090 -292097
2100 -292097
2110 -292097
2120 -292097
2130 -292097
2140 -292086
2150 -292086
2160 -292086
2170 -292086
2180 -292086
2190 -292030
2200 -292030
2210 -292030
2220 -292030
2230 -292030
2240 -292030
2250 -292030
2260 -292030
2270 -292030
2280 -292030
2290 -292030
2300 -292030
2310 -292030
2320 -292030
2330 -292030
2340 -292030
2350 -291875
2360 -291875
2370 -291875
2380 -291875
2390 -291875
2400 -291875
2410 -291875
2420 -291875
2430 -291875
2440 -291122
2450 -291122
2460 -291122
2470 -291122
2480 -291122
2490 -291122
2500 -291026
2510 -291026
2520 -291026
2530 -291026
2540 -291026
2550 -290555
2560 -290531
2570 -290531
2580 -290531
2590 -290531
2600 -290531
2610 -290531
2620 -290531
2630 -290531
2640 -290531
2650 -290531
2660 -290531
2670 -290531
2680 -290531
2690 -290531
2700 -290531
2710 -290531
2720 -290531
2730 -290531
2740 -290531
2750 -290531
2760 -290531
2770 -290531
2780 -290531
2790 -290531
2800 -290531
2810 -290264
2820 -290264
2830 -290264
2840 -290264
2850 -290264
2860 -290264
2870 -290264
2880 -290264
2890 -290219
2900 -290219
2910 -290122
2920 -289912
2930 -289912
2940 -289912
2950 -289912
2960 -289912
2970 -289912
2980 -289912
2990 -289912
3000 -289912
3010 -289912
3020 -289912
3030 -289912
3040 -289912
3050 -289912
3060 -289912
3070 -289912
3080 -289912
3090 -289912
3100 -289912
3110 -289912
3120 -289912
3130 -289912
3140 -289912
3150 -289912
3160 -289912
3170 -289912
3180 -289780
3190 -289780
3200 -289780
3210 -289780
3220 -289780
3230 -289780
3240 -289780
3250 -289780
3260 -289780
3270 -289780
3280 -289780
3290 -289780
3300 -289780
3310 -289780
3320 -289780
3330 -289780
3340 -289780
3350 -289780
3360 -289780
3370 -289780
3380 -289780
3390 -289780
3400 -289581
3410 -289581
3420 -289581
3430 -289581
3440 -289581
3450 -289581
3460 -289581
3470 -289581
3480 -289581
3490 -289581
3500 -289581
3510 -289581
3520 -289581
3530 -289581
3540 -289581
3550 -289581
3560 -289581
3570 -289581
3580 -289581
3590 -289581
3600 -289581
3610 -289581
3620 -289581
3630 -289581
3640 -289367
3650 -289367
3660 -289367
3670 -289367
3680 -288708
3690 -288708
3700 -288708
3710 -288708
3720 -288708
3730 -288708
3740 -288708
3750 -288708
3760 -288708
3770 -288708
3780 -288708
3790 -288708
3800 -288210
3810 -288210
3820 -288210
3830 -288210
3840 -288210
3850 -288210
3860 -288210
3870 -288210
3880 -288210
3890 -288210
3900 -288210
3910 -288210
3920 -288210
3930 -288210
3940 -288210
3950 -288210
3960 -288210
3970 -288210
3980 -288210
3990 -288210
4000 -288210
4010 -288210
4020 -288210
4030 -288210
4040 -288210
4050 -288210
4060 -288210
4070 -288210
4080 -288210
4090 -288210
4100 -288210
4110 -288210
4120 -288210
4130 -288210
4140 -288210
4150 -288210
4160 -288210
4170 -288210
4180 -288210
4190 -288210
4200 -288210
4210 -288210
4220 -288210
4230 -288210
4240 -288210
4250 -288210
4260 -288210
4270 -288210
4280 -288210
4290 -288210
4300 -288210
4310 -288210
4320 -288210
4330 -288035
4340 -288035
4350 -288035
4360 -287575
4370 -287575
4380 -287575
4390 -287575
4400 -287575
4410 -287575
4420 -287575
4430 -287575
4440 -287575
4450 -287575
4460 -287575
4470 -287575
4480 -287575
4490 -287575
4500 -287575
4510 -287575
4520 -287575
4530 -287575
4540 -287575
4550 -287575
4560 -287575
4570 -287575
4580 -287575
4590 -287575
4600 -287575
4610 -287575
4620 -287575
4630 -287575
4640 -287575
4650 -287575
4660 -287575
4670 -287439
4680 -287439
4690 -287439
4700 -287439
4710 -287439
4720 -287439
4730 -287439
4740 -287439
4750 -287439
4760 -287439
4770 -287439
4780 -287439
4790 -287439
4800 -287439
4810 -287439
4820 -287439
4830 -287439
4840 -287439
4850 -287439
4860 -287439
4870 -287439
4880 -287439
4890 -287439
4900 -287439
4910 -287439
4920 -287439
4930 -287439
4940 -287439
4950 -287439
4960 -287439
4970 -287439
4980 -287439
4990 -287439
5000 -287439
5010 -287439
5020 -287439
5030 -287439
5040 -287439
5050 -287439
5060 -287439
5070 -287439
5080 -287439
5090 -287439
5100 -287439
5110 -287439
5120 -287439
5130 -287439
5140 -287439
5150 -287439
5160 -287439
5170 -287439
5180 -287439
5190 -287439
5200 -287439
5210 -287439
5220 -287439
5230 -287439
5240 -287439
5250 -287439
5260 -287439
5270 -287439
5280 -287439
5290 -287439
5300 -287439
5310 -287439
5320 -287439
5330 -287439
5340 -287439
5350 -287439
5360 -287439
5370 -287439
5380 -287439
5390 -287439
5400 -287439
5410 -287439
5420 -287439
5430 -287439
5440 -287439
5450 -287439
5460 -287439
5470 -287439
5480 -287439
5490 -287439
5500 -287439
5510 -287439
5520 -287439
5530 -287439
5540 -287439
5550 -287439
5560 -287439
5570 -287439
5580 -287439
5590 -287439
5600 -287439
5610 -287439
5620 -287439
5630 -287439
5640 -287439
5650 -287439
5660 -287439
5670 -287439
5680 -287439
5690 -287439
5700 -287439
5710 -287439
5720 -287439
5730 -287439
5740 -287439
5750 -287439
5760 -287439
5770 -287439
5780 -287439
5790 -287439
5800 -287439
5810 -287439
5820 -287439
5830 -287439
5840 -287439
5850 -287439
5860 -287439
5870 -287439
5880 -287439
5890 -287439
5900 -287439
5910 -287439
5920 -287433
5930 -287433
5940 -287433
5950 -287433
5960 -287433
5970 -287433
5980 -287433
5990 -287433
6000 -287433
6010 -287433
6020 -287433
6030 -287433
6040 -287433
6050 -287433
6060 -287433
6070 -287433
6080 -287433
6090 -287433
6100 -287433
6110 -287433
6120 -287433
6130 -287433
6140 -287433
6150 -287433
6160 -287433
6170 -287433
6180 -287433
6190 -287433
6200 -287433
6210 -287433
6220 -287433
6230 -287433
6240 -287433
6250 -287433
6260 -287433
6270 -287433
6280 -287433
6290 -287433
6300 -287433
6310 -287433
6320 -287433
6330 -287433
6340 -287433
6350 -287433
6360 -287433
6370 -287433
6380 -287433
6390 -287433
6400 -287433
6410 -287433
6420 -287433
6430 -287433
6440 -287433
6450 -287433
6460 -287433
6470 -287433
6480 -287433
6490 -287433
6500 -287433
6510 -287433
6520 -287433
6530 -287433
6540 -287433
6550 -287433
6560 -287433
6570 -287433
6580 -287433
6590 -287433
6600 -287433
6610 -287433
6620 -287433
6630 -287433
6640 -287433
6650 -287433
6660 -287433
6670 -287433
6680 -287433
6690 -287433
6700 -287433
6710 -287433
6720 -287433
6730 -287433
6740 -287433
6750 -287433
6760 -287433
6770 -287433
6780 -287433
6790 -287433
6800 -287433
6810 -287433
6820 -287323
6830 -287252
6840 -287252
6850 -287252
6860 -287252
6870 -287252
6880 -287252
6890 -287252
6900 -287252
6910 -287252
6920 -287252
6930 -287252
6940 -287252
6950 -287252
6960 -287252
6970 -287252
6980 -287252
6990 -287252
7000 -287252
7010 -287252
7020 -287252
7030 -287252
7040 -287252
7050 -287252
7060 -287252
7070 -287252
7080 -287252
7090 -287252
7100 -287252
7110 -287252
7120 -287252
7130 -287252
7140 -287252
7150 -287252
7160 -287252
7170 -287252
7180 -287056
7190 -287056
7200 -287056
7210 -287056
7220 -287056
7230 -287056
7240 -287056
7250 -286553
7260 -286553
7270 -286553
7280 -286553
7290 -286553
7300 -286553
7310 -286553
7320 -286553
7330 -286553
7340 -286553
7350 -286553
7360 -286553
7370 -286553
7380 -286553
7390 -286553
7400 -286553
7410 -286553
7420 -286553
7430 -286553
7440 -286553
7450 -286553
7460 -286553
7470 -286553
7480 -286553
7490 -286553
7500 -286553
7510 -286553
7520 -286553
7530 -286553
7540 -286553
7550 -286553
7560 -286553
7570 -286553
7580 -286553
7590 -286553
7600 -286553
7610 -286553
7620 -286553
7630 -286553
7640 -286553
7650 -286553
7660 -286553
7670 -286553
7680 -286553
7690 -286553
7700 -286553
7710 -286553
7720 -286553
7730 -286553
7740 -286553
7750 -286553
7760 -286553
7770 -286553
7780 -286553
7790 -286553
7800 -286553
7810 -286553
7820 -286553
7830 -286553
7840 -286553
7850 -286553
7860 -286553
7870 -286553
7880 -286553
7890 -286553
7900 -286553
7910 -286553
7920 -286553
7930 -286553
7940 -286553
7950 -286553
7960 -286553
7970 -286553
7980 -286553
7990 -286553
8000 -286553
8010 -286553
8020 -286553
8030 -286553
8040 -286553
8050 -286553
8060 -286553
8070 -286553
8080 -286553
8090 -286553
8100 -286553
8110 -286553
8120 -286553
8130 -286553
8140 -286553
8150 -286553
8160 -286553
8170 -286553
8180 -286553
8190 -286553
8200 -286553
8210 -286553
8220 -286553
8230 -286553
8240 -286553
8250 -286553
8260 -286553
8270 -286553
8280 -286553
8290 -286553
8300 -286553
8310 -286553
8320 -286553
8330 -286497
8340 -286497
8350 -286497
8360 -286497
8370 -286497
8380 -286497
8390 -286497
8400 -286497
8410 -286497
8420 -286497
8430 -286497
8440 -286497
8450 -286497
8460 -286497
8470 -286497
8480 -286497
8490 -286497
8500 -286497
8510 -286497
8520 -286497
8530 -286497
8540 -286497
8550 -286497
8560 -286497
8570 -286497
8580 -286497
8590 -286497
8600 -286497
8610 -286497
8620 -286497
8630 -286497
8640 -286497
8650 -286497
8660 -286497
8670 -286497
8680 -286497
8690 -286497
8700 -286497
8710 -286497
8720 -286497
8730 -286497
8740 -286497
8750 -286497
8760 -286497
8770 -286497
8780 -286497
8790 -286497
8800 -286393
8810 -286393
8820 -286393
8830 -286393
8840 -286393
8850 -286393
8860 -286393
8870 -286393
8880 -286393
8890 -286393
8900 -286393
8910 -286393
8920 -286393
8930 -286393
8940 -286393
8950 -286393
8960 -286393
8970 -286393
8980 -286393
8990 -286393
9000 -286393
9010 -286393
9020 -286393
9030 -286393
9040 -286393
9050 -286393
9060 -286393
9070 -286393
9080 -286393
9090 -286393
9100 -286393
9110 -286393
9120 -286393
9130 -286393
9140 -286393
9150 -286393
9160 -286393
9170 -286393
9180 -286393
9190 -286393
9200 -286393
9210 -286393
9220 -286393
9230 -286393
9240 -286393
9250 -286393
9260 -286393
9270 -286393
9280 -286393
9290 -286393
9300 -286393
9310 -286393
9320 -286393
9330 -286393
9340 -286393
9350 -286393
9360 -286393
9370 -286393
9380 -286393
9390 -286393
9400 -286393
9410 -286393
9420 -286393
9430 -286393
9440 -286393
9450 -286393
9460 -286393
9470 -286393
9480 -286393
9490 -286393
9500 -286393
9510 -286393
9520 -286393
9530 -286048
9540 -286048
9550 -286048
9560 -286048
9570 -286048
9580 -286048
9590 -286048
9600 -286048
9610 -286048
9620 -286048
9630 -286048
9640 -286048
9650 -286048
9660 -286048
9670 -286048
9680 -286048
9690 -286048
9700 -286048
9710 -286048
9720 -286048
9730 -286048
9740 -286048
9750 -286048
9760 -286048
9770 -286048
9780 -286048
9790 -286048
9800 -286048
9810 -286048
9820 -286048
9830 -286048
9840 -286048
9850 -286048
9860 -286048
9870 -286048
9880 -286048
9890 -286048
9900 -286048
9910 -286048
9920 -286048
9930 -286048
9940 -286048
9950 -286048
9960 -286048
9970 -286048
9980 -286048
9990 -286048
10000 -286048
10010 -286048
10020 -286048
10030 -286048
10040 -286048
10050 -286048
10060 -286048
10070 -286048
10080 -286048
10090 -286048
10100 -286048
10110 -286048
10120 -286048
10130 -286048
10140 -286048
10150 -286048
10160 -286048
10170 -286048
10180 -286048
10190 -285803
10200 -285803
10210 -285803
10220 -285803
10230 -285803
10240 -285803
10250 -285803
10260 -285803
10270 -285803
10280 -285803
10290 -285803
10300 -285803
10310 -285803
10320 -285803
10330 -285803
10340 -285803
10350 -285803
10360 -285803
10370 -285803
10380 -285803
10390 -285803
10400 -285803
10410 -285803
10420 -285803
10430 -285803
10440 -285803
10450 -285803
10460 -285803
10470 -285803
10480 -285803
10490 -285803
10500 -285803
10510 -285803
10520 -285803
10530 -285803
10540 -285803
10550 -285803
10560 -285803
10570 -285803
10580 -285803
10590 -285803
10600 -285803
10610 -285803
10620 -285803
10630 -285803
10640 -285803
10650 -285803
10660 -285803
10670 -285803
10680 -285803
10690 -285803
10700 -285803
10710 -285803
10720 -285803
10730 -285803
10740 -285803
10750 -285803
10760 -285803
10770 -285803
10780 -285803
10790 -285803
10800 -285803
10810 -285803
10820 -285803
10830 -285803
10840 -285803
10850 -285803
10860 -285803
10870 -285803
10880 -285803
10890 -285803
10900 -285783
10910 -285783
10920 -285783
10930 -285783
10940 -285783
10950 -285783
10960 -285783
10970 -285783
10980 -285783
10990 -285783
11000 -285783
11010 -285783
11020 -285783
11030 -285783
11040 -285783
11050 -285783
11060 -285783
11070 -285783
11080 -285783
11090 -285783
11100 -285783
11110 -285783
11120 -285783
11130 -285783
11140 -285783
11150 -285783
11160 -285783
11170 -285783
11180 -285783
11190 -285783
11200 -285783
11210 -285783
11220 -285783
11230 -285783
11240 -285783
11250 -285783
11260 -285783
