20 -324463
30 -321078
40 -319918
50 -316837
60 -316144
70 -315227
80 -315158
90 -315158
100 -315158
110 -314843
120 -314843
130 -314764
140 -313941
150 -313856
160 -313263
170 -312569
180 -312569
190 -312421
200 -312421
210 -312421
220 -312421
230 -312421
240 -312421
250 -312326
260 -312326
270 -312326
280 -312326
290 -312326
300 -312326
310 -312326
320 -312326
330 -312326
340 -312326
350 -311918
360 -311918
370 -311918
380 -311918
390 -311918
400 -311918
410 -311918
420 -311918
430 -311918
440 -311918
450 -311918
460 -311918
470 -311918
480 -311918
490 -311884
500 -311822
510 -311822
520 -311680
530 -311680
540 -311680
550 -311680
560 -311680
570 -311680
580 -311680
590 -311329
600 -311329
610 -311329
620 -311010
630 -311010
640 -311010
650 -311010
660 -310857
670 -310857
680 -310857
690 -310857
700 -310857
710 -310857
720 -310759
730 -310648
740 -310648
750 -310648
760 -310648
770 -310648
780 -310648
790 -310648
800 -310648
810 -310648
820 -310648
830 -310648
840 -310648
850 -310648
860 -310648
870 -310648
880 -310648
890 -310648
900 -310344
910 -310344
920 -310088
930 -310088
940 -310088
950 -310088
960 -310088
970 -310088
980 -310088
990 -310088
1000 -310088
1010 -310088
1020 -310088
1030 -310088
1040 -310088
1050 -310088
1060 -310088
1070 -310088
1080 -310088
1090 -310038
1100 -309818
1110 -309818
1120 -309818
1130 -309392
1140 -309392
1150 -309392
1160 -309392
1170 -309392
1180 -309392
1190 -309191
1200 -309191
1210 -309191
1220 -309055
1230 -309055
1240 -309055
1250 -309055
1260 -308996
1270 -308996
1280 -308996
1290 -308025
1300 -308025
1310 -308025
1320 -308025
1330 -308025
1340 -308025
1350 -308025
1360 -308025
1370 -308019
1380 -308019
1390 -308019
1400 -308019
1410 -308019
1420 -308019
1430 -308019
1440 -308019
1450 -308019
1460 -308019
1470 -308019
1480 -308019
1490 -307379
1500 -307379
1510 -307379
1520 -307379
1530 -307379
1540 -307227
1550 -307227
1560 -307227
1570 -307227
1580 -307227
1590 -307227
1600 -307227
1610 -307227
1620 -307064
1630 -307044
1640 -307044
1650 -307044
1660 -307044
1670 -307044
1680 -307044
1690 -307044
1700 -307044
1710 -307044
1720 -307044
1730 -307044
1740 -307044
1750 -307044
1760 -307044
1770 -306882
1780 -306882
1790 -306882
1800 -306882
1810 -306882
1820 -306698
1830 -306609
1840 -306609
1850 -306609
1860 -306609
1870 -306609
1880 -306609
1890 -306609
1900 -306361
1910 -306361
1920 -306361
1930 -306361
1940 -306361
1950 -305985
1960 -305166
1970 -305166
1980 -304684
1990 -303918
2000 -303918
2010 -303918
2020 -303918
2030 -303918
2040 -303918
2050 -303918
2060 -303918
2070 -303918
2080 -303666
2090 -303666
2100 -303666
2110 -303666
2120 -303666
2130 -303545
2140 -303506
2150 -303506
2160 -303506
2170 -303506
2180 -303506
2190 -303506
2200 -303506
2210 -303000
2220 -303000
2230 -303000
2240 -303000
2250 -303000
2260 -303000
2270 -303000
2280 -303000
2290 -302193
2300 -301895
2310 -301895
2320 -301895
2330 -301895
2340 -301895
2350 -301895
2360 -301895
2370 -301895
2380 -301895
2390 -301895
2400 -301895
2410 -301895
2420 -301895
2430 -301895
2440 -301895
2450 -301895
2460 -301895
2470 -301895
2480 -301895
2490 -301459
2500 -301459
2510 -301341
2520 -301341
2530 -301341
2540 -300782
2550 -300782
2560 -300782
2570 -300782
2580 -300782
2590 -299843
2600 -299843
2610 -299843
2620 -299843
2630 -299843
2640 -299843
2650 -299843
2660 -299709
2670 -299709
2680 -299709
2690 -299686
2700 -299686
2710 -299686
2720 -299686
2730 -299686
2740 -299686
2750 -299686
2760 -299686
2770 -299686
2780 -299686
2790 -299686
2800 -299686
2810 -299686
2820 -299619
2830 -299619
2840 -299619
2850 -299619
2860 -299619
2870 -299619
2880 -299619
2890 -299619
2900 -299619
2910 -299619
2920 -299619
2930 -299619
2940 -299619
2950 -299619
2960 -299619
2970 -299619
2980 -299619
2990 -299619
3000 -299619
3010 -299619
3020 -299521
3030 -299521
3040 -299521
3050 -299521
3060 -299521
3070 -299521
3080 -299521
3090 -299521
3100 -299521
3110 -299521
3120 -299521
3130 -299521
3140 -299521
3150 -299521
3160 -299521
3170 -299521
3180 -299521
3190 -299521
3200 -299521
3210 -299521
3220 -299521
3230 -299521
3240 -299521
3250 -299521
3260 -299521
3270 -299521
3280 -299521
3290 -299521
3300 -299521
3310 -299469
3320 -299469
3330 -299469
3340 -299469
3350 -299469
3360 -299469
3370 -299469
3380 -299469
3390 -299469
3400 -299469
3410 -299469
3420 -299469
3430 -299469
3440 -299469
3450 -299469
3460 -299469
3470 -299348
3480 -299348
3490 -299348
3500 -299348
3510 -299348
3520 -299348
3530 -299348
3540 -299348
3550 -299348
3560 -299348
3570 -299348
3580 -299348
3590 -299348
3600 -299348
3610 -299348
3620 -299348
3630 -299348
3640 -299348
3650 -299348
3660 -299348
3670 -299348
3680 -299348
3690 -299348
3700 -299348
3710 -299348
3720 -299348
3730 -299348
3740 -299348
3750 -299348
3760 -298620
3770 -298620
3780 -298620
3790 -298620
3800 -298620
3810 -298620
3820 -298620
3830 -298620
3840 -298620
3850 -298620
3860 -298325
3870 -297988
3880 -297988
3890 -297988
3900 -297773
3910 -297773
3920 -297773
3930 -297773
3940 -297773
3950 -297773
3960 -297773
3970 -297773
3980 -297773
3990 -297773
4000 -297773
4010 -297756
4020 -297756
4030 -297756
4040 -297756
4050 -297756
4060 -297756
4070 -297756
4080 -297756
4090 -297756
4100 -297756
4110 -297756
4120 -297756
4130 -297756
4140 -297756
4150 -297756
4160 -297756
4170 -297756
4180 -297756
4190 -297756
4200 -297756
4210 -297756
4220 -297756
4230 -297756
4240 -297756
4250 -297756
4260 -297756
4270 -297756
4280 -297756
4290 -297756
4300 -297756
4310 -297756
4320 -297756
4330 -297756
4340 -297756
4350 -297638
4360 -297638
4370 -297638
4380 -297638
4390 -297638
4400 -297638
4410 -297628
4420 -297628
4430 -297628
4440 -297628
4450 -297628
4460 -297628
4470 -297628
4480 -297628
4490 -297628
4500 -297628
4510 -297628
4520 -297628
4530 -297618
4540 -297618
4550 -297618
4560 -297618
4570 -297510
4580 -297355
4590 -297355
4600 -297355
4610 -297355
4620 -297355
4630 -297355
4640 -297355
4650 -297355
4660 -297355
4670 -297355
4680 -297355
4690 -297355
4700 -297355
4710 -297355
4720 -297355
4730 -297355
4740 -297355
4750 -297355
4760 -297355
4770 -297355
4780 -297355
4790 -297355
4800 -297355
4810 -297355
4820 -297355
4830 -297355
4840 -297355
4850 -297355
4860 -297355
4870 -297355
4880 -297355
4890 -297355
4900 -297319
4910 -297319
4920 -297319
4930 -297319
4940 -297319
4950 -297319
4960 -297319
4970 -297319
4980 -297319
4990 -297319
5000 -297319
5010 -297319
5020 -297319
5030 -297319
5040 -297319
5050 -297319
5060 -297319
5070 -297319
5080 -297319
5090 -297319
5100 -297319
5110 -297319
5120 -297319
5130 -297319
5140 -297319
5150 -297319
5160 -297319
5170 -297319
5180 -297319
5190 -297319
5200 -297319
5210 -297319
5220 -297319
5230 -297319
5240 -297136
5250 -297136
5260 -297136
5270 -297136
5280 -297136
5290 -297136
5300 -297136
5310 -297136
5320 -297136
5330 -297136
5340 -297136
5350 -297136
5360 -297136
5370 -297136
5380 -297136
5390 -297136
5400 -297136
5410 -297136
5420 -297136
5430 -297136
5440 -297136
5450 -297136
5460 -297136
5470 -297089
5480 -297089
5490 -297089
5500 -297089
5510 -297089
5520 -297089
5530 -297089
5540 -297089
5550 -297089
5560 -297089
5570 -297089
5580 -297089
5590 -297089
5600 -297089
5610 -297089
5620 -297089
5630 -297089
5640 -297089
5650 -297089
5660 -297089
5670 -297089
5680 -297089
5690 -297089
5700 -297089
5710 -297089
5720 -297089
5730 -297089
5740 -297089
5750 -297089
5760 -297089
5770 -297089
5780 -297076
5790 -297076
5800 -297076
5810 -297076
5820 -297076
5830 -297076
5840 -296768
5850 -296768
5860 -296768
5870 -296768
5880 -296768
5890 -296768
5900 -296768
5910 -296768
5920 -296768
5930 -296768
5940 -296768
5950 -296768
5960 -296768
5970 -296768
5980 -296768
5990 -296768
6000 -296184
6010 -296184
6020 -296184
6030 -296184
6040 -296184
6050 -296184
6060 -296184
6070 -296184
6080 -296184
6090 -296184
6100 -296184
6110 -296184
6120 -296184
6130 -296184
6140 -296184
6150 -296184
6160 -296184
6170 -296184
6180 -296184
6190 -296184
6200 -296184
6210 -296184
6220 -296184
6230 -296184
6240 -296184
6250 -296184
6260 -296184
6270 -296184
6280 -296184
6290 -296184
6300 -296184
6310 -296184
6320 -296184
6330 -296184
6340 -296184
6350 -296184
6360 -296184
6370 -296184
6380 -296184
6390 -296020
6400 -296020
6410 -296020
6420 -296020
6430 -296020
6440 -296020
6450 -296020
6460 -296020
6470 -296020
6480 -296020
6490 -296020
6500 -296020
6510 -296020
6520 -296020
6530 -296020
6540 -296020
6550 -296020
6560 -296020
6570 -296020
6580 -296020
6590 -296020
6600 -296020
6610 -296020
6620 -296020
6630 -296020
6640 -296020
6650 -296020
6660 -296020
6670 -296020
6680 -296020
6690 -296020
6700 -296020
6710 -296020
6720 -296020
6730 -296020
6740 -296020
6750 -296020
6760 -296020
6770 -296020
6780 -296020
6790 -296020
6800 -296020
6810 -296020
6820 -296020
6830 -296020
6840 -296020
6850 -296020
6860 -296020
6870 -296020
6880 -296020
6890 -296020
6900 -296020
6910 -296020
6920 -296020
6930 -296020
6940 -296020
6950 -295593
6960 -295593
6970 -295593
6980 -295593
6990 -295593
7000 -295593
7010 -295593
7020 -295593
7030 -295593
7040 -295593
7050 -295593
7060 -295593
7070 -295593
7080 -295593
7090 -295593
7100 -295593
7110 -295593
7120 -295593
7130 -295593
7140 -295593
7150 -295593
7160 -295593
7170 -295593
7180 -295593
7190 -295593
7200 -295593
7210 -295593
7220 -295593
7230 -295593
7240 -295593
7250 -295593
7260 -295593
7270 -295593
7280 -295593
7290 -295593
7300 -295593
7310 -295593
7320 -295593
7330 -295593
7340 -295593
7350 -295593
7360 -295593
7370 -295593
7380 -295593
7390 -295593
7400 -295593
7410 -295593
7420 -295593
7430 -295593
7440 -295593
7450 -295593
7460 -295593
7470 -295300
7480 -295300
7490 -295300
7500 -295300
7510 -295300
7520 -295300
7530 -295300
7540 -295300
7550 -295300
7560 -295300
7570 -295300
7580 -295300
7590 -295300
7600 -295300
7610 -295300
7620 -295300
7630 -295300
7640 -295300
7650 -295300
7660 -295300
7670 -295300
7680 -295300
7690 -295300
7700 -295300
7710 -295300
7720 -295300
7730 -295300
7740 -295300
7750 -295300
7760 -295300
7770 -295300
7780 -295300
7790 -295300
7800 -295300
7810 -295300
7820 -295300
7830 -295300
7840 -295300
7850 -295300
7860 -295300
7870 -295300
7880 -295300
7890 -295300
7900 -295300
7910 -295300
7920 -295300
7930 -295300
7940 -295300
7950 -295300
7960 -295300
7970 -295300
7980 -295174
7990 -295174
8000 -295174
8010 -295174
8020 -295174
8030 -295174
8040 -295174
8050 -295174
8060 -295174
8070 -295174
8080 -295174
8090 -295174
8100 -295174
8110 -295174
8120 -295174
8130 -295174
8140 -295174
8150 -295174
8160 -295174
8170 -295174
8180 -295174
8190 -295174
8200 -295174
8210 -295174
8220 -295174
8230 -295174
8240 -295174
8250 -295174
8260 -295174
8270 -295174
8280 -295174
8290 -295174
8300 -295174
8310 -295174
8320 -295174
8330 -295174
8340 -295174
8350 -295174
8360 -295174
8370 -295174
8380 -295174
8390 -295174
8400 -295174
8410 -295174
8420 -295174
8430 -295174
8440 -295174
8450 -295174
8460 -295174
8470 -295174
8480 -295174
8490 -295174
8500 -295174
8510 -295174
8520 -295174
8530 -295174
8540 -295174
8550 -295174
8560 -295174
8570 -295174
8580 -295174
8590 -295174
8600 -295174
8610 -295174
8620 -295174
8630 -295174
8640 -295174
8650 -295174
8660 -295174
8670 -295174
8680 -295174
8690 -295174
8700 -295174
8710 -295174
8720 -295174
8730 -295174
8740 -295174
8750 -295174
8760 -295174
8770 -295174
8780 -295174
8790 -295174
8800 -295174
8810 -295174
8820 -295174
8830 -295174
8840 -295174
8850 -295174
8860 -295174
8870 -295174
8880 -295174
8890 -295174
8900 -295174
8910 -295174
8920 -295174
8930 -295174
8940 -295174
8950 -295174
8960 -295174
8970 -295174
8980 -295174
8990 -295174
9000 -295174
9010 -295174
9020 -295174
9030 -295174
9040 -295174
9050 -295174
9060 -295174
9070 -295174
9080 -295174
9090 -295174
9100 -295174
9110 -295174
9120 -295174
9130 -295174
9140 -295174
9150 -295174
9160 -295174
9170 -295174
9180 -295174
9190 -295174
9200 -295174
9210 -295174
9220 -295174
9230 -295174
9240 -295174
9250 -295174
9260 -295174
9270 -295174
9280 -295174
9290 -295174
9300 -295174
9310 -295174
9320 -295174
9330 -295174
9340 -295174
9350 -295174
9360 -295174
9370 -295174
9380 -295174
9390 -295174
9400 -295174
9410 -295174
9420 -295174
9430 -295174
9440 -295174
9450 -295174
9460 -295174
9470 -295174
9480 -295174
9490 -295174
9500 -295174
9510 -295174
9520 -295174
9530 -295174
9540 -295174
9550 -295174
9560 -295174
9570 -295174
9580 -295174
9590 -295174
9600 -295174
9610 -295174
9620 -295174
9630 -295174
9640 -295174
9650 -295174
9660 -295174
9670 -295174
9680 -295174
9690 -295174
9700 -295174
9710 -295174
9720 -295174
9730 -295174
9740 -295174
9750 -295174
9760 -295174
9770 -295174
9780 -295174
9790 -295174
9800 -295174
9810 -295174
9820 -295174
9830 -295174
9840 -295174
9850 -295174
9860 -295174
9870 -295174
9880 -295174
9890 -295174
9900 -295174
9910 -295174
9920 -295174
9930 -295174
9940 -295174
9950 -295174
9960 -295174
9970 -295174
9980 -295174
9990 -295174
10000 -295174
10010 -295174
10020 -295174
10030 -295174
10040 -295174
10050 -295174
10060 -295174
10070 -295174
10080 -295174
10090 -295174
10100 -295174
10110 -295174
10120 -295174
10130 -295174
10140 -295174
10150 -295174
10160 -295174
10170 -295174
10180 -295174
10190 -295174
10200 -295174
10210 -295174
10220 -295174
10230 -295174
10240 -295174
10250 -295174
10260 -295174
10270 -295174
10280 -295174
10290 -295174
10300 -295174
10310 -295174
10320 -295174
10330 -295174
10340 -295174
10350 -295174
10360 -295174
10370 -295174
10380 -295174
10390 -295174
10400 -295174
10410 -295174
10420 -295174
10430 -295174
10440 -295174
10450 -295174
10460 -295174
10470 -295174
10480 -295174
10490 -295174
10500 -295174
10510 -295174
10520 -295174
10530 -295174
10540 -295174
10550 -295174
10560 -295174
10570 -295174
10580 -295174
10590 -295174
10600 -295174
10610 -295174
10620 -295174
10630 -295174
10640 -295174
10650 -295174
10660 -295174
10670 -295174
10680 -295174
10690 -295174
10700 -295174
10710 -295174
10720 -295174
10730 -295174
10740 -295174
10750 -295174
10760 -295174
10770 -295174
10780 -295174
10790 -295174
10800 -295174
10810 -295174
10820 -295174
10830 -295174
10840 -295174
10850 -295174
10860 -295174
10870 -295174
10880 -295174
10890 -295174
10900 -295174
10910 -295174
10920 -295174
10930 -295174
10940 -295174
10950 -295174
10960 -295174
10970 -295174
10980 -295174
10990 -295174
11000 -295174
11010 -295174
11020 -295174
11030 -295174
11040 -295174
11050 -295174
11060 -295174
11070 -295174
11080 -295174
11090 -295174
11100 -295174
11110 -295174
11120 -295174
11130 -295174
11140 -295174
11150 -295174
11160 -295174
11170 -295174
11180 -295174
11190 -295174
11200 -295174
11210 -295174
11220 -295174
11230 -295174
11240 -295174
11250 -295174
11260 -295174
11270 -295174
11280 -295174
11290 -295174
11300 -295174
11310 -295174
11320 -295174
11330 -295174
11340 -295174
11350 -295174
11360 -295174
11370 -295174
11380 -295174
11390 -295174
11400 -295174
11410 -295174
11420 -295174
11430 -295174
11440 -295174
11450 -295174
11460 -295174
11470 -295174
11480 -295174
11490 -295174
11500 -295174
11510 -295174
11520 -295174
11530 -295174
11540 -295174
11550 -295174
11560 -295174
11570 -295174
11580 -295174
11590 -295174
11600 -295174
11610 -295174
11620 -295174
11630 -295174
11640 -295174
11650 -295174
11660 -295174
11670 -295174
11680 -295174
11690 -295174
11700 -295174
11710 -295174
11720 -295174
11730 -295174
11740 -295174
11750 -295174
11760 -295174
11770 -295174
11780 -295174
11790 -295174
11800 -295174
11810 -295174
11820 -295174
11830 -295174
11840 -295174
11850 -295174
11860 -295174
11870 -295174
11880 -295174
11890 -295174
11900 -295174
11910 -295174
11920 -295174
11930 -295174
11940 -295174
11950 -295174
11960 -295174
11970 -295174
11980 -295174
11990 -295174
12000 -295174
12010 -295174
12020 -295174
12030 -295174
12040 -295174
12050 -295174
12060 -295174
12070 -295174
12080 -295174
12090 -295174
12100 -295174
12110 -295174
12120 -295174
12130 -295174
12140 -295174
12150 -295174
12160 -295174
12170 -295174
12180 -295174
12190 -295174
12200 -295174
12210 -295174
12220 -295174
12230 -295174
12240 -295174
12250 -295174
12260 -295174
12270 -295174
12280 -295174
12290 -295174
12300 -295174
12310 -295174
12320 -295174
12330 -295174
12340 -295174
12350 -295174
12360 -295174
12370 -295174
12380 -295174
12390 -295174
12400 -295174
12410 -295174
12420 -295174
12430 -295174
12440 -295174
12450 -295174
12460 -295174
12470 -295174
12480 -295174
12490 -295174
12500 -295174
12510 -295174
12520 -295174
12530 -295174
12540 -295174
12550 -295174
12560 -295174
12570 -295174
12580 -295174
12590 -295174
12600 -295174
12610 -295174
12620 -295174
12630 -295174
12640 -295174
12650 -295174
12660 -295174
12670 -295174
12680 -295174
12690 -295174
12700 -295174
12710 -295174
12720 -295174
12730 -295174
12740 -295174
12750 -295174
12760 -295174
12770 -295174
12780 -295174
12790 -295174
12800 -295174
12810 -295174
12820 -295174
12830 -295174
12840 -295174
12850 -295174
12860 -295174
12870 -295174
12880 -295174
12890 -295174
12900 -295174
12910 -295174
12920 -295174
12930 -295174
12940 -295174
12950 -295174
12960 -295174
12970 -295174
12980 -295174
12990 -295174
13000 -295174
13010 -295174
13020 -295174
13030 -295174
13040 -295174
13050 -295174
13060 -295174
13070 -295174
13080 -295174
13090 -295174
13100 -295174
13110 -295174
13120 -295174
13130 -295174
13140 -295174
13150 -295174
13160 -295174
13170 -295174
13180 -295174
13190 -295174
13200 -295174
13210 -295174
13220 -295174
13230 -295174
13240 -295174
13250 -295174
13260 -295174
13270 -295174
13280 -295174
13290 -295174
13300 -295174
13310 -295174
13320 -295174
13330 -295174
13340 -295174
13350 -295174
13360 -295174
13370 -295174
13380 -295174
13390 -295174
13400 -295174
13410 -295174
13420 -295174
13430 -295174
13440 -295174
13450 -295174
13460 -295174
13470 -295174
13480 -295174
13490 -295174
13500 -295174
13510 -295174
13520 -295174
13530 -295174
13540 -295174
13550 -295174
13560 -295174
13570 -295160
13580 -295160
13590 -295160
13600 -295160
13610 -295160
13620 -295160
13630 -295160
13640 -295160
13650 -295160
13660 -295160
13670 -295160
13680 -295160
13690 -295160
13700 -295160
13710 -295160
13720 -295160
13730 -295160
13740 -295160
13750 -295160
13760 -295160
13770 -295160
13780 -295160
13790 -295160
13800 -295160
13810 -295160
13820 -295160
13830 -295160
13840 -295160
13850 -295160
13860 -295160
13870 -295160
13880 -295160
13890 -295160
13900 -295160
13910 -295160
13920 -295160
13930 -295160
13940 -295160
13950 -295160
13960 -295160
13970 -295160
13980 -295160
13990 -295160
14000 -295160
14010 -295160
14020 -295160
14030 -295160
14040 -295160
14050 -295160
14060 -295160
14070 -295160
14080 -295160
14090 -295160
14100 -295160
14110 -295160
14120 -295160
14130 -295160
