10 -470783
15 -467789
20 -464674
25 -464387
30 -463270
35 -463270
40 -463270
45 -463270
50 -463270
55 -462117
60 -462117
65 -462117
70 -462117
75 -461868
80 -461868
85 -461868
90 -461868
95 -461868
100 -461868
105 -460700
110 -458369
115 -458369
120 -458369
125 -457709
130 -457709
135 -457709
140 -456704
145 -456339
150 -456339
155 -456339
160 -456339
165 -456128
170 -456128
175 -455742
180 -455742
185 -455742
190 -455742
195 -455742
200 -455742
205 -455742
210 -455742
215 -455742
220 -455142
225 -455142
230 -455142
235 -455142
240 -455142
245 -455142
250 -455142
255 -454995
260 -454995
265 -454995
270 -454535
275 -454535
280 -454535
285 -454535
290 -454535
295 -454535
300 -454535
305 -454535
310 -454535
315 -454535
320 -454535
325 -454535
330 -454535
335 -453309
340 -453309
345 -453309
350 -453309
355 -453309
360 -453309
365 -453309
370 -453309
375 -453309
380 -453309
385 -453309
390 -453309
395 -453309
400 -453309
405 -453309
410 -453309
415 -452338
420 -452338
425 -452338
430 -452338
435 -452338
440 -452338
445 -452338
450 -452338
455 -452338
460 -452338
465 -452338
470 -452110
475 -452110
480 -452110
485 -452110
490 -452110
495 -452110
500 -452110
505 -452110
510 -452035
515 -452035
520 -452035
525 -452035
530 -452035
535 -452035
540 -452035
545 -452035
550 -452035
555 -452035
560 -452035
565 -452035
570 -452035
575 -452035
580 -452035
585 -452035
590 -452035
595 -452035
600 -452035
605 -452035
610 -452035
615 -452035
620 -452035
625 -452035
630 -452035
635 -452035
640 -452035
645 -452035
650 -452035
655 -452035
660 -452035
665 -452035
670 -452035
675 -452035
680 -451765
685 -451765
690 -451765
695 -451765
700 -451765
705 -451765
710 -451765
715 -451765
720 -451765
725 -451765
730 -451765
735 -451765
740 -451765
745 -451765
750 -451765
755 -451765
760 -451765
765 -451454
770 -451454
775 -451454
780 -451454
785 -451454
790 -451454
795 -451454
800 -451015
805 -451015
810 -451015
815 -451015
820 -451015
825 -451015
830 -451015
835 -451015
840 -451015
845 -451015
850 -451015
855 -451015
860 -451015
865 -451015
870 -451015
875 -451015
880 -451015
885 -451015
890 -451015
895 -451015
900 -451015
905 -451015
910 -451015
915 -451015
920 -451015
925 -451015
930 -451015
935 -451015
940 -451015
945 -451015
950 -451015
955 -451015
960 -451015
965 -451015
970 -451015
975 -451015
980 -451015
985 -451015
990 -451015
995 -451015
1000 -450983
1005 -450983
1010 -450983
1015 -450983
1020 -450983
1025 -450983
1030 -450983
1035 -450983
1040 -450983
1045 -450983
1050 -450983
1055 -450983
1060 -450983
1065 -450983
1070 -450983
1075 -450983
1080 -450983
1085 -450983
1090 -450983
1095 -450983
1100 -450983
1105 -450983
1110 -450983
1115 -450983
1120 -450983
1125 -450983
1130 -450983
1135 -450983
1140 -450983
1145 -450983
1150 -450983
1155 -450983
1160 -450983
1165 -450983
1170 -450983
1175 -450983
1180 -450983
1185 -450983
1190 -450949
1195 -450949
1200 -450949
1205 -450949
1210 -450949
1215 -450949
1220 -450949
1225 -450949
1230 -450949
1235 -450949
1240 -450949
1245 -450949
1250 -450949
1255 -450949
1260 -450949
1265 -450949
1270 -450949
1275 -450949
1280 -450949
1285 -450949
1290 -450949
1295 -450949
1300 -450949
1305 -450949
1310 -450949
1315 -450949
1320 -450949
1325 -450949
1330 -450949
1335 -450949
1340 -450949
1345 -450949
1350 -450949
1355 -450949
1360 -450949
1365 -450949
1370 -450949
1375 -450949
1380 -450949
1385 -450949
1390 -450949
1395 -450949
1400 -450949
1405 -450949
1410 -450949
1415 -450949
1420 -450949
1425 -450949
1430 -450949
1435 -450949
1440 -450949
1445 -450949
1450 -450949
1455 -450949
1460 -450949
1465 -450949
1470 -450949
1475 -450949
1480 -450949
1485 -450949
1490 -450949
1495 -450949
1500 -450949
1505 -450949
1510 -450949
1515 -450949
1520 -450949
1525 -450949
1530 -450949
1535 -450949
1540 -450949
1545 -450949
1550 -450949
1555 -450949
1560 -450949
1565 -450949
1570 -450949
1575 -450949
1580 -450949
1585 -450949
1590 -450949
1595 -450949
1600 -450949
1605 -450949
1610 -450949
1615 -450949
1620 -450949
1625 -450949
1630 -450949
1635 -450949
1640 -450949
1645 -450949
1650 -450949
1655 -450949
1660 -450949
1665 -450949
1670 -450949
1675 -450949
1680 -450949
1685 -450949
1690 -450949
1695 -450949
1700 -450949
1705 -450949
1710 -450949
1715 -450949
1720 -450949
1725 -450949
1730 -450949
1735 -450949
1740 -450949
1745 -450949
1750 -450949
1755 -450949
1760 -450949
1765 -450949
1770 -450949
1775 -450949
1780 -450949
1785 -450949
1790 -450949
1795 -450949
1800 -450949
1805 -450949
1810 -450949
1815 -450949
1820 -450949
1825 -450949
1830 -450949
1835 -450949
1840 -450949
1845 -450949
1850 -450949
1855 -450949
1860 -450949
1865 -450949
1870 -450949
1875 -450949
1880 -450949
1885 -450949
1890 -450949
1895 -450949
1900 -450949
1905 -450949
1910 -450949
1915 -450949
1920 -450949
1925 -450949
1930 -450949
1935 -450949
1940 -450949
1945 -450949
1950 -450949
1955 -450949
1960 -450949
1965 -450949
1970 -450949
1975 -450949
1980 -450949
1985 -450949
1990 -450949
1995 -450949
2000 -450949
2005 -450949
2010 -450949
2015 -450949
2020 -450949
2025 -450949
2030 -450949
2035 -450949
2040 -450949
2045 -450949
2050 -450949
2055 -450949
2060 -450949
2065 -450949
2070 -450949
2075 -450949
2080 -450949
2085 -450949
2090 -450949
2095 -450949
2100 -450949
2105 -450949
2110 -450949
2115 -450949
2120 -450949
2125 -450949
2130 -450949
2135 -450949
2140 -450949
2145 -450949
2150 -450949
2155 -450949
2160 -450949
2165 -450949
2170 -450949
2175 -450949
2180 -450949
2185 -450949
2190 -450949
2195 -450949
2200 -450949
2205 -450949
2210 -450949
2215 -450949
2220 -450949
2225 -450949
2230 -450949
2235 -450949
2240 -450949
2245 -450949
2250 -450949
2255 -450949
2260 -450949
2265 -450949
2270 -450949
2275 -450949
2280 -450949
2285 -450949
2290 -450949
2295 -450949
2300 -450949
2305 -450949
2310 -450949
2315 -450949
2320 -450949
2325 -450949
2330 -450949
2335 -450949
2340 -450949
2345 -450949
2350 -450949
2355 -450949
2360 -450949
2365 -450949
2370 -450949
2375 -450949
2380 -450949
2385 -450949
2390 -450949
2395 -450949
2400 -450949
2405 -450949
2410 -450949
2415 -450949
2420 -450949
2425 -450949
2430 -450949
2435 -450949
2440 -450949
2445 -450949
2450 -450949
2455 -450949
2460 -450949
2465 -450949
2470 -450949
2475 -450949
2480 -450949
2485 -450949
2490 -450949
2495 -450949
2500 -450943
2505 -450943
2510 -450943
2515 -450943
2520 -450943
2525 -450943
2530 -450943
2535 -450943
2540 -450943
2545 -450943
2550 -450943
2555 -450943
2560 -450943
2565 -450943
2570 -450943
2575 -450943
2580 -450943
2585 -450943
2590 -450943
2595 -450943
2600 -450943
2605 -450943
2610 -450943
2615 -450943
2620 -450943
2625 -450943
2630 -450943
2635 -450943
2640 -450943
2645 -450943
2650 -450943
2655 -450943
2660 -450943
2665 -450943
2670 -450943
2675 -450943
2680 -450943
2685 -450943
2690 -450943
2695 -450943
2700 -450943
2705 -450943
2710 -450936
2715 -450936
2720 -450936
2725 -450936
2730 -450936
2735 -450936
2740 -450936
2745 -450936
2750 -450936
2755 -450936
2760 -450936
2765 -450936
2770 -450936
2775 -450936
2780 -450936
2785 -450936
2790 -450936
2795 -450936
2800 -450936
2805 -450936
2810 -450936
2815 -450936
2820 -450936
2825 -450936
2830 -450936
2835 -450936
2840 -450936
2845 -450936
2850 -450936
2855 -450936
2860 -450936
2865 -450936
2870 -450936
2875 -450936
2880 -450936
2885 -450936
2890 -450936
2895 -450936
2900 -450936
2905 -450936
2910 -450936
2915 -450936
2920 -450936
2925 -450936
2930 -450936
2935 -450936
2940 -450936
2945 -450936
2950 -450936
2955 -450936
2960 -450936
2965 -450936
2970 -450936
2975 -450936
2980 -450936
2985 -450936
2990 -450936
2995 -450936
3000 -450936
3005 -450936
3010 -450936
3015 -450936
3020 -450936
3025 -450936
3030 -450936
3035 -450936
3040 -450936
3045 -450936
3050 -450936
3055 -450936
3060 -450936
3065 -450936
3070 -450936
3075 -450936
3080 -450936
3085 -450936
3090 -450936
3095 -450936
3100 -450936
3105 -450936
3110 -450936
3115 -450936
3120 -450936
3125 -450936
3130 -450936
3135 -450936
3140 -450936
3145 -450936
3150 -450936
3155 -450936
3160 -450936
3165 -450936
3170 -450936
3175 -450936
3180 -450936
3185 -450936
3190 -450936
3195 -450936
3200 -450936
3205 -450936
3210 -450936
3215 -450936
3220 -450936
3225 -450936
3230 -450936
3235 -450936
3240 -450936
3245 -450936
3250 -450936
3255 -450936
3260 -450936
3265 -450936
3270 -450936
3275 -450936
3280 -450936
3285 -450936
3290 -450936
3295 -450936
3300 -450936
3305 -450936
3310 -450936
3315 -450936
3320 -450936
3325 -450936
3330 -450936
3335 -450936
3340 -450936
3345 -450936
3350 -450936
3355 -450936
3360 -450936
3365 -450936
3370 -450936
3375 -450936
3380 -450936
3385 -450936
3390 -450936
3395 -450936
3400 -450936
3405 -450936
3410 -450936
3415 -450936
3420 -450936
3425 -450936
3430 -450936
3435 -450936
3440 -450936
3445 -450936
3450 -450936
3455 -450891
3460 -450891
3465 -450891
3470 -450891
3475 -450891
3480 -450891
3485 -450891
3490 -450891
3495 -450891
3500 -450891
3505 -450891
3510 -450891
3515 -450891
3520 -450891
3525 -450891
3530 -450891
3535 -450891
3540 -450891
3545 -450891
3550 -450891
3555 -450891
3560 -450891
3565 -450891
3570 -450891
3575 -450891
3580 -450891
3585 -450891
3590 -450891
3595 -450891
3600 -450891
3605 -450891
3610 -450891
3615 -450891
3620 -450891
3625 -450891
3630 -450891
3635 -450891
3640 -450891
3645 -450891
3650 -450891
3655 -450891
3660 -450891
3665 -450891
3670 -450891
3675 -450891
3680 -450891
3685 -450891
3690 -450891
3695 -450891
3700 -450891
3705 -450891
3710 -450891
3715 -450891
3720 -450891
3725 -450891
3730 -450891
3735 -450891
3740 -450891
3745 -450891
3750 -450891
3755 -450891
3760 -450891
3765 -450891
3770 -450891
3775 -450891
3780 -450891
3785 -450891
3790 -450891
3795 -450891
3800 -450891
3805 -450891
3810 -450891
3815 -450891
3820 -450891
3825 -450891
3830 -450891
3835 -450891
3840 -450891
3845 -450891
3850 -450891
3855 -450891
3860 -450891
3865 -450891
3870 -450891
3875 -450891
3880 -450891
3885 -450891
3890 -450891
3895 -450891
3900 -450891
3905 -450891
3910 -450891
3915 -450891
3920 -450891
3925 -450891
3930 -450891
3935 -450891
3940 -450891
3945 -450891
3950 -450891
3955 -450891
3960 -450891
3965 -450891
3970 -450891
3975 -450891
3980 -450891
3985 -450891
3990 -450891
3995 -450891
4000 -450891
4005 -450891
4010 -450891
4015 -450891
4020 -450891
4025 -450891
4030 -450891
4035 -450891
4040 -450891
4045 -450891
4050 -450891
4055 -450891
4060 -450891
4065 -450891
4070 -450891
4075 -450891
4080 -450891
4085 -450891
4090 -450891
4095 -450891
4100 -450891
4105 -450891
4110 -450891
4115 -450891
4120 -450891
4125 -450891
4130 -450891
4135 -450891
4140 -450891
4145 -450891
4150 -450891
4155 -450891
4160 -450891
4165 -450891
4170 -450891
4175 -450891
4180 -450891
4185 -450891
4190 -450891
4195 -450891
4200 -450891
4205 -450891
4210 -450891
4215 -450891
4220 -450891
4225 -450891
4230 -450891
4235 -450891
4240 -450891
4245 -450891
4250 -450891
4255 -450891
4260 -450891
4265 -450891
4270 -450891
4275 -450891
4280 -450891
4285 -450891
4290 -450891
4295 -450891
4300 -450891
4305 -450891
4310 -450891
4315 -450891
4320 -450891
4325 -450891
4330 -450891
4335 -450891
4340 -450891
4345 -450891
4350 -450891
4355 -450891
4360 -450891
4365 -450891
4370 -450891
4375 -450891
4380 -450891
4385 -450891
4390 -450891
4395 -450891
4400 -450891
4405 -450891
4410 -450891
4415 -450891
4420 -450501
4425 -450501
4430 -450501
4435 -450501
4440 -450501
4445 -450501
4450 -450501
4455 -450501
4460 -450501
4465 -450501
4470 -450501
4475 -450501
4480 -450501
4485 -450501
4490 -450501
4495 -450501
4500 -450501
4505 -450501
4510 -450501
4515 -450501
4520 -450501
4525 -450501
4530 -450501
4535 -450501
4540 -450501
4545 -450501
4550 -450501
4555 -450501
4560 -450501
4565 -450501
4570 -450501
4575 -450501
4580 -450501
4585 -450501
4590 -450501
4595 -450501
4600 -450501
4605 -450501
4610 -450501
4615 -450501
4620 -450501
4625 -450501
4630 -450501
4635 -450501
4640 -450501
4645 -450501
4650 -450501
4655 -450501
4660 -450501
4665 -450501
4670 -450501
4675 -450501
4680 -450501
4685 -450501
4690 -450501
4695 -450501
4700 -450501
4705 -450501
4710 -450501
4715 -450501
4720 -450501
4725 -450501
4730 -450501
4735 -450501
4740 -450501
4745 -450501
4750 -450501
4755 -450501
4760 -450501
4765 -450501
4770 -450501
4775 -450501
4780 -450501
4785 -450501
4790 -450501
4795 -450501
4800 -450501
4805 -450501
4810 -450501
4815 -450501
4820 -450501
4825 -450501
4830 -450501
4835 -450501
4840 -450501
4845 -450501
4850 -450501
4855 -450501
4860 -450501
4865 -450501
4870 -450501
4875 -450501
4880 -450501
4885 -450501
4890 -450501
4895 -450501
4900 -450501
4905 -450501
4910 -450501
4915 -450501
4920 -450501
4925 -450501
4930 -450501
4935 -450501
4940 -450501
4945 -450501
4950 -450501
4955 -450501
4960 -450501
4965 -450501
4970 -450501
4975 -450501
4980 -450501
4985 -450501
4990 -450501
4995 -450501
5000 -450501
5005 -450501
5010 -450501
5015 -450501
5020 -450501
5025 -450501
5030 -450501
5035 -450501
5040 -450501
5045 -450501
5050 -450501
5055 -450501
5060 -450501
5065 -450501
5070 -450229
5075 -450229
5080 -450229
5085 -450229
5090 -450229
5095 -450229
5100 -450229
5105 -450229
5110 -450229
5115 -450229
5120 -450229
5125 -450229
5130 -450229
5135 -450229
5140 -450229
5145 -450229
5150 -450229
5155 -450229
5160 -450229
5165 -450229
5170 -450229
5175 -450229
5180 -450229
5185 -450229
5190 -450229
5195 -450229
5200 -450229
5205 -450229
5210 -450229
5215 -450229
5220 -450229
5225 -450229
5230 -450229
5235 -450229
5240 -450229
5245 -450229
5250 -450229
5255 -450229
5260 -450229
5265 -450229
5270 -450229
5275 -450229
5280 -450229
5285 -450229
5290 -450229
5295 -450229
5300 -450229
5305 -450229
5310 -450229
5315 -450229
5320 -450229
5325 -450229
5330 -450229
5335 -450229
5340 -450229
5345 -450229
5350 -450229
5355 -450229
5360 -450229
5365 -450229
5370 -450229
5375 -450229
5380 -450229
5385 -450229
5390 -450229
5395 -450229
5400 -450229
5405 -450229
5410 -450229
5415 -450229
5420 -450229
5425 -450229
5430 -450229
5435 -450229
5440 -450229
5445 -450159
5450 -450159
5455 -450159
5460 -449736
5465 -449736
5470 -449736
5475 -449736
5480 -449736
5485 -449736
5490 -449736
5495 -449736
5500 -449250
5505 -449250
5510 -449250
5515 -449250
5520 -449250
5525 -449250
5530 -449250
5535 -449250
5540 -449250
5545 -449250
5550 -449250
5555 -449250
5560 -449250
5565 -449250
5570 -449250
5575 -449250
5580 -449250
5585 -449250
5590 -449250
5595 -449250
5600 -449250
5605 -449250
5610 -449250
5615 -449250
5620 -449250
5625 -449250
5630 -449250
5635 -449250
5640 -449250
5645 -449250
5650 -449250
5655 -449250
5660 -449250
5665 -449250
5670 -449250
5675 -449250
5680 -449250
5685 -449250
5690 -449250
5695 -448364
5700 -448364
5705 -448364
5710 -448364
5715 -448364
5720 -448364
5725 -448364
5730 -448364
5735 -448364
5740 -448364
5745 -448364
5750 -448364
5755 -448364
5760 -448364
5765 -448364
5770 -448364
5775 -448364
5780 -448364
5785 -448364
5790 -448364
5795 -448364
5800 -448364
5805 -448364
5810 -448364
5815 -448364
5820 -448364
5825 -448364
5830 -448364
5835 -448364
5840 -448364
5845 -448364
5850 -448364
5855 -448364
5860 -448364
5865 -448364
5870 -448364
5875 -448364
5880 -448364
5885 -448364
5890 -448364
5895 -448364
5900 -448364
5905 -448364
5910 -448364
5915 -448364
5920 -448364
5925 -448364
5930 -448364
5935 -448364
5940 -448364
5945 -448364
5950 -448364
5955 -448364
5960 -448364
5965 -448364
5970 -448364
5975 -448364
5980 -448364
5985 -448364
5990 -448364
5995 -448364
6000 -448364
6005 -448364
6010 -448364
6015 -448364
6020 -448364
6025 -448364
6030 -448364
6035 -448364
6040 -448364
6045 -448364
6050 -448364
6055 -448364
6060 -448364
6065 -448364
6070 -448364
6075 -448364
6080 -448364
6085 -448364
6090 -448364
6095 -448364
6100 -448364
6105 -448364
6110 -448364
6115 -448364
6120 -448364
6125 -448364
6130 -448364
6135 -448364
6140 -448364
6145 -448364
6150 -448364
6155 -448364
6160 -448364
6165 -448364
6170 -448364
6175 -448364
6180 -448364
6185 -448364
6190 -448364
6195 -448364
6200 -448364
6205 -448364
6210 -448364
6215 -448364
6220 -448364
6225 -448364
6230 -448364
6235 -448364
6240 -448364
6245 -448364
6250 -448364
6255 -448364
6260 -448364
6265 -448364
6270 -448364
6275 -448364
6280 -448364
6285 -448364
6290 -448364
6295 -448364
6300 -448364
6305 -448364
6310 -448364
6315 -448364
6320 -448364
6325 -448364
6330 -448364
6335 -448364
6340 -448364
6345 -448364
6350 -448364
6355 -448364
6360 -448364
6365 -448364
6370 -448364
6375 -448364
6380 -448364
6385 -448364
6390 -448364
6395 -448364
6400 -448364
6405 -448364
6410 -448364
6415 -448364
6420 -448364
6425 -448364
6430 -448364
6435 -448364
6440 -448364
6445 -448364
6450 -448364
6455 -448364
6460 -448364
6465 -448364
6470 -448364
6475 -448364
6480 -448364
6485 -448364
6490 -448364
6495 -448364
6500 -448364
6505 -448364
6510 -448364
6515 -448364
6520 -448364
6525 -448364
6530 -448364
6535 -448364
6540 -448364
6545 -448364
6550 -448364
6555 -448364
6560 -448364
6565 -448364
6570 -448364
6575 -448364
6580 -448364
6585 -448364
6590 -448364
6595 -448364
6600 -448364
6605 -448364
6610 -448364
6615 -448364
6620 -448364
6625 -448364
6630 -448364
6635 -448364
6640 -448364
6645 -448364
6650 -448364
6655 -448364
6660 -448364
6665 -448364
6670 -448364
6675 -448364
6680 -448364
6685 -448364
6690 -448364
6695 -448364
6700 -448364
6705 -448364
6710 -448364
6715 -448364
6720 -448364
6725 -448364
6730 -448364
6735 -448364
6740 -448364
6745 -448364
6750 -448364
6755 -448364
6760 -448364
6765 -448364
6770 -448364
6775 -448364
6780 -448364
6785 -448364
6790 -448364
6795 -448364
6800 -448364
6805 -448364
6810 -448364
6815 -448364
6820 -448364
6825 -448364
6830 -448364
6835 -448364
6840 -448364
6845 -448364
6850 -448364
6855 -448364
6860 -448364
6865 -448308
6870 -448308
6875 -448308
6880 -448308
6885 -448308
6890 -448308
6895 -448308
6900 -448308
6905 -448308
6910 -448308
6915 -448308
6920 -448308
6925 -448308
6930 -448308
6935 -448308
6940 -448308
6945 -447423
6950 -447423
6955 -447423
6960 -447423
6965 -447423
6970 -447423
6975 -447423
6980 -447423
6985 -447423
6990 -447423
6995 -447423
7000 -447423
7005 -447423
7010 -447423
7015 -447423
7020 -447423
7025 -447423
7030 -447423
7035 -447423
7040 -447423
7045 -447423
7050 -447423
7055 -447423
7060 -447423
7065 -447423
7070 -447423
7075 -447423
7080 -447423
7085 -447423
7090 -447423
7095 -447423
7100 -447423
7105 -447423
7110 -447423
7115 -447423
7120 -447423
7125 -447423
7130 -447423
7135 -447423
7140 -447423
7145 -447423
7150 -447423
7155 -447423
7160 -447423
7165 -447423
7170 -447423
7175 -447423
7180 -447423
7185 -447423
7190 -447423
7195 -447423
7200 -447423
7205 -447423
7210 -447423
7215 -447423
7220 -447423
7225 -447423
7230 -447423
7235 -447423
7240 -447423
7245 -447423
7250 -447423
7255 -447423
7260 -447423
7265 -447423
7270 -447423
7275 -447423
7280 -447423
7285 -447423
7290 -447423
7295 -447423
7300 -447423
7305 -447423
7310 -447423
7315 -447423
7320 -447423
7325 -447423
7330 -447423
7335 -447423
7340 -447423
7345 -447423
7350 -447423
7355 -447423
7360 -447423
7365 -447423
7370 -447423
7375 -447423
7380 -447423
7385 -447423
7390 -447423
7395 -447423
7400 -447423
7405 -447423
7410 -447423
7415 -447423
7420 -447423
7425 -447423
7430 -447423
7435 -447423
7440 -447423
7445 -447423
7450 -447423
7455 -447423
7460 -447423
7465 -447423
7470 -447423
7475 -447423
7480 -447423
7485 -447423
7490 -447423
7495 -447423
7500 -447423
7505 -447423
7510 -447423
7515 -447423
7520 -447423
7525 -447423
7530 -447423
7535 -447423
7540 -447423
7545 -447423
7550 -447423
7555 -447423
7560 -447423
7565 -447423
7570 -447423
7575 -447423
7580 -447423
7585 -447423
7590 -447423
7595 -447423
7600 -447423
7605 -447423
7610 -447423
7615 -447423
7620 -447423
7625 -447423
7630 -447423
7635 -447423
7640 -447423
7645 -447423
7650 -447423
7655 -447423
7660 -447423
7665 -447423
7670 -447423
7675 -447423
7680 -447328
7685 -447328
7690 -447328
7695 -447328
7700 -447328
7705 -447328
7710 -447328
7715 -447328
7720 -447328
7725 -447328
7730 -447328
7735 -447328
7740 -447328
7745 -447328
7750 -447328
7755 -447328
7760 -447328
7765 -447328
7770 -447328
7775 -447328
7780 -446595
7785 -446595
7790 -446595
7795 -446595
7800 -446595
7805 -446595
7810 -446289
7815 -446289
7820 -446289
7825 -446289
7830 -446289
7835 -446289
7840 -446289
7845 -446289
7850 -446289
7855 -446289
7860 -446289
7865 -446289
7870 -446289
7875 -446289
7880 -446289
7885 -446289
7890 -446289
7895 -446289
7900 -446289
7905 -446289
7910 -446289
7915 -446289
7920 -446289
7925 -446289
7930 -446289
7935 -446289
7940 -446289
7945 -446289
7950 -446289
7955 -446289
7960 -446289
7965 -446289
7970 -446289
7975 -446289
7980 -446289
7985 -446289
7990 -446289
7995 -446289
8000 -446289
8005 -446289
8010 -446289
8015 -446289
8020 -446289
8025 -446289
8030 -446289
8035 -446169
8040 -446169
8045 -446169
8050 -446169
8055 -446169
8060 -446169
8065 -446169
8070 -446169
8075 -446169
8080 -446169
8085 -446169
8090 -446169
8095 -446169
8100 -446169
8105 -446169
8110 -446169
8115 -446169
8120 -446169
8125 -446169
8130 -446169
8135 -446169
8140 -446169
8145 -446169
8150 -446169
8155 -446169
8160 -446169
8165 -446169
8170 -446169
8175 -446169
8180 -446169
8185 -446169
8190 -446169
8195 -446169
8200 -446169
8205 -446169
8210 -446169
8215 -446169
8220 -446169
8225 -446169
8230 -446169
8235 -446169
8240 -446169
8245 -446169
8250 -446169
8255 -446169
8260 -446169
8265 -446169
8270 -446169
8275 -446169
8280 -446169
8285 -446169
8290 -446169
8295 -446169
8300 -446169
8305 -446169
8310 -446169
8315 -446169
8320 -446169
8325 -446169
8330 -446169
8335 -446169
8340 -446169
8345 -446169
8350 -446169
8355 -446169
8360 -446169
8365 -446169
8370 -446169
8375 -446169
8380 -446169
8385 -446169
8390 -446169
8395 -446169
8400 -446169
8405 -446169
8410 -446169
8415 -446169
8420 -446169
8425 -446169
8430 -446169
8435 -446169
8440 -446169
8445 -446169
8450 -446169
8455 -446169
8460 -446169
8465 -446169
8470 -446169
8475 -446169
8480 -446169
8485 -446169
8490 -446169
8495 -446169
8500 -446169
8505 -446169
8510 -446169
8515 -446169
8520 -446169
8525 -446169
8530 -446169
8535 -446024
8540 -446024
8545 -446024
8550 -446024
8555 -446024
8560 -446024
8565 -446024
8570 -446024
8575 -446024
8580 -446024
8585 -446024
8590 -446024
8595 -446024
8600 -446024
8605 -446024
8610 -446024
8615 -446024
8620 -446024
8625 -446024
8630 -446024
8635 -446024
8640 -446024
8645 -446024
8650 -446024
8655 -446024
8660 -446024
8665 -446024
8670 -446024
8675 -446024
8680 -446024
8685 -446024
8690 -446024
8695 -446024
8700 -446024
8705 -446024
8710 -446024
8715 -446024
8720 -446024
8725 -446024
8730 -446024
8735 -445595
8740 -445595
8745 -445595
8750 -445595
8755 -445595
8760 -445595
8765 -445595
8770 -445595
8775 -445595
8780 -445595
8785 -445595
8790 -445595
8795 -445595
8800 -445595
8805 -445595
8810 -445595
8815 -445595
8820 -445595
8825 -445595
8830 -445595
8835 -445595
8840 -445595
8845 -445595
8850 -445595
8855 -445595
8860 -445595
8865 -445595
8870 -445595
8875 -445595
8880 -445595
8885 -445595
8890 -445595
8895 -445595
8900 -445595
8905 -445595
8910 -445595
8915 -445595
8920 -445595
8925 -445595
8930 -445595
8935 -445595
8940 -445595
8945 -445595
8950 -445595
8955 -445595
8960 -445595
8965 -445595
8970 -445595
8975 -445595
8980 -445595
8985 -445595
8990 -445595
8995 -445595
9000 -445595
9005 -445595
9010 -445595
9015 -445595
9020 -445595
9025 -445595
9030 -445595
9035 -445595
9040 -445595
9045 -445595
9050 -445595
9055 -445595
9060 -445595
9065 -445595
9070 -445595
9075 -445595
9080 -445595
9085 -445595
9090 -445595
9095 -445595
9100 -445595
9105 -445595
9110 -445595
9115 -445595
9120 -445595
9125 -445595
9130 -445595
9135 -445595
9140 -445595
9145 -445595
9150 -445595
9155 -445595
9160 -445595
9165 -445595
9170 -445595
9175 -445595
9180 -445595
9185 -445595
9190 -445595
9195 -445595
9200 -445595
9205 -445595
9210 -445595
9215 -445595
9220 -445595
9225 -445595
9230 -445595
9235 -445595
9240 -445595
9245 -445595
9250 -445595
9255 -445595
9260 -445595
9265 -445595
9270 -445595
9275 -445595
9280 -445595
9285 -445595
9290 -445595
9295 -445595
9300 -445595
9305 -445595
9310 -445595
9315 -445595
9320 -445595
9325 -445595
9330 -445595
9335 -445595
9340 -445595
9345 -445595
9350 -445595
9355 -445595
9360 -445595
9365 -445595
9370 -445595
9375 -445595
9380 -445595
9385 -445595
9390 -445595
9395 -445595
9400 -445595
9405 -445595
9410 -445595
9415 -445595
9420 -445595
9425 -445595
9430 -445595
9435 -445595
9440 -445595
9445 -445595
9450 -445595
9455 -445595
9460 -445595
9465 -445595
9470 -445595
9475 -445595
9480 -445595
9485 -445595
9490 -445595
9495 -445595
9500 -445595
9505 -445595
9510 -445595
9515 -445595
9520 -445595
9525 -445595
9530 -445595
9535 -445595
9540 -445595
9545 -445595
9550 -445595
9555 -445595
9560 -445595
9565 -445595
9570 -445595
9575 -445595
9580 -445595
9585 -445595
9590 -445595
9595 -445595
9600 -445595
9605 -445595
9610 -445595
9615 -445595
9620 -445595
9625 -445595
9630 -445595
9635 -445595
9640 -445595
9645 -445595
9650 -445595
9655 -445595
9660 -445595
9665 -445595
9670 -445595
9675 -445595
9680 -445595
9685 -445595
9690 -445595
9695 -445595
9700 -445595
9705 -445595
9710 -445595
9715 -445595
9720 -445595
9725 -445595
9730 -445595
9735 -445595
9740 -445595
9745 -445595
9750 -445595
9755 -445595
9760 -445595
9765 -445595
9770 -445595
9775 -445595
9780 -445595
9785 -445595
9790 -445595
9795 -445595
9800 -445595
9805 -445595
9810 -445595
9815 -445595
9820 -445595
9825 -445595
9830 -445595
9835 -445595
9840 -445595
9845 -445595
9850 -445595
9855 -445595
9860 -445595
9865 -445595
9870 -445595
9875 -445595
9880 -445595
9885 -445595
9890 -445595
9895 -445595
9900 -445595
9905 -445595
9910 -445595
9915 -445595
9920 -445595
9925 -445595
9930 -445595
9935 -445595
9940 -445595
9945 -445595
9950 -445595
9955 -445595
9960 -445595
9965 -445595
9970 -445595
9975 -445595
9980 -445595
9985 -445595
9990 -445595
9995 -445595
10000 -445595
10005 -445595
10010 -445595
10015 -445595
10020 -445595
10025 -445595
10030 -445595
10035 -445595
10040 -445595
10045 -445595
10050 -445595
10055 -445595
10060 -445595
10065 -445595
10070 -445595
10075 -445595
10080 -445595
10085 -445595
10090 -445595
10095 -445595
10100 -445595
10105 -445595
10110 -445595
10115 -445595
10120 -445595
10125 -445595
10130 -445595
10135 -445595
10140 -445595
10145 -445595
10150 -445595
10155 -445595
10160 -445595
10165 -445595
10170 -445595
10175 -445595
10180 -445595
10185 -445595
10190 -445595
10195 -445595
10200 -445595
10205 -445595
10210 -445595
10215 -445595
10220 -445595
10225 -445595
10230 -445595
10235 -445595
10240 -445595
10245 -445595
10250 -445595
10255 -445595
10260 -445595
10265 -445595
10270 -445595
10275 -445595
10280 -445595
10285 -445595
10290 -445595
10295 -445595
10300 -445595
10305 -445595
10310 -445595
10315 -445595
10320 -445595
10325 -445595
10330 -445595
10335 -445595
10340 -445595
10345 -445595
10350 -445595
10355 -445595
10360 -445595
10365 -445595
10370 -445595
10375 -445595
10380 -445595
10385 -445595
10390 -445595
10395 -445595
10400 -445595
10405 -445595
10410 -445595
10415 -445595
10420 -445595
10425 -445595
10430 -445595
10435 -445595
10440 -445595
10445 -445595
10450 -445595
10455 -445595
10460 -445595
10465 -445595
10470 -445595
10475 -445595
10480 -445595
10485 -445595
10490 -445595
10495 -445595
10500 -445595
10505 -445595
10510 -445595
10515 -445595
10520 -445595
10525 -445595
10530 -445595
10535 -445595
10540 -445595
10545 -445595
10550 -445595
10555 -445595
10560 -445595
10565 -445595
10570 -445595
10575 -445595
10580 -445595
10585 -445595
10590 -445595
10595 -445595
10600 -445595
10605 -445595
10610 -445595
10615 -445595
10620 -445595
10625 -445595
10630 -445595
10635 -445595
10640 -445595
10645 -445595
10650 -445595
10655 -445595
10660 -445595
10665 -445595
10670 -445595
10675 -445595
10680 -445595
10685 -445595
10690 -445595
10695 -445595
10700 -445595
10705 -445595
10710 -445595
10715 -445595
10720 -445595
10725 -445595
10730 -445595
10735 -445595
10740 -445595
10745 -445595
10750 -445595
10755 -445595
10760 -445595
10765 -445595
10770 -445595
10775 -445595
10780 -445595
10785 -445595
10790 -445595
10795 -445595
10800 -445595
10805 -445595
10810 -445595
10815 -445595
10820 -445595
10825 -445595
10830 -445595
10835 -445595
10840 -445595
10845 -445595
10850 -445595
10855 -445595
10860 -445595
10865 -445595
10870 -445595
10875 -445595
10880 -445595
10885 -445595
10890 -445595
10895 -445595
10900 -445595
10905 -445595
10910 -445595
10915 -445595
10920 -445595
10925 -445595
10930 -445595
10935 -445595
10940 -445595
10945 -445595
10950 -445595
10955 -445595
10960 -445595
10965 -445595
10970 -445595
10975 -445595
10980 -445595
10985 -445595
10990 -445595
10995 -445595
11000 -445595
11005 -445595
11010 -445595
11015 -445595
11020 -445595
11025 -445595
11030 -445595
11035 -445595
11040 -445595
11045 -445595
11050 -445595
11055 -445595
11060 -445595
11065 -445595
11070 -445595
11075 -445595
11080 -445595
11085 -445595
11090 -445595
11095 -445595
11100 -445595
11105 -445595
11110 -445595
11115 -445595
11120 -445595
11125 -445595
11130 -445595
11135 -445595
11140 -445595
11145 -445595
11150 -445595
11155 -445595
11160 -445595
11165 -445595
11170 -445595
11175 -445595
11180 -445595
11185 -445595
11190 -445595
11195 -445595
11200 -445595
11205 -445595
11210 -445595
11215 -445595
11220 -445595
11225 -445595
11230 -445595
11235 -445595
11240 -445595
11245 -445595
11250 -445595
11255 -445595
11260 -445595
11265 -445595
11270 -445595
11275 -445595
11280 -445595
11285 -445595
11290 -445595
11295 -445595
11300 -445595
11305 -445595
11310 -445595
11315 -445595
11320 -445595
11325 -445595
11330 -445595
11335 -445595
11340 -445595
11345 -445595
11350 -445595
11355 -445595
11360 -445595
11365 -445595
11370 -445595
11375 -445595
11380 -445595
11385 -445595
11390 -445595
11395 -445595
11400 -445595
11405 -444595
11410 -444595
11415 -444595
11420 -444595
11425 -444595
11430 -444595
11435 -444595
11440 -444595
11445 -444595
11450 -444595
11455 -444595
11460 -444595
11465 -444595
11470 -444595
11475 -444595
11480 -444595
11485 -444595
11490 -444595
11495 -444595
11500 -444595
11505 -444595
11510 -444595
