20 -299111
30 -297599
40 -296316
50 -296014
60 -294431
70 -293949
80 -293791
90 -293791
100 -291944
110 -291819
120 -290815
130 -290343
140 -290159
150 -289762
160 -289629
170 -289605
180 -288855
190 -288341
200 -288341
210 -288274
220 -288131
230 -288002
240 -288002
250 -288002
260 -288002
270 -288002
280 -288002
290 -287628
300 -287286
310 -287286
320 -287286
330 -287286
340 -287286
350 -287232
360 -286787
370 -286787
380 -286787
390 -286787
400 -286787
410 -286787
420 -286162
430 -286162
440 -286162
450 -286162
460 -285735
470 -285735
480 -285696
490 -285604
500 -285515
510 -285158
520 -285158
530 -284731
540 -284352
550 -284352
560 -284352
570 -284352
580 -284352
590 -284352
600 -283961
610 -283961
620 -283383
630 -283383
640 -282898
650 -282596
660 -282428
670 -282428
680 -282428
690 -282428
700 -282428
710 -282428
720 -282428
730 -282428
740 -282428
750 -282428
760 -282428
770 -282428
780 -282428
790 -282319
800 -282319
810 -282262
820 -282262
830 -282262
840 -282262
850 -282262
860 -282262
870 -282262
880 -282262
890 -282262
900 -282262
910 -282262
920 -282262
930 -282262
940 -282262
950 -282262
960 -282262
970 -282262
980 -282262
990 -282262
1000 -282262
1010 -282262
1020 -282262
1030 -282262
1040 -282262
1050 -282262
1060 -282262
1070 -282262
1080 -282262
1090 -282262
1100 -282262
1110 -282262
1120 -282262
1130 -282262
1140 -282262
1150 -282262
1160 -282262
1170 -282262
1180 -282262
1190 -282262
1200 -282262
1210 -282262
1220 -282262
1230 -282262
1240 -282262
1250 -282262
1260 -282262
1270 -282262
1280 -282262
1290 -282262
1300 -282262
1310 -282262
1320 -282044
1330 -282044
1340 -282044
1350 -282044
1360 -282044
1370 -282044
1380 -282044
1390 -282044
1400 -281935
1410 -281935
1420 -281935
1430 -281935
1440 -281935
1450 -281935
1460 -281935
1470 -281935
1480 -281935
1490 -281935
1500 -281935
1510 -281935
1520 -281935
1530 -281935
1540 -281935
1550 -281935
1560 -281935
1570 -281935
1580 -281935
1590 -281935
1600 -281935
1610 -281935
1620 -281935
1630 -281935
1640 -281935
1650 -281935
1660 -281935
1670 -281935
1680 -281935
1690 -281935
1700 -281935
1710 -281935
1720 -281935
1730 -281935
1740 -281935
1750 -281935
1760 -281495
1770 -281495
1780 -281495
1790 -281495
1800 -281495
1810 -281495
1820 -281495
1830 -281495
1840 -281495
1850 -281495
1860 -281495
1870 -281495
1880 -281495
1890 -281495
1900 -281495
1910 -281495
1920 -281495
1930 -281495
1940 -281495
1950 -281495
1960 -281495
1970 -281495
1980 -281375
1990 -281375
2000 -281375
2010 -281375
2020 -281375
2030 -281375
2040 -281375
2050 -281375
2060 -281375
2070 -281375
2080 -281375
2090 -281375
2100 -281375
2110 -281375
2120 -281323
2130 -281323
2140 -281323
2150 -281323
2160 -281323
2170 -281323
2180 -281323
2190 -281323
2200 -281323
2210 -281323
2220 -281323
2230 -281323
2240 -281323
2250 -281323
2260 -281323
2270 -281323
2280 -281323
2290 -281323
2300 -281323
2310 -281323
2320 -281323
2330 -281178
2340 -281178
2350 -281178
2360 -281178
2370 -281178
2380 -281178
2390 -281178
2400 -281178
2410 -281178
2420 -281178
2430 -281178
2440 -281178
2450 -281178
2460 -281178
2470 -281178
2480 -281178
2490 -281178
2500 -281178
2510 -281178
2520 -281178
2530 -281178
2540 -281178
2550 -281178
2560 -281178
2570 -280916
2580 -280916
2590 -280916
2600 -280916
2610 -280916
2620 -280916
2630 -280916
2640 -280916
2650 -280916
2660 -280916
2670 -280916
2680 -280916
2690 -280916
2700 -280916
2710 -280916
2720 -280916
2730 -280916
2740 -280916
2750 -280916
2760 -280916
2770 -280916
2780 -280916
2790 -280916
2800 -280916
2810 -280916
2820 -280916
2830 -280916
2840 -280916
2850 -280916
2860 -280916
2870 -280916
2880 -280916
2890 -280916
2900 -280916
2910 -280916
2920 -280916
2930 -280916
2940 -280850
2950 -280850
2960 -280850
2970 -280850
2980 -280850
2990 -280850
3000 -280722
3010 -280722
3020 -280722
3030 -280722
3040 -280722
3050 -280722
3060 -280722
3070 -280722
3080 -280722
3090 -280722
3100 -280722
3110 -280722
3120 -280722
3130 -280722
3140 -280722
3150 -280722
3160 -280722
3170 -280722
3180 -280722
3190 -280722
3200 -280722
3210 -280722
3220 -280722
3230 -280722
3240 -280722
3250 -280722
3260 -280722
3270 -280722
3280 -280722
3290 -280722
3300 -280710
3310 -280679
3320 -280679
3330 -280679
3340 -280679
3350 -280679
3360 -280679
3370 -280679
3380 -280679
3390 -280679
3400 -280679
3410 -280679
3420 -280679
3430 -280679
3440 -280679
3450 -280679
3460 -280602
3470 -280602
3480 -280602
3490 -280602
3500 -280602
3510 -280602
3520 -280602
3530 -280602
3540 -280602
3550 -280602
3560 -280602
3570 -280602
3580 -280602
3590 -280602
3600 -280602
3610 -280602
3620 -280602
3630 -280602
3640 -280602
3650 -280602
3660 -280602
3670 -280602
3680 -280602
3690 -280602
3700 -280602
3710 -280602
3720 -280602
3730 -280602
3740 -280602
3750 -280602
3760 -280602
3770 -280602
3780 -280602
3790 -280602
3800 -280602
3810 -280602
3820 -280602
3830 -280602
3840 -280602
3850 -280560
3860 -280560
3870 -280560
3880 -280560
3890 -280560
3900 -280560
3910 -280560
3920 -280560
3930 -280560
3940 -280560
3950 -280560
3960 -280560
3970 -280560
3980 -280560
3990 -280560
4000 -280560
4010 -280560
4020 -280560
4030 -280560
4040 -280560
4050 -280560
4060 -280560
4070 -280560
4080 -280560
4090 -280560
4100 -280560
4110 -280560
4120 -280560
4130 -280560
4140 -280560
4150 -280560
4160 -280560
4170 -280560
4180 -280560
4190 -280560
4200 -280560
4210 -280560
4220 -280560
4230 -280560
4240 -280560
4250 -280560
4260 -280560
4270 -280560
4280 -280560
4290 -280560
4300 -280560
4310 -280174
4320 -280174
4330 -280174
4340 -280031
4350 -280031
4360 -280031
4370 -280031
4380 -280031
4390 -280031
4400 -280031
4410 -280031
4420 -280031
4430 -280031
4440 -280031
4450 -280031
4460 -280031
4470 -280031
4480 -280031
4490 -280031
4500 -280031
4510 -280031
4520 -280031
4530 -280031
4540 -280031
4550 -280031
4560 -280031
4570 -280031
4580 -280031
4590 -280031
4600 -280031
4610 -280031
4620 -280031
4630 -280031
4640 -280031
4650 -280031
4660 -280031
4670 -280031
4680 -280031
4690 -280031
4700 -280031
4710 -280031
4720 -280031
4730 -280031
4740 -280031
4750 -280031
4760 -280031
4770 -280031
4780 -280031
4790 -280031
4800 -280031
4810 -280031
4820 -280031
4830 -280031
4840 -280031
4850 -280031
4860 -280031
4870 -280031
4880 -280031
4890 -280031
4900 -280031
4910 -280031
4920 -280031
4930 -279568
4940 -279568
4950 -279568
4960 -279568
4970 -279568
4980 -279568
4990 -279568
5000 -279568
5010 -279568
5020 -279568
5030 -279568
5040 -279568
5050 -279568
5060 -279568
5070 -279568
5080 -279568
5090 -279568
5100 -279568
5110 -279568
5120 -279568
5130 -279568
5140 -279568
5150 -279568
5160 -279568
5170 -279568
5180 -279568
5190 -279568
5200 -279568
5210 -279568
5220 -279568
5230 -279568
5240 -279568
5250 -279568
5260 -279568
5270 -279568
5280 -279568
5290 -279568
5300 -279568
5310 -279568
5320 -279568
5330 -279568
5340 -279568
5350 -279568
5360 -279568
5370 -279568
5380 -279568
5390 -279379
5400 -279379
5410 -279379
