10 -464972
15 -463546
20 -463546
25 -463546
30 -463546
35 -462419
40 -461804
45 -460910
50 -460910
55 -460910
60 -460910
65 -460783
70 -460783
75 -460783
80 -459238
85 -458385
90 -458385
95 -458385
100 -458385
105 -458385
110 -458064
115 -458064
120 -458064
125 -458064
130 -458064
135 -457949
140 -457554
145 -457554
150 -455918
155 -455918
160 -455701
165 -455701
170 -455701
175 -455701
180 -455701
185 -455701
190 -455701
195 -455701
200 -455701
205 -455457
210 -455457
215 -455457
220 -455457
225 -455457
230 -455044
235 -455044
240 -455044
245 -454987
250 -454955
255 -453511
260 -453465
265 -453465
270 -453465
275 -453465
280 -453465
285 -452251
290 -452251
295 -452251
300 -452251
305 -452011
310 -452011
315 -451883
320 -451883
325 -451883
330 -451883
335 -451883
340 -451395
345 -450063
350 -449508
355 -449508
360 -449508
365 -449508
370 -449508
375 -449508
380 -448466
385 -448466
390 -448466
395 -448166
400 -448166
405 -448166
410 -448166
415 -448166
420 -448166
425 -448166
430 -448166
435 -448166
440 -447704
445 -447704
450 -447566
455 -447566
460 -447566
465 -447566
470 -447566
475 -447566
480 -447566
485 -447566
490 -447566
495 -447566
500 -447566
505 -447566
510 -447566
515 -447566
520 -447566
525 -447566
530 -446827
535 -446827
540 -446827
545 -446827
550 -446827
555 -446827
560 -446827
565 -446827
570 -446827
575 -446827
580 -446827
585 -446827
590 -446827
595 -446827
600 -446827
605 -446827
610 -446827
615 -446827
620 -446827
625 -446827
630 -446827
635 -446827
640 -446827
645 -446827
650 -446827
655 -446827
660 -446827
665 -446827
670 -446827
675 -446827
680 -446827
685 -446827
690 -446827
695 -446827
700 -446827
705 -446827
710 -446827
715 -446827
720 -446827
725 -446820
730 -446820
735 -446820
740 -446820
745 -446820
750 -446820
755 -446820
760 -446502
765 -446502
770 -446502
775 -446502
780 -446502
785 -446502
790 -446502
795 -446502
800 -446502
805 -446502
810 -446227
815 -446227
820 -446227
825 -446227
830 -446227
835 -446227
840 -446227
845 -446227
850 -446227
855 -446227
860 -446227
865 -446227
870 -446227
875 -446227
880 -446227
885 -446227
890 -446227
895 -446227
900 -446227
905 -446227
910 -446227
915 -446227
920 -446227
925 -446227
930 -446227
935 -446227
940 -446227
945 -446227
950 -445742
955 -445742
960 -445742
965 -445742
970 -445742
975 -445742
980 -445545
985 -445545
990 -445545
995 -445545
1000 -445545
1005 -445545
1010 -445545
1015 -445545
1020 -445545
1025 -445545
1030 -445545
1035 -445545
1040 -445539
1045 -445539
1050 -445539
1055 -445539
1060 -445539
1065 -445539
1070 -445539
1075 -445070
1080 -445070
1085 -445070
1090 -445070
1095 -445070
1100 -445070
1105 -445021
1110 -445021
1115 -445021
1120 -445021
1125 -445021
1130 -445021
1135 -445021
1140 -445021
1145 -445021
1150 -445021
1155 -445021
1160 -445021
1165 -445021
1170 -445021
1175 -445021
1180 -445021
1185 -445021
1190 -445021
1195 -445021
1200 -445021
1205 -445021
1210 -445021
1215 -445021
1220 -445021
1225 -445021
1230 -445021
1235 -445021
1240 -445021
1245 -445021
1250 -445021
1255 -445021
1260 -445021
1265 -445021
1270 -445021
1275 -445021
1280 -445021
1285 -445021
1290 -445021
1295 -445021
1300 -444881
1305 -444881
1310 -444881
1315 -444881
1320 -444881
1325 -444881
1330 -444881
1335 -444881
1340 -444881
1345 -444881
1350 -444006
1355 -444006
1360 -444006
1365 -444006
1370 -444006
1375 -444006
1380 -444006
1385 -444006
1390 -444006
1395 -444006
1400 -444006
1405 -444006
1410 -444006
1415 -444006
1420 -444006
1425 -444006
1430 -444006
1435 -444006
1440 -444006
1445 -444006
1450 -444006
1455 -444006
1460 -444006
1465 -444006
1470 -444006
1475 -444006
1480 -444006
1485 -444006
1490 -444006
1495 -444006
1500 -444006
1505 -444006
1510 -444006
1515 -444006
1520 -444006
1525 -444006
1530 -444006
1535 -444006
1540 -444006
1545 -444006
1550 -444006
1555 -443412
1560 -443412
1565 -443412
1570 -443412
1575 -442461
1580 -442461
1585 -442461
1590 -442461
1595 -442461
1600 -442461
1605 -442461
1610 -442461
1615 -442461
1620 -442461
1625 -442461
1630 -442161
1635 -442161
1640 -442161
1645 -442161
1650 -442161
1655 -442161
1660 -442161
1665 -442161
1670 -442161
1675 -442161
1680 -442161
1685 -442161
1690 -442161
1695 -442161
1700 -442161
1705 -442161
1710 -442161
1715 -442161
1720 -442161
1725 -442161
1730 -442161
1735 -442161
1740 -442161
1745 -442161
1750 -442161
1755 -442161
1760 -441414
1765 -441414
1770 -441414
1775 -441414
1780 -441414
1785 -441414
1790 -441414
1795 -441414
1800 -441414
1805 -441414
1810 -441414
1815 -441414
1820 -441414
1825 -441414
1830 -441414
1835 -441414
1840 -441414
1845 -441414
1850 -441414
1855 -441414
1860 -441414
1865 -441414
1870 -441414
1875 -441414
1880 -441414
1885 -441414
1890 -441414
1895 -441414
1900 -441414
1905 -441414
1910 -441414
1915 -441414
1920 -441414
1925 -441414
1930 -441414
1935 -441414
1940 -441414
1945 -441414
1950 -441414
1955 -441414
1960 -441414
1965 -441414
1970 -441414
1975 -441414
1980 -441414
1985 -441414
1990 -441414
1995 -441414
2000 -441414
2005 -441414
2010 -441414
2015 -441414
2020 -441414
2025 -441414
2030 -441414
2035 -441414
2040 -441414
2045 -441414
2050 -441414
2055 -441414
2060 -441414
2065 -441414
2070 -441414
2075 -441414
2080 -441414
2085 -441414
2090 -441414
2095 -441414
2100 -441414
2105 -441414
2110 -441414
2115 -441414
2120 -441414
2125 -441414
2130 -441414
2135 -441414
2140 -441414
2145 -441414
2150 -441414
2155 -441414
2160 -441414
2165 -441414
2170 -441414
2175 -441414
2180 -441414
2185 -441414
2190 -441414
2195 -441414
2200 -441414
2205 -441414
2210 -441414
2215 -441414
2220 -441414
2225 -441414
2230 -441376
2235 -441376
2240 -441376
2245 -441376
2250 -441376
2255 -441376
2260 -441376
2265 -441376
2270 -441376
2275 -441376
2280 -441376
2285 -441376
2290 -441376
2295 -441376
2300 -441376
2305 -441376
2310 -441376
2315 -441376
2320 -441376
2325 -441376
2330 -441376
2335 -441376
2340 -441376
2345 -441376
2350 -441376
2355 -441376
2360 -441376
2365 -441376
2370 -441376
2375 -441376
2380 -441376
2385 -441376
2390 -441376
2395 -441376
2400 -441376
2405 -441376
2410 -441376
2415 -441376
2420 -441376
2425 -441376
2430 -441376
2435 -441376
2440 -441376
2445 -441376
2450 -441376
2455 -441376
2460 -441376
2465 -441376
2470 -441376
2475 -441376
2480 -441376
2485 -441376
2490 -441376
2495 -441376
2500 -441376
2505 -441376
2510 -441376
2515 -441376
2520 -441376
2525 -441376
2530 -441376
2535 -441376
2540 -441376
2545 -441376
2550 -441376
2555 -441376
2560 -441376
2565 -441376
2570 -441376
2575 -441376
2580 -441376
2585 -441376
2590 -441376
2595 -441376
2600 -441376
2605 -441376
2610 -441376
2615 -441376
2620 -441376
2625 -441376
2630 -441376
2635 -441376
2640 -441376
2645 -441376
2650 -441376
2655 -441376
2660 -441376
2665 -441376
2670 -441376
2675 -441376
2680 -441376
2685 -441376
2690 -441376
2695 -441376
2700 -441376
2705 -441376
2710 -441376
2715 -441376
2720 -441376
2725 -441376
2730 -441376
2735 -441376
2740 -441376
2745 -441376
2750 -441376
2755 -441376
2760 -441376
2765 -441376
2770 -441376
2775 -441376
2780 -441376
2785 -441376
2790 -441376
2795 -441376
2800 -441376
2805 -441376
2810 -441376
2815 -441376
2820 -441376
2825 -441376
2830 -441376
2835 -441376
2840 -441376
2845 -441376
2850 -441376
2855 -441376
2860 -441376
2865 -441376
2870 -441376
2875 -441376
2880 -441376
2885 -441376
2890 -441376
2895 -441376
2900 -441376
2905 -441376
2910 -441376
2915 -441376
2920 -441376
2925 -441376
2930 -441376
2935 -441376
2940 -441376
2945 -441376
2950 -441376
2955 -441376
2960 -441376
2965 -441376
2970 -441376
2975 -441376
2980 -441376
2985 -441376
2990 -441376
2995 -441376
3000 -441376
3005 -441376
3010 -441376
3015 -441376
3020 -441376
3025 -441376
3030 -441376
3035 -441376
3040 -441376
3045 -441376
3050 -441376
3055 -441376
3060 -441376
3065 -441376
3070 -441376
3075 -441376
3080 -441376
3085 -441376
3090 -441376
3095 -441376
3100 -441376
3105 -441376
3110 -441376
3115 -441376
3120 -441376
3125 -441376
3130 -441376
3135 -441376
3140 -441376
3145 -441376
3150 -441376
3155 -441376
3160 -441376
3165 -441376
3170 -441376
3175 -441376
3180 -440908
3185 -440908
3190 -440908
3195 -440908
3200 -440908
3205 -440908
3210 -440908
3215 -440908
3220 -440908
3225 -440908
3230 -440908
3235 -440908
3240 -440908
3245 -440908
3250 -440908
3255 -440908
3260 -440908
3265 -440908
3270 -440908
3275 -440908
3280 -440908
3285 -440908
3290 -440908
3295 -440908
3300 -440908
3305 -440908
3310 -440908
3315 -440908
3320 -440908
3325 -440908
3330 -440908
3335 -440908
3340 -440908
3345 -440908
3350 -440908
3355 -440908
3360 -440908
3365 -440908
3370 -440908
3375 -440908
3380 -440908
3385 -440908
3390 -440908
3395 -440908
3400 -440908
3405 -440908
3410 -440908
3415 -440908
3420 -440908
3425 -440908
3430 -440908
3435 -440908
3440 -440908
3445 -440908
3450 -440908
3455 -440908
3460 -440908
3465 -440908
3470 -440908
3475 -440908
3480 -440908
3485 -440908
3490 -440908
3495 -440908
3500 -440908
3505 -440908
3510 -440908
3515 -440908
3520 -440908
3525 -440908
3530 -440908
3535 -440908
3540 -440908
3545 -440908
3550 -440908
3555 -440908
3560 -440908
3565 -440908
3570 -440908
3575 -440908
3580 -440908
3585 -440908
3590 -440908
3595 -440908
3600 -440908
3605 -440908
3610 -440908
3615 -440908
3620 -440908
3625 -440908
3630 -440908
3635 -440908
3640 -440908
3645 -440908
3650 -440908
3655 -440908
3660 -440908
3665 -440908
3670 -440908
3675 -440908
3680 -440908
3685 -440908
3690 -440908
3695 -440908
3700 -440908
3705 -440908
3710 -440908
3715 -440908
3720 -440908
3725 -440908
3730 -440908
3735 -440908
3740 -440908
3745 -440908
3750 -440908
3755 -440908
3760 -440908
3765 -440908
3770 -440908
3775 -440908
3780 -440908
3785 -440908
3790 -440908
3795 -440908
3800 -440908
3805 -440908
3810 -440908
3815 -440908
3820 -440908
3825 -440908
3830 -440908
3835 -440908
3840 -440908
3845 -440908
3850 -440908
3855 -440908
3860 -440908
3865 -440908
3870 -440908
3875 -440908
3880 -440908
3885 -440908
3890 -440908
3895 -440908
3900 -440908
3905 -440908
3910 -440908
3915 -440908
3920 -440908
3925 -440908
3930 -440908
3935 -440908
3940 -440908
3945 -440908
3950 -440908
3955 -440908
3960 -440908
3965 -440908
3970 -440908
3975 -440908
3980 -440908
3985 -440908
3990 -440908
3995 -440908
4000 -440908
4005 -440908
4010 -440908
4015 -440908
4020 -440908
4025 -440908
4030 -440908
4035 -440908
4040 -440908
4045 -440908
4050 -440908
4055 -440908
4060 -440908
4065 -440908
4070 -440908
4075 -440908
4080 -440908
4085 -440908
4090 -440908
4095 -440908
4100 -440908
4105 -440908
4110 -440908
4115 -440908
4120 -440908
4125 -440908
4130 -440908
4135 -440908
4140 -440908
4145 -440908
4150 -440908
4155 -440908
4160 -440908
4165 -440908
4170 -440908
4175 -440908
4180 -440908
4185 -440908
4190 -440908
4195 -440908
4200 -440908
4205 -440908
4210 -440908
4215 -440908
4220 -440908
4225 -440908
4230 -440908
4235 -440908
4240 -440908
4245 -440908
4250 -440908
4255 -440908
4260 -440908
4265 -440908
4270 -440908
4275 -440908
4280 -440908
4285 -440908
4290 -440908
4295 -440908
4300 -440908
4305 -440908
4310 -440908
4315 -440908
4320 -440908
4325 -440908
4330 -440908
4335 -440908
4340 -440908
4345 -440908
4350 -440908
4355 -440908
4360 -440908
4365 -440908
4370 -440908
4375 -440908
4380 -440908
4385 -440908
4390 -440908
4395 -440908
4400 -440908
4405 -440908
4410 -440908
4415 -440908
4420 -440908
4425 -440908
4430 -440908
4435 -440908
4440 -440908
4445 -440908
4450 -440908
4455 -440908
4460 -440794
4465 -440794
4470 -440794
4475 -440794
4480 -440794
4485 -440794
4490 -440794
4495 -440794
4500 -440794
4505 -440794
4510 -440794
4515 -440794
4520 -440794
4525 -440794
4530 -440794
4535 -440794
4540 -440794
4545 -440794
4550 -440794
4555 -440794
4560 -440794
4565 -440794
4570 -440794
4575 -440794
4580 -440794
4585 -440794
4590 -440794
4595 -440794
4600 -440794
4605 -440794
4610 -440794
4615 -440794
4620 -440794
4625 -440794
4630 -440794
4635 -440794
4640 -440794
4645 -440794
4650 -440794
4655 -440794
4660 -440794
4665 -440794
4670 -440794
4675 -440794
4680 -440794
4685 -440794
4690 -440794
4695 -440794
4700 -440794
4705 -440794
4710 -440794
4715 -440794
4720 -440794
4725 -440794
4730 -440794
4735 -440794
4740 -440794
4745 -440794
4750 -440794
4755 -440794
4760 -440794
4765 -440794
4770 -440794
4775 -440794
4780 -440794
4785 -440794
4790 -440794
4795 -440794
4800 -440794
4805 -440794
4810 -440794
4815 -440794
4820 -440466
4825 -440466
4830 -440466
4835 -440466
4840 -440466
4845 -440466
4850 -440466
4855 -440466
4860 -440466
4865 -440466
4870 -440466
4875 -440466
4880 -440136
4885 -440136
4890 -440136
4895 -440136
4900 -440136
4905 -440136
4910 -440136
4915 -440136
4920 -440136
4925 -440136
4930 -440136
4935 -440136
4940 -440136
4945 -440136
4950 -440136
4955 -440136
4960 -440136
4965 -440136
4970 -440136
4975 -440136
4980 -440136
4985 -440136
4990 -440136
4995 -440136
5000 -440136
5005 -440136
5010 -440136
5015 -440136
5020 -440136
5025 -440136
5030 -440136
5035 -440136
5040 -440136
5045 -440136
5050 -440136
5055 -440136
5060 -440136
5065 -440136
5070 -440136
5075 -440136
5080 -440136
5085 -440136
5090 -440122
5095 -440122
5100 -440122
5105 -440122
5110 -440122
5115 -440122
5120 -440122
5125 -440122
5130 -440122
5135 -440122
5140 -440122
5145 -440122
5150 -440122
5155 -440122
5160 -440122
5165 -440122
5170 -440122
5175 -440122
5180 -440122
5185 -440122
5190 -440122
5195 -440122
5200 -440122
5205 -440122
5210 -440122
5215 -440122
5220 -440122
5225 -440122
5230 -440122
5235 -440122
5240 -440122
5245 -440122
5250 -440122
5255 -440122
5260 -440122
5265 -440122
5270 -440122
5275 -440122
5280 -440122
5285 -440122
5290 -440122
5295 -440122
5300 -440122
5305 -440122
5310 -440122
5315 -440122
5320 -440122
5325 -440122
5330 -440122
5335 -440122
5340 -440122
5345 -440122
5350 -440122
5355 -440122
5360 -440122
5365 -440122
5370 -440122
5375 -439961
5380 -439961
5385 -439961
5390 -439961
5395 -439961
5400 -439961
5405 -439961
5410 -439961
5415 -439961
5420 -439961
5425 -439961
5430 -439961
5435 -439961
5440 -439961
5445 -439961
5450 -439961
5455 -439961
5460 -439961
5465 -439961
5470 -439961
5475 -439961
5480 -439961
5485 -439961
5490 -439961
5495 -439961
5500 -439961
5505 -439961
5510 -439961
5515 -439961
5520 -439961
5525 -439961
5530 -439961
5535 -439961
5540 -439961
5545 -439961
5550 -439961
5555 -439961
5560 -439961
5565 -439961
5570 -439961
5575 -439961
5580 -439961
5585 -439961
5590 -439961
5595 -439961
5600 -439961
5605 -439961
5610 -439961
5615 -439961
5620 -439961
5625 -439961
5630 -439961
5635 -439961
5640 -439961
5645 -439961
5650 -439961
5655 -439961
5660 -439961
5665 -439961
5670 -439961
5675 -439961
5680 -439961
5685 -439961
5690 -439961
5695 -439961
5700 -439961
5705 -439961
5710 -439961
5715 -439961
5720 -439961
5725 -439961
5730 -439961
5735 -439961
5740 -439961
5745 -439961
5750 -439961
5755 -439961
5760 -439961
5765 -439961
5770 -439961
5775 -439961
5780 -439961
5785 -439961
5790 -439961
5795 -439961
5800 -439961
5805 -439961
5810 -439961
5815 -439961
5820 -439961
5825 -439961
5830 -439961
5835 -439961
5840 -439961
5845 -439961
5850 -439961
5855 -439961
5860 -439961
5865 -439961
5870 -439961
5875 -439961
5880 -439961
5885 -439961
5890 -439961
5895 -439961
5900 -439961
5905 -439961
5910 -439961
5915 -439961
5920 -439961
5925 -439961
5930 -439961
5935 -439961
5940 -439961
5945 -439961
5950 -439961
5955 -439961
5960 -439961
5965 -439961
5970 -439961
5975 -439961
5980 -439961
5985 -439961
5990 -439961
5995 -439961
6000 -439961
6005 -439961
6010 -439961
6015 -439961
6020 -439961
6025 -439961
6030 -439961
6035 -439961
6040 -439961
6045 -439961
6050 -439961
6055 -439961
6060 -439961
6065 -439961
6070 -439961
6075 -439961
6080 -439961
6085 -439961
6090 -439961
6095 -439961
6100 -439961
6105 -439961
6110 -439961
6115 -439961
6120 -439961
6125 -439961
6130 -439961
6135 -439961
6140 -439961
6145 -439961
6150 -439961
6155 -439961
6160 -439961
6165 -439961
6170 -439961
6175 -439961
6180 -439961
6185 -439961
6190 -439961
6195 -439961
6200 -439961
6205 -439961
6210 -439961
6215 -439961
6220 -439961
6225 -439961
6230 -439961
6235 -439961
6240 -439961
6245 -439961
6250 -439961
6255 -439961
6260 -439961
6265 -439961
6270 -439961
6275 -439961
6280 -439961
6285 -439961
6290 -439961
6295 -439961
6300 -439961
6305 -439961
6310 -439961
6315 -439961
6320 -439961
6325 -439961
6330 -439961
6335 -439961
6340 -439961
6345 -439961
6350 -439961
6355 -439961
6360 -439961
6365 -439961
6370 -439961
6375 -439961
6380 -439961
6385 -439961
6390 -439961
6395 -439961
6400 -439961
6405 -439961
6410 -439961
6415 -439961
6420 -439961
6425 -439961
6430 -439961
6435 -439961
6440 -439961
6445 -439961
6450 -439961
6455 -439961
6460 -439961
6465 -439961
6470 -439961
6475 -439961
6480 -439961
6485 -439961
6490 -439961
6495 -439961
6500 -439961
6505 -439961
6510 -439961
6515 -439961
6520 -439961
6525 -439961
6530 -439961
6535 -439961
6540 -439961
6545 -439961
6550 -439961
6555 -439961
6560 -439961
6565 -439961
6570 -439961
6575 -439961
6580 -439961
6585 -439961
6590 -439961
6595 -439961
6600 -439961
6605 -439961
6610 -439961
6615 -439961
6620 -439961
6625 -439861
6630 -439861
6635 -439861
6640 -439861
6645 -439861
6650 -439861
6655 -439861
6660 -439861
6665 -439861
6670 -439861
6675 -439861
6680 -439861
6685 -439861
6690 -439861
6695 -439861
6700 -439861
6705 -439861
6710 -439861
6715 -439861
6720 -439861
6725 -439861
6730 -439861
6735 -439861
6740 -439861
6745 -439861
6750 -439861
6755 -439861
6760 -439861
6765 -439861
6770 -439861
6775 -439861
6780 -439861
6785 -439861
6790 -439861
6795 -439861
6800 -439861
6805 -439861
6810 -439861
6815 -439861
6820 -439861
6825 -439861
6830 -439861
6835 -439861
6840 -439861
6845 -439861
6850 -439861
6855 -439861
6860 -439861
6865 -439861
6870 -439861
6875 -439861
6880 -439861
6885 -439861
6890 -439861
6895 -439861
6900 -439861
6905 -439861
6910 -439861
6915 -439861
6920 -439861
6925 -439861
6930 -439861
6935 -439861
6940 -439861
6945 -439861
6950 -439861
6955 -439861
6960 -439861
6965 -439861
6970 -439861
6975 -439861
6980 -439861
6985 -439861
6990 -439861
6995 -439861
7000 -439861
7005 -439861
7010 -439861
7015 -439861
7020 -439861
7025 -439861
7030 -439861
7035 -439861
7040 -439861
7045 -439861
7050 -439861
7055 -439861
7060 -439861
7065 -439861
7070 -439861
7075 -439861
7080 -439861
7085 -439861
7090 -439861
7095 -439861
7100 -439861
7105 -439861
7110 -439861
7115 -439861
7120 -439861
7125 -439861
7130 -439861
7135 -439861
7140 -439861
7145 -439861
7150 -439861
7155 -439861
7160 -439861
7165 -439861
7170 -439861
7175 -439861
7180 -439861
7185 -439861
7190 -439861
7195 -439861
7200 -439861
7205 -439861
7210 -439861
7215 -439861
7220 -439861
7225 -439861
7230 -439861
7235 -439861
7240 -439861
7245 -439861
7250 -439861
7255 -439861
7260 -439861
7265 -439861
7270 -439861
7275 -439861
7280 -439861
7285 -439861
7290 -439861
7295 -439861
7300 -439861
7305 -439861
7310 -439861
7315 -439861
7320 -439861
7325 -439861
7330 -439861
7335 -439861
7340 -439861
7345 -439861
7350 -439861
7355 -439861
7360 -439861
7365 -439861
7370 -439861
7375 -439861
7380 -439861
7385 -439861
7390 -439861
7395 -439861
7400 -439861
7405 -439861
7410 -439861
7415 -439861
7420 -439861
7425 -439861
7430 -439861
7435 -439861
7440 -439861
7445 -439861
7450 -439861
7455 -439861
7460 -439861
7465 -439861
7470 -439861
7475 -439861
7480 -439861
7485 -439861
7490 -439861
7495 -439861
7500 -439861
7505 -439861
7510 -439861
7515 -439861
7520 -439861
7525 -439861
7530 -439861
7535 -439861
7540 -439861
7545 -439861
7550 -439861
7555 -439861
7560 -439861
7565 -439861
7570 -439861
7575 -439861
7580 -439861
7585 -439861
7590 -439861
7595 -439861
7600 -439861
7605 -439861
7610 -439861
7615 -439861
7620 -439861
7625 -439861
7630 -439861
7635 -439861
7640 -439656
7645 -439656
7650 -439656
7655 -439656
7660 -439656
7665 -439656
7670 -439656
7675 -439656
7680 -439656
7685 -439656
7690 -439656
7695 -439656
7700 -439656
7705 -439656
7710 -439656
7715 -439656
7720 -439656
7725 -439656
7730 -439656
7735 -439656
7740 -439656
7745 -439656
7750 -439656
7755 -439656
7760 -439656
7765 -439656
7770 -439656
7775 -439656
7780 -439656
7785 -439656
7790 -439656
7795 -439656
7800 -439656
7805 -439656
7810 -439656
7815 -439656
7820 -439656
7825 -439656
7830 -439656
7835 -439656
7840 -439656
7845 -439656
7850 -439656
7855 -439656
7860 -439656
7865 -439656
7870 -439656
7875 -439656
7880 -439656
7885 -439656
7890 -439656
7895 -439656
7900 -439656
7905 -439656
7910 -439656
7915 -439656
7920 -439656
7925 -439656
7930 -439656
7935 -439656
7940 -439656
7945 -439656
7950 -439656
7955 -439656
7960 -439656
7965 -439656
7970 -439656
7975 -439656
7980 -439656
7985 -439656
7990 -439656
7995 -439656
8000 -439656
8005 -439656
8010 -439656
8015 -439656
8020 -439656
8025 -439656
8030 -439656
8035 -439656
8040 -439656
8045 -439656
8050 -439656
8055 -439656
8060 -439656
8065 -439656
8070 -439656
8075 -439656
8080 -439656
8085 -439656
8090 -439656
8095 -439656
8100 -439656
8105 -439656
8110 -439656
8115 -439656
8120 -439656
8125 -439656
8130 -439656
8135 -439656
8140 -439656
8145 -439656
8150 -439656
8155 -439656
8160 -439656
8165 -439656
8170 -439656
8175 -439656
8180 -439656
8185 -439656
8190 -439656
8195 -439656
8200 -439656
8205 -439656
8210 -439656
8215 -439656
8220 -439656
8225 -439656
8230 -439656
8235 -439656
8240 -439656
8245 -439656
8250 -439656
8255 -439656
8260 -439656
8265 -439656
8270 -439656
8275 -439656
8280 -439656
8285 -439656
8290 -439656
8295 -439656
8300 -439656
8305 -439656
8310 -439656
8315 -439656
8320 -439656
8325 -439656
8330 -439656
8335 -439656
8340 -439656
8345 -439656
8350 -439656
8355 -439656
8360 -439656
8365 -439656
8370 -439656
8375 -439656
8380 -439656
8385 -439656
8390 -439656
8395 -439656
8400 -439656
8405 -439656
8410 -439656
8415 -439656
8420 -439656
8425 -439656
8430 -439656
8435 -439656
8440 -439656
8445 -439656
8450 -439656
8455 -439656
8460 -439656
8465 -439656
8470 -439656
8475 -439656
8480 -439656
8485 -439656
8490 -439656
8495 -439656
8500 -439656
8505 -439656
8510 -439656
8515 -439656
8520 -439656
8525 -439656
8530 -439656
8535 -439656
8540 -439656
8545 -439656
8550 -439656
8555 -439656
8560 -439656
8565 -439656
8570 -439656
8575 -439656
8580 -439656
8585 -439656
8590 -439656
8595 -439656
8600 -439656
8605 -439656
8610 -439656
8615 -439656
8620 -439656
8625 -439656
8630 -439656
8635 -439656
8640 -439656
8645 -439656
8650 -439656
8655 -439656
8660 -439656
8665 -439656
8670 -439656
8675 -439656
8680 -439656
8685 -439656
8690 -439656
8695 -439656
8700 -439656
