10 -463843
15 -459740
20 -457529
25 -457452
30 -455280
35 -455280
40 -453915
45 -453915
50 -453142
55 -453142
60 -453142
65 -453142
70 -453142
75 -453142
80 -453142
85 -453142
90 -453142
95 -453142
100 -453142
105 -453142
110 -453142
115 -453104
120 -453104
125 -453104
130 -453030
135 -453030
140 -453030
145 -453030
150 -453030
155 -452228
160 -452228
165 -452228
170 -450957
175 -450957
180 -450957
185 -450304
190 -450304
195 -450304
200 -450304
205 -450304
210 -450304
215 -450304
220 -450304
225 -450304
230 -449584
235 -449584
240 -449584
245 -449584
250 -449584
255 -449207
260 -449207
265 -449162
270 -449162
275 -449162
280 -449162
285 -449162
290 -449162
295 -449162
300 -449162
305 -449162
310 -449162
315 -449162
320 -449162
325 -448867
330 -448867
335 -448867
340 -448867
345 -448867
350 -448867
355 -448867
360 -448867
365 -448867
370 -448867
375 -448867
380 -448867
385 -448867
390 -448867
395 -448867
400 -448867
405 -448867
410 -448867
415 -448867
420 -448867
425 -448867
430 -448867
435 -448867
440 -448867
445 -448867
450 -448867
455 -448867
460 -448867
465 -448867
470 -448867
475 -448867
480 -448867
485 -448867
490 -448867
495 -448867
500 -448867
505 -448867
510 -448867
515 -448372
520 -448372
525 -448372
530 -448372
535 -448372
540 -448372
545 -448372
550 -448372
555 -448010
560 -448010
565 -448010
570 -447973
575 -447973
580 -447973
585 -447973
590 -447973
595 -447973
600 -447973
605 -447973
610 -447973
615 -447973
620 -447973
625 -447973
630 -447973
635 -447973
640 -447973
645 -447973
650 -447973
655 -447973
660 -447973
665 -447266
670 -447266
675 -447266
680 -447266
685 -447266
690 -447266
695 -447266
700 -447266
705 -447266
710 -447266
715 -447266
720 -447266
725 -447266
730 -447266
735 -447266
740 -446904
745 -446904
750 -446904
755 -446904
760 -446904
765 -446904
770 -446904
775 -446904
780 -446904
785 -446904
790 -446904
795 -446904
800 -446904
805 -446904
810 -446904
815 -446904
820 -446904
825 -446904
830 -446904
835 -446904
840 -446904
845 -446904
850 -446904
855 -446904
860 -446904
865 -446904
870 -446904
875 -446904
880 -446904
885 -446432
890 -446432
895 -446432
900 -446432
905 -446432
910 -445944
915 -445944
920 -445944
925 -445944
930 -445944
935 -445944
940 -445944
945 -445944
950 -445944
955 -445944
960 -445944
965 -445944
970 -445944
975 -445944
980 -445944
985 -445944
990 -445944
995 -445944
1000 -445422
1005 -445422
1010 -445422
1015 -445422
1020 -445422
1025 -445422
1030 -445422
1035 -445422
1040 -445422
1045 -445422
1050 -445422
1055 -445422
1060 -445422
1065 -445422
1070 -445422
1075 -445422
1080 -445422
1085 -445422
1090 -445422
1095 -445422
1100 -445422
1105 -445422
1110 -445266
1115 -445266
1120 -445266
1125 -445266
1130 -445266
1135 -445266
1140 -445266
1145 -445266
1150 -445266
1155 -445266
1160 -445266
1165 -445266
1170 -445266
1175 -445266
1180 -445266
1185 -445266
1190 -445266
1195 -445266
1200 -445266
1205 -445266
1210 -445266
1215 -445266
1220 -445266
1225 -445266
1230 -445266
1235 -445266
1240 -445266
1245 -445266
1250 -445266
1255 -445266
1260 -445266
1265 -445266
1270 -445266
1275 -445266
1280 -445266
1285 -445266
1290 -445266
1295 -445266
1300 -445266
1305 -445266
1310 -445266
1315 -445266
1320 -445266
1325 -445266
1330 -445266
1335 -445266
1340 -445068
1345 -445068
1350 -445068
1355 -445068
1360 -445068
1365 -445068
1370 -445068
1375 -445068
1380 -445068
1385 -445068
1390 -445068
1395 -445068
1400 -445068
1405 -445068
1410 -445068
1415 -445068
1420 -445068
1425 -445068
1430 -445068
1435 -445068
1440 -445068
1445 -445068
1450 -445068
1455 -445068
1460 -445068
1465 -445068
1470 -445068
1475 -445068
1480 -445068
1485 -445068
1490 -445068
1495 -445068
1500 -445068
1505 -445068
1510 -445068
1515 -445068
1520 -445068
1525 -445068
1530 -445068
1535 -445068
1540 -445068
1545 -445068
1550 -445068
1555 -445068
1560 -445068
1565 -445068
1570 -445068
1575 -445068
1580 -445068
1585 -445068
1590 -445068
1595 -445068
1600 -445068
1605 -445068
1610 -445068
1615 -445068
1620 -445068
1625 -445068
1630 -445068
1635 -445068
1640 -445068
1645 -445068
1650 -445068
1655 -445068
1660 -445068
1665 -445068
1670 -445068
1675 -445068
1680 -445068
1685 -445068
1690 -445068
1695 -445068
1700 -445068
1705 -445068
1710 -445068
1715 -445068
1720 -445068
1725 -445068
1730 -445068
1735 -445001
1740 -445001
1745 -445001
