10 -367109
15 -365412
20 -365186
25 -363361
30 -363361
35 -362303
40 -362303
45 -361579
50 -361579
55 -361579
60 -361579
65 -361579
70 -361579
75 -361579
80 -361579
85 -359321
90 -359321
95 -358331
100 -357679
105 -357576
110 -357576
115 -357051
120 -357051
125 -357051
130 -357051
135 -357051
140 -357051
145 -357051
150 -357051
155 -357051
160 -357051
165 -357051
170 -357051
175 -357051
180 -357051
185 -357051
190 -357051
195 -357051
200 -357051
205 -357051
210 -357051
215 -356595
220 -356595
225 -356595
230 -356595
235 -356595
240 -356595
245 -356595
250 -356595
255 -356595
260 -356595
265 -356595
270 -356595
275 -356595
280 -356453
285 -356453
290 -355207
295 -355207
300 -355207
305 -355207
310 -355207
315 -355207
320 -355207
325 -355207
330 -355207
335 -355207
340 -355207
345 -355207
350 -355207
355 -355207
360 -354693
365 -354693
370 -354693
375 -354315
380 -354315
385 -354315
390 -354315
395 -354315
400 -354315
405 -354315
410 -354315
415 -354315
420 -354315
425 -354315
430 -354315
435 -354315
440 -354315
445 -354315
450 -354315
455 -354315
460 -354315
465 -354315
470 -354315
475 -354315
480 -354315
485 -354315
490 -354315
495 -354315
500 -354315
505 -354315
510 -354315
515 -354315
520 -354315
525 -354315
530 -354315
535 -354315
540 -354315
545 -354315
550 -354315
555 -354315
560 -354315
565 -354315
570 -354315
575 -354315
580 -354315
585 -354315
590 -354315
595 -354315
600 -354315
605 -354315
610 -354315
615 -354315
620 -354315
625 -354315
630 -354315
635 -354315
640 -354315
645 -354315
650 -354315
655 -354315
660 -354315
665 -354315
670 -354315
675 -354315
680 -354315
685 -353340
690 -353340
695 -353340
700 -353340
705 -353340
710 -353340
715 -353340
720 -353340
725 -353340
730 -353340
735 -353340
740 -353340
745 -353340
750 -353340
755 -353340
760 -353207
765 -353207
770 -353207
775 -353207
780 -353207
785 -353095
790 -353095
795 -353095
800 -353095
805 -353095
810 -353095
815 -353095
820 -353095
825 -353095
830 -353095
835 -352715
840 -352715
845 -352715
850 -352715
855 -352715
860 -352715
865 -352715
870 -352715
875 -352715
880 -352715
885 -352715
890 -352715
895 -352715
900 -352715
905 -352715
910 -352715
915 -352715
920 -352715
925 -352715
930 -352715
935 -352715
940 -352715
945 -352715
950 -352715
955 -352715
960 -352715
965 -352715
970 -352715
975 -352715
980 -352715
985 -352715
990 -352715
995 -352715
1000 -352715
1005 -352715
1010 -352715
1015 -352715
1020 -352715
1025 -352715
1030 -352715
1035 -352715
1040 -352715
1045 -352715
1050 -352715
1055 -352715
1060 -352715
1065 -352715
1070 -352715
1075 -352715
1080 -352715
1085 -352715
1090 -352715
1095 -352715
1100 -352715
1105 -352715
1110 -352715
1115 -352715
1120 -352715
1125 -352715
1130 -352715
1135 -352715
1140 -352715
1145 -352715
1150 -352715
1155 -352715
1160 -352715
1165 -352715
1170 -352715
1175 -352715
1180 -352715
1185 -352715
1190 -352715
1195 -352715
1200 -352715
1205 -352715
1210 -352715
1215 -352715
1220 -352715
1225 -352715
1230 -352281
1235 -352281
1240 -352281
1245 -352281
1250 -352281
1255 -352281
1260 -352281
1265 -352281
1270 -352281
1275 -352281
1280 -352281
1285 -352281
1290 -352281
1295 -352281
1300 -352281
1305 -352281
1310 -352281
1315 -352281
1320 -352281
1325 -352281
1330 -352281
1335 -352281
1340 -352281
1345 -352281
1350 -352281
1355 -352281
1360 -352281
1365 -352281
1370 -352281
1375 -352281
1380 -352281
1385 -352281
1390 -352281
1395 -352281
1400 -352281
1405 -352281
1410 -352281
1415 -352281
1420 -352281
1425 -352281
1430 -352281
1435 -352281
1440 -352281
1445 -352281
1450 -352281
1455 -352281
1460 -352281
1465 -352281
1470 -352281
1475 -352281
1480 -352281
1485 -352281
1490 -352281
1495 -352281
1500 -352281
1505 -352281
1510 -352281
1515 -352281
1520 -352281
1525 -352281
1530 -352281
1535 -352281
1540 -352281
1545 -352281
1550 -352281
1555 -352281
1560 -352281
1565 -352281
1570 -352281
1575 -352281
1580 -352281
1585 -352281
1590 -352281
1595 -352281
1600 -352281
1605 -352281
1610 -352281
1615 -352281
1620 -352281
1625 -352281
1630 -352281
1635 -352281
1640 -352281
1645 -352281
1650 -352281
1655 -352281
1660 -352281
1665 -352281
1670 -352281
1675 -352281
1680 -352281
1685 -352281
1690 -352281
1695 -352281
1700 -352281
1705 -352281
1710 -352281
1715 -352281
1720 -352281
1725 -352281
1730 -352281
1735 -352281
1740 -352281
1745 -352281
1750 -352281
1755 -352281
1760 -352281
1765 -352281
1770 -352281
1775 -352281
1780 -352281
1785 -352281
1790 -352281
1795 -352281
1800 -352281
1805 -352281
1810 -352281
1815 -352281
1820 -352022
1825 -352022
1830 -352022
1835 -352022
1840 -352022
1845 -352022
1850 -352022
1855 -352022
1860 -352022
1865 -352022
1870 -352022
1875 -352022
1880 -352022
1885 -352022
1890 -352022
1895 -352022
1900 -352022
1905 -352022
1910 -352022
1915 -352022
1920 -352022
1925 -352022
1930 -352022
1935 -352022
1940 -352022
1945 -352022
1950 -352022
1955 -352022
1960 -352022
1965 -352022
1970 -352022
1975 -352022
1980 -352022
1985 -352022
1990 -352022
1995 -352022
2000 -352022
2005 -352022
2010 -352022
2015 -352022
2020 -352022
2025 -352022
2030 -352022
2035 -352022
2040 -352022
2045 -352022
2050 -352022
2055 -352022
2060 -352022
2065 -352022
2070 -352022
2075 -352022
2080 -352022
2085 -352022
2090 -352022
2095 -352022
2100 -352022
2105 -352022
2110 -352022
2115 -352022
2120 -352022
2125 -352022
2130 -352022
2135 -352022
2140 -352022
2145 -352022
2150 -352022
2155 -352022
2160 -352022
2165 -352022
2170 -352022
2175 -352022
2180 -352022
2185 -352022
2190 -352022
2195 -352022
2200 -352022
2205 -352022
2210 -352022
2215 -352022
2220 -352022
2225 -352022
2230 -352022
2235 -352022
2240 -352022
2245 -352022
2250 -352022
2255 -352022
2260 -352022
2265 -352022
2270 -352022
2275 -352022
2280 -352022
2285 -352022
2290 -352022
2295 -352022
2300 -352022
2305 -352022
2310 -352022
2315 -352022
2320 -352022
2325 -352022
2330 -352022
2335 -352022
2340 -352022
2345 -352022
2350 -352022
2355 -352022
2360 -352022
2365 -352022
2370 -351539
2375 -351539
2380 -351539
2385 -351539
2390 -351539
2395 -351539
2400 -351539
2405 -351539
2410 -351539
2415 -351539
2420 -351539
2425 -351539
2430 -351539
2435 -351539
2440 -351539
2445 -351539
2450 -351539
2455 -351539
2460 -351539
2465 -351539
2470 -351539
2475 -351539
2480 -351539
2485 -351539
2490 -351539
2495 -351539
2500 -351539
2505 -351539
2510 -351539
2515 -351539
2520 -351539
2525 -351539
2530 -351539
2535 -351539
2540 -351539
2545 -351539
2550 -351539
2555 -351539
2560 -351539
2565 -351539
2570 -351539
2575 -351539
2580 -351539
2585 -351539
2590 -351539
2595 -351539
2600 -351539
2605 -351539
2610 -351539
2615 -351539
2620 -351198
2625 -351198
2630 -351198
2635 -351198
2640 -351198
2645 -351198
2650 -351198
2655 -351198
2660 -351198
2665 -351198
2670 -351198
2675 -351198
2680 -351198
2685 -351198
2690 -351198
2695 -351198
2700 -351198
2705 -351198
2710 -351198
2715 -351198
2720 -351198
2725 -351198
2730 -351198
2735 -351198
2740 -351198
2745 -351198
2750 -351198
2755 -351198
2760 -351198
2765 -351198
2770 -351198
2775 -351198
2780 -351198
2785 -351198
2790 -351198
2795 -351198
2800 -351198
2805 -351198
2810 -351198
2815 -351198
2820 -351198
2825 -351198
2830 -351198
2835 -351198
2840 -351198
2845 -351198
2850 -351198
2855 -351198
2860 -351198
2865 -351198
2870 -351198
2875 -351198
2880 -351198
2885 -351198
2890 -351198
2895 -351198
2900 -351198
2905 -351198
2910 -351198
2915 -351198
2920 -351198
2925 -351198
2930 -351198
2935 -351198
2940 -351198
2945 -351198
2950 -351198
2955 -351198
2960 -351198
2965 -351198
2970 -351198
2975 -351198
2980 -351198
2985 -351198
2990 -351198
2995 -351198
3000 -351198
3005 -351198
3010 -351198
3015 -351198
3020 -351198
3025 -351198
3030 -351198
3035 -351198
3040 -351198
3045 -351198
3050 -351198
3055 -351198
3060 -351198
3065 -351198
3070 -351198
3075 -351198
3080 -351198
3085 -351198
3090 -351198
3095 -351198
3100 -351198
3105 -351198
3110 -351198
3115 -351198
3120 -351198
3125 -351198
3130 -351198
3135 -351198
3140 -351198
3145 -351198
3150 -351198
3155 -351198
3160 -351198
3165 -351198
3170 -351198
3175 -351198
3180 -351198
3185 -351198
3190 -351198
3195 -351197
3200 -351197
3205 -351197
3210 -351197
3215 -351197
3220 -351197
3225 -351197
3230 -351197
3235 -351197
3240 -351197
3245 -351197
3250 -351197
3255 -351197
3260 -351197
3265 -351197
3270 -351197
3275 -351197
3280 -351197
3285 -351197
3290 -351197
3295 -351197
3300 -351197
3305 -351197
3310 -351197
3315 -351197
3320 -351197
3325 -351197
3330 -351197
3335 -351197
3340 -351197
3345 -351197
3350 -351197
3355 -351197
3360 -351197
3365 -351197
3370 -351197
3375 -351197
3380 -351197
3385 -351197
3390 -351197
3395 -351197
3400 -351197
3405 -351197
3410 -351197
3415 -351197
3420 -351197
3425 -351197
3430 -351197
3435 -351197
3440 -351197
3445 -351197
3450 -351197
3455 -351197
3460 -351197
3465 -351197
3470 -351197
3475 -351197
3480 -351197
3485 -351197
3490 -351197
3495 -351197
3500 -351197
3505 -351197
3510 -351197
3515 -351197
3520 -351197
3525 -351197
3530 -351197
3535 -351197
3540 -351197
3545 -351197
3550 -351197
3555 -351197
3560 -351197
3565 -351197
3570 -350623
3575 -350623
3580 -350623
3585 -350623
3590 -350623
3595 -350623
3600 -350623
3605 -350623
3610 -350623
3615 -350623
3620 -350623
3625 -350623
3630 -350623
3635 -350623
3640 -350623
3645 -350623
3650 -350623
3655 -350623
3660 -350623
3665 -350623
3670 -350623
3675 -350623
3680 -350623
3685 -350623
3690 -350623
3695 -350623
3700 -350623
3705 -350623
3710 -350623
3715 -350623
3720 -350623
3725 -350623
3730 -350623
3735 -350623
3740 -350623
3745 -350623
3750 -350623
3755 -350623
3760 -350623
3765 -350623
3770 -350623
3775 -350623
3780 -350623
3785 -350623
3790 -350623
3795 -350623
3800 -350623
3805 -350623
3810 -350623
3815 -350623
3820 -350623
3825 -350623
3830 -350623
3835 -350623
3840 -349876
3845 -349876
3850 -349876
3855 -349876
3860 -349876
3865 -349876
3870 -349876
3875 -349876
3880 -349876
3885 -349876
3890 -349876
3895 -349876
3900 -349876
3905 -349876
3910 -349876
3915 -349876
3920 -349876
3925 -349876
3930 -349876
3935 -349876
3940 -349876
3945 -349876
3950 -349381
3955 -349381
3960 -349381
3965 -349381
3970 -349381
3975 -349381
3980 -349381
3985 -349381
3990 -349381
3995 -349381
4000 -349381
4005 -349381
4010 -349381
4015 -349381
4020 -349381
4025 -349381
4030 -349381
4035 -349381
4040 -349381
4045 -349381
4050 -349381
4055 -349381
4060 -349381
4065 -349381
4070 -349381
4075 -349381
4080 -349381
4085 -349381
4090 -349381
4095 -349381
4100 -349381
4105 -349381
4110 -349381
4115 -349381
4120 -349381
4125 -349381
4130 -349381
4135 -349381
4140 -349381
4145 -349381
4150 -349381
4155 -349381
4160 -349381
4165 -349381
4170 -349381
4175 -349381
4180 -349381
4185 -349381
4190 -349381
4195 -349381
4200 -349381
4205 -349381
4210 -349381
4215 -349381
4220 -349381
4225 -349381
4230 -349381
4235 -349381
4240 -349381
4245 -349381
4250 -349381
4255 -349381
4260 -349381
4265 -349381
4270 -349381
4275 -349381
4280 -349381
4285 -349381
4290 -349381
4295 -349381
4300 -349381
4305 -349381
4310 -349381
4315 -349381
4320 -349381
4325 -349381
4330 -349381
4335 -349381
4340 -349381
4345 -349381
4350 -349381
4355 -349381
4360 -349381
4365 -349381
4370 -349381
4375 -349381
4380 -349381
4385 -349381
4390 -349381
4395 -349381
4400 -349381
4405 -349381
4410 -349381
4415 -349381
4420 -349381
4425 -349381
4430 -349381
4435 -349381
4440 -349381
4445 -349381
4450 -349381
4455 -349381
4460 -349381
4465 -349381
4470 -349381
4475 -349381
4480 -349381
4485 -349381
4490 -349381
4495 -349381
4500 -349381
4505 -349381
4510 -349381
4515 -349381
4520 -349381
4525 -349381
4530 -349381
4535 -349381
4540 -349381
4545 -349381
4550 -349381
4555 -349381
4560 -349381
4565 -349381
4570 -349381
4575 -349381
4580 -349381
4585 -349381
4590 -349381
4595 -349381
4600 -349381
4605 -349381
4610 -349381
4615 -349381
4620 -349381
4625 -349381
4630 -349381
4635 -349171
4640 -349171
4645 -349171
4650 -349171
4655 -349171
4660 -349171
4665 -349171
4670 -349171
4675 -349171
4680 -349171
4685 -349171
4690 -349171
4695 -349171
4700 -349171
4705 -349171
4710 -349171
4715 -349171
4720 -349171
4725 -349171
4730 -349171
4735 -349171
4740 -349171
4745 -349171
4750 -349171
4755 -349171
4760 -349171
4765 -349171
4770 -349171
4775 -349171
4780 -349171
4785 -349171
4790 -349171
4795 -349171
4800 -349171
4805 -349171
4810 -349171
4815 -349171
4820 -349171
4825 -349171
4830 -349171
4835 -349171
4840 -349171
4845 -349171
4850 -349171
4855 -349171
4860 -349171
4865 -349171
4870 -349171
4875 -349171
4880 -349171
4885 -349171
4890 -349171
4895 -349171
4900 -349171
4905 -349171
4910 -349171
4915 -349171
4920 -349171
4925 -349171
4930 -349171
4935 -349171
4940 -349171
4945 -349171
4950 -349171
4955 -349171
4960 -349171
4965 -349171
4970 -349171
4975 -349171
4980 -349171
4985 -349171
4990 -349171
4995 -349171
5000 -349171
5005 -349171
5010 -349171
5015 -349171
5020 -349171
5025 -349171
5030 -349171
5035 -349171
5040 -349171
5045 -349171
5050 -349171
5055 -349171
5060 -349171
5065 -349171
5070 -349171
5075 -349171
5080 -349171
5085 -349171
5090 -349171
5095 -349171
5100 -349171
5105 -349171
5110 -349171
5115 -349171
5120 -349171
5125 -349171
5130 -349171
5135 -349171
5140 -349171
5145 -349171
5150 -349171
5155 -349171
5160 -349171
5165 -349171
5170 -349171
5175 -349171
5180 -349171
5185 -349171
5190 -349171
5195 -349171
5200 -349171
5205 -349171
5210 -349171
5215 -349171
5220 -349171
5225 -349171
5230 -349171
5235 -349171
5240 -349171
5245 -349171
5250 -349171
5255 -349171
5260 -349171
5265 -349171
5270 -349171
5275 -349171
5280 -349171
5285 -349171
5290 -349171
5295 -349171
5300 -349082
5305 -349082
5310 -349082
5315 -349082
5320 -349082
5325 -349082
5330 -349082
5335 -349082
5340 -349082
5345 -349082
5350 -349082
5355 -349082
5360 -349082
5365 -349082
5370 -349082
5375 -349082
5380 -349082
5385 -348861
5390 -348861
5395 -348861
5400 -348861
5405 -348861
5410 -348861
5415 -348861
5420 -348861
5425 -348861
5430 -348861
5435 -348861
5440 -348861
5445 -348861
5450 -348861
5455 -348861
5460 -348861
5465 -348861
5470 -348861
5475 -348861
5480 -348861
5485 -348861
5490 -348861
5495 -348861
5500 -348861
5505 -348861
5510 -348861
5515 -348861
5520 -348861
5525 -348861
5530 -348861
5535 -348861
5540 -348861
5545 -348861
5550 -348861
5555 -348861
5560 -348861
5565 -348861
5570 -348861
5575 -348861
5580 -348861
5585 -348861
5590 -348861
5595 -348861
5600 -348861
5605 -348861
5610 -348861
5615 -348861
5620 -348861
5625 -348861
5630 -348861
5635 -348861
5640 -348861
5645 -348861
5650 -348861
5655 -348861
5660 -348861
5665 -348861
5670 -348861
5675 -348861
5680 -348861
5685 -348861
5690 -348861
5695 -348861
5700 -348861
5705 -348861
5710 -348861
5715 -348861
5720 -348861
5725 -348861
5730 -348861
5735 -348861
5740 -348861
5745 -348861
5750 -348861
5755 -348861
5760 -348861
5765 -348861
5770 -348861
5775 -348861
5780 -348861
5785 -348861
5790 -348861
5795 -348861
5800 -348861
5805 -348861
5810 -348861
5815 -348861
5820 -348861
5825 -348861
5830 -348861
5835 -348861
5840 -348861
5845 -348861
5850 -348861
5855 -348861
5860 -348861
5865 -348861
5870 -348861
5875 -348861
5880 -348861
5885 -348861
5890 -348861
5895 -348861
5900 -348861
5905 -348861
5910 -348861
5915 -348861
5920 -348861
5925 -348861
5930 -348861
5935 -348861
5940 -348861
5945 -348861
5950 -348861
5955 -348861
5960 -348861
5965 -348861
5970 -348861
5975 -348861
5980 -348861
5985 -348861
5990 -348861
5995 -348861
6000 -348861
6005 -348861
6010 -348861
6015 -348861
6020 -348861
6025 -348861
6030 -348861
6035 -348861
6040 -348861
6045 -348861
6050 -348861
6055 -348861
6060 -348861
6065 -348861
6070 -348861
6075 -348861
6080 -348861
6085 -348861
6090 -348861
6095 -348861
6100 -348861
6105 -348861
6110 -348861
6115 -348861
6120 -348861
6125 -348861
6130 -348861
6135 -348861
6140 -348861
6145 -348861
6150 -348861
6155 -348861
6160 -348861
6165 -348861
6170 -348861
6175 -348861
6180 -348861
6185 -348861
6190 -348861
6195 -348861
6200 -348861
6205 -348861
6210 -348861
6215 -348861
6220 -348861
6225 -348861
6230 -348861
6235 -348861
6240 -348861
6245 -348861
6250 -348861
6255 -348861
6260 -348861
6265 -348861
6270 -348861
6275 -348861
6280 -348861
6285 -348861
6290 -348861
6295 -348861
6300 -348861
6305 -348861
6310 -348861
6315 -348861
6320 -348861
6325 -348861
6330 -348861
6335 -348861
6340 -348861
6345 -348861
6350 -348861
6355 -348861
6360 -348861
6365 -348861
6370 -348861
6375 -348861
6380 -348861
6385 -348861
6390 -348861
6395 -348861
6400 -348861
6405 -348861
6410 -348861
6415 -348861
6420 -348861
6425 -348861
6430 -348861
6435 -348861
6440 -348861
6445 -348861
6450 -348861
6455 -348861
6460 -348861
6465 -348861
6470 -348861
6475 -348861
6480 -348861
6485 -348861
6490 -348861
6495 -348861
6500 -348861
6505 -348861
6510 -348861
6515 -348861
6520 -348861
6525 -348861
6530 -348861
6535 -348861
6540 -348861
6545 -348861
6550 -348861
6555 -348861
6560 -348861
6565 -348861
6570 -348861
6575 -348861
6580 -348861
6585 -348861
6590 -348861
6595 -348861
6600 -348861
6605 -348861
6610 -348861
6615 -348861
6620 -348861
6625 -348861
6630 -348861
6635 -348861
6640 -348861
6645 -348861
6650 -348861
6655 -348861
6660 -348861
6665 -348861
6670 -348861
6675 -348861
6680 -348861
6685 -348861
6690 -348861
6695 -348861
6700 -348861
6705 -348861
6710 -348861
6715 -348861
6720 -348861
6725 -348861
6730 -348861
6735 -348861
6740 -348861
6745 -348861
6750 -348861
6755 -348861
6760 -348861
6765 -348861
6770 -348861
6775 -348861
6780 -348861
6785 -348861
6790 -348861
6795 -348861
6800 -348861
6805 -348861
6810 -348861
6815 -348861
6820 -348861
6825 -348861
6830 -348861
6835 -348861
6840 -348861
6845 -348861
6850 -348861
6855 -348861
6860 -348861
6865 -348861
6870 -348861
6875 -348861
6880 -348861
6885 -348861
6890 -348861
6895 -348861
6900 -348861
6905 -348861
6910 -348861
6915 -348861
6920 -348861
6925 -348861
6930 -348861
6935 -348861
6940 -348861
6945 -348861
6950 -348861
6955 -348861
6960 -348861
6965 -348861
6970 -348861
6975 -348861
6980 -348861
6985 -348861
6990 -348861
6995 -348861
7000 -348861
7005 -348861
7010 -348861
7015 -348861
7020 -348861
7025 -348861
7030 -348861
7035 -348861
7040 -348861
7045 -348861
7050 -348861
7055 -348861
7060 -348861
7065 -348861
7070 -348861
7075 -348861
7080 -348861
7085 -348861
7090 -348861
7095 -348861
7100 -348861
7105 -348861
7110 -348861
7115 -348861
7120 -348861
7125 -348861
7130 -348861
7135 -348861
7140 -348861
7145 -348861
7150 -348861
7155 -348861
7160 -348861
7165 -348861
7170 -348861
7175 -348861
7180 -348861
7185 -348861
7190 -348861
7195 -348861
7200 -348861
7205 -348861
7210 -348861
7215 -348861
7220 -348861
7225 -348861
7230 -348861
7235 -348861
7240 -348861
7245 -348861
7250 -348861
7255 -348861
7260 -348861
7265 -348861
7270 -348861
7275 -348861
7280 -348861
7285 -348861
7290 -348861
7295 -348861
7300 -348861
7305 -347551
7310 -347551
7315 -347551
7320 -347551
7325 -347551
7330 -347551
7335 -347551
7340 -347551
7345 -347551
7350 -347551
7355 -347551
7360 -347551
7365 -347551
7370 -347551
7375 -347551
7380 -347551
7385 -347551
7390 -347551
7395 -347551
7400 -347551
7405 -347551
7410 -347551
7415 -347551
7420 -347551
7425 -347551
7430 -347551
7435 -347551
7440 -347551
7445 -347551
7450 -347551
7455 -347551
7460 -347551
7465 -347551
7470 -347551
7475 -347551
7480 -347551
7485 -347551
7490 -347551
7495 -347551
7500 -347551
7505 -347551
7510 -347551
7515 -347551
7520 -347551
7525 -347551
7530 -347551
7535 -347551
7540 -347551
7545 -347551
7550 -347551
7555 -347551
7560 -347551
7565 -347551
7570 -347551
7575 -347551
7580 -347551
7585 -347551
7590 -347551
7595 -347551
7600 -347551
7605 -347541
7610 -347541
7615 -347541
7620 -347541
7625 -347541
7630 -347541
7635 -347541
7640 -347541
7645 -347541
7650 -347541
7655 -347541
7660 -347541
7665 -347541
7670 -347541
7675 -347541
7680 -347541
7685 -347541
7690 -347541
7695 -347541
7700 -347541
7705 -347541
7710 -347541
7715 -347541
7720 -347541
7725 -347541
7730 -347541
7735 -347541
7740 -347541
7745 -347541
7750 -347541
7755 -347541
7760 -347541
7765 -347541
7770 -347541
7775 -347541
7780 -347541
7785 -347541
7790 -347541
7795 -347541
7800 -347541
7805 -347541
7810 -347541
7815 -347541
7820 -347541
7825 -347541
7830 -347541
7835 -347541
7840 -347541
7845 -347541
7850 -347541
7855 -347541
7860 -347541
7865 -347541
7870 -347541
7875 -347541
7880 -347541
7885 -347541
7890 -347541
7895 -347541
7900 -347541
7905 -347541
7910 -347541
7915 -347541
7920 -347541
7925 -347541
7930 -347541
7935 -347541
7940 -347541
7945 -347541
7950 -347541
7955 -347541
7960 -347541
7965 -347541
7970 -347541
7975 -347541
7980 -347541
7985 -347541
7990 -347541
7995 -347541
8000 -347541
8005 -347541
8010 -347541
8015 -347541
8020 -347541
8025 -347541
8030 -347541
8035 -347541
8040 -347541
8045 -347541
8050 -347541
8055 -347541
8060 -347541
8065 -347541
8070 -347541
8075 -347541
8080 -347541
8085 -347541
8090 -347541
8095 -347541
8100 -347541
8105 -347541
8110 -347541
8115 -347541
8120 -347541
8125 -347541
8130 -347149
8135 -347149
8140 -347149
8145 -347149
8150 -347149
8155 -347149
8160 -347149
8165 -347149
8170 -347149
8175 -347149
8180 -347149
8185 -347149
8190 -347149
8195 -347149
8200 -347149
8205 -347149
8210 -347149
8215 -347149
8220 -346927
8225 -346927
8230 -346927
8235 -346927
8240 -346927
8245 -346927
8250 -346927
8255 -346927
8260 -346927
8265 -346927
8270 -346914
8275 -346914
8280 -346914
8285 -346914
8290 -346914
8295 -346914
8300 -346914
8305 -346914
8310 -346914
8315 -346914
8320 -346914
8325 -346914
8330 -346914
8335 -346914
8340 -346914
8345 -346914
8350 -346914
8355 -346914
8360 -346914
8365 -346914
8370 -346914
8375 -346914
8380 -346914
8385 -346914
8390 -346914
8395 -346914
8400 -346914
8405 -346914
8410 -346914
8415 -346914
8420 -346914
8425 -346914
8430 -346914
8435 -346914
8440 -346914
8445 -346914
8450 -346914
8455 -346914
8460 -346914
8465 -346914
8470 -346914
8475 -346914
8480 -346914
8485 -346914
8490 -346914
8495 -346914
8500 -346914
8505 -346914
8510 -346914
8515 -346914
8520 -346914
8525 -346914
8530 -346914
8535 -346914
8540 -346914
8545 -346914
8550 -346914
8555 -346914
8560 -346914
8565 -346914
8570 -346914
8575 -346914
8580 -346914
8585 -346914
8590 -346914
8595 -346914
8600 -346914
8605 -346914
8610 -346914
8615 -346914
8620 -346499
8625 -346499
8630 -346499
8635 -346499
8640 -346499
8645 -346499
8650 -346499
8655 -346499
8660 -346499
8665 -346499
8670 -346499
8675 -346499
8680 -346499
8685 -346499
8690 -346499
8695 -346499
8700 -346499
8705 -346499
8710 -346499
8715 -346499
8720 -346499
8725 -346499
8730 -346499
8735 -346499
8740 -346499
8745 -346499
8750 -346499
8755 -346499
8760 -346499
8765 -346499
8770 -346499
8775 -346499
8780 -346499
8785 -346499
8790 -346499
8795 -346499
8800 -346499
8805 -346499
8810 -346499
8815 -346499
8820 -346499
8825 -346499
8830 -346499
8835 -346499
8840 -346499
8845 -346499
8850 -346499
8855 -346499
8860 -346499
8865 -346499
8870 -346499
8875 -346499
8880 -346499
8885 -346499
8890 -346499
8895 -346499
8900 -346499
8905 -346499
8910 -346499
8915 -346499
8920 -346499
8925 -346499
8930 -346499
8935 -346499
8940 -346499
8945 -346499
8950 -346499
8955 -346499
8960 -346499
8965 -346499
8970 -346499
8975 -346499
8980 -346499
8985 -346499
8990 -346499
8995 -346499
9000 -346499
9005 -346499
9010 -346499
9015 -346499
9020 -346499
9025 -346499
9030 -346499
9035 -346499
9040 -346499
9045 -346499
9050 -346499
9055 -346499
9060 -346499
9065 -346499
9070 -346499
9075 -346499
9080 -346499
9085 -346499
9090 -346499
9095 -346499
9100 -346499
9105 -346499
9110 -346499
9115 -346499
9120 -346499
9125 -346499
9130 -346499
9135 -346499
9140 -346499
9145 -346499
9150 -346499
9155 -346499
9160 -346499
9165 -346499
9170 -346499
9175 -346499
9180 -346499
9185 -346499
9190 -346499
9195 -346499
9200 -346499
9205 -346499
9210 -346499
9215 -346499
9220 -346499
9225 -346499
9230 -346499
9235 -346499
9240 -346499
9245 -346499
9250 -346499
9255 -346499
9260 -346499
9265 -346499
9270 -346499
9275 -346499
9280 -346499
9285 -346499
9290 -346499
9295 -346499
9300 -346499
9305 -346499
9310 -346499
9315 -346499
9320 -346499
9325 -346499
9330 -346499
9335 -346499
9340 -346499
9345 -346499
9350 -346499
9355 -346499
9360 -346499
9365 -346499
9370 -346499
9375 -346499
9380 -346499
9385 -346499
9390 -346499
9395 -346499
9400 -346499
9405 -346499
9410 -346499
9415 -346499
9420 -346499
9425 -346499
9430 -346499
9435 -346499
9440 -346499
9445 -346499
9450 -346499
9455 -346499
9460 -346499
9465 -346499
9470 -346499
9475 -346499
9480 -346499
9485 -346499
9490 -346499
9495 -346499
9500 -346499
9505 -346499
9510 -346499
9515 -346499
9520 -346499
9525 -346499
9530 -346499
9535 -346499
9540 -346499
9545 -346499
9550 -346499
9555 -346499
9560 -346499
9565 -346499
9570 -346499
9575 -346499
9580 -346499
9585 -346499
9590 -346499
9595 -346499
9600 -346499
9605 -346499
9610 -346499
9615 -346499
9620 -346499
9625 -346499
9630 -346499
9635 -346499
9640 -346499
9645 -346499
9650 -346499
9655 -346499
9660 -346499
9665 -346499
9670 -346499
9675 -346499
9680 -346083
9685 -346083
9690 -346083
9695 -346083
9700 -346083
9705 -346083
9710 -346083
9715 -346083
9720 -346083
9725 -346083
9730 -346083
9735 -346083
9740 -346083
9745 -346083
9750 -346083
9755 -346083
9760 -346083
9765 -346083
9770 -346083
9775 -346083
9780 -346083
9785 -346083
9790 -346083
9795 -346083
9800 -346083
9805 -346083
9810 -346083
9815 -346083
9820 -346083
9825 -346083
9830 -346083
9835 -346083
9840 -346083
9845 -346083
9850 -346083
9855 -346083
9860 -346083
9865 -346083
9870 -346083
9875 -346083
9880 -346083
9885 -346083
9890 -346083
9895 -346083
9900 -346083
9905 -346083
9910 -346083
9915 -346083
9920 -346083
9925 -346083
9930 -346083
9935 -346083
9940 -346083
9945 -346083
9950 -345507
9955 -345343
9960 -345343
9965 -345343
9970 -345343
9975 -345343
9980 -345343
9985 -345343
9990 -345343
9995 -345343
10000 -345343
10005 -345343
10010 -345343
10015 -345343
10020 -345343
10025 -345343
10030 -345343
10035 -345343
10040 -345343
10045 -345343
10050 -345343
10055 -345343
10060 -345343
10065 -345343
10070 -345343
10075 -345343
10080 -345343
10085 -345343
10090 -345343
10095 -345343
10100 -345343
10105 -345343
10110 -345343
10115 -345343
10120 -345343
10125 -345343
10130 -345343
10135 -345343
10140 -345343
10145 -345343
10150 -345343
10155 -345343
10160 -345343
10165 -345343
10170 -345343
10175 -345343
10180 -345343
10185 -345343
10190 -345343
10195 -345343
10200 -345343
10205 -345343
10210 -345343
10215 -345343
10220 -345343
10225 -345343
10230 -345343
10235 -345343
10240 -345343
10245 -345343
10250 -345343
10255 -345343
10260 -345343
10265 -345343
10270 -345343
10275 -345343
10280 -345343
10285 -345343
10290 -345343
10295 -345343
10300 -345343
10305 -345343
10310 -345343
10315 -345343
10320 -345343
10325 -345343
10330 -345343
10335 -345343
10340 -345343
10345 -345343
10350 -345343
10355 -345343
10360 -345343
10365 -345343
10370 -345343
10375 -345343
10380 -345343
10385 -345343
10390 -345343
10395 -345343
10400 -345343
10405 -345343
10410 -345343
10415 -345343
10420 -345343
10425 -345343
10430 -345343
10435 -345343
10440 -345343
10445 -345343
10450 -345343
10455 -345343
10460 -345343
10465 -345343
10470 -345343
10475 -345343
10480 -345343
10485 -345343
10490 -345343
10495 -345343
10500 -345343
10505 -345343
10510 -345343
10515 -345343
10520 -345343
10525 -345343
10530 -345343
10535 -345343
10540 -345343
10545 -345343
10550 -345343
10555 -345343
10560 -345343
10565 -345343
10570 -345343
10575 -345343
10580 -345343
10585 -345343
10590 -345343
10595 -345343
10600 -345343
10605 -345343
10610 -345343
10615 -345343
10620 -345343
10625 -345343
10630 -345343
10635 -345343
10640 -345343
10645 -345343
10650 -345343
10655 -345343
10660 -345343
10665 -345343
10670 -345343
10675 -345343
10680 -345343
10685 -345343
10690 -345343
10695 -345343
10700 -345343
10705 -345343
10710 -345343
10715 -345343
10720 -345343
10725 -345343
10730 -345343
10735 -345343
10740 -345343
10745 -345343
10750 -345343
10755 -345343
10760 -345343
10765 -345343
10770 -345343
10775 -345343
10780 -345343
10785 -345343
10790 -345343
10795 -345343
10800 -345343
10805 -345343
10810 -345343
10815 -345343
10820 -345343
10825 -345343
10830 -345343
10835 -345343
10840 -345343
10845 -345343
10850 -345343
10855 -345343
10860 -345343
10865 -345343
10870 -345343
10875 -345343
10880 -345343
10885 -345343
10890 -345343
10895 -345343
10900 -345343
10905 -345343
10910 -345343
10915 -345343
10920 -345343
10925 -345343
10930 -345343
10935 -345343
10940 -345343
10945 -345343
10950 -345343
10955 -345343
10960 -345343
10965 -345343
10970 -345343
10975 -345343
10980 -345343
10985 -345343
10990 -345343
10995 -345343
11000 -345343
11005 -345343
11010 -345343
11015 -345343
11020 -345343
11025 -345343
11030 -345343
11035 -345343
11040 -345343
11045 -345343
11050 -345343
11055 -345343
11060 -345343
11065 -345343
11070 -345343
11075 -345343
11080 -345343
11085 -345343
11090 -345343
11095 -345343
11100 -345343
11105 -345343
11110 -345343
11115 -345343
11120 -345343
11125 -345343
11130 -345343
11135 -345343
11140 -345343
11145 -345343
11150 -345343
11155 -345343
11160 -345343
11165 -345343
11170 -345343
11175 -345343
11180 -345343
11185 -345343
11190 -345343
11195 -345343
11200 -345343
11205 -345343
11210 -345343
11215 -345343
11220 -345343
11225 -345343
11230 -345343
11235 -345343
11240 -345343
11245 -345343
11250 -345343
11255 -345343
11260 -345343
11265 -345343
11270 -345343
11275 -345343
11280 -345343
11285 -345343
11290 -345343
11295 -345343
11300 -345343
11305 -345343
11310 -345343
11315 -345343
11320 -345343
11325 -345343
11330 -345343
11335 -345343
11340 -345343
11345 -345343
11350 -345343
11355 -345343
11360 -345343
11365 -345343
11370 -345343
11375 -345343
11380 -345343
11385 -345343
11390 -345343
11395 -345343
11400 -345343
11405 -345343
11410 -345343
11415 -345343
11420 -345343
11425 -345343
