20 -307332
30 -305015
40 -303957
50 -301861
60 -300377
70 -300332
80 -299928
90 -299454
100 -299454
110 -298393
120 -298393
130 -297654
140 -296742
150 -295989
160 -295989
170 -295989
180 -295989
190 -295381
200 -295381
210 -294891
220 -294891
230 -294891
240 -294891
250 -294891
260 -294891
270 -294891
280 -294891
290 -294752
300 -294752
310 -294752
320 -294752
330 -294580
340 -294318
350 -294318
360 -294318
370 -294268
380 -294110
390 -293390
400 -293123
410 -293123
420 -293123
430 -293123
440 -293123
450 -293123
460 -293123
470 -292663
480 -292663
490 -292663
500 -292663
510 -292663
520 -292317
530 -292317
540 -292317
550 -292317
560 -292317
570 -292180
580 -292180
590 -292180
600 -292180
610 -292180
620 -292180
630 -292180
640 -292180
650 -292180
660 -292180
670 -292180
680 -292180
690 -291986
700 -291986
710 -291986
720 -291986
730 -291986
740 -291986
750 -291906
760 -291906
770 -291906
780 -291906
790 -291906
800 -291906
810 -291906
820 -291461
830 -291461
840 -291461
850 -291461
860 -291461
870 -291461
880 -291461
890 -291461
900 -291461
910 -291461
920 -291461
930 -291461
940 -291461
950 -291461
960 -291461
970 -291461
980 -291461
990 -291461
1000 -291461
1010 -291461
1020 -291461
1030 -291461
1040 -291178
1050 -291178
1060 -291178
1070 -291178
1080 -291178
1090 -291178
1100 -291178
1110 -291178
1120 -291178
1130 -291178
1140 -291118
1150 -291118
1160 -291118
1170 -291118
1180 -291118
1190 -291118
1200 -291118
1210 -291118
1220 -291118
1230 -291118
1240 -291118
1250 -291118
1260 -291118
1270 -291118
1280 -291118
1290 -291118
1300 -291118
1310 -290870
1320 -290870
1330 -290870
1340 -290870
1350 -290870
1360 -290870
1370 -290870
1380 -290870
1390 -290870
1400 -290870
1410 -290870
1420 -290824
1430 -290605
1440 -289975
1450 -289975
1460 -289975
1470 -289975
1480 -289975
1490 -289975
1500 -289975
1510 -289975
1520 -289975
1530 -289975
1540 -289956
1550 -289956
1560 -289956
1570 -289956
1580 -289956
1590 -289748
1600 -289445
1610 -289445
1620 -289445
1630 -289445
1640 -289420
1650 -289420
1660 -289420
1670 -289420
1680 -289420
1690 -289420
1700 -289420
1710 -289420
1720 -289420
1730 -289420
1740 -289420
1750 -289420
1760 -289068
1770 -289068
1780 -289068
1790 -289068
1800 -289068
1810 -289068
1820 -289068
1830 -289068
1840 -289068
1850 -289068
1860 -289068
1870 -289068
1880 -289068
1890 -289068
1900 -289068
1910 -289068
1920 -289068
1930 -289068
1940 -289068
1950 -289068
1960 -289068
1970 -289068
1980 -289068
1990 -289068
2000 -289068
2010 -289068
2020 -289068
2030 -289068
2040 -289068
2050 -289068
2060 -289068
2070 -289068
2080 -289068
2090 -289068
2100 -289068
2110 -289068
2120 -289068
2130 -289068
2140 -289068
2150 -289068
2160 -289068
2170 -289068
2180 -289068
2190 -289068
2200 -289068
2210 -289068
2220 -289068
2230 -289068
2240 -289068
2250 -289068
2260 -289068
2270 -289068
2280 -289068
2290 -289068
2300 -289068
2310 -289068
2320 -289068
2330 -289068
2340 -289068
2350 -289068
2360 -289068
2370 -289068
2380 -289068
2390 -289068
2400 -289068
2410 -289068
2420 -289068
2430 -289068
2440 -289068
2450 -289068
2460 -289068
2470 -289068
2480 -289068
2490 -289068
2500 -289068
2510 -289068
2520 -289068
2530 -289068
2540 -289068
2550 -289068
2560 -289068
2570 -289068
2580 -289068
2590 -289068
2600 -289068
2610 -289068
2620 -289068
2630 -289068
2640 -289068
2650 -289068
2660 -289068
2670 -289068
2680 -289068
2690 -289068
2700 -289068
2710 -289068
2720 -289068
2730 -289068
2740 -289068
2750 -289068
2760 -289068
2770 -289068
2780 -289068
2790 -289068
2800 -289068
2810 -289068
2820 -289068
2830 -289068
2840 -289068
2850 -289068
2860 -289068
2870 -289068
2880 -289068
2890 -289068
2900 -289068
2910 -289068
2920 -288796
2930 -288796
2940 -288796
2950 -288796
2960 -288796
2970 -288796
2980 -288796
2990 -288741
3000 -288741
3010 -288641
3020 -288641
3030 -288641
3040 -288641
3050 -288641
3060 -288641
3070 -288641
3080 -288641
3090 -288641
3100 -288641
3110 -288641
3120 -288641
3130 -288641
3140 -288506
3150 -288506
3160 -288506
3170 -288506
3180 -288506
3190 -288506
3200 -288506
3210 -288506
3220 -288506
3230 -288506
3240 -288506
3250 -288506
3260 -288506
3270 -288506
3280 -288506
3290 -288506
3300 -288506
3310 -288506
3320 -288506
3330 -288506
3340 -288506
3350 -288506
3360 -288384
3370 -288384
3380 -288384
3390 -288384
3400 -288384
3410 -288384
3420 -288384
3430 -288384
3440 -288384
3450 -288384
3460 -288384
3470 -288384
3480 -288384
3490 -288384
3500 -288384
3510 -288384
3520 -288384
3530 -288384
3540 -288384
3550 -288384
3560 -288384
3570 -288384
3580 -288384
3590 -288384
3600 -288384
3610 -288384
3620 -288384
3630 -288188
3640 -287984
3650 -287984
3660 -287984
3670 -287984
3680 -287984
3690 -287984
3700 -287984
3710 -287984
3720 -287984
3730 -287984
3740 -287984
3750 -287984
3760 -287984
3770 -287984
3780 -287984
3790 -287984
3800 -287984
3810 -287984
3820 -287984
3830 -287984
3840 -287348
3850 -287348
3860 -287348
3870 -287348
3880 -287348
3890 -287348
3900 -287348
3910 -287037
3920 -287037
3930 -287037
3940 -287037
3950 -287037
3960 -287037
3970 -287037
3980 -287037
3990 -287037
4000 -287037
4010 -287037
4020 -287037
4030 -287037
4040 -287037
4050 -287037
4060 -287037
4070 -287037
4080 -287037
4090 -287037
4100 -287037
4110 -287037
4120 -287037
4130 -287037
4140 -287037
4150 -287037
4160 -287037
4170 -287037
4180 -287037
4190 -287037
4200 -287037
4210 -287037
4220 -287037
4230 -287037
4240 -287037
4250 -287037
4260 -287037
4270 -287037
4280 -287037
4290 -287037
4300 -287037
4310 -287037
4320 -287037
4330 -287037
4340 -287037
4350 -287037
4360 -287037
4370 -287037
4380 -287037
4390 -287037
4400 -287037
4410 -287037
4420 -287037
4430 -287037
4440 -287037
4450 -287037
4460 -287037
4470 -287037
4480 -287037
4490 -287037
4500 -287037
4510 -287037
4520 -287037
4530 -287037
4540 -287037
4550 -287037
4560 -287037
4570 -287037
4580 -287037
4590 -287037
4600 -287037
4610 -287037
4620 -287037
4630 -287037
4640 -287037
4650 -287037
4660 -287037
4670 -287037
4680 -287037
4690 -287037
4700 -287037
4710 -287037
4720 -287037
4730 -287037
4740 -287037
4750 -287037
4760 -287037
4770 -287037
4780 -287037
4790 -287037
4800 -287037
4810 -287037
4820 -287037
4830 -287037
4840 -287037
4850 -287037
4860 -287037
4870 -287037
4880 -287037
4890 -287037
4900 -287037
4910 -287037
4920 -287037
4930 -287037
4940 -287037
4950 -287037
4960 -287037
4970 -287037
4980 -286727
4990 -286727
5000 -286727
5010 -286727
5020 -286727
5030 -286727
5040 -286727
5050 -286727
5060 -286727
5070 -286727
5080 -286727
5090 -286727
5100 -286727
5110 -286727
5120 -286727
5130 -286727
5140 -286727
5150 -286727
5160 -286727
5170 -286727
5180 -286727
5190 -286727
5200 -286727
5210 -286727
5220 -286727
5230 -286727
5240 -286727
5250 -286727
5260 -286727
5270 -286727
5280 -286727
5290 -286727
5300 -286727
5310 -286727
5320 -286727
5330 -286727
5340 -286727
5350 -286727
5360 -286491
5370 -286491
5380 -286491
5390 -286491
5400 -286491
5410 -286491
5420 -286491
5430 -286491
5440 -286491
5450 -286491
5460 -286491
5470 -286491
5480 -286491
5490 -286441
5500 -286441
5510 -286441
5520 -286441
5530 -286441
5540 -286441
5550 -286441
5560 -286441
5570 -286441
5580 -286441
5590 -286441
5600 -286441
5610 -286441
5620 -286441
5630 -286441
5640 -286415
5650 -286415
5660 -286415
5670 -286415
5680 -286415
5690 -286415
5700 -286415
5710 -286415
5720 -286415
5730 -286415
5740 -286415
5750 -286415
5760 -286415
5770 -286415
5780 -286415
5790 -286415
5800 -286415
5810 -286415
5820 -286415
5830 -286415
5840 -286415
5850 -286415
5860 -286415
5870 -286415
5880 -286415
5890 -286415
5900 -286415
5910 -286415
5920 -286415
5930 -286415
5940 -286415
5950 -286415
5960 -286415
5970 -286415
5980 -286415
5990 -286415
6000 -286415
6010 -286415
6020 -286415
6030 -286415
6040 -286415
6050 -286415
6060 -286415
6070 -286415
6080 -286415
6090 -286415
6100 -286415
6110 -286415
6120 -286415
6130 -286415
6140 -286415
6150 -286415
6160 -286415
6170 -286415
6180 -286415
6190 -286415
6200 -286415
6210 -286415
6220 -286415
6230 -286415
6240 -286415
6250 -286415
6260 -286415
6270 -286415
6280 -286415
6290 -286415
6300 -286415
6310 -286415
6320 -286415
6330 -286415
6340 -286415
6350 -286415
6360 -286415
6370 -286415
6380 -286415
6390 -286415
6400 -286415
6410 -286415
6420 -286415
6430 -286415
6440 -286415
6450 -286415
6460 -286415
6470 -286415
6480 -286415
6490 -286415
6500 -286415
6510 -286415
6520 -286415
6530 -286415
6540 -286415
6550 -286415
6560 -286415
6570 -286415
6580 -286415
6590 -286415
6600 -286415
6610 -286415
6620 -286415
6630 -286415
6640 -286415
6650 -286415
6660 -286415
6670 -286415
6680 -286415
6690 -286415
6700 -286415
6710 -286415
6720 -286415
6730 -286415
6740 -286415
6750 -286415
6760 -286415
6770 -286415
6780 -286415
6790 -286415
6800 -286415
6810 -286415
6820 -286415
6830 -286415
6840 -286415
6850 -286415
6860 -286415
6870 -286415
6880 -286415
6890 -286415
6900 -286415
6910 -286415
6920 -286415
6930 -286415
6940 -286415
6950 -286415
6960 -286415
6970 -286415
6980 -286415
6990 -286046
7000 -286046
7010 -286046
7020 -286046
7030 -286046
7040 -286046
7050 -286046
7060 -286046
7070 -286046
7080 -286046
7090 -286046
7100 -286046
7110 -286046
7120 -286046
7130 -286046
7140 -286046
7150 -286046
7160 -286046
7170 -286046
7180 -286046
7190 -286046
7200 -286046
7210 -286046
7220 -286046
7230 -286046
7240 -286046
7250 -286046
7260 -286046
7270 -286046
7280 -286046
7290 -286046
7300 -286046
7310 -286046
7320 -286046
7330 -286046
7340 -286046
7350 -286046
7360 -286046
7370 -286046
7380 -286046
7390 -286046
7400 -286046
7410 -286046
7420 -286046
7430 -286046
7440 -286046
7450 -286046
7460 -286046
7470 -286046
7480 -286046
7490 -286046
7500 -286046
7510 -286046
7520 -286046
7530 -286046
7540 -286046
7550 -286046
7560 -286046
7570 -286046
7580 -286046
7590 -286046
7600 -286046
7610 -286046
7620 -286046
7630 -286046
7640 -286046
7650 -286046
7660 -286046
7670 -286046
7680 -286046
7690 -286046
7700 -286046
7710 -285560
7720 -285560
7730 -285560
7740 -285560
7750 -285560
7760 -285560
7770 -285560
7780 -285560
7790 -285560
7800 -285560
7810 -285560
7820 -285560
7830 -285560
7840 -285560
7850 -285560
7860 -285560
7870 -285560
7880 -285560
7890 -285560
7900 -285560
7910 -285560
7920 -285560
7930 -285560
7940 -285560
7950 -285560
7960 -285560
7970 -285560
7980 -285560
7990 -285560
8000 -285560
8010 -285560
8020 -285560
8030 -285560
8040 -285560
8050 -285560
8060 -285560
8070 -285560
8080 -285560
8090 -285560
8100 -285560
8110 -285560
8120 -285560
8130 -285560
8140 -285560
8150 -285560
8160 -285560
8170 -285560
8180 -285560
8190 -285560
8200 -285560
8210 -285560
8220 -285560
8230 -285560
8240 -285560
8250 -285560
8260 -285560
8270 -285560
8280 -285560
8290 -285560
8300 -285560
8310 -285560
8320 -285560
8330 -285560
8340 -285560
8350 -285560
8360 -285560
8370 -285560
8380 -285560
8390 -285560
8400 -285560
8410 -285560
8420 -285560
8430 -285560
8440 -285560
8450 -285560
8460 -285560
8470 -285560
8480 -285560
8490 -285560
8500 -285560
8510 -285560
8520 -285560
8530 -285560
8540 -285560
8550 -285560
8560 -285560
8570 -285560
8580 -285560
8590 -285560
8600 -285560
8610 -285560
8620 -285560
8630 -285560
8640 -285560
8650 -285560
8660 -285560
8670 -285560
8680 -285560
8690 -285560
8700 -285560
8710 -285560
8720 -285560
8730 -285560
8740 -285560
8750 -285560
8760 -285560
8770 -285560
8780 -285560
8790 -285560
8800 -285560
8810 -285560
8820 -285560
8830 -285560
8840 -285560
8850 -285560
8860 -285560
8870 -285560
8880 -285560
8890 -285560
8900 -285560
8910 -285560
8920 -285560
8930 -285560
8940 -285560
8950 -285560
8960 -285560
8970 -285560
8980 -285560
8990 -285560
9000 -285560
9010 -285560
9020 -285560
9030 -285560
9040 -285560
9050 -285560
9060 -285560
9070 -285560
9080 -285560
9090 -285560
9100 -285560
9110 -285560
9120 -285560
9130 -285560
9140 -285560
9150 -285560
9160 -285560
9170 -285560
9180 -285560
9190 -285560
9200 -285560
9210 -285560
9220 -285560
9230 -285560
9240 -285560
9250 -285560
9260 -285560
9270 -285560
9280 -285560
9290 -285560
9300 -285560
9310 -285560
9320 -285560
9330 -285560
9340 -285560
9350 -285560
9360 -285560
9370 -285560
9380 -285560
9390 -285560
9400 -285560
9410 -285560
9420 -285560
9430 -285560
9440 -285560
9450 -285560
9460 -285560
9470 -285560
9480 -285560
9490 -285560
9500 -285560
9510 -285560
9520 -285560
9530 -285560
9540 -285560
9550 -285560
9560 -285560
9570 -285560
9580 -285560
9590 -285560
9600 -285560
9610 -285560
9620 -285560
9630 -285560
9640 -285560
9650 -285560
9660 -285560
9670 -285560
9680 -285560
9690 -285560
9700 -285560
9710 -285560
9720 -285560
9730 -285560
9740 -285560
9750 -285560
9760 -285560
9770 -285560
9780 -285560
9790 -285414
9800 -285414
9810 -285414
9820 -285414
9830 -285414
9840 -285414
9850 -285414
9860 -285414
9870 -285414
9880 -285414
9890 -285414
9900 -285414
9910 -285414
9920 -285414
9930 -285414
9940 -285414
9950 -285414
9960 -285414
9970 -285414
9980 -285414
9990 -285414
10000 -285414
10010 -285414
10020 -285414
10030 -285414
10040 -285414
10050 -285414
10060 -285414
10070 -285414
10080 -285414
10090 -285414
10100 -285414
10110 -285414
10120 -285414
10130 -285414
10140 -285414
10150 -285414
10160 -285414
10170 -285414
10180 -285414
10190 -285414
10200 -285414
10210 -285414
10220 -285414
10230 -285414
10240 -285414
10250 -285414
10260 -285414
10270 -285414
10280 -285414
10290 -285414
10300 -285414
10310 -285414
10320 -285414
10330 -285414
10340 -285414
10350 -285414
10360 -285414
10370 -285414
10380 -285414
10390 -285414
10400 -285414
10410 -285414
10420 -285414
10430 -285414
10440 -285414
10450 -285414
10460 -285414
10470 -285414
10480 -285414
10490 -285414
10500 -285414
10510 -285414
10520 -285414
10530 -285414
10540 -285414
10550 -285414
10560 -285414
10570 -285414
10580 -285414
10590 -285414
10600 -285414
10610 -285414
10620 -285414
10630 -285414
10640 -285414
10650 -285414
10660 -285414
10670 -285414
10680 -285414
10690 -285414
10700 -285414
10710 -285414
10720 -285414
10730 -285414
10740 -285414
10750 -285414
10760 -285388
10770 -285388
10780 -285388
10790 -285388
10800 -285388
10810 -285388
10820 -285388
10830 -285388
10840 -285388
10850 -285388
10860 -285388
10870 -285388
10880 -285388
10890 -285388
10900 -285388
10910 -285388
10920 -285388
10930 -285388
10940 -285388
10950 -285388
10960 -285388
10970 -285388
10980 -285388
10990 -285388
11000 -285388
11010 -285388
11020 -285388
11030 -285388
11040 -285388
11050 -285388
11060 -285388
11070 -285388
11080 -285388
11090 -285388
11100 -285388
11110 -285388
11120 -285388
11130 -285388
11140 -285388
11150 -285388
11160 -285388
11170 -285388
11180 -285388
11190 -285388
11200 -285388
11210 -285388
11220 -285388
11230 -285388
11240 -285388
11250 -285388
11260 -285388
11270 -285388
11280 -285056
11290 -285056
11300 -285056
11310 -285056
11320 -285056
11330 -285056
11340 -285056
11350 -285056
11360 -285056
11370 -285056
11380 -285056
11390 -285056
11400 -285056
11410 -285056
11420 -285056
11430 -285056
11440 -285056
11450 -285056
11460 -285056
11470 -285056
11480 -285056
11490 -285056
11500 -285056
11510 -285056
11520 -285056
11530 -285056
11540 -285056
11550 -285056
11560 -285056
11570 -284937
11580 -284937
11590 -284937
11600 -284937
11610 -284937
11620 -284937
11630 -284937
11640 -284937
11650 -284937
11660 -284937
11670 -284937
11680 -284937
11690 -284937
11700 -284937
11710 -284937
11720 -284937
11730 -284937
11740 -284937
11750 -284937
11760 -284937
11770 -284937
11780 -284937
11790 -284937
11800 -284937
11810 -284937
11820 -284937
11830 -284937
11840 -284937
11850 -284937
11860 -284937
11870 -284937
11880 -284937
11890 -284937
11900 -284937
11910 -284937
11920 -284937
11930 -284937
11940 -284937
11950 -284937
11960 -284937
11970 -284937
11980 -284937
11990 -284937
12000 -284937
12010 -284937
12020 -284937
12030 -284937
12040 -284937
12050 -284937
12060 -284937
12070 -284937
12080 -284937
12090 -284937
12100 -284937
12110 -284937
12120 -284937
12130 -284937
12140 -284937
12150 -284937
12160 -284937
12170 -284937
12180 -284937
12190 -284937
12200 -284937
12210 -284937
12220 -284937
12230 -284937
12240 -284937
12250 -284937
12260 -284937
12270 -284937
12280 -284937
12290 -284937
12300 -284937
12310 -284937
12320 -284937
12330 -284937
12340 -284937
12350 -284937
12360 -284937
