20 -314503
30 -310961
40 -310961
50 -309959
60 -308986
70 -308419
80 -307822
90 -306680
100 -306423
110 -306423
120 -305079
130 -304625
140 -303269
150 -302084
160 -302084
170 -301908
180 -301025
190 -300450
200 -300450
210 -300263
220 -300263
230 -300263
240 -300263
250 -300263
260 -300100
270 -300100
280 -300100
290 -300100
300 -300100
310 -300100
320 -300038
330 -300038
340 -300038
350 -300038
360 -300038
370 -300038
380 -299819
390 -299819
400 -299768
410 -299335
420 -299335
430 -299335
440 -299335
450 -299335
460 -299335
470 -299335
480 -299335
490 -299312
500 -299312
510 -298789
520 -298789
530 -298789
540 -298789
550 -298789
560 -298789
570 -298789
580 -298789
590 -298789
600 -298226
610 -297800
620 -297800
630 -297800
640 -297800
650 -297800
660 -297800
670 -297800
680 -297800
690 -297391
700 -296955
710 -296955
720 -296955
730 -296955
740 -296955
750 -296955
760 -296955
770 -296955
780 -296955
790 -296955
800 -296955
810 -296955
820 -296955
830 -296955
840 -296955
850 -296955
860 -296955
870 -296851
880 -296851
890 -296851
900 -296725
910 -296725
920 -296725
930 -296725
940 -296725
950 -296725
960 -296725
970 -296725
980 -296725
990 -296725
1000 -296725
1010 -296725
1020 -296725
1030 -296725
1040 -296725
1050 -296725
1060 -296725
1070 -296725
1080 -296725
1090 -296725
1100 -296725
1110 -296725
1120 -296725
1130 -296725
1140 -296725
1150 -296725
1160 -296725
1170 -296725
1180 -296725
1190 -296725
1200 -296725
1210 -296725
1220 -296725
1230 -296725
1240 -296725
1250 -296725
1260 -296725
1270 -296725
1280 -296725
1290 -296725
1300 -296725
1310 -296725
1320 -296725
1330 -296725
1340 -296725
1350 -296725
1360 -296725
1370 -296725
1380 -296725
1390 -296725
1400 -296725
1410 -296725
1420 -296725
1430 -296725
1440 -296725
1450 -296725
1460 -296725
1470 -296725
1480 -296725
1490 -296725
1500 -296725
1510 -296725
1520 -296725
1530 -296725
1540 -296725
1550 -296725
1560 -296725
1570 -296725
1580 -296725
1590 -296725
1600 -296725
1610 -296725
1620 -296725
1630 -296725
1640 -296725
1650 -296725
1660 -296725
1670 -296725
1680 -296725
1690 -296725
1700 -296725
1710 -296725
1720 -296725
1730 -296725
1740 -296725
1750 -296725
1760 -296725
1770 -296725
1780 -296725
1790 -296725
1800 -296725
1810 -296725
1820 -296725
1830 -296725
1840 -296725
1850 -296725
1860 -296725
1870 -296725
1880 -296725
1890 -296725
1900 -296725
1910 -296725
1920 -296725
1930 -296725
1940 -296725
1950 -296725
1960 -296725
1970 -296725
1980 -296725
1990 -296725
2000 -296725
2010 -296725
2020 -296725
2030 -296725
2040 -296725
2050 -296725
2060 -296725
2070 -296725
2080 -296725
2090 -296725
2100 -296725
2110 -296725
2120 -296725
2130 -296725
2140 -296725
2150 -296725
2160 -296725
2170 -296725
2180 -296725
2190 -296725
2200 -296725
2210 -296725
2220 -296725
2230 -296725
2240 -296725
2250 -296725
2260 -296051
2270 -296051
2280 -296051
2290 -296051
2300 -296051
2310 -296051
2320 -296051
2330 -296051
2340 -296051
2350 -296051
2360 -295979
2370 -295979
2380 -295979
2390 -295979
2400 -295979
2410 -295979
2420 -295979
2430 -295979
2440 -295979
2450 -295979
2460 -295979
2470 -295979
2480 -295979
2490 -295797
2500 -295797
2510 -295797
2520 -295797
2530 -295797
2540 -295797
2550 -295797
2560 -295797
2570 -295797
2580 -295797
2590 -295797
2600 -295797
2610 -295797
2620 -295797
2630 -295414
2640 -295208
2650 -295208
2660 -295208
2670 -294815
2680 -294815
2690 -294815
2700 -294815
2710 -294815
2720 -294815
2730 -294718
2740 -294718
2750 -294718
2760 -294718
2770 -294718
2780 -294718
2790 -294718
2800 -294718
2810 -294718
2820 -294718
2830 -294718
2840 -294718
2850 -294718
2860 -294718
2870 -294718
2880 -294718
2890 -294718
2900 -294718
2910 -294718
2920 -294718
2930 -294718
2940 -294718
2950 -294718
2960 -294718
2970 -294718
2980 -294718
2990 -294718
3000 -294718
3010 -294718
3020 -294718
3030 -294718
3040 -294718
3050 -294718
3060 -294718
3070 -294718
3080 -294718
3090 -294718
3100 -294718
3110 -294718
3120 -294718
3130 -294718
3140 -294718
3150 -294718
3160 -294718
3170 -294718
3180 -294718
3190 -294718
3200 -294718
3210 -294718
3220 -294718
3230 -294718
3240 -294718
3250 -294718
3260 -294718
3270 -294718
3280 -294718
3290 -294718
3300 -294718
3310 -294718
3320 -294718
3330 -294718
3340 -294718
3350 -294718
3360 -294718
3370 -294718
3380 -294718
3390 -294718
3400 -294718
3410 -294718
3420 -294718
3430 -294718
3440 -294718
3450 -294718
3460 -294718
3470 -294718
3480 -294718
3490 -294718
3500 -294718
3510 -294718
3520 -294718
3530 -294718
3540 -294718
3550 -294718
3560 -294718
3570 -294718
3580 -294718
3590 -294718
3600 -294718
3610 -294718
3620 -294718
3630 -294718
3640 -294718
3650 -294718
3660 -294718
3670 -294718
3680 -294718
3690 -294718
3700 -294718
3710 -294718
3720 -294676
3730 -294676
3740 -294676
3750 -294676
3760 -294676
3770 -294676
3780 -294676
3790 -294676
3800 -294504
3810 -294504
3820 -294504
3830 -294504
3840 -294504
3850 -294504
3860 -294504
3870 -294504
3880 -294504
3890 -294504
3900 -294504
3910 -294504
3920 -294504
3930 -294504
3940 -294504
3950 -294504
3960 -294504
3970 -294504
3980 -294504
3990 -294504
4000 -294504
4010 -294504
4020 -294504
4030 -294504
4040 -294504
4050 -294504
4060 -294504
4070 -294504
4080 -294504
4090 -294504
4100 -294504
4110 -294504
4120 -294501
4130 -294501
4140 -294501
4150 -294501
4160 -294501
4170 -294501
4180 -294501
4190 -294501
4200 -294501
4210 -294501
4220 -294501
4230 -294501
4240 -294501
4250 -294501
4260 -294501
4270 -294501
4280 -294049
4290 -294049
4300 -294049
4310 -294049
4320 -294049
4330 -294049
4340 -294049
4350 -294049
4360 -294049
4370 -294049
4380 -294049
4390 -294049
4400 -294049
4410 -294049
4420 -294049
4430 -294049
4440 -294049
4450 -294049
4460 -293847
4470 -293847
4480 -293847
4490 -293717
4500 -293717
4510 -293717
4520 -293717
4530 -293717
4540 -293717
4550 -293717
4560 -293298
4570 -293297
4580 -293297
4590 -293297
4600 -293297
4610 -293297
4620 -293297
4630 -293297
4640 -293297
4650 -293297
4660 -293297
4670 -293297
4680 -293297
4690 -293297
4700 -293297
4710 -293297
4720 -293297
4730 -293297
4740 -293297
4750 -293297
4760 -293297
4770 -293297
4780 -293297
4790 -293297
4800 -293297
4810 -293297
4820 -293297
4830 -293297
4840 -293297
4850 -293297
4860 -293297
4870 -293297
4880 -293297
4890 -293297
4900 -293297
4910 -293297
4920 -293297
4930 -293297
4940 -293297
4950 -293297
4960 -293297
4970 -293297
4980 -293297
4990 -293297
5000 -293297
5010 -293297
5020 -293297
5030 -293297
5040 -293297
5050 -293297
5060 -293297
5070 -293297
5080 -293297
5090 -293297
5100 -293297
5110 -293297
5120 -293297
5130 -293297
5140 -293297
5150 -293297
5160 -293297
5170 -293297
5180 -293297
5190 -293297
5200 -293297
5210 -293297
5220 -293297
5230 -293297
5240 -293297
5250 -293297
5260 -293297
5270 -293297
5280 -293297
5290 -293297
5300 -293297
5310 -293297
5320 -293297
5330 -293297
5340 -293297
5350 -293297
5360 -293297
5370 -293297
5380 -293297
5390 -293297
5400 -293297
5410 -293297
5420 -293297
5430 -293297
5440 -293297
5450 -293297
5460 -293297
5470 -293297
5480 -293297
5490 -293297
5500 -293297
5510 -293297
5520 -293297
5530 -293297
5540 -293297
5550 -293297
5560 -293297
5570 -293297
5580 -293297
5590 -293286
5600 -293286
5610 -293286
5620 -293286
5630 -293286
5640 -293286
5650 -293286
5660 -293286
5670 -293286
5680 -293286
5690 -293286
5700 -293286
5710 -293286
5720 -293286
5730 -293286
5740 -293018
5750 -293018
5760 -293018
5770 -293018
5780 -293018
5790 -293018
5800 -293018
5810 -292965
5820 -292965
