10 -350973
15 -350973
20 -350973
25 -350662
30 -350662
35 -350662
40 -350662
45 -350261
50 -350261
55 -350261
60 -350106
65 -350106
70 -350106
75 -350106
80 -349807
85 -348453
90 -348453
95 -348453
100 -348453
105 -348453
110 -348453
115 -348453
120 -346393
125 -346374
130 -346374
135 -346374
140 -346374
145 -346374
150 -345575
155 -345575
160 -345575
165 -345575
170 -345575
175 -345575
180 -345575
185 -345575
190 -344849
195 -344849
200 -344849
205 -343798
210 -343798
215 -343798
220 -343089
225 -343089
230 -343089
235 -343089
240 -343089
245 -343089
250 -342659
255 -342214
260 -342214
265 -342214
270 -342214
275 -342214
280 -342214
285 -342214
290 -342214
295 -342214
300 -342214
305 -342214
310 -342214
315 -342214
320 -342214
325 -342214
330 -342214
335 -341848
340 -341848
345 -341848
350 -341848
355 -341821
360 -341821
365 -341821
370 -341821
375 -341821
380 -341821
385 -341821
390 -341821
395 -341821
400 -341821
405 -340963
410 -340963
415 -340963
420 -340963
425 -340963
430 -340963
435 -340963
440 -340963
445 -340963
450 -340963
455 -340553
460 -340553
465 -340553
470 -340553
475 -340553
480 -340553
485 -340553
490 -340553
495 -340553
500 -340553
505 -340553
510 -340553
515 -340553
520 -340553
525 -340553
530 -340553
535 -340553
540 -340553
545 -340553
550 -340553
555 -340553
560 -340553
565 -340553
570 -340553
575 -340553
580 -340553
585 -340553
590 -340553
595 -340553
600 -340553
605 -340553
610 -340553
615 -340553
620 -340553
625 -340553
630 -340553
635 -340414
640 -340414
645 -340414
650 -340414
655 -340414
660 -340414
665 -340414
670 -340414
675 -340414
680 -340269
685 -340269
690 -340269
695 -340269
700 -340269
705 -340269
710 -340269
715 -340269
720 -340269
725 -340269
730 -340269
735 -340269
740 -340269
745 -340269
750 -340269
755 -340269
760 -340269
765 -340269
770 -340269
775 -340269
780 -340269
785 -340269
790 -340269
795 -340269
800 -339235
805 -339235
810 -338193
815 -338193
820 -338193
825 -338193
830 -338193
835 -338193
840 -338193
845 -338193
850 -338193
855 -338193
860 -338193
865 -338193
870 -338193
875 -338193
880 -338193
885 -338193
890 -338085
895 -338085
900 -338085
905 -338085
910 -338085
915 -337498
920 -337498
925 -337498
930 -337498
935 -337498
940 -337498
945 -337498
950 -337498
955 -337498
960 -337498
965 -337498
970 -337498
975 -337498
980 -337498
985 -337498
990 -337498
995 -337498
1000 -337498
1005 -337498
1010 -337498
1015 -337498
1020 -337498
1025 -337498
1030 -337498
1035 -337498
1040 -337498
1045 -337498
1050 -337498
1055 -337498
1060 -337498
1065 -337498
1070 -337498
1075 -337498
1080 -336907
1085 -336907
1090 -336907
1095 -336907
1100 -336907
1105 -336907
1110 -336907
1115 -336844
1120 -336844
1125 -336844
1130 -336844
1135 -336844
1140 -336844
1145 -336844
1150 -336844
1155 -336844
1160 -336844
1165 -336844
1170 -336603
1175 -336603
1180 -336603
1185 -336603
1190 -336603
1195 -336603
1200 -336603
1205 -336603
1210 -336603
1215 -336603
1220 -336603
1225 -336603
1230 -336603
1235 -336560
1240 -336560
1245 -336560
1250 -336560
1255 -336560
1260 -336325
1265 -336325
1270 -336325
1275 -336325
1280 -336325
1285 -336325
1290 -336325
1295 -336325
1300 -336325
1305 -336325
1310 -336325
1315 -336325
1320 -336325
1325 -336325
1330 -336325
1335 -336325
1340 -336325
1345 -336325
1350 -336180
1355 -336180
1360 -336180
1365 -336180
1370 -335681
1375 -335681
1380 -335681
1385 -335681
1390 -335681
1395 -335681
1400 -335681
1405 -335681
1410 -335681
1415 -335681
1420 -335681
1425 -335681
1430 -335681
1435 -335681
1440 -335681
1445 -334912
1450 -334912
1455 -334912
1460 -334912
1465 -334912
1470 -334912
1475 -334912
1480 -334912
1485 -334912
1490 -334912
1495 -334912
1500 -334912
1505 -334912
1510 -334912
1515 -334912
1520 -334912
1525 -334912
1530 -334912
1535 -334912
1540 -334912
1545 -334912
1550 -334912
1555 -334912
1560 -334912
1565 -334912
1570 -334912
1575 -334912
1580 -334912
1585 -334912
1590 -334912
1595 -334912
1600 -334912
1605 -334912
1610 -334912
1615 -334912
1620 -334912
1625 -334912
1630 -334912
1635 -334912
1640 -334912
1645 -334912
1650 -334912
1655 -334912
1660 -334912
1665 -334912
1670 -334912
1675 -334912
1680 -334912
1685 -334912
1690 -334912
1695 -334912
1700 -334842
1705 -334842
1710 -334842
1715 -334842
1720 -334842
1725 -334842
1730 -334842
1735 -334842
1740 -334764
1745 -334764
1750 -334764
1755 -334764
1760 -334764
1765 -334764
1770 -334764
1775 -334764
1780 -334764
1785 -334123
1790 -334123
1795 -334123
1800 -334123
1805 -334123
1810 -334123
1815 -334123
1820 -334123
1825 -333854
1830 -333854
1835 -333854
1840 -333486
1845 -333486
1850 -333486
1855 -333486
1860 -333486
1865 -333486
1870 -333486
1875 -333486
1880 -333486
1885 -333486
1890 -333486
1895 -333486
1900 -333486
1905 -333486
1910 -333486
1915 -333486
1920 -333486
1925 -333486
1930 -333486
1935 -333486
1940 -333486
1945 -333486
1950 -333486
1955 -333486
1960 -333486
1965 -333486
1970 -333486
1975 -333486
1980 -333486
1985 -333486
1990 -333486
1995 -333486
2000 -333486
2005 -333486
2010 -333486
2015 -333486
2020 -333486
2025 -333486
2030 -333486
2035 -333486
2040 -333204
2045 -333204
2050 -333204
2055 -333204
2060 -333204
2065 -333204
2070 -332525
2075 -332525
2080 -332525
2085 -332525
2090 -332525
2095 -332525
2100 -332525
2105 -331809
2110 -331809
2115 -331809
2120 -331809
2125 -331809
2130 -331809
2135 -331809
2140 -331809
2145 -331809
2150 -331809
2155 -331809
2160 -331809
2165 -331809
2170 -331809
2175 -331023
2180 -331023
2185 -331023
2190 -330618
2195 -330618
2200 -330618
2205 -330618
2210 -330618
2215 -330618
2220 -330618
2225 -330618
2230 -330618
2235 -330618
2240 -330618
2245 -330522
2250 -330522
2255 -330522
2260 -330522
2265 -330522
2270 -330522
2275 -330340
2280 -330340
2285 -330245
2290 -330245
2295 -330245
2300 -330245
2305 -330245
2310 -330245
2315 -330245
2320 -330245
2325 -330245
2330 -330245
2335 -330245
2340 -330245
2345 -330245
2350 -330245
2355 -330245
2360 -329418
2365 -329418
2370 -329418
2375 -329418
2380 -329418
2385 -329418
2390 -329418
2395 -329418
2400 -329418
2405 -329418
2410 -329418
2415 -329418
2420 -329418
2425 -329418
2430 -329418
2435 -329418
2440 -329418
2445 -329418
2450 -329418
2455 -329418
2460 -329418
2465 -329418
2470 -329418
2475 -329418
2480 -329418
2485 -329418
2490 -329418
2495 -329418
2500 -329418
2505 -329418
2510 -329418
2515 -329418
2520 -329418
2525 -329418
2530 -329418
2535 -329418
2540 -329418
2545 -329418
2550 -329418
2555 -329418
2560 -329418
2565 -329418
2570 -329418
2575 -329418
2580 -329418
2585 -329135
2590 -329135
2595 -329135
2600 -329135
2605 -329135
2610 -329135
2615 -329135
2620 -329135
2625 -329135
2630 -329135
2635 -329135
2640 -329135
2645 -329135
2650 -329135
2655 -329135
2660 -329135
2665 -329135
2670 -329135
2675 -329135
2680 -329135
2685 -329135
2690 -329135
2695 -329135
2700 -329135
2705 -329135
2710 -329135
2715 -329135
2720 -329135
2725 -329135
2730 -329135
2735 -329135
2740 -329135
2745 -329135
2750 -329135
2755 -329135
2760 -329135
2765 -329135
2770 -329135
2775 -329135
2780 -329135
2785 -329135
2790 -329135
2795 -329135
2800 -329135
2805 -329135
2810 -329135
2815 -329135
2820 -329135
2825 -329135
2830 -329135
2835 -329135
2840 -329135
2845 -329135
2850 -329135
2855 -329135
2860 -329135
2865 -329135
2870 -329135
2875 -329135
2880 -329135
2885 -329135
2890 -329135
2895 -329135
2900 -329135
2905 -329135
2910 -329135
2915 -329135
2920 -329135
2925 -329135
2930 -329135
2935 -329135
2940 -329135
2945 -329135
2950 -329135
2955 -329135
2960 -329135
2965 -329135
2970 -329135
2975 -329135
2980 -329135
2985 -329135
2990 -329135
2995 -329135
3000 -329135
3005 -329135
3010 -329135
3015 -329135
3020 -329135
3025 -329135
3030 -329135
3035 -329135
3040 -329135
3045 -329135
3050 -329135
3055 -329135
3060 -329135
3065 -329135
3070 -329135
3075 -329135
3080 -329135
3085 -329135
3090 -329135
3095 -329135
3100 -329135
3105 -329135
3110 -329135
3115 -329135
3120 -329135
3125 -329135
3130 -329135
3135 -329135
3140 -329135
3145 -329135
3150 -329135
3155 -329135
3160 -329135
3165 -329135
3170 -329135
3175 -329135
3180 -329135
3185 -329135
3190 -329135
3195 -329135
3200 -329135
3205 -329135
3210 -329135
3215 -329135
3220 -329135
3225 -329135
3230 -329135
3235 -329135
3240 -329135
3245 -329135
3250 -329135
3255 -329135
3260 -329135
3265 -329135
3270 -329135
3275 -329135
3280 -329135
3285 -329135
3290 -329135
3295 -329135
3300 -329135
3305 -329135
3310 -329135
3315 -329135
3320 -329135
3325 -329135
3330 -329135
3335 -329135
3340 -329135
3345 -329135
3350 -329135
3355 -329135
3360 -329135
3365 -329135
3370 -329135
3375 -329135
3380 -329135
3385 -329135
3390 -329135
3395 -329135
3400 -329135
3405 -329135
3410 -329135
3415 -329135
3420 -329135
3425 -329135
3430 -329135
3435 -329135
3440 -329135
3445 -329135
3450 -329135
3455 -329135
3460 -329135
3465 -329135
3470 -329135
3475 -329135
3480 -329135
3485 -329135
3490 -329135
3495 -329135
3500 -329135
3505 -329135
3510 -329135
3515 -329135
3520 -329135
3525 -329135
3530 -329135
3535 -329135
3540 -329135
3545 -329135
3550 -329135
3555 -329135
3560 -329135
3565 -329135
3570 -329135
3575 -329135
3580 -329135
3585 -329135
3590 -329135
3595 -329135
3600 -329135
3605 -329135
3610 -329135
3615 -329135
3620 -329135
3625 -329135
3630 -329135
3635 -329135
3640 -329135
3645 -329135
3650 -329135
3655 -329135
3660 -329135
3665 -329135
3670 -329135
3675 -329135
3680 -329135
3685 -329135
3690 -329135
3695 -329135
3700 -329135
3705 -329135
3710 -329135
3715 -329135
3720 -329135
3725 -329135
3730 -329135
3735 -329135
3740 -329135
3745 -329135
3750 -329135
3755 -329135
3760 -329135
3765 -329135
3770 -329135
3775 -329135
3780 -329135
3785 -329135
3790 -329135
3795 -329135
3800 -329135
3805 -329135
3810 -329135
3815 -329135
3820 -329135
3825 -329135
3830 -329135
3835 -329135
3840 -329135
3845 -329135
3850 -329135
3855 -329135
3860 -329135
3865 -329135
3870 -329135
3875 -329135
3880 -329135
3885 -329135
3890 -329135
3895 -329135
3900 -329135
3905 -329135
3910 -329135
3915 -329135
3920 -329135
3925 -329135
3930 -329135
3935 -329135
3940 -329135
3945 -329135
3950 -329135
3955 -329135
3960 -329135
3965 -329135
3970 -329135
3975 -329135
3980 -329135
3985 -329135
3990 -329135
3995 -329135
4000 -329135
4005 -329135
4010 -329135
4015 -329135
4020 -329135
4025 -329135
4030 -329135
4035 -329135
4040 -329135
4045 -329135
4050 -329135
4055 -329135
4060 -329135
4065 -329135
4070 -329135
4075 -329135
4080 -329135
4085 -329135
4090 -329135
4095 -329135
4100 -329135
4105 -329135
4110 -329135
4115 -329135
4120 -329135
4125 -329135
4130 -329135
4135 -329135
4140 -329135
4145 -329135
4150 -329135
4155 -329135
4160 -329135
4165 -329135
4170 -329135
4175 -329135
4180 -329135
4185 -329135
4190 -329135
4195 -329135
4200 -329135
4205 -329135
4210 -329135
4215 -329135
4220 -329135
4225 -329135
4230 -329135
4235 -329135
4240 -329135
4245 -329135
4250 -329135
4255 -329135
4260 -329135
4265 -329135
4270 -329135
4275 -329135
4280 -329135
4285 -329135
4290 -329135
4295 -329135
4300 -329135
4305 -329135
4310 -329135
4315 -329135
4320 -329135
4325 -329135
4330 -329135
4335 -329135
4340 -329135
4345 -329135
4350 -329135
4355 -329135
4360 -329135
4365 -329135
4370 -329135
4375 -329135
4380 -329135
4385 -329135
4390 -329135
4395 -329135
4400 -329135
4405 -329135
4410 -329135
4415 -329135
4420 -329135
4425 -329135
4430 -329135
4435 -329135
4440 -329135
4445 -329135
4450 -329135
4455 -329135
4460 -329135
4465 -329135
4470 -329135
4475 -329135
4480 -329135
4485 -329135
4490 -329135
4495 -329135
4500 -329135
4505 -329135
4510 -329135
4515 -329135
4520 -329135
4525 -329135
4530 -329135
4535 -329135
4540 -329135
4545 -329135
4550 -329135
4555 -329135
4560 -329135
4565 -329135
4570 -329135
4575 -329135
4580 -329135
4585 -329135
4590 -329135
4595 -329135
4600 -329135
4605 -329135
4610 -329135
4615 -329135
4620 -329135
4625 -329135
4630 -329135
4635 -329135
4640 -329135
4645 -329135
4650 -329135
4655 -329135
4660 -329135
4665 -329135
4670 -329135
4675 -329135
4680 -329135
4685 -329135
4690 -329135
4695 -329135
4700 -329135
4705 -329135
4710 -329135
4715 -329135
4720 -329135
4725 -329135
4730 -329135
4735 -329135
4740 -329135
4745 -329135
4750 -329135
4755 -329135
4760 -329135
4765 -329135
4770 -329135
4775 -329135
4780 -329135
4785 -329135
4790 -329135
4795 -329135
4800 -329135
4805 -329135
4810 -329135
4815 -329135
4820 -329135
4825 -329135
4830 -329135
4835 -329135
4840 -329135
4845 -329135
4850 -329135
4855 -329135
4860 -329135
4865 -329135
4870 -329135
4875 -329135
4880 -329135
4885 -329135
4890 -329135
4895 -329135
4900 -329135
4905 -329135
4910 -329135
4915 -329135
4920 -329135
4925 -329135
4930 -329135
4935 -329135
4940 -329135
4945 -329135
4950 -329135
4955 -329135
4960 -329135
4965 -329135
4970 -329135
4975 -329135
4980 -329135
4985 -329135
4990 -329135
4995 -329135
5000 -329135
5005 -329135
5010 -329135
5015 -329135
5020 -329135
5025 -329135
5030 -329135
5035 -329135
5040 -329135
5045 -329135
5050 -329135
5055 -329135
5060 -329135
5065 -329135
5070 -329135
5075 -329135
5080 -329135
5085 -329135
5090 -329135
5095 -329135
5100 -329135
5105 -329135
5110 -329135
5115 -329135
5120 -329135
5125 -329135
5130 -329135
5135 -329135
5140 -329135
5145 -329135
5150 -329135
5155 -329135
5160 -329135
5165 -329135
5170 -329135
5175 -329135
5180 -329135
5185 -329135
5190 -329135
5195 -329135
5200 -329135
5205 -329135
5210 -329135
5215 -329135
5220 -329135
5225 -329135
5230 -329135
5235 -329135
5240 -329135
5245 -329135
5250 -329135
5255 -329135
5260 -329135
5265 -329135
5270 -329135
5275 -329135
5280 -329135
5285 -329135
5290 -329135
5295 -329135
5300 -329135
5305 -329135
5310 -329135
5315 -329135
5320 -329135
5325 -329135
5330 -329135
5335 -329135
5340 -329135
5345 -329135
5350 -329135
5355 -329135
5360 -329135
5365 -329135
5370 -329135
5375 -329135
5380 -329135
5385 -329135
5390 -329135
5395 -329135
5400 -329135
5405 -329135
5410 -329135
5415 -329135
5420 -329135
5425 -329135
5430 -329135
5435 -329135
5440 -329135
5445 -329135
5450 -329135
5455 -329135
5460 -329135
5465 -329135
5470 -329135
5475 -329135
5480 -329135
5485 -329135
5490 -329135
5495 -329135
5500 -329135
5505 -329135
5510 -329135
5515 -329135
5520 -329135
5525 -329135
5530 -329135
5535 -329135
5540 -329135
5545 -329135
5550 -329135
5555 -329135
5560 -329135
5565 -329135
5570 -329135
5575 -329135
5580 -329135
5585 -329135
5590 -329135
5595 -329135
5600 -329135
5605 -329135
5610 -329135
5615 -328453
5620 -328453
5625 -328453
5630 -328453
5635 -328453
5640 -328453
5645 -328453
5650 -328453
5655 -328453
5660 -328453
5665 -328453
5670 -328453
5675 -328453
5680 -328453
5685 -328453
5690 -328453
5695 -328453
5700 -328453
5705 -328453
5710 -328453
5715 -328453
5720 -328453
5725 -328453
5730 -328453
5735 -328453
5740 -328453
5745 -328453
5750 -328453
5755 -328453
5760 -328453
5765 -328453
5770 -328453
5775 -328453
5780 -328453
5785 -328453
5790 -328453
5795 -328453
5800 -328453
5805 -328453
5810 -328453
5815 -328453
5820 -328453
5825 -328453
5830 -328453
5835 -328453
5840 -328453
5845 -328453
5850 -328453
5855 -328453
5860 -328453
5865 -328453
5870 -328453
5875 -328453
5880 -328453
5885 -328453
5890 -328453
5895 -328453
5900 -328453
5905 -328453
5910 -328453
5915 -328453
5920 -328453
5925 -328453
5930 -328453
5935 -328453
5940 -328453
5945 -328453
5950 -328453
5955 -328453
5960 -328453
5965 -328453
5970 -328453
5975 -328453
5980 -328453
5985 -328024
5990 -328024
5995 -328024
6000 -328024
6005 -328024
6010 -328024
6015 -328024
6020 -328024
6025 -328024
6030 -328024
6035 -328024
6040 -328024
6045 -328024
6050 -328024
6055 -328024
6060 -328024
6065 -328024
6070 -328024
6075 -328024
6080 -328024
6085 -328024
6090 -328024
6095 -328024
6100 -328024
6105 -328024
6110 -328024
6115 -328024
6120 -328024
6125 -328024
6130 -328024
6135 -328024
6140 -328024
6145 -328024
6150 -328024
6155 -328024
6160 -328024
6165 -328024
6170 -328024
6175 -328024
6180 -328024
6185 -328024
6190 -328024
6195 -328024
6200 -328024
6205 -328024
6210 -328024
6215 -328024
6220 -328024
6225 -328024
6230 -328024
6235 -328024
6240 -328024
6245 -328024
6250 -328024
6255 -328024
6260 -328024
6265 -328024
6270 -328024
6275 -328024
6280 -328024
6285 -328024
6290 -328024
6295 -328024
6300 -328024
6305 -328024
6310 -328024
6315 -328024
6320 -328024
6325 -328024
6330 -328024
6335 -328024
6340 -328024
6345 -328024
6350 -328024
6355 -328024
6360 -328024
6365 -328024
6370 -328024
6375 -328024
6380 -328024
6385 -328024
6390 -328024
6395 -328024
6400 -328024
6405 -328024
6410 -328024
6415 -328024
6420 -327755
6425 -327755
6430 -327755
6435 -327755
6440 -327755
6445 -327755
6450 -327755
6455 -327755
6460 -327755
6465 -327755
6470 -327755
6475 -327755
6480 -327755
6485 -327755
6490 -327755
6495 -327755
6500 -327755
6505 -327755
6510 -327755
6515 -327755
6520 -327755
6525 -327755
6530 -327755
6535 -327755
6540 -327755
6545 -327755
6550 -327755
6555 -327755
6560 -327755
6565 -327755
6570 -327755
6575 -327755
6580 -327755
6585 -327755
6590 -327755
6595 -327755
6600 -327755
6605 -327755
6610 -327755
6615 -327755
6620 -327755
6625 -327755
6630 -327755
6635 -327755
6640 -327755
6645 -327755
6650 -327755
6655 -327755
6660 -327755
6665 -327755
6670 -327755
6675 -327755
6680 -327755
6685 -327755
6690 -327755
6695 -327755
6700 -327755
6705 -327755
6710 -327755
6715 -327755
6720 -327755
6725 -327755
6730 -327755
6735 -327755
6740 -327755
6745 -327755
6750 -327755
6755 -327755
6760 -327755
6765 -327755
6770 -327755
6775 -327755
6780 -327755
6785 -327755
6790 -327755
6795 -327755
6800 -327755
6805 -327755
6810 -327755
6815 -327755
6820 -327755
6825 -327755
6830 -327755
6835 -327755
6840 -327755
6845 -327755
6850 -327755
6855 -327755
6860 -327755
6865 -327755
6870 -327755
6875 -327755
6880 -327755
6885 -327755
6890 -327755
6895 -327755
6900 -327755
6905 -327755
6910 -327755
6915 -327755
6920 -327755
6925 -327755
6930 -327755
6935 -327755
6940 -327755
6945 -327755
6950 -327755
6955 -327755
6960 -327755
6965 -327755
6970 -327755
6975 -327755
6980 -327755
6985 -327755
6990 -327755
6995 -327755
7000 -327755
7005 -327755
7010 -327755
7015 -327755
7020 -327755
7025 -327755
7030 -327755
7035 -327755
7040 -327755
7045 -327755
7050 -327755
7055 -327755
7060 -327755
7065 -327755
7070 -327755
7075 -327755
7080 -327755
7085 -327755
7090 -327755
7095 -327755
7100 -327755
7105 -327755
7110 -327755
7115 -327755
7120 -327755
7125 -327755
7130 -327755
7135 -327755
7140 -327755
7145 -327755
7150 -327755
7155 -327755
7160 -327755
7165 -327755
7170 -327755
7175 -327755
7180 -327755
7185 -327755
7190 -327755
7195 -327755
7200 -327755
7205 -327755
7210 -327755
7215 -327755
7220 -327755
7225 -327755
7230 -327755
7235 -327755
7240 -327755
7245 -327755
7250 -327755
7255 -327755
7260 -327755
7265 -327755
7270 -327755
7275 -327755
7280 -327755
7285 -327755
7290 -327755
7295 -327755
7300 -327755
7305 -327755
7310 -327755
7315 -327755
7320 -327755
7325 -327755
7330 -327755
7335 -327755
7340 -327755
7345 -327755
7350 -327755
7355 -327755
7360 -327755
7365 -327755
7370 -327755
7375 -327755
7380 -327755
7385 -327755
7390 -327755
7395 -327755
7400 -327755
7405 -327755
7410 -327755
7415 -327755
7420 -327755
7425 -327755
7430 -327755
7435 -327755
7440 -327755
7445 -327755
7450 -327755
7455 -327755
7460 -327755
7465 -327755
7470 -327755
7475 -327755
7480 -327755
7485 -327755
7490 -327755
7495 -327755
7500 -327755
7505 -327755
7510 -327755
7515 -327755
7520 -327755
7525 -327755
7530 -327755
7535 -327755
7540 -327755
7545 -327755
7550 -327755
7555 -327153
7560 -327153
7565 -327153
7570 -327153
7575 -327153
7580 -327153
7585 -327153
7590 -327153
7595 -327153
7600 -327153
7605 -327153
7610 -327153
7615 -327153
7620 -327153
7625 -327153
7630 -327153
7635 -327153
7640 -327153
7645 -327153
7650 -327153
7655 -327153
7660 -327153
7665 -327153
7670 -327153
7675 -327153
7680 -327153
7685 -327153
7690 -327153
7695 -327153
7700 -327153
7705 -327153
7710 -327153
7715 -327153
7720 -327153
7725 -327153
7730 -327153
7735 -327153
7740 -327153
7745 -327153
7750 -327153
7755 -327153
7760 -327153
7765 -327153
7770 -327153
7775 -327153
7780 -327153
7785 -327153
7790 -327153
7795 -327153
7800 -327153
7805 -327153
7810 -327153
7815 -327153
7820 -327153
7825 -327153
7830 -327153
7835 -327153
7840 -327153
7845 -327153
7850 -327153
7855 -327153
7860 -327153
7865 -327153
7870 -327153
7875 -327153
7880 -327153
7885 -327153
7890 -327153
7895 -327153
7900 -327153
7905 -327153
7910 -327153
7915 -327153
7920 -327153
7925 -327153
7930 -327153
7935 -327153
7940 -327153
7945 -327153
7950 -327153
7955 -327153
7960 -327153
7965 -327153
7970 -327153
7975 -327153
7980 -327153
7985 -327153
7990 -327153
7995 -327153
8000 -327153
8005 -327153
8010 -327153
8015 -327153
8020 -327153
8025 -327153
8030 -327153
8035 -327153
8040 -327153
8045 -327153
8050 -327153
8055 -327153
8060 -327153
8065 -327153
8070 -327153
8075 -327153
8080 -327153
8085 -327153
8090 -327153
8095 -327153
8100 -327153
8105 -327153
8110 -327153
8115 -327153
8120 -327153
8125 -327153
8130 -327153
8135 -327153
8140 -327153
8145 -327153
8150 -327153
8155 -327153
8160 -327153
8165 -327153
8170 -327153
8175 -327153
8180 -327153
8185 -327153
8190 -327153
8195 -327153
8200 -327153
8205 -327153
8210 -327153
8215 -327153
8220 -327153
8225 -327153
8230 -327153
8235 -327153
8240 -327153
8245 -327153
8250 -327153
8255 -327153
8260 -327153
8265 -327153
8270 -327153
8275 -327153
8280 -327153
8285 -327153
8290 -327153
8295 -327153
8300 -327153
8305 -327153
8310 -327153
8315 -327153
8320 -327153
8325 -327153
8330 -327153
8335 -327153
8340 -327153
8345 -327153
8350 -327153
8355 -327153
8360 -327153
8365 -327153
8370 -327153
8375 -327153
8380 -327153
8385 -327153
8390 -327153
8395 -327153
8400 -327153
8405 -327153
8410 -327153
8415 -327153
8420 -327153
8425 -327153
8430 -327153
8435 -327153
8440 -327153
8445 -327153
8450 -327153
8455 -327153
8460 -327153
8465 -327153
8470 -327153
8475 -327153
8480 -327153
8485 -327153
8490 -327153
8495 -327153
8500 -327153
8505 -327153
8510 -327153
8515 -327153
8520 -327153
8525 -327153
8530 -327153
8535 -327153
8540 -327153
8545 -327153
8550 -327153
8555 -327153
8560 -327153
8565 -327153
8570 -327153
8575 -327153
8580 -327153
8585 -327153
8590 -327153
8595 -327153
8600 -327153
8605 -327153
8610 -327153
8615 -327153
8620 -327153
8625 -327153
8630 -327153
8635 -327153
8640 -327153
8645 -327153
8650 -327153
8655 -327153
8660 -327153
8665 -327153
8670 -327153
8675 -327153
8680 -327153
8685 -327153
8690 -327153
8695 -327153
8700 -327153
8705 -327153
8710 -327153
8715 -327153
8720 -327153
8725 -327153
8730 -327153
8735 -327153
8740 -327153
8745 -327153
8750 -327153
8755 -327153
8760 -327153
8765 -327153
8770 -327153
8775 -327153
8780 -327153
8785 -327153
8790 -327153
8795 -327153
8800 -327153
8805 -327153
8810 -327153
8815 -327153
8820 -327153
8825 -327153
8830 -327153
8835 -327153
8840 -327153
8845 -327153
8850 -327153
8855 -327153
8860 -327153
8865 -327153
8870 -327153
8875 -327153
8880 -327153
8885 -327153
8890 -327153
8895 -327153
8900 -327153
8905 -327153
8910 -327153
8915 -327153
8920 -327153
8925 -327153
8930 -327153
8935 -327153
8940 -327153
8945 -327153
8950 -327153
8955 -327153
8960 -327153
8965 -327153
8970 -327153
8975 -327153
8980 -327153
8985 -327153
8990 -327153
8995 -327153
9000 -327153
9005 -327153
9010 -327153
9015 -327153
9020 -327153
9025 -327153
9030 -327153
9035 -327153
9040 -327153
9045 -327153
9050 -327153
9055 -327153
9060 -327153
9065 -327153
9070 -327153
9075 -327153
9080 -327153
9085 -327153
9090 -327153
9095 -327153
9100 -327153
9105 -327153
9110 -327153
9115 -327153
9120 -327153
9125 -327153
9130 -327153
9135 -327153
9140 -327153
9145 -327153
9150 -327153
9155 -327153
9160 -327153
9165 -327153
9170 -327153
9175 -327153
9180 -327153
9185 -327153
9190 -327153
9195 -327153
9200 -327153
9205 -327153
9210 -327153
9215 -327153
9220 -327153
9225 -327153
9230 -327153
9235 -327153
9240 -327153
9245 -327153
9250 -327153
9255 -327153
9260 -327153
9265 -327153
9270 -327153
9275 -327153
9280 -327153
9285 -327153
9290 -327153
9295 -327153
9300 -327153
9305 -327153
9310 -327153
9315 -327153
9320 -327153
9325 -327153
9330 -327153
9335 -327153
9340 -327153
9345 -327153
9350 -327153
9355 -327153
9360 -327153
9365 -327153
9370 -327153
9375 -327153
9380 -327153
9385 -327153
9390 -327153
9395 -327153
9400 -327153
9405 -327153
9410 -327153
9415 -327153
9420 -327153
9425 -327153
9430 -327153
9435 -327153
9440 -327153
9445 -327153
9450 -327153
9455 -327153
9460 -327153
9465 -327153
9470 -327153
9475 -327153
9480 -327153
9485 -327153
9490 -327153
9495 -327153
9500 -327153
9505 -327153
9510 -327153
9515 -327153
9520 -327153
9525 -327153
9530 -327153
9535 -327153
9540 -327153
9545 -327153
9550 -327153
9555 -327153
9560 -327153
9565 -327153
9570 -327153
9575 -327153
9580 -327153
9585 -327153
9590 -327153
9595 -327153
9600 -327153
9605 -327153
9610 -327153
9615 -327153
9620 -327153
9625 -327153
9630 -327153
9635 -327153
9640 -327153
9645 -327153
9650 -327153
9655 -327153
9660 -327153
9665 -327153
9670 -327153
9675 -327153
9680 -327153
9685 -327153
9690 -327153
9695 -327153
9700 -327153
9705 -327153
9710 -327153
9715 -327153
9720 -327153
9725 -327153
9730 -327153
9735 -327153
9740 -327153
9745 -327153
9750 -327153
9755 -327153
9760 -327153
9765 -327153
9770 -327153
9775 -327153
9780 -327153
9785 -327153
9790 -327153
9795 -327153
9800 -327153
9805 -327153
9810 -327153
