20 -324251
30 -320283
40 -319976
50 -319742
60 -319742
70 -318821
80 -318068
90 -317726
100 -316694
110 -314227
120 -313838
130 -311708
140 -309280
150 -308588
160 -307722
170 -307698
180 -307545
190 -307545
200 -307332
210 -307332
220 -307332
230 -307102
240 -306742
250 -306742
260 -306742
270 -306130
280 -305634
290 -305413
300 -305413
310 -305413
320 -305413
330 -305413
340 -305263
350 -305263
360 -305263
370 -305263
380 -305263
390 -304784
400 -304784
410 -304784
420 -304784
430 -304784
440 -304515
450 -304515
460 -304324
470 -304324
480 -304324
490 -304324
500 -304324
510 -304324
520 -304324
530 -303993
540 -303993
550 -303993
560 -303785
570 -303785
580 -303785
590 -303785
600 -303785
610 -303785
620 -303785
630 -303785
640 -303785
650 -303785
660 -303052
670 -303052
680 -303052
690 -302901
700 -302901
710 -302901
720 -302901
730 -302901
740 -302901
750 -302901
760 -302901
770 -302803
780 -302803
790 -302769
800 -302769
810 -302769
820 -302769
830 -302769
840 -302632
850 -302494
860 -302494
870 -302494
880 -302494
890 -301234
900 -301234
910 -300928
920 -300928
930 -300790
940 -300790
950 -300790
960 -300790
970 -300790
980 -300790
990 -300790
1000 -300790
1010 -300790
1020 -300790
1030 -300790
1040 -300790
1050 -300790
1060 -300790
1070 -300790
1080 -300790
1090 -300790
1100 -300779
1110 -300779
1120 -300779
1130 -300779
1140 -300779
1150 -300779
1160 -300779
1170 -300779
1180 -300779
1190 -300779
1200 -300779
1210 -300779
1220 -300779
1230 -300779
1240 -300779
1250 -300779
1260 -300779
1270 -300779
1280 -300779
1290 -300767
1300 -300758
1310 -300758
1320 -300758
1330 -300758
1340 -300757
1350 -300757
1360 -300757
1370 -300435
1380 -300435
1390 -300435
1400 -300435
1410 -300435
1420 -300435
1430 -300435
1440 -300435
1450 -300435
1460 -300435
1470 -300435
1480 -300435
1490 -300435
1500 -300435
1510 -300435
1520 -300435
1530 -300435
1540 -300435
1550 -300435
1560 -300435
1570 -300435
1580 -300435
1590 -300435
1600 -300435
1610 -300435
1620 -300435
1630 -300435
1640 -300435
1650 -300435
1660 -300435
1670 -300435
1680 -300435
1690 -300435
1700 -300435
1710 -300435
1720 -300435
1730 -300435
1740 -300435
1750 -300435
1760 -300435
1770 -300435
1780 -300435
1790 -300435
1800 -300435
1810 -300435
1820 -300404
1830 -300404
1840 -300404
1850 -300365
1860 -300365
1870 -300365
1880 -300365
1890 -300365
1900 -300365
1910 -300365
1920 -300365
1930 -300365
1940 -300365
1950 -300365
1960 -300365
1970 -299961
1980 -299961
1990 -299961
2000 -299961
2010 -299961
2020 -299606
2030 -299606
2040 -299606
2050 -299606
2060 -299606
2070 -299606
2080 -299606
2090 -299606
2100 -299606
2110 -299606
2120 -299606
2130 -299606
2140 -299606
2150 -299606
2160 -299606
2170 -299606
2180 -299606
2190 -299606
2200 -299606
2210 -299534
2220 -299534
2230 -299534
2240 -299534
2250 -299534
2260 -299534
2270 -299446
2280 -299446
2290 -299446
2300 -299413
2310 -299413
2320 -299413
2330 -299413
2340 -299413
2350 -299413
2360 -299413
2370 -299413
2380 -299413
2390 -299413
2400 -299413
2410 -299413
2420 -299413
2430 -299413
2440 -299413
2450 -299413
2460 -299413
2470 -299413
2480 -299413
2490 -299413
2500 -299413
2510 -299413
2520 -299413
2530 -299300
2540 -299300
2550 -299300
2560 -299277
2570 -298708
2580 -298708
2590 -298708
2600 -298708
2610 -298708
2620 -298708
2630 -298708
2640 -298708
2650 -298708
2660 -298708
2670 -298708
2680 -298708
2690 -298708
2700 -298708
2710 -298708
2720 -298708
2730 -298708
2740 -298708
2750 -298708
2760 -298708
2770 -298708
2780 -298708
2790 -298708
2800 -298708
2810 -298708
2820 -298708
2830 -298708
2840 -298708
2850 -298708
2860 -298708
2870 -298708
2880 -298708
2890 -298708
2900 -298708
2910 -298621
2920 -298621
2930 -298621
2940 -298621
2950 -298621
2960 -298621
2970 -298621
2980 -298621
2990 -298621
3000 -298621
3010 -298621
3020 -298621
3030 -298621
3040 -298621
3050 -298621
3060 -298621
3070 -298621
3080 -298621
3090 -298621
3100 -298621
3110 -298621
3120 -298621
3130 -298621
3140 -298621
3150 -298621
3160 -298621
3170 -298621
3180 -298621
3190 -298621
3200 -298621
3210 -298621
3220 -298621
3230 -298621
3240 -298621
3250 -298621
3260 -298621
3270 -298621
3280 -298621
3290 -298621
3300 -298621
3310 -298621
3320 -298621
3330 -298621
3340 -298621
3350 -298621
3360 -298621
3370 -298621
3380 -298621
3390 -298621
3400 -298621
3410 -298621
3420 -298621
3430 -298621
3440 -298621
3450 -298621
3460 -298621
3470 -298621
3480 -298621
3490 -298621
3500 -298621
3510 -298621
3520 -298621
3530 -298621
3540 -298621
3550 -298487
3560 -298487
3570 -298487
3580 -298487
3590 -298487
3600 -298487
3610 -298487
3620 -298487
3630 -298487
3640 -298487
3650 -298487
3660 -298487
3670 -298487
3680 -298487
3690 -298487
3700 -298487
3710 -298487
3720 -298487
3730 -298487
3740 -298487
3750 -298487
3760 -298487
3770 -298487
3780 -298344
3790 -298344
3800 -298344
3810 -298344
3820 -298344
3830 -298344
3840 -298344
3850 -298344
3860 -298344
3870 -298344
3880 -298344
3890 -298344
3900 -298344
3910 -298344
3920 -298344
3930 -298344
3940 -298344
3950 -298344
3960 -298344
3970 -298344
3980 -298344
3990 -298344
4000 -298344
4010 -298344
4020 -298344
4030 -298344
4040 -298344
4050 -298344
4060 -298344
4070 -298344
4080 -298344
4090 -298344
4100 -298344
4110 -298344
4120 -298344
4130 -298344
4140 -298344
4150 -298344
4160 -298344
4170 -298344
4180 -298344
4190 -298344
4200 -298344
4210 -298344
4220 -298344
4230 -298344
4240 -298344
4250 -298344
4260 -298344
4270 -298344
4280 -298344
4290 -298344
4300 -298344
4310 -298344
4320 -298344
4330 -298344
4340 -298344
4350 -298344
4360 -298344
4370 -298344
4380 -298344
4390 -298344
4400 -298344
4410 -298344
4420 -298344
4430 -298344
4440 -298344
4450 -298344
4460 -298344
4470 -298344
4480 -298344
4490 -298344
4500 -298344
4510 -298344
4520 -298344
4530 -298344
4540 -298344
4550 -298344
4560 -298344
4570 -298344
4580 -298320
4590 -298290
4600 -298290
4610 -298290
4620 -298290
4630 -298290
4640 -298290
4650 -298290
4660 -298290
4670 -298290
4680 -298290
4690 -298290
4700 -298290
4710 -298290
4720 -298290
4730 -298290
4740 -298290
4750 -298290
4760 -298290
4770 -298290
4780 -298290
4790 -298290
4800 -298290
4810 -298290
4820 -298290
4830 -298290
4840 -298290
4850 -298290
4860 -298290
4870 -298290
4880 -298290
4890 -298290
4900 -298290
4910 -298290
4920 -298290
4930 -298143
4940 -298143
4950 -298143
4960 -298143
4970 -298143
4980 -298143
4990 -298143
5000 -298143
5010 -298143
5020 -298143
5030 -298143
5040 -298143
5050 -298143
5060 -298143
5070 -298143
5080 -298143
5090 -298143
5100 -298143
5110 -298143
5120 -298143
5130 -298143
5140 -298143
5150 -298143
5160 -298143
5170 -298143
5180 -298143
5190 -298143
5200 -298143
5210 -298143
5220 -298143
5230 -298143
5240 -298143
5250 -298143
5260 -298143
5270 -298143
5280 -298143
5290 -298143
5300 -298143
5310 -298143
5320 -298143
5330 -298143
5340 -298143
5350 -298143
5360 -298143
5370 -298143
5380 -298143
5390 -298143
5400 -298143
5410 -298143
5420 -298143
5430 -298143
5440 -298143
5450 -298143
5460 -298143
5470 -298143
5480 -298143
5490 -298143
5500 -298143
5510 -298143
5520 -298143
5530 -298143
5540 -298054
5550 -298054
5560 -298054
5570 -298054
5580 -298054
5590 -298054
5600 -298054
5610 -298054
5620 -298054
5630 -298054
5640 -298054
5650 -298054
5660 -298054
5670 -297783
5680 -297783
5690 -297783
5700 -297783
5710 -297783
5720 -297783
5730 -297783
5740 -297783
5750 -297783
5760 -297608
5770 -297608
5780 -297608
5790 -296892
5800 -296892
5810 -296892
5820 -296892
5830 -296892
5840 -296892
5850 -296892
5860 -296892
5870 -296892
5880 -296892
5890 -296892
5900 -296892
5910 -296892
5920 -296892
5930 -296892
5940 -296892
5950 -296892
5960 -296892
5970 -296892
5980 -296892
5990 -296892
6000 -296892
6010 -296892
6020 -296892
6030 -296892
6040 -296892
6050 -296892
6060 -296892
6070 -296892
6080 -296892
6090 -296892
6100 -296892
6110 -296892
6120 -296892
6130 -296892
6140 -296892
6150 -296892
6160 -296892
6170 -296892
6180 -296892
6190 -296892
6200 -296892
6210 -296892
6220 -296892
6230 -296892
6240 -296892
6250 -296892
6260 -296892
6270 -296892
6280 -296892
6290 -296892
6300 -296892
6310 -296892
6320 -296892
6330 -296892
6340 -296892
6350 -296892
6360 -296892
6370 -296892
6380 -296892
6390 -296892
6400 -296892
6410 -296892
6420 -296892
6430 -296892
6440 -296892
6450 -296892
6460 -296892
6470 -296892
6480 -296892
6490 -296892
6500 -296892
6510 -296606
6520 -296606
6530 -296606
6540 -296606
6550 -296606
6560 -296606
6570 -296606
6580 -296606
6590 -296606
6600 -296606
6610 -296606
6620 -296606
6630 -296606
6640 -296606
6650 -296606
6660 -296606
6670 -296606
6680 -296606
6690 -296606
6700 -296427
6710 -296427
6720 -296427
6730 -296427
6740 -296427
6750 -296427
6760 -296041
6770 -296041
6780 -296041
6790 -296041
6800 -296041
6810 -295592
6820 -295592
6830 -295592
6840 -295592
6850 -295592
6860 -295592
6870 -295592
6880 -295592
6890 -295592
6900 -295592
6910 -295592
6920 -295592
6930 -295592
6940 -295358
6950 -295358
6960 -295358
6970 -295358
6980 -295358
6990 -295358
7000 -295358
7010 -295358
7020 -295358
7030 -295358
7040 -295358
7050 -295358
7060 -295358
7070 -295358
7080 -295358
7090 -295358
7100 -295358
7110 -295358
7120 -295358
7130 -295358
7140 -295358
7150 -295358
7160 -295358
7170 -295358
7180 -295358
7190 -295358
7200 -295358
7210 -295358
7220 -295358
7230 -295358
7240 -295170
7250 -295170
7260 -295170
7270 -295170
7280 -295170
7290 -295168
7300 -295168
7310 -295168
7320 -295168
7330 -295168
7340 -295168
7350 -295168
7360 -295168
7370 -294621
7380 -294621
7390 -294621
7400 -294621
7410 -294621
7420 -294621
7430 -294621
7440 -294621
7450 -294621
7460 -294621
7470 -294621
7480 -294621
7490 -294621
7500 -294621
7510 -294621
7520 -294621
7530 -294621
7540 -294621
7550 -294621
7560 -294621
7570 -294499
7580 -294499
7590 -294499
7600 -294499
7610 -294499
7620 -294499
7630 -294499
7640 -294499
7650 -294499
7660 -294499
7670 -294499
7680 -294499
7690 -294499
7700 -294499
7710 -294499
7720 -294499
7730 -294499
7740 -294499
7750 -294499
7760 -294499
7770 -294499
7780 -294499
7790 -294499
7800 -294499
7810 -294499
7820 -294499
7830 -294499
7840 -294499
7850 -294499
7860 -294499
7870 -294499
7880 -294499
7890 -294499
7900 -294499
7910 -294499
7920 -294499
7930 -294499
7940 -294499
7950 -294499
7960 -294499
7970 -294499
7980 -294499
7990 -294499
8000 -294499
8010 -294499
8020 -294499
8030 -294499
8040 -294499
8050 -294499
8060 -294499
8070 -294499
8080 -294499
8090 -294499
8100 -294499
8110 -294499
8120 -294499
8130 -294499
8140 -294499
8150 -294499
8160 -294499
8170 -294499
8180 -294499
8190 -294499
8200 -294499
8210 -294499
8220 -294499
8230 -294443
8240 -294443
8250 -294443
8260 -294443
8270 -294443
8280 -294443
8290 -294443
8300 -294443
8310 -294443
8320 -294443
8330 -294443
8340 -294443
8350 -294443
8360 -294443
8370 -294443
8380 -294443
8390 -294443
8400 -294443
8410 -294443
8420 -294328
8430 -294328
8440 -294328
8450 -294328
8460 -294328
8470 -294328
8480 -294328
8490 -294328
8500 -294328
8510 -294328
8520 -294328
8530 -294328
8540 -294328
8550 -294328
8560 -294328
8570 -294328
8580 -294328
8590 -294328
8600 -294328
8610 -294328
8620 -294328
8630 -294328
8640 -294328
8650 -294328
8660 -294328
8670 -294328
8680 -294328
8690 -294328
8700 -294328
8710 -294328
8720 -294328
8730 -294328
8740 -294328
8750 -294328
8760 -294328
8770 -294328
8780 -294328
8790 -294328
8800 -294328
8810 -294328
8820 -294328
8830 -294328
8840 -294328
8850 -294328
8860 -294328
8870 -294328
8880 -294328
8890 -294328
8900 -294328
8910 -294328
8920 -294328
8930 -294328
8940 -294328
8950 -294328
8960 -294328
8970 -294328
8980 -294328
8990 -294328
9000 -294328
9010 -294328
9020 -294328
9030 -294328
9040 -294328
9050 -294328
9060 -294328
9070 -294328
9080 -294328
9090 -294328
9100 -294328
9110 -294328
9120 -294328
9130 -294328
9140 -294328
9150 -294328
9160 -294328
9170 -294328
9180 -294328
9190 -294328
9200 -294328
9210 -294328
9220 -294328
9230 -294328
9240 -294328
9250 -294328
9260 -294328
9270 -294328
9280 -294328
9290 -294328
9300 -294328
9310 -294328
9320 -294328
9330 -294328
9340 -294328
9350 -294328
9360 -294328
9370 -294328
9380 -294328
9390 -294328
9400 -294328
9410 -294328
9420 -294328
9430 -294328
9440 -294328
9450 -294328
9460 -294328
9470 -294328
9480 -294328
9490 -294328
9500 -294328
9510 -294200
9520 -293718
9530 -293718
9540 -293718
9550 -293718
9560 -293718
9570 -293718
9580 -293718
9590 -293718
9600 -293718
9610 -293718
9620 -293718
9630 -293718
9640 -293718
9650 -293718
9660 -293718
9670 -293718
9680 -293718
9690 -293718
9700 -293718
9710 -293718
9720 -293718
9730 -293718
9740 -293718
9750 -293718
9760 -293718
9770 -293718
9780 -293718
9790 -293718
9800 -293718
9810 -293718
9820 -293718
9830 -293718
9840 -293718
9850 -293718
9860 -293718
9870 -293718
9880 -293718
9890 -293718
9900 -293718
9910 -293718
9920 -293718
9930 -293718
9940 -293718
9950 -293718
9960 -293718
9970 -293718
9980 -293718
9990 -293718
10000 -293718
10010 -293718
10020 -293718
10030 -293718
10040 -293718
10050 -293718
10060 -293718
10070 -293718
10080 -293718
10090 -293718
10100 -293718
10110 -293718
10120 -293718
10130 -293718
10140 -293718
10150 -293718
10160 -293718
10170 -293718
10180 -293718
10190 -293718
10200 -293718
10210 -293718
10220 -293718
10230 -293718
10240 -293718
10250 -293718
10260 -293718
10270 -293718
10280 -293718
10290 -293718
10300 -293718
10310 -293718
10320 -293718
10330 -293718
10340 -293718
10350 -293718
10360 -293718
10370 -293718
10380 -293718
10390 -293718
10400 -293718
10410 -293718
10420 -293718
10430 -293718
10440 -293718
10450 -293718
10460 -293718
10470 -293718
10480 -293718
10490 -293718
10500 -293718
10510 -293718
10520 -293718
10530 -293718
10540 -293718
10550 -293718
10560 -293718
10570 -293718
10580 -293718
10590 -293705
10600 -293705
10610 -293705
10620 -293705
10630 -293705
10640 -293705
10650 -293705
10660 -293705
10670 -293705
10680 -293705
10690 -293705
10700 -293705
10710 -293705
10720 -293705
10730 -293705
10740 -293705
10750 -293705
10760 -293705
10770 -293705
10780 -293705
10790 -293705
10800 -293705
10810 -293705
10820 -293705
10830 -293705
10840 -293705
10850 -293705
10860 -293705
10870 -293705
10880 -293705
10890 -293705
10900 -293705
10910 -293705
10920 -293705
10930 -293705
10940 -293705
10950 -293705
10960 -293705
10970 -293705
10980 -293705
10990 -293705
11000 -293705
11010 -293705
11020 -293705
11030 -293705
11040 -293705
11050 -293705
11060 -293705
11070 -293705
11080 -293705
11090 -293705
11100 -293705
11110 -293705
11120 -293705
11130 -293705
11140 -293705
11150 -293705
11160 -293705
11170 -293705
11180 -293705
11190 -293705
11200 -293705
11210 -293705
11220 -293705
11230 -293705
11240 -293705
11250 -293705
11260 -293705
11270 -293705
11280 -293705
11290 -293705
11300 -293705
11310 -293705
11320 -293705
11330 -293705
11340 -293705
11350 -293705
11360 -293705
11370 -293705
11380 -293705
11390 -293705
11400 -293705
11410 -293705
11420 -293705
11430 -293705
11440 -293705
11450 -293705
11460 -293705
11470 -293705
11480 -293705
11490 -293705
11500 -293705
11510 -293705
11520 -293705
11530 -293705
11540 -293705
11550 -293705
11560 -293705
11570 -293705
11580 -293415
11590 -293415
11600 -293415
11610 -293415
11620 -293415
11630 -293415
11640 -293415
11650 -293415
11660 -293415
11670 -293415
11680 -293415
11690 -293415
11700 -293415
11710 -293415
11720 -293415
11730 -293415
11740 -293415
11750 -293415
11760 -293415
11770 -293415
11780 -293415
11790 -293415
11800 -293415
11810 -293415
11820 -293415
11830 -293415
11840 -293415
11850 -293415
11860 -293415
11870 -293415
11880 -293415
11890 -293415
11900 -293415
11910 -293415
11920 -293415
11930 -293415
11940 -293415
11950 -293415
11960 -293415
11970 -293415
11980 -293415
11990 -293415
12000 -293415
12010 -293415
12020 -293415
12030 -293415
12040 -293415
12050 -293415
12060 -293415
12070 -293415
12080 -293415
12090 -293415
12100 -293415
12110 -293415
12120 -293415
12130 -293415
12140 -293415
12150 -293415
12160 -293415
12170 -293415
12180 -293415
12190 -293415
12200 -293415
12210 -293415
12220 -293415
12230 -293415
12240 -293415
12250 -293415
12260 -293415
12270 -293415
12280 -293415
12290 -293415
12300 -293415
12310 -293415
12320 -293415
12330 -293415
12340 -293415
12350 -293415
12360 -293415
12370 -293415
12380 -293415
12390 -293415
12400 -293415
12410 -293415
12420 -293415
12430 -293415
12440 -293415
12450 -293415
12460 -293415
12470 -293415
12480 -293415
12490 -293415
12500 -293415
12510 -293415
12520 -293415
12530 -293415
12540 -293415
12550 -293415
12560 -293415
12570 -293415
12580 -293415
12590 -293415
12600 -293415
12610 -293415
12620 -293415
12630 -293415
12640 -293415
12650 -293415
12660 -293415
12670 -293415
12680 -293415
12690 -293415
12700 -293415
12710 -293415
12720 -293415
12730 -293415
12740 -293415
12750 -293415
12760 -293415
12770 -293415
12780 -293415
12790 -293415
12800 -293415
12810 -293415
12820 -293415
12830 -293415
12840 -293415
12850 -293415
12860 -293415
12870 -293415
12880 -293415
12890 -293415
12900 -293415
12910 -293415
12920 -293415
12930 -293415
12940 -293415
12950 -293415
12960 -293415
12970 -293405
12980 -293405
12990 -293405
13000 -293405
13010 -293405
13020 -293405
13030 -293405
13040 -293405
13050 -293405
13060 -293405
13070 -293405
13080 -293405
13090 -293405
13100 -293405
13110 -293405
13120 -293405
13130 -293405
13140 -293405
13150 -293405
13160 -293405
13170 -293405
13180 -293405
13190 -293405
13200 -293405
13210 -293405
13220 -293405
13230 -293405
13240 -293405
13250 -293405
13260 -293405
13270 -293405
13280 -293405
13290 -293405
13300 -293405
13310 -293405
13320 -293405
13330 -293405
13340 -293405
13350 -293405
13360 -293405
13370 -293405
13380 -293405
13390 -293405
13400 -293405
13410 -293405
13420 -293405
13430 -293405
13440 -293405
13450 -293405
13460 -293405
13470 -293405
13480 -293405
13490 -293405
13500 -293405
13510 -293405
13520 -293405
13530 -293405
13540 -293405
13550 -293405
13560 -293405
13570 -293405
13580 -293405
13590 -293368
13600 -293368
13610 -293368
13620 -293368
13630 -293368
13640 -293368
13650 -293368
13660 -293368
13670 -293368
13680 -293368
13690 -293368
13700 -293368
13710 -293368
13720 -293368
13730 -293368
13740 -293368
13750 -293336
13760 -293336
13770 -293336
13780 -293336
13790 -293336
13800 -293336
13810 -293336
13820 -293336
13830 -293336
13840 -293336
13850 -293336
13860 -293336
13870 -293336
13880 -293336
13890 -293336
13900 -293336
13910 -293336
13920 -293336
13930 -293336
13940 -293336
13950 -293336
13960 -293336
13970 -293336
13980 -293336
13990 -293336
14000 -293336
14010 -293336
14020 -293336
14030 -293336
14040 -293336
14050 -293336
14060 -293336
14070 -293336
14080 -293336
14090 -292923
14100 -292923
14110 -292923
14120 -292923
14130 -292923
14140 -292923
14150 -292923
14160 -292923
14170 -292923
14180 -292923
14190 -292923
14200 -292923
14210 -292923
14220 -292923
14230 -292923
14240 -292923
14250 -292923
14260 -292923
14270 -292923
14280 -292923
14290 -292923
14300 -292923
14310 -292923
14320 -292923
14330 -292923
14340 -292923
14350 -292923
14360 -292923
14370 -292923
14380 -292923
14390 -292923
14400 -292923
14410 -292923
14420 -292923
14430 -292923
14440 -292923
14450 -292923
14460 -292923
14470 -292923
14480 -292923
14490 -292923
14500 -292923
14510 -292923
14520 -292923
14530 -292923
14540 -292923
14550 -292923
14560 -292923
14570 -292923
14580 -292923
14590 -292923
14600 -292923
14610 -292923
14620 -292923
14630 -292923
14640 -292923
14650 -292923
14660 -292923
14670 -292923
14680 -292923
14690 -292923
14700 -292923
14710 -292923
14720 -292923
14730 -292923
14740 -292923
14750 -292923
14760 -292923
14770 -292923
14780 -292923
14790 -292923
14800 -292923
14810 -292923
14820 -292923
14830 -292923
14840 -292923
14850 -292923
14860 -292923
14870 -292923
14880 -292923
14890 -292923
14900 -292923
14910 -292923
14920 -292923
14930 -292923
14940 -292923
14950 -292923
14960 -292923
14970 -292923
14980 -292923
14990 -292923
15000 -292923
15010 -292923
15020 -292923
15030 -292923
15040 -292923
15050 -292923
15060 -292923
15070 -292923
15080 -292923
15090 -292923
15100 -292923
15110 -292923
15120 -292923
15130 -292923
15140 -292923
15150 -292923
15160 -292923
15170 -292923
15180 -292923
15190 -292923
15200 -292923
15210 -292923
15220 -292923
15230 -292923
15240 -292923
15250 -292923
15260 -292923
15270 -292923
15280 -292923
15290 -292923
15300 -292923
15310 -292923
15320 -292923
15330 -292923
15340 -292923
15350 -292923
15360 -292923
15370 -292923
15380 -292923
15390 -292923
15400 -292923
15410 -292923
15420 -292923
15430 -292923
15440 -292923
15450 -292923
15460 -292923
15470 -292923
15480 -292923
15490 -292923
15500 -292923
15510 -292923
15520 -292923
15530 -292923
15540 -292923
15550 -292923
15560 -292923
15570 -292923
15580 -292923
15590 -292923
15600 -292923
15610 -292923
15620 -292923
15630 -292923
15640 -292923
15650 -292923
15660 -292923
15670 -292923
15680 -292923
15690 -292923
15700 -292923
15710 -292923
15720 -292923
15730 -292923
15740 -292923
15750 -292923
15760 -292923
15770 -292923
15780 -292923
15790 -292923
15800 -292923
15810 -292923
15820 -292923
15830 -292923
15840 -292923
15850 -292923
15860 -292923
15870 -292923
15880 -292923
15890 -292923
15900 -292923
15910 -292923
15920 -292923
15930 -292923
15940 -292923
15950 -292923
15960 -292923
15970 -292923
15980 -292923
15990 -292923
16000 -292923
16010 -292923
16020 -292923
16030 -292923
16040 -292923
16050 -292923
16060 -292923
16070 -292923
16080 -292923
16090 -292923
16100 -292923
16110 -292923
16120 -292923
16130 -292923
16140 -292923
16150 -292923
16160 -292894
16170 -292894
16180 -292894
16190 -292894
16200 -292894
16210 -292894
16220 -292894
16230 -292894
16240 -292894
16250 -292894
16260 -292894
16270 -292894
16280 -292894
16290 -292894
16300 -292894
16310 -292894
16320 -292894
16330 -292894
16340 -292894
16350 -292894
16360 -292894
16370 -292894
16380 -292894
16390 -292894
16400 -292894
16410 -292894
16420 -292894
16430 -292894
16440 -292894
16450 -292894
16460 -292894
16470 -292894
16480 -292894
16490 -292894
16500 -292894
16510 -292894
16520 -292894
16530 -292894
16540 -292894
16550 -292894
16560 -292894
16570 -292894
16580 -292894
16590 -292894
16600 -292894
16610 -292894
16620 -292894
16630 -292894
16640 -292894
16650 -292894
16660 -292894
16670 -292894
16680 -292894
16690 -292894
16700 -292894
16710 -292894
16720 -292894
16730 -292894
16740 -292894
16750 -292894
16760 -292894
16770 -292894
16780 -292894
16790 -292894
16800 -292894
16810 -292894
16820 -292894
16830 -292894
16840 -292894
16850 -292894
16860 -292894
16870 -292894
16880 -292894
16890 -292894
16900 -292894
16910 -292894
16920 -292894
16930 -292894
16940 -292894
16950 -292894
16960 -292894
16970 -292894
16980 -292894
16990 -292894
17000 -292894
17010 -292894
17020 -292894
17030 -292894
17040 -292894
17050 -292894
17060 -292894
17070 -292894
17080 -292894
17090 -292894
17100 -292894
17110 -292894
17120 -292894
17130 -292894
17140 -292894
17150 -292894
17160 -292894
17170 -292894
17180 -292894
17190 -292894
17200 -292894
17210 -292894
17220 -292894
17230 -292894
17240 -292894
17250 -292894
17260 -292894
17270 -292894
17280 -292894
17290 -292894
17300 -292894
17310 -292894
17320 -292894
17330 -292877
17340 -292877
17350 -292877
17360 -292877
17370 -292877
17380 -292877
17390 -292877
17400 -292877
17410 -292877
17420 -292877
17430 -292877
17440 -292877
17450 -292877
17460 -292877
17470 -292877
17480 -292877
17490 -292877
17500 -292877
17510 -292877
17520 -292877
17530 -292877
17540 -292877
17550 -292877
17560 -292877
17570 -292877
17580 -292877
17590 -292877
17600 -292877
17610 -292877
17620 -292877
17630 -292877
17640 -292877
17650 -292877
17660 -292877
17670 -292877
17680 -292877
17690 -292877
17700 -292877
17710 -292877
17720 -292877
17730 -292877
17740 -292877
17750 -292877
17760 -292877
17770 -292877
17780 -292877
17790 -292877
17800 -292877
17810 -292877
17820 -292877
17830 -292877
17840 -292877
17850 -292877
17860 -292877
17870 -292877
17880 -292877
17890 -292877
17900 -292877
17910 -292877
17920 -292877
17930 -292877
17940 -292877
17950 -292877
17960 -292795
17970 -292795
17980 -292795
17990 -292795
18000 -292795
18010 -292795
18020 -292795
18030 -292795
18040 -292795
18050 -292795
18060 -292795
18070 -292795
18080 -292795
18090 -292795
18100 -292795
18110 -292795
18120 -292795
18130 -292795
18140 -292795
18150 -292795
18160 -292795
18170 -292795
18180 -292795
18190 -292795
18200 -292795
18210 -292795
18220 -292795
18230 -292795
18240 -292795
18250 -292795
18260 -292795
18270 -292795
18280 -292795
18290 -292795
18300 -292795
18310 -292795
18320 -292795
18330 -292795
18340 -292795
18350 -292795
18360 -292795
18370 -292795
18380 -292795
18390 -292795
18400 -292795
18410 -292795
18420 -292795
18430 -292795
18440 -292795
18450 -292795
18460 -292795
18470 -292795
18480 -292795
18490 -292795
18500 -292795
18510 -292795
18520 -292795
18530 -292795
18540 -292795
18550 -292795
18560 -292795
18570 -292795
18580 -292795
18590 -292795
18600 -292795
18610 -292795
18620 -292795
18630 -292795
18640 -292795
18650 -292795
18660 -292795
18670 -292795
18680 -292795
18690 -292795
18700 -292795
18710 -292795
18720 -292795
18730 -292795
18740 -292795
18750 -292795
18760 -292795
18770 -292795
18780 -292795
18790 -292795
18800 -292795
18810 -292795
18820 -292795
18830 -292795
18840 -292795
18850 -292795
18860 -292795
18870 -292795
18880 -292795
18890 -292795
18900 -292795
18910 -292795
18920 -292795
18930 -292795
18940 -292795
18950 -292795
18960 -292795
18970 -292795
18980 -292795
