20 -308663
30 -306840
40 -304624
50 -301537
60 -300565
70 -300189
80 -299973
90 -299945
100 -299307
110 -297840
120 -297840
130 -297840
140 -297280
150 -297280
160 -297280
170 -297280
180 -296807
190 -296807
200 -296807
210 -296807
220 -296807
230 -296710
240 -296446
250 -296446
260 -295880
270 -295880
280 -295794
290 -295794
300 -295794
310 -295794
320 -295794
330 -295794
340 -295252
350 -295127
360 -295127
370 -295127
380 -295127
390 -295127
400 -294968
410 -294968
420 -294539
430 -294539
440 -294539
450 -294539
460 -294539
470 -294539
480 -294539
490 -294539
500 -294539
510 -294539
520 -294539
530 -294539
540 -294539
550 -294539
560 -294539
570 -294539
580 -294539
590 -294539
600 -294539
610 -294539
620 -294539
630 -294470
640 -294470
650 -294448
660 -294448
670 -294448
680 -294448
690 -294448
700 -294448
710 -294448
720 -294448
730 -294448
740 -294448
750 -293932
760 -293886
770 -293886
780 -293802
790 -293230
800 -292440
810 -292440
820 -292440
830 -292440
840 -292440
850 -292440
860 -292440
870 -292440
880 -292440
890 -292440
900 -292440
910 -292440
920 -292440
930 -292440
940 -292440
950 -292440
960 -292440
970 -292440
980 -292270
990 -292270
1000 -292270
1010 -292270
1020 -292270
1030 -292270
1040 -292194
1050 -292194
1060 -292194
1070 -292194
1080 -292194
1090 -292194
1100 -292194
1110 -292120
1120 -292120
1130 -292120
1140 -292120
1150 -292120
1160 -292120
1170 -292120
1180 -292120
1190 -292120
1200 -291967
1210 -291967
1220 -291967
1230 -291967
1240 -291763
1250 -291763
1260 -291763
1270 -291763
1280 -291763
1290 -291763
1300 -291647
1310 -291647
1320 -291558
1330 -291558
1340 -291558
1350 -291558
1360 -291558
1370 -291558
1380 -291558
1390 -291558
1400 -291558
1410 -291558
1420 -291558
1430 -291558
1440 -291558
1450 -291558
1460 -291558
1470 -291558
1480 -291558
1490 -291558
1500 -291558
1510 -291558
1520 -291558
1530 -291558
1540 -291558
1550 -291558
1560 -291217
1570 -291217
1580 -291217
1590 -291217
1600 -291217
1610 -291217
1620 -291217
1630 -291217
1640 -291217
1650 -291217
1660 -291217
1670 -291217
1680 -290923
1690 -290923
1700 -290876
1710 -290876
1720 -290876
1730 -290552
1740 -290552
1750 -290552
1760 -290552
1770 -290552
1780 -290552
1790 -290552
1800 -290552
1810 -290552
1820 -290552
1830 -290552
1840 -290552
1850 -290552
1860 -290552
1870 -290552
1880 -290552
1890 -290552
1900 -290552
1910 -290552
1920 -290552
1930 -290552
1940 -290552
1950 -290552
1960 -290552
1970 -290552
1980 -290552
1990 -290552
2000 -290552
2010 -290552
2020 -290552
2030 -290552
2040 -290552
2050 -290552
2060 -290552
2070 -290552
2080 -290552
2090 -290552
2100 -290552
2110 -290552
2120 -290552
2130 -290552
2140 -290552
2150 -290552
2160 -290552
2170 -290552
2180 -290552
2190 -290552
2200 -290535
2210 -290535
2220 -289841
2230 -289841
2240 -289841
2250 -289841
2260 -289841
2270 -289841
2280 -289841
2290 -289841
2300 -289841
2310 -289841
2320 -289841
2330 -289841
2340 -289841
2350 -289841
2360 -289841
2370 -289841
2380 -289841
2390 -289841
2400 -289841
2410 -289841
2420 -289841
2430 -289841
2440 -289841
2450 -289841
2460 -289841
2470 -289841
2480 -289841
2490 -289841
2500 -289841
2510 -289841
2520 -289841
2530 -289841
2540 -289244
2550 -289244
2560 -289244
2570 -289244
2580 -289244
2590 -289244
2600 -289244
2610 -289244
2620 -289244
2630 -289244
2640 -289244
2650 -289244
2660 -289244
2670 -289244
2680 -289244
2690 -289244
2700 -289244
2710 -289244
2720 -289244
2730 -289244
2740 -289244
2750 -289244
2760 -289244
2770 -289244
2780 -288785
2790 -288785
2800 -288785
2810 -288785
2820 -288785
2830 -288785
2840 -288785
2850 -288785
2860 -288785
2870 -288785
2880 -288785
2890 -288785
2900 -288785
2910 -288785
2920 -288785
2930 -288785
2940 -288785
2950 -288785
2960 -288785
2970 -288785
2980 -288785
2990 -288785
3000 -288785
3010 -288785
3020 -288785
3030 -288785
3040 -288785
3050 -288742
3060 -288742
3070 -288742
3080 -288742
3090 -288742
3100 -288742
3110 -288742
3120 -288742
3130 -288742
3140 -288742
3150 -288742
3160 -288742
3170 -288742
3180 -288742
3190 -288742
3200 -288742
3210 -288742
3220 -288742
3230 -288742
3240 -288742
3250 -288742
3260 -288742
3270 -288742
3280 -288742
3290 -288742
3300 -288742
3310 -288742
3320 -288742
3330 -288742
3340 -288742
3350 -288742
3360 -288742
3370 -288742
3380 -288742
3390 -288742
3400 -288742
3410 -288742
3420 -288399
3430 -288399
3440 -288399
3450 -288399
3460 -288399
3470 -288399
3480 -288399
3490 -288399
3500 -288399
3510 -288399
3520 -288399
3530 -288399
3540 -288399
3550 -288399
3560 -288399
3570 -288399
3580 -288399
3590 -288399
3600 -288399
3610 -288399
3620 -288399
3630 -288399
3640 -288399
3650 -288399
3660 -288399
3670 -288399
3680 -288399
3690 -288399
3700 -288399
3710 -288399
3720 -288372
3730 -288372
3740 -288372
3750 -288372
3760 -288372
3770 -288372
3780 -288372
3790 -288372
3800 -288372
3810 -288372
3820 -288372
3830 -288372
3840 -288372
3850 -288372
3860 -288372
3870 -288372
3880 -288372
3890 -288372
3900 -288372
3910 -288372
3920 -288372
3930 -288372
3940 -288372
3950 -288372
3960 -288372
3970 -288372
3980 -288372
3990 -288372
4000 -288372
4010 -288372
4020 -288372
4030 -288372
4040 -288372
4050 -288372
4060 -288372
4070 -288372
4080 -288372
4090 -288372
4100 -288372
4110 -288372
4120 -288372
4130 -288372
4140 -288372
4150 -288372
4160 -288372
4170 -288372
4180 -288372
4190 -288372
4200 -288372
4210 -288372
4220 -288372
4230 -288372
4240 -288372
4250 -288372
4260 -288246
4270 -288246
4280 -288246
4290 -288246
4300 -288246
4310 -288246
4320 -288246
4330 -288246
4340 -288246
4350 -288246
4360 -288246
4370 -288246
4380 -288246
4390 -288246
4400 -288246
4410 -288246
4420 -288246
4430 -288246
4440 -288246
4450 -288246
4460 -288246
4470 -288246
4480 -288246
4490 -288246
4500 -288246
4510 -288246
4520 -288246
4530 -288246
4540 -288246
4550 -288246
4560 -288246
4570 -288246
4580 -288246
4590 -288246
4600 -288246
4610 -288246
4620 -288246
4630 -288246
4640 -288246
4650 -288246
4660 -288246
4670 -288246
4680 -288246
4690 -288246
4700 -288246
4710 -288246
4720 -288246
4730 -288246
4740 -288246
4750 -288246
4760 -288246
4770 -288246
4780 -288246
4790 -288246
4800 -288246
4810 -288246
4820 -288246
4830 -288246
4840 -288246
4850 -288246
4860 -288246
4870 -288246
4880 -288246
4890 -288246
4900 -288246
4910 -288246
4920 -288246
4930 -288246
4940 -288246
4950 -288246
4960 -288246
4970 -288246
4980 -288246
4990 -288246
5000 -288040
5010 -288040
5020 -288040
5030 -288040
5040 -288040
5050 -288040
5060 -288040
5070 -288040
5080 -288040
5090 -288040
5100 -288040
5110 -288040
5120 -288040
5130 -288040
5140 -288040
5150 -288040
5160 -288040
5170 -288040
5180 -288040
5190 -288040
5200 -287391
5210 -287391
5220 -287391
5230 -287391
5240 -287391
5250 -287391
5260 -287391
5270 -287391
5280 -287391
5290 -287391
5300 -287391
5310 -287391
5320 -287391
5330 -287391
5340 -287391
5350 -287391
5360 -287391
5370 -287391
5380 -287391
5390 -287391
5400 -287153
5410 -287153
5420 -287153
5430 -287153
5440 -287153
5450 -287153
5460 -287153
5470 -287153
5480 -287153
5490 -287153
5500 -287153
5510 -287153
5520 -287153
5530 -287153
5540 -287153
5550 -287153
5560 -287153
5570 -287153
5580 -287153
5590 -287153
5600 -287153
5610 -287153
5620 -287153
5630 -287153
5640 -287153
5650 -287153
5660 -287153
5670 -287153
5680 -287153
5690 -287153
5700 -287153
5710 -287130
5720 -287130
5730 -287130
5740 -287130
5750 -287130
5760 -287130
5770 -287130
5780 -287130
5790 -287130
5800 -287130
5810 -287130
5820 -287130
5830 -287130
5840 -287130
5850 -287130
5860 -287130
5870 -287130
5880 -287130
5890 -287130
5900 -287130
5910 -287130
5920 -287130
5930 -287130
5940 -287130
5950 -287130
5960 -287130
5970 -287130
5980 -287130
5990 -287130
6000 -287130
6010 -287130
6020 -287130
6030 -287130
6040 -287130
6050 -287130
6060 -287130
6070 -287130
6080 -287028
6090 -287028
6100 -287028
6110 -287028
6120 -287028
6130 -287028
6140 -287009
6150 -287009
6160 -287009
6170 -287009
6180 -287009
6190 -287009
6200 -287009
6210 -287009
6220 -287009
6230 -287009
6240 -287009
6250 -287009
6260 -287009
6270 -287009
6280 -287009
6290 -287009
6300 -287009
6310 -287009
6320 -287009
6330 -287009
6340 -287009
6350 -287009
6360 -287009
6370 -287009
6380 -287009
6390 -287009
6400 -287009
6410 -287009
6420 -287009
6430 -287009
6440 -287009
6450 -287009
6460 -287009
6470 -287009
6480 -287009
6490 -287009
6500 -287009
6510 -287009
6520 -287009
6530 -287009
6540 -287009
6550 -287009
6560 -287009
6570 -287009
6580 -287009
6590 -287009
6600 -287009
6610 -287009
6620 -287009
6630 -287009
6640 -287009
6650 -287009
6660 -287009
6670 -287009
6680 -287009
