10 -382972
15 -381934
20 -381934
25 -380045
30 -380011
35 -379967
40 -379967
45 -379734
50 -379263
55 -379263
60 -379039
65 -379007
70 -377499
75 -375661
80 -375661
85 -375511
90 -375511
95 -375511
100 -375511
105 -375511
110 -374478
115 -374478
120 -374478
125 -374478
130 -374478
135 -374478
140 -374478
145 -374478
150 -374478
155 -374478
160 -373775
165 -373775
170 -373775
175 -373775
180 -373605
185 -372281
190 -372281
195 -372281
200 -372281
205 -372281
210 -371635
215 -371635
220 -371635
225 -371635
230 -370033
235 -370033
240 -370033
245 -370033
250 -368594
255 -368135
260 -368135
265 -367764
270 -367764
275 -367764
280 -367764
285 -367764
290 -367764
295 -367764
300 -367764
305 -367764
310 -367764
315 -367764
320 -367764
325 -367764
330 -367751
335 -366753
340 -366753
345 -366753
350 -366753
355 -366753
360 -366753
365 -366753
370 -366753
375 -366753
380 -366753
385 -366404
390 -366404
395 -366404
400 -366404
405 -365670
410 -365491
415 -365491
420 -365491
425 -365491
430 -365491
435 -365491
440 -365491
445 -365491
450 -365491
455 -365491
460 -365491
465 -365491
470 -365491
475 -365491
480 -365491
485 -364615
490 -364615
495 -364554
500 -364554
505 -364554
510 -364554
515 -364554
520 -364554
525 -364554
530 -364554
535 -364554
540 -364554
545 -364554
550 -364554
555 -364554
560 -364009
565 -364009
570 -364009
575 -364009
580 -364009
585 -364009
590 -364009
595 -363993
600 -363993
605 -363993
610 -363993
615 -363993
620 -363993
625 -363993
630 -363993
635 -363993
640 -363993
645 -363993
650 -363993
655 -363993
660 -363993
665 -363993
670 -363993
675 -363993
680 -363993
685 -363993
690 -363993
695 -363993
700 -363993
705 -363993
710 -363993
715 -363993
720 -363993
725 -363993
730 -363993
735 -363993
740 -363993
745 -363030
750 -363030
755 -363030
760 -363030
765 -363030
770 -363030
775 -363030
780 -363030
785 -362328
790 -362328
795 -362328
800 -362161
805 -362161
810 -362161
815 -362161
820 -362161
825 -362161
830 -362161
835 -362161
840 -362161
845 -362161
850 -362161
855 -362161
860 -362161
865 -362161
870 -362161
875 -362161
880 -362161
885 -362161
890 -362161
895 -362161
900 -362161
905 -361447
910 -361447
915 -361447
920 -361447
925 -361447
930 -361447
935 -361447
940 -361447
945 -361447
950 -361447
955 -361447
960 -361447
965 -361447
970 -361447
975 -361447
980 -361447
985 -361447
990 -361447
995 -361447
1000 -361447
1005 -361447
1010 -361447
1015 -361447
1020 -361447
1025 -361447
1030 -361447
1035 -361447
1040 -361447
1045 -361447
1050 -361447
1055 -361447
1060 -361447
1065 -361447
1070 -361226
1075 -361226
1080 -361226
1085 -361226
1090 -361226
1095 -361226
1100 -361226
1105 -361226
1110 -361226
1115 -361226
1120 -361226
1125 -361226
1130 -361226
1135 -361226
1140 -361226
1145 -361226
1150 -361226
1155 -361226
1160 -361226
1165 -361226
1170 -361226
1175 -361226
1180 -361226
1185 -361134
1190 -361134
1195 -361134
1200 -361134
1205 -361134
1210 -361134
1215 -361134
1220 -361134
1225 -361134
1230 -361134
1235 -361134
1240 -361134
1245 -361134
1250 -361134
1255 -361134
1260 -361134
1265 -361134
1270 -361134
1275 -361134
1280 -361134
1285 -361134
1290 -361134
1295 -361134
1300 -361134
1305 -361134
1310 -361134
1315 -361134
1320 -361134
1325 -361134
1330 -361134
1335 -361134
1340 -361134
1345 -361134
1350 -361134
1355 -361134
1360 -361134
1365 -361052
1370 -361052
1375 -361052
1380 -361052
1385 -361052
1390 -361052
1395 -361052
1400 -361052
1405 -361052
1410 -361052
1415 -361052
1420 -361052
1425 -361052
1430 -361052
1435 -361052
1440 -361052
1445 -361052
1450 -361052
1455 -361052
1460 -361052
1465 -361052
1470 -361052
1475 -361052
1480 -361052
1485 -361052
1490 -361052
1495 -361052
1500 -361052
1505 -361052
1510 -361052
1515 -361052
1520 -361052
1525 -361052
1530 -361052
1535 -361052
1540 -361052
1545 -361052
1550 -361052
1555 -361052
1560 -361052
1565 -361052
1570 -361052
1575 -361052
1580 -361052
1585 -361052
1590 -361052
1595 -361052
1600 -361052
1605 -361052
1610 -361052
1615 -361052
1620 -361052
1625 -361052
1630 -361052
1635 -361052
1640 -361052
1645 -361052
1650 -361052
1655 -361052
1660 -361052
1665 -361052
1670 -361052
1675 -361052
1680 -361052
1685 -361052
1690 -361052
1695 -361052
1700 -361052
1705 -361052
1710 -361052
1715 -361052
1720 -361052
1725 -361052
1730 -361052
1735 -361052
1740 -361052
1745 -361052
1750 -361052
1755 -361052
1760 -361052
1765 -361052
1770 -361052
1775 -361052
1780 -361052
1785 -361052
1790 -361052
1795 -361052
1800 -361052
1805 -361052
1810 -361052
1815 -361052
1820 -360978
1825 -360978
1830 -360978
1835 -360373
1840 -360373
1845 -360373
1850 -360373
1855 -360373
1860 -360373
1865 -360373
1870 -360373
1875 -360373
1880 -360373
1885 -360373
1890 -360373
1895 -360373
1900 -360373
1905 -360373
1910 -360373
1915 -360373
1920 -360373
1925 -360373
1930 -360373
1935 -360373
1940 -360373
1945 -360373
1950 -360373
1955 -360373
1960 -360373
1965 -360373
1970 -360373
1975 -360373
1980 -360373
1985 -360373
1990 -360373
1995 -360373
2000 -360373
2005 -360373
2010 -360373
2015 -360373
2020 -360373
2025 -360373
2030 -360373
2035 -360373
2040 -360373
2045 -360373
2050 -360373
2055 -360373
2060 -360373
2065 -360373
2070 -360373
2075 -360373
2080 -360373
2085 -360373
2090 -360373
2095 -360373
2100 -360373
2105 -360373
2110 -360373
2115 -360373
2120 -360373
2125 -360373
2130 -360373
2135 -360373
2140 -360373
2145 -360373
2150 -360373
2155 -360373
2160 -360373
2165 -360373
2170 -360373
2175 -360373
2180 -360373
2185 -360373
2190 -360373
2195 -360373
2200 -360373
2205 -360373
2210 -360373
2215 -360373
2220 -360373
2225 -360373
2230 -360373
2235 -360373
2240 -360373
2245 -360373
2250 -360373
2255 -360373
2260 -360373
2265 -360373
2270 -360373
2275 -360373
2280 -360373
2285 -360373
2290 -360373
2295 -360373
2300 -360373
2305 -360373
2310 -360373
2315 -360373
2320 -360373
2325 -360373
2330 -360373
2335 -360373
2340 -360373
2345 -360373
2350 -360373
2355 -360373
2360 -360373
2365 -360373
2370 -360373
2375 -360373
2380 -360373
2385 -360373
2390 -360373
2395 -360373
2400 -360373
2405 -360373
2410 -360373
2415 -360373
2420 -360373
2425 -360373
2430 -360373
2435 -360373
2440 -360373
2445 -360373
2450 -360373
2455 -360373
2460 -360373
2465 -360373
2470 -360373
2475 -360373
2480 -360373
2485 -360373
2490 -360373
2495 -360373
2500 -360373
2505 -360373
2510 -360373
2515 -360373
2520 -360373
2525 -360373
2530 -360373
2535 -360373
2540 -360373
2545 -360373
2550 -360373
2555 -360373
2560 -360373
2565 -360373
2570 -360373
2575 -360373
2580 -360373
2585 -360373
2590 -360373
2595 -360373
2600 -360373
2605 -360373
2610 -360373
2615 -360373
2620 -360373
2625 -360373
2630 -360373
2635 -360373
2640 -360373
2645 -360373
2650 -360373
2655 -360373
2660 -360373
2665 -360373
2670 -360373
2675 -360373
2680 -360373
2685 -360373
2690 -360373
2695 -360373
2700 -360373
2705 -360373
2710 -360373
2715 -360373
2720 -360373
2725 -360373
2730 -360373
2735 -360373
2740 -360373
2745 -360373
2750 -360373
2755 -360373
2760 -360373
2765 -360373
2770 -360373
2775 -360373
2780 -360373
2785 -360373
2790 -360373
2795 -360373
2800 -360373
2805 -360373
2810 -360373
2815 -360373
2820 -360373
2825 -360373
2830 -360373
2835 -360373
2840 -360373
2845 -360373
2850 -359666
2855 -359666
2860 -359666
2865 -359666
2870 -359666
2875 -359666
2880 -359666
2885 -359666
2890 -359666
2895 -359666
2900 -359666
2905 -359666
2910 -359666
2915 -359666
2920 -359666
2925 -359666
2930 -359666
2935 -359533
2940 -359533
2945 -359533
2950 -359533
2955 -359533
2960 -359533
2965 -359533
2970 -359533
2975 -359533
2980 -359533
2985 -359533
2990 -359533
2995 -359533
3000 -359533
3005 -359533
3010 -359533
3015 -359533
3020 -359533
3025 -359533
3030 -359533
3035 -359533
3040 -359533
3045 -359424
3050 -359424
3055 -359424
3060 -359424
3065 -359424
3070 -359342
3075 -359342
3080 -359342
3085 -359342
3090 -359342
3095 -359342
3100 -359342
3105 -359342
3110 -359342
3115 -359342
3120 -359342
3125 -359342
3130 -359342
3135 -359342
3140 -359342
3145 -359342
3150 -359342
3155 -359342
3160 -359342
3165 -359342
3170 -359342
3175 -359342
3180 -359342
3185 -359342
3190 -359342
3195 -359342
3200 -359342
3205 -359342
3210 -359342
3215 -359342
3220 -359342
3225 -359342
3230 -359342
3235 -359342
3240 -359342
3245 -359342
3250 -359342
3255 -359342
3260 -359342
3265 -359342
3270 -359342
3275 -359342
3280 -359342
3285 -359342
3290 -359342
3295 -359342
3300 -359342
3305 -359342
3310 -359342
3315 -359342
3320 -359342
3325 -359342
3330 -359342
3335 -359342
3340 -359342
3345 -359342
3350 -359342
3355 -359342
3360 -359342
3365 -359342
3370 -359342
3375 -359342
3380 -359342
3385 -359342
3390 -359342
3395 -359342
3400 -359342
3405 -359342
3410 -359342
3415 -359342
3420 -359342
3425 -359342
3430 -359342
3435 -359342
3440 -359342
3445 -359342
3450 -359342
3455 -359342
3460 -359342
3465 -359342
3470 -359342
3475 -359342
3480 -359342
3485 -359342
3490 -359342
3495 -359342
3500 -359342
3505 -359342
3510 -359342
3515 -359342
3520 -359342
3525 -359342
3530 -359342
3535 -359342
3540 -359342
3545 -359342
3550 -359342
3555 -359342
3560 -359342
3565 -359342
3570 -359342
3575 -359342
3580 -359342
3585 -359342
3590 -359342
3595 -359342
3600 -359342
3605 -359342
3610 -359342
3615 -359342
3620 -359342
3625 -359342
3630 -359342
3635 -359342
3640 -359342
3645 -359342
3650 -359342
3655 -359342
3660 -359342
3665 -359342
3670 -359342
3675 -359342
3680 -359342
3685 -359342
3690 -359342
3695 -359342
3700 -359342
3705 -359342
3710 -359342
3715 -359342
3720 -359342
3725 -359342
3730 -359342
3735 -359342
3740 -359342
3745 -359342
3750 -359342
3755 -359031
3760 -359031
3765 -359031
3770 -359031
3775 -359031
3780 -359031
3785 -359031
3790 -359031
3795 -359031
3800 -359031
3805 -359031
3810 -359031
3815 -359031
3820 -359031
3825 -359031
3830 -359031
3835 -359031
3840 -359031
3845 -359031
3850 -359031
3855 -359031
3860 -359031
3865 -359031
3870 -359031
3875 -359031
3880 -359031
3885 -358655
3890 -358655
3895 -358655
3900 -358655
3905 -358655
3910 -358655
3915 -358457
3920 -358457
3925 -358457
3930 -358457
3935 -358457
3940 -358457
3945 -358457
3950 -358457
3955 -358457
3960 -358457
3965 -358457
3970 -358457
3975 -358457
3980 -358457
3985 -358457
3990 -358457
3995 -358457
4000 -358457
4005 -358457
4010 -358457
4015 -358457
4020 -358457
4025 -358457
4030 -358457
4035 -358457
4040 -358457
4045 -358457
4050 -358457
4055 -358457
4060 -358457
4065 -358457
4070 -358457
4075 -358457
4080 -358457
4085 -358457
4090 -358457
4095 -358457
4100 -358457
4105 -358457
4110 -358457
4115 -358457
4120 -358457
4125 -358457
4130 -358457
4135 -358457
4140 -358457
4145 -358457
4150 -358457
4155 -358457
4160 -358457
4165 -358457
4170 -358457
4175 -358457
4180 -358457
4185 -358457
4190 -358457
4195 -358457
4200 -358457
4205 -358457
4210 -358457
4215 -358457
4220 -358457
4225 -358457
4230 -358457
4235 -358457
4240 -358457
4245 -358457
4250 -358457
4255 -358457
4260 -358457
4265 -358457
4270 -358457
4275 -358457
4280 -358457
4285 -358060
4290 -358060
4295 -358060
4300 -358060
4305 -358060
4310 -358060
4315 -358060
4320 -358060
4325 -358060
4330 -358060
4335 -358060
4340 -358060
4345 -358060
4350 -358060
4355 -358060
4360 -358060
4365 -358060
4370 -358060
4375 -358060
4380 -358060
4385 -358060
4390 -358060
4395 -358060
4400 -358060
4405 -358060
4410 -358060
4415 -358060
4420 -358060
4425 -358060
4430 -358060
4435 -358060
4440 -358060
4445 -358060
4450 -358060
4455 -358060
4460 -358060
4465 -358060
4470 -358060
4475 -358060
4480 -358060
4485 -358060
4490 -358060
4495 -358060
4500 -358060
4505 -358060
4510 -358060
4515 -358060
4520 -358060
4525 -358060
4530 -358060
4535 -358060
4540 -358060
4545 -358060
4550 -358060
4555 -358060
4560 -358060
4565 -358060
4570 -358060
4575 -358060
4580 -358060
4585 -358060
4590 -358060
4595 -358060
4600 -358060
4605 -358060
4610 -358060
4615 -358060
4620 -358060
4625 -358060
4630 -358060
4635 -358060
4640 -358060
4645 -358060
4650 -358060
4655 -358060
4660 -358060
4665 -358060
4670 -358060
4675 -358060
4680 -358060
4685 -358060
4690 -358060
4695 -358060
4700 -358060
4705 -358060
4710 -358060
4715 -358060
4720 -358060
4725 -358060
4730 -358060
4735 -358060
4740 -358060
4745 -358060
4750 -358060
4755 -358060
4760 -358060
4765 -358060
4770 -358060
4775 -358060
4780 -358060
4785 -358060
4790 -358060
4795 -358060
4800 -358060
4805 -358060
4810 -358060
4815 -358060
4820 -358060
4825 -358060
4830 -358060
4835 -358060
4840 -358060
4845 -358060
4850 -358060
4855 -358060
4860 -358060
4865 -358060
4870 -358060
4875 -358060
4880 -358060
4885 -358060
4890 -358060
4895 -358060
4900 -358060
4905 -358060
4910 -358060
4915 -358060
4920 -358060
4925 -358060
4930 -358060
4935 -358060
4940 -358060
4945 -358060
4950 -358060
4955 -358060
4960 -358060
4965 -358060
4970 -358060
4975 -358060
4980 -358060
4985 -358060
4990 -358060
4995 -358060
5000 -358060
5005 -358060
5010 -358060
5015 -358060
5020 -358060
5025 -358060
5030 -358060
5035 -358060
5040 -358060
5045 -358060
5050 -358060
5055 -358060
5060 -358060
5065 -358060
5070 -358060
5075 -358060
5080 -358060
5085 -358060
5090 -358060
5095 -358060
5100 -358060
5105 -358060
5110 -358060
5115 -358060
5120 -358060
5125 -358060
5130 -358060
5135 -358060
5140 -358060
5145 -358060
5150 -358060
5155 -358060
5160 -358060
5165 -358060
5170 -358060
5175 -358060
5180 -358060
5185 -358060
5190 -358060
5195 -358060
5200 -358060
5205 -358060
5210 -358060
5215 -358060
5220 -358060
5225 -358060
5230 -358060
5235 -358060
5240 -358060
5245 -358060
5250 -358060
5255 -358060
5260 -358060
5265 -358060
5270 -358060
5275 -358060
5280 -358060
5285 -358060
5290 -358060
5295 -358060
5300 -358060
5305 -358060
5310 -358060
5315 -358060
5320 -358060
5325 -358060
5330 -358060
5335 -358060
5340 -358060
5345 -358060
5350 -358060
5355 -358060
5360 -358060
5365 -358060
5370 -358060
5375 -358060
5380 -358060
5385 -358060
5390 -358060
5395 -358060
5400 -358060
5405 -358060
5410 -358060
5415 -358060
5420 -358060
5425 -358060
5430 -358060
5435 -358060
5440 -358060
5445 -358060
5450 -358060
5455 -358060
5460 -358060
5465 -358060
5470 -358060
5475 -358060
5480 -358060
5485 -358060
5490 -358060
5495 -358060
5500 -358060
5505 -358060
5510 -358060
5515 -358060
5520 -358060
5525 -358060
5530 -358060
5535 -358060
5540 -358060
5545 -358060
5550 -358060
5555 -358060
5560 -358060
5565 -358060
5570 -358060
5575 -358060
5580 -358060
5585 -358060
5590 -358060
5595 -358060
5600 -358060
5605 -358060
5610 -358060
5615 -358060
5620 -358060
5625 -358060
5630 -358060
5635 -358060
5640 -358060
5645 -358060
5650 -358060
5655 -358060
5660 -358060
5665 -358060
5670 -358060
5675 -358060
5680 -358060
5685 -358060
5690 -358060
5695 -358060
5700 -358060
5705 -358060
5710 -358060
5715 -358060
5720 -358060
5725 -358060
5730 -358060
5735 -358060
5740 -358060
5745 -358060
5750 -358060
5755 -358060
5760 -358060
5765 -358060
5770 -358060
5775 -358060
5780 -358060
5785 -358060
5790 -358060
5795 -358060
5800 -358060
5805 -358060
5810 -358060
5815 -358060
5820 -358060
5825 -358060
5830 -358060
5835 -358060
5840 -358060
5845 -358060
5850 -358060
5855 -358060
5860 -358060
5865 -358060
5870 -358060
5875 -358060
5880 -358060
5885 -358060
5890 -358060
5895 -358060
5900 -358060
5905 -358060
5910 -358060
5915 -358060
5920 -358060
5925 -358060
5930 -358060
5935 -358060
5940 -358060
5945 -358060
5950 -358060
5955 -358060
5960 -358060
5965 -358060
5970 -358060
5975 -358060
5980 -358060
5985 -358060
5990 -358060
5995 -358060
6000 -358060
6005 -358060
6010 -358060
6015 -358060
6020 -358060
6025 -358060
6030 -358060
6035 -358060
6040 -358060
6045 -358060
6050 -358060
6055 -358060
6060 -358060
6065 -358060
6070 -358060
6075 -358060
6080 -358060
6085 -358060
6090 -358060
6095 -358060
6100 -358060
6105 -358060
6110 -358060
6115 -358060
6120 -358060
6125 -358060
6130 -358060
6135 -358060
6140 -358060
6145 -358060
6150 -358060
6155 -358060
6160 -358060
6165 -358060
6170 -358060
6175 -358060
6180 -358060
6185 -358060
6190 -358060
6195 -358060
6200 -358060
6205 -358060
6210 -358060
6215 -358060
6220 -358060
6225 -358060
6230 -358060
6235 -358060
6240 -358060
6245 -358060
6250 -358060
6255 -358060
6260 -358060
6265 -358060
6270 -358060
6275 -358060
6280 -358060
6285 -358060
6290 -358060
6295 -358060
6300 -358060
6305 -358060
6310 -358060
6315 -358060
6320 -358060
6325 -358060
6330 -358060
6335 -358060
6340 -358060
6345 -358060
6350 -358060
6355 -358060
6360 -358060
6365 -358060
6370 -358060
6375 -358060
6380 -358060
6385 -358060
6390 -358060
6395 -358060
6400 -358060
6405 -358060
6410 -358060
6415 -358060
6420 -358060
6425 -358060
6430 -358060
6435 -358060
6440 -358060
6445 -358060
6450 -358060
6455 -358060
6460 -358060
6465 -358060
6470 -358060
6475 -358060
6480 -358060
6485 -358060
6490 -358060
6495 -358060
6500 -358060
6505 -358060
6510 -358060
6515 -358060
6520 -358060
6525 -358060
6530 -358060
6535 -358060
6540 -358060
6545 -358060
6550 -358060
6555 -358060
6560 -358060
6565 -358060
6570 -358060
6575 -358060
6580 -358060
6585 -358060
6590 -358060
6595 -358060
6600 -358060
6605 -358060
6610 -358060
6615 -358060
6620 -358060
6625 -358060
6630 -358060
6635 -358060
6640 -358060
6645 -358060
6650 -358060
6655 -358060
6660 -358060
6665 -358060
6670 -358060
6675 -358060
6680 -358060
6685 -358060
6690 -358060
6695 -358060
6700 -358060
6705 -358060
6710 -358060
6715 -358060
6720 -358060
6725 -358060
6730 -358060
6735 -358060
6740 -358060
6745 -358060
6750 -358060
6755 -358060
6760 -358060
6765 -358060
6770 -358060
6775 -358060
6780 -358060
6785 -358060
6790 -358060
6795 -358060
6800 -358060
6805 -358060
6810 -358060
6815 -358060
6820 -358060
6825 -358060
6830 -358060
6835 -358060
6840 -358060
6845 -358060
6850 -358060
6855 -358060
6860 -358060
6865 -358060
6870 -358060
6875 -358060
6880 -358060
6885 -358060
6890 -358060
6895 -358060
6900 -358060
6905 -358060
6910 -358060
6915 -358060
6920 -358060
6925 -358060
6930 -358060
6935 -358060
6940 -358060
6945 -358060
6950 -358060
6955 -358060
6960 -358060
6965 -358060
6970 -358060
6975 -358060
6980 -358060
6985 -358060
6990 -358060
6995 -358060
7000 -358060
7005 -358060
7010 -358060
7015 -358060
7020 -358060
7025 -358060
7030 -358060
7035 -358060
7040 -358060
7045 -358060
7050 -358060
7055 -358060
7060 -358060
7065 -358060
7070 -358060
7075 -358060
7080 -358060
7085 -358060
7090 -358060
7095 -358060
7100 -358060
7105 -358060
7110 -358060
7115 -358060
7120 -358060
7125 -358060
7130 -358060
7135 -358060
7140 -358060
7145 -358060
7150 -358060
7155 -358060
7160 -358060
7165 -358060
7170 -358060
7175 -358060
7180 -358060
7185 -358060
7190 -358060
7195 -358060
7200 -358060
7205 -358060
7210 -358060
7215 -358060
7220 -358060
7225 -358060
7230 -358060
7235 -358060
7240 -358060
7245 -358060
7250 -358060
7255 -358060
7260 -358060
7265 -358060
7270 -358060
7275 -358060
7280 -358060
7285 -358060
7290 -358060
7295 -358060
7300 -358060
7305 -358060
7310 -358060
7315 -358060
7320 -358060
7325 -358060
7330 -358060
7335 -358060
7340 -358060
7345 -358060
7350 -358060
7355 -358060
7360 -358060
7365 -358060
7370 -358060
7375 -358060
7380 -358060
7385 -358060
7390 -358060
7395 -358060
7400 -358060
7405 -358060
7410 -358060
7415 -358060
7420 -358060
7425 -358060
7430 -358060
7435 -358060
7440 -358060
7445 -358060
7450 -358060
7455 -358060
7460 -358060
7465 -358060
7470 -358060
7475 -358060
7480 -358060
7485 -358060
7490 -358060
7495 -358060
7500 -358060
7505 -358060
7510 -358060
7515 -358060
7520 -358060
7525 -358060
7530 -358060
7535 -358060
7540 -358060
7545 -358060
7550 -358060
7555 -358060
7560 -358060
7565 -358060
7570 -358060
7575 -358060
7580 -358060
7585 -358060
7590 -358060
7595 -358060
7600 -358060
7605 -358060
7610 -358060
7615 -358060
7620 -358060
7625 -358060
7630 -358060
7635 -358060
7640 -358060
7645 -358060
7650 -358060
7655 -358060
7660 -358060
7665 -358060
7670 -358060
7675 -358060
7680 -358060
7685 -358060
7690 -358060
7695 -358060
7700 -358060
7705 -358060
7710 -358060
7715 -358060
7720 -358060
7725 -358060
7730 -358060
7735 -358060
7740 -358060
7745 -358060
7750 -358060
7755 -358060
7760 -358060
7765 -358060
7770 -358060
7775 -358060
7780 -358060
7785 -358060
7790 -358060
7795 -358060
7800 -358060
7805 -358060
7810 -358060
7815 -358060
7820 -358060
7825 -358060
7830 -358060
7835 -358060
7840 -358060
7845 -358060
7850 -358060
7855 -358060
7860 -358060
7865 -358060
7870 -358060
7875 -358060
7880 -358060
7885 -358060
7890 -358060
7895 -358060
7900 -358060
7905 -358060
7910 -358060
7915 -358060
7920 -358060
7925 -358060
7930 -358060
7935 -358060
7940 -358060
7945 -358060
7950 -358060
7955 -358060
7960 -358060
7965 -358060
7970 -358060
7975 -358060
7980 -358060
7985 -358060
7990 -358060
7995 -358060
8000 -358060
8005 -358060
8010 -358060
8015 -358060
8020 -358060
8025 -358060
8030 -358060
8035 -358060
8040 -358060
8045 -358060
8050 -357707
8055 -357707
8060 -357707
8065 -357707
8070 -357707
8075 -357707
8080 -357707
8085 -357707
8090 -357707
8095 -357707
8100 -357707
8105 -357707
8110 -357707
8115 -357707
8120 -357707
8125 -357707
8130 -357707
8135 -357707
8140 -357707
8145 -357707
8150 -357707
8155 -357707
8160 -357707
8165 -357707
8170 -357707
8175 -357707
8180 -357707
8185 -357707
8190 -357707
8195 -357707
8200 -357707
8205 -357707
8210 -357707
8215 -357707
8220 -357707
8225 -357707
8230 -357707
8235 -357707
8240 -357707
8245 -357707
8250 -357707
8255 -357707
8260 -357707
8265 -357707
8270 -357707
8275 -357707
8280 -357707
8285 -357707
8290 -357707
8295 -357707
8300 -357707
8305 -357707
8310 -357707
8315 -357707
8320 -357707
8325 -357707
8330 -357707
8335 -357707
8340 -357707
8345 -357707
8350 -357707
8355 -357707
8360 -357707
8365 -357707
8370 -357707
8375 -357707
8380 -357707
8385 -357707
8390 -357707
8395 -357707
8400 -357707
8405 -357707
8410 -357707
8415 -357707
8420 -357707
8425 -357707
8430 -357707
8435 -357707
8440 -357707
8445 -357707
8450 -357707
8455 -357707
8460 -357707
8465 -357707
8470 -357707
8475 -357707
8480 -357707
8485 -357707
8490 -357707
8495 -357707
8500 -357707
8505 -357707
8510 -357707
8515 -357707
8520 -357707
8525 -357707
8530 -357707
8535 -357707
8540 -357707
8545 -357707
8550 -357707
8555 -357707
8560 -357707
8565 -357707
8570 -357707
8575 -357707
8580 -357707
8585 -357707
8590 -357707
8595 -357707
8600 -357707
8605 -357707
8610 -357707
8615 -357707
8620 -357707
8625 -357707
8630 -357707
8635 -357707
8640 -357707
8645 -357707
8650 -357707
8655 -357707
8660 -357707
8665 -357707
8670 -357707
8675 -357707
8680 -357707
8685 -357707
8690 -357707
8695 -357707
8700 -357707
8705 -357707
8710 -357707
8715 -357707
8720 -357707
8725 -357707
8730 -357707
8735 -357707
8740 -357707
8745 -357707
8750 -357707
8755 -357707
8760 -357707
8765 -357707
8770 -357707
8775 -357707
8780 -357707
8785 -357707
8790 -357707
8795 -357707
8800 -357707
8805 -357707
8810 -357707
8815 -357707
8820 -357707
8825 -357707
8830 -357707
8835 -357707
8840 -357707
8845 -357707
8850 -357707
8855 -357707
8860 -357707
8865 -357707
8870 -357707
8875 -357707
8880 -357707
8885 -357707
8890 -357707
8895 -357707
8900 -357707
8905 -357707
8910 -357707
8915 -357707
8920 -357707
8925 -357707
8930 -357707
8935 -357707
8940 -357707
8945 -357707
8950 -357707
8955 -357707
8960 -357707
8965 -357707
8970 -357707
8975 -357707
8980 -357707
8985 -357707
8990 -357707
8995 -357707
9000 -357707
9005 -357707
9010 -357707
9015 -357707
9020 -357707
9025 -357707
9030 -357707
9035 -357707
9040 -357707
9045 -357707
9050 -357707
9055 -357707
9060 -357707
9065 -357707
9070 -357707
9075 -357707
9080 -357707
9085 -357707
9090 -357707
9095 -357707
9100 -357707
9105 -357707
9110 -357707
9115 -357707
9120 -357707
9125 -357707
9130 -357707
9135 -357707
9140 -357707
9145 -357707
9150 -357707
9155 -357707
9160 -357707
9165 -357707
9170 -357707
9175 -357707
9180 -357707
9185 -357707
9190 -357707
9195 -357707
9200 -357707
9205 -357707
9210 -357707
9215 -357707
9220 -357707
9225 -357707
9230 -357707
9235 -357707
9240 -357707
9245 -357707
9250 -357707
9255 -357707
9260 -357707
9265 -357707
9270 -357707
9275 -357707
9280 -357707
9285 -357707
9290 -357707
9295 -357707
9300 -357707
9305 -357707
9310 -357707
9315 -357707
9320 -357707
9325 -357707
9330 -357707
9335 -357707
9340 -357707
9345 -357707
9350 -357707
9355 -357707
9360 -357707
9365 -357707
9370 -357707
9375 -357707
9380 -357707
9385 -357707
9390 -357707
9395 -357707
9400 -357707
9405 -357707
9410 -357707
9415 -357707
9420 -357707
9425 -357707
9430 -357707
9435 -357707
9440 -357707
9445 -357707
9450 -357707
9455 -357707
9460 -357707
9465 -357707
9470 -357707
9475 -357707
9480 -357707
9485 -357707
9490 -357707
9495 -357707
9500 -357707
9505 -357707
9510 -357707
9515 -357707
9520 -357707
9525 -357707
9530 -357707
9535 -357707
9540 -357707
9545 -357707
9550 -357707
9555 -357707
9560 -357707
9565 -357707
9570 -357707
9575 -357707
9580 -357707
9585 -357707
9590 -357707
9595 -357707
9600 -357707
9605 -357707
9610 -357707
9615 -357707
9620 -357707
9625 -357707
9630 -357707
9635 -357707
9640 -357707
9645 -357707
9650 -357707
9655 -357707
9660 -357707
9665 -357707
9670 -357707
9675 -357707
9680 -357707
9685 -357707
9690 -357707
9695 -357707
9700 -357707
9705 -357707
9710 -357707
9715 -357707
9720 -357707
9725 -357707
9730 -357707
9735 -357707
9740 -357707
9745 -357707
9750 -357707
9755 -357707
9760 -357707
9765 -357707
9770 -357707
9775 -357707
9780 -357707
9785 -357707
9790 -357707
9795 -357707
9800 -357707
9805 -357707
9810 -357707
9815 -357707
9820 -357707
9825 -357707
9830 -357707
9835 -357707
9840 -357707
9845 -357707
9850 -357707
9855 -357707
9860 -357707
9865 -357707
9870 -357707
9875 -357707
9880 -357707
9885 -357707
9890 -357707
9895 -357707
9900 -357707
9905 -357707
9910 -357707
9915 -357707
9920 -357707
9925 -357707
9930 -357707
9935 -357707
9940 -357707
9945 -357707
9950 -357707
9955 -357707
9960 -357707
9965 -357707
9970 -357707
9975 -357707
9980 -357707
9985 -357707
9990 -357707
9995 -357707
10000 -357707
10005 -357707
10010 -357707
10015 -357707
10020 -357707
10025 -357707
10030 -357707
10035 -357707
10040 -357707
10045 -357707
10050 -357707
10055 -357707
10060 -357707
10065 -357707
10070 -357707
10075 -357707
10080 -357707
10085 -357707
10090 -357707
10095 -357707
10100 -357707
10105 -357707
10110 -357707
10115 -357707
10120 -357707
10125 -357707
10130 -357707
10135 -357707
10140 -357707
10145 -357707
10150 -357707
10155 -357707
10160 -357707
10165 -357707
10170 -357707
10175 -357707
10180 -357707
10185 -357707
10190 -357707
10195 -357707
10200 -357707
10205 -357707
10210 -357707
10215 -357707
10220 -357707
10225 -357707
10230 -357707
10235 -357707
10240 -357707
10245 -357707
10250 -357707
10255 -357707
10260 -357707
10265 -357707
10270 -357707
10275 -357707
10280 -357707
10285 -357707
10290 -357707
10295 -357707
10300 -357707
10305 -357707
10310 -357707
10315 -357707
10320 -357707
10325 -357707
10330 -357707
10335 -357707
10340 -357707
10345 -357707
10350 -357651
10355 -357651
10360 -357651
10365 -357651
10370 -357651
10375 -357651
10380 -357651
10385 -357651
10390 -357651
10395 -357651
10400 -357651
10405 -357651
10410 -357651
10415 -357651
10420 -357651
10425 -357651
10430 -357651
10435 -357651
10440 -357651
10445 -357651
10450 -357651
10455 -357651
10460 -357651
10465 -357651
10470 -357651
10475 -357651
10480 -357651
10485 -357651
10490 -357651
10495 -357651
10500 -357651
10505 -357651
10510 -357651
10515 -357651
10520 -357651
10525 -357651
10530 -357651
10535 -357651
10540 -357651
10545 -357651
10550 -357651
10555 -357651
10560 -357651
10565 -357651
10570 -357651
10575 -357651
10580 -357651
10585 -357651
10590 -357651
10595 -357651
10600 -357651
10605 -357120
10610 -357120
10615 -357120
10620 -357120
10625 -357120
10630 -357120
10635 -357120
10640 -357120
10645 -357120
10650 -357120
10655 -357120
10660 -357120
10665 -357120
10670 -357120
10675 -357120
10680 -357120
10685 -357120
10690 -357120
10695 -357120
10700 -357120
10705 -357120
10710 -357120
10715 -357120
10720 -357120
10725 -357120
10730 -357120
10735 -357120
10740 -357120
10745 -357120
10750 -357120
10755 -357120
10760 -357120
10765 -357120
10770 -357120
10775 -357120
10780 -357120
10785 -357120
10790 -357120
10795 -357120
10800 -357120
10805 -357120
10810 -357120
10815 -357120
10820 -357120
10825 -357120
10830 -357120
10835 -357120
10840 -357120
10845 -357120
10850 -357120
10855 -357120
10860 -357120
10865 -357120
10870 -357120
10875 -357120
10880 -357120
10885 -357120
10890 -357120
10895 -357120
10900 -357120
10905 -357120
10910 -357120
10915 -357120
10920 -357120
10925 -357120
10930 -357120
10935 -357120
10940 -357120
10945 -357120
10950 -357120
10955 -357120
10960 -357120
10965 -357120
10970 -357120
10975 -357120
10980 -357120
10985 -357120
10990 -357120
10995 -357120
11000 -357120
11005 -357120
11010 -357120
11015 -357120
11020 -357120
11025 -357120
11030 -357120
11035 -357120
11040 -357120
11045 -357120
11050 -357120
11055 -357120
11060 -357120
11065 -357120
11070 -357120
11075 -357120
11080 -357120
11085 -357120
11090 -357120
11095 -357120
11100 -357120
11105 -357120
11110 -357120
11115 -357120
11120 -357120
11125 -357120
11130 -357120
11135 -357120
11140 -357120
11145 -357120
11150 -357120
11155 -357120
11160 -357120
11165 -357120
11170 -357120
11175 -357120
11180 -357120
11185 -357120
11190 -357120
11195 -357120
11200 -357120
11205 -357120
11210 -357120
11215 -357120
11220 -357120
11225 -357120
11230 -357120
11235 -357120
11240 -357120
11245 -357120
11250 -357120
11255 -357120
11260 -357120
11265 -357120
11270 -357120
11275 -357120
11280 -357120
11285 -357120
11290 -357120
11295 -357120
11300 -357120
11305 -357120
11310 -357120
11315 -357120
11320 -357120
11325 -357120
11330 -357120
11335 -357120
11340 -357120
11345 -357120
11350 -357120
11355 -357120
11360 -357120
11365 -357120
11370 -357120
11375 -357120
11380 -357120
11385 -357120
11390 -357120
11395 -357120
11400 -357120
11405 -357120
11410 -357120
11415 -357120
11420 -357120
11425 -357120
11430 -357120
11435 -357120
11440 -357120
11445 -357120
11450 -357120
11455 -357120
11460 -357120
11465 -357120
11470 -357120
11475 -357120
11480 -357120
11485 -357120
11490 -357120
11495 -357120
11500 -357120
11505 -357120
11510 -357120
11515 -357120
11520 -357120
11525 -357120
11530 -357120
11535 -357120
11540 -357120
11545 -357120
11550 -357120
11555 -357120
11560 -357120
11565 -357120
11570 -357120
11575 -357120
11580 -357120
11585 -357120
11590 -357120
11595 -357120
11600 -357120
11605 -357120
11610 -357120
11615 -357120
11620 -357120
11625 -357120
11630 -357120
11635 -357120
11640 -357120
11645 -357120
11650 -357120
11655 -357120
11660 -357120
11665 -357120
11670 -357120
11675 -357120
11680 -357120
11685 -357120
11690 -357120
11695 -357120
11700 -357120
11705 -357120
11710 -357120
11715 -357120
11720 -357120
11725 -357120
11730 -357120
11735 -357120
11740 -357120
11745 -357120
11750 -357120
11755 -357120
11760 -357120
11765 -356619
11770 -356619
11775 -356619
11780 -356619
11785 -356619
11790 -356619
11795 -356619
11800 -356619
11805 -356619
11810 -356619
11815 -356619
11820 -356619
11825 -356619
11830 -356619
11835 -356619
11840 -356619
11845 -356619
11850 -356619
11855 -356619
11860 -356619
11865 -356619
11870 -356619
11875 -356619
11880 -356440
11885 -356440
11890 -356440
11895 -356440
11900 -356440
11905 -356440
11910 -356440
11915 -356440
11920 -356440
11925 -356440
11930 -356440
11935 -356440
11940 -356440
11945 -356440
11950 -356440
11955 -356440
11960 -356440
11965 -356440
11970 -356440
11975 -356440
11980 -356440
11985 -356440
11990 -356440
11995 -356440
12000 -356440
12005 -356440
12010 -356440
12015 -356440
12020 -356440
12025 -356440
12030 -356440
12035 -356440
12040 -356440
12045 -356440
12050 -356440
12055 -356440
12060 -356440
12065 -356440
12070 -356440
12075 -356440
12080 -356440
12085 -356440
12090 -356440
12095 -356440
12100 -356440
12105 -356440
12110 -356440
12115 -356440
12120 -356440
12125 -356440
12130 -356440
12135 -356440
12140 -356440
12145 -356440
12150 -356440
12155 -356440
12160 -356440
12165 -356440
12170 -356440
12175 -356440
12180 -356440
12185 -356440
12190 -356440
12195 -356440
12200 -356440
12205 -356440
12210 -356440
12215 -356440
12220 -356440
12225 -356440
12230 -356440
12235 -356440
12240 -356440
12245 -356440
12250 -356440
12255 -356440
12260 -356440
12265 -356440
12270 -356440
12275 -356440
12280 -356440
12285 -356440
12290 -356440
12295 -356440
12300 -356440
12305 -356440
12310 -356440
12315 -356440
12320 -356440
12325 -356440
12330 -356440
12335 -356440
12340 -356440
12345 -356440
12350 -356440
12355 -356440
12360 -356440
12365 -356440
12370 -356440
12375 -356440
12380 -356440
12385 -356440
12390 -356440
12395 -356440
12400 -356440
12405 -356440
12410 -356440
12415 -356440
12420 -356440
12425 -356440
12430 -356440
12435 -356440
12440 -356440
12445 -356440
12450 -356440
12455 -356440
12460 -356440
12465 -356440
12470 -356440
12475 -356440
12480 -356440
12485 -356440
12490 -356440
12495 -356440
12500 -356440
12505 -356440
12510 -356440
12515 -356440
12520 -356440
12525 -356440
12530 -356440
12535 -356440
12540 -356440
12545 -356440
12550 -356440
12555 -356440
12560 -356440
12565 -356440
12570 -356440
12575 -356440
12580 -356440
12585 -356440
12590 -356440
12595 -356440
12600 -356440
12605 -356440
12610 -356440
12615 -356440
12620 -356440
12625 -356440
12630 -356440
12635 -356440
12640 -356440
12645 -356440
12650 -356440
12655 -356440
12660 -356440
12665 -356440
12670 -356440
12675 -356440
12680 -356440
12685 -356440
12690 -356440
12695 -356440
12700 -356440
12705 -356440
12710 -356440
12715 -356440
12720 -356440
12725 -356440
12730 -356440
12735 -356440
12740 -356440
12745 -356440
12750 -356440
12755 -356440
12760 -356440
12765 -356440
12770 -356440
12775 -356440
12780 -356440
12785 -356440
12790 -356440
12795 -356440
12800 -356440
12805 -356440
12810 -356440
12815 -356440
12820 -356440
12825 -356440
12830 -356440
12835 -356440
12840 -356440
12845 -356440
12850 -356440
12855 -356440
12860 -356440
12865 -356440
12870 -356440
12875 -356440
12880 -356440
12885 -356440
12890 -356440
12895 -356440
12900 -356440
12905 -356440
12910 -356440
12915 -356440
12920 -356440
12925 -356440
12930 -356440
12935 -356440
12940 -356440
12945 -356440
12950 -356440
12955 -356440
12960 -356440
12965 -356440
12970 -356440
12975 -356440
12980 -356440
12985 -356440
12990 -356440
12995 -356440
13000 -356440
13005 -356440
13010 -356440
13015 -356440
13020 -356440
13025 -356440
13030 -356440
13035 -356440
13040 -356440
13045 -356440
13050 -356440
13055 -356440
13060 -356440
13065 -356440
13070 -356440
13075 -356440
13080 -356440
13085 -356440
13090 -356440
13095 -356440
13100 -356440
13105 -356440
13110 -356440
13115 -356440
13120 -356440
13125 -356440
13130 -356440
13135 -356440
13140 -356440
13145 -356440
13150 -356440
13155 -356440
13160 -356440
13165 -356440
13170 -356440
13175 -356440
13180 -356440
13185 -356440
13190 -356440
13195 -356440
13200 -356440
13205 -356440
13210 -356440
13215 -356440
13220 -356440
13225 -356440
13230 -356440
13235 -356440
13240 -356440
13245 -356440
13250 -356440
13255 -356440
13260 -356440
13265 -356440
13270 -356440
13275 -356440
13280 -356440
13285 -356440
13290 -356440
13295 -356440
13300 -356440
13305 -356440
13310 -356440
13315 -356440
13320 -356440
13325 -356440
13330 -356440
13335 -356440
13340 -356440
13345 -356440
13350 -356440
13355 -356440
13360 -356440
13365 -356440
13370 -356440
13375 -356440
13380 -356440
13385 -356440
13390 -356440
13395 -356440
13400 -356440
13405 -356440
13410 -356440
13415 -356440
13420 -356440
13425 -356440
13430 -356440
13435 -356440
13440 -356440
13445 -356440
13450 -356440
13455 -356440
13460 -356440
13465 -356440
13470 -356440
13475 -356440
13480 -356440
13485 -356440
13490 -356440
13495 -356440
13500 -356440
13505 -356440
13510 -356440
13515 -356440
13520 -356440
13525 -356440
13530 -356440
13535 -356440
13540 -356440
13545 -356440
13550 -356440
13555 -356440
13560 -356440
13565 -356440
13570 -356440
13575 -356440
13580 -356440
13585 -356440
13590 -356440
13595 -356440
13600 -356440
13605 -356440
13610 -356440
13615 -356440
13620 -356440
13625 -356440
13630 -356440
13635 -356440
13640 -356440
13645 -356440
13650 -356440
13655 -356440
13660 -356440
13665 -356440
13670 -356440
13675 -356440
13680 -356440
13685 -356440
13690 -356440
13695 -356440
13700 -356440
13705 -356440
13710 -356440
13715 -356440
13720 -356440
13725 -356440
13730 -356440
13735 -356440
13740 -356440
13745 -356440
13750 -356440
13755 -356440
13760 -356440
13765 -356440
13770 -356440
13775 -356440
13780 -356440
13785 -356440
13790 -356440
13795 -356440
13800 -356440
13805 -356440
13810 -356440
13815 -356440
13820 -356440
13825 -356440
13830 -356440
13835 -356440
13840 -356440
13845 -356440
13850 -356440
13855 -356440
13860 -356440
13865 -356440
13870 -356440
13875 -356440
13880 -356440
13885 -356440
13890 -356440
13895 -356440
13900 -356440
13905 -356440
13910 -356440
13915 -356440
13920 -356440
13925 -356440
13930 -356440
13935 -356440
13940 -356440
13945 -356440
13950 -356440
13955 -356440
13960 -356440
13965 -356440
13970 -356440
13975 -356440
13980 -356440
13985 -356440
13990 -356440
13995 -356440
14000 -356440
14005 -356440
14010 -356440
14015 -356440
14020 -356440
14025 -356440
14030 -356440
14035 -356440
14040 -356440
14045 -356440
14050 -356440
14055 -356440
14060 -356440
14065 -356440
14070 -356440
14075 -356440
14080 -356440
14085 -356440
14090 -356440
14095 -356440
14100 -356440
14105 -356440
14110 -356440
14115 -356440
14120 -356440
14125 -356440
14130 -356440
14135 -356440
14140 -356440
14145 -356440
14150 -356440
14155 -356440
14160 -356440
14165 -356440
14170 -356440
14175 -356440
14180 -356440
14185 -356440
14190 -356440
