10 -362056
15 -357177
20 -352610
25 -352610
30 -352610
35 -352610
40 -351538
45 -351538
50 -351538
55 -351538
60 -351184
65 -351184
70 -351144
75 -351144
80 -351144
85 -351144
90 -350420
95 -350420
100 -350420
105 -350420
110 -350420
115 -350420
120 -350420
125 -350420
130 -350044
135 -350044
140 -350044
145 -349175
150 -348634
155 -348600
160 -348600
165 -348600
170 -348600
175 -348600
180 -348600
185 -348600
190 -347738
195 -347738
200 -347738
205 -347738
210 -347738
215 -347738
220 -347738
225 -346955
230 -346955
235 -346955
240 -346955
245 -346955
250 -346955
255 -346955
260 -346955
265 -346684
270 -346684
275 -346684
280 -346684
285 -344594
290 -344594
295 -344594
300 -344594
305 -344594
310 -344594
315 -344594
320 -344594
325 -344594
330 -344594
335 -344594
340 -344594
345 -344594
350 -344594
355 -344594
360 -344594
365 -344594
370 -344594
375 -343994
380 -343994
385 -343994
390 -343994
395 -343994
400 -343994
405 -343994
410 -342337
415 -342337
420 -342337
425 -342337
430 -342337
435 -342337
440 -342337
445 -342337
450 -342337
455 -342337
460 -342337
465 -342337
470 -342337
475 -342337
480 -342337
485 -342337
490 -342337
495 -342337
500 -342337
505 -342337
510 -342337
515 -342337
520 -342337
525 -342337
530 -342337
535 -342337
540 -342337
545 -342337
550 -342337
555 -342337
560 -342337
565 -342337
570 -342337
575 -342337
580 -342337
585 -342337
590 -342337
595 -342240
600 -342080
605 -342080
610 -342080
615 -342080
620 -342080
625 -342080
630 -342080
635 -342080
640 -342080
645 -342080
650 -342080
655 -342080
660 -342080
665 -342080
670 -342080
675 -342080
680 -342080
685 -342080
690 -342080
695 -342080
700 -342080
705 -342080
710 -342080
715 -342080
720 -342080
725 -342080
730 -342080
735 -342080
740 -342080
745 -342080
750 -342080
755 -342080
760 -342080
765 -342080
770 -342080
775 -342080
780 -341695
785 -341695
790 -341695
795 -341695
800 -341695
805 -341695
810 -341695
815 -341695
820 -341695
825 -341695
830 -341695
835 -341695
840 -341695
845 -341695
850 -341695
855 -340931
860 -340931
865 -340931
870 -340931
875 -340931
880 -340931
885 -340931
890 -340931
895 -340931
900 -340931
905 -340931
910 -340931
915 -340931
920 -340931
925 -340931
930 -340931
935 -340931
940 -340931
945 -340931
950 -340931
955 -340931
960 -340931
965 -340931
970 -340931
975 -340931
980 -340931
985 -340931
990 -340931
995 -340931
1000 -340931
1005 -340931
1010 -340931
1015 -340931
1020 -340931
1025 -340931
1030 -340931
1035 -340931
1040 -340931
1045 -340931
1050 -340931
1055 -340931
1060 -340931
1065 -340931
1070 -340931
1075 -340931
1080 -340931
1085 -340931
1090 -340931
1095 -340931
1100 -340931
1105 -340931
1110 -340931
1115 -340931
1120 -340931
1125 -340931
1130 -340931
1135 -340931
1140 -340931
1145 -340931
1150 -340931
1155 -340931
1160 -340931
1165 -340931
1170 -340931
1175 -340931
1180 -340931
1185 -340931
1190 -340931
1195 -340931
1200 -340931
1205 -340931
1210 -340931
1215 -340931
1220 -340931
1225 -340931
1230 -340931
1235 -340931
1240 -340931
1245 -340931
1250 -340931
1255 -340931
1260 -340931
1265 -340931
1270 -340931
1275 -340931
1280 -340931
1285 -340931
1290 -340931
1295 -340364
1300 -340364
1305 -340364
1310 -339893
1315 -339893
1320 -339893
1325 -339893
1330 -339893
1335 -339893
1340 -339893
1345 -339893
1350 -339893
1355 -339893
1360 -339893
1365 -339893
1370 -339893
1375 -339893
1380 -339893
1385 -339893
1390 -339893
1395 -339893
1400 -339893
1405 -339893
1410 -339893
1415 -339893
1420 -339893
1425 -339893
1430 -339893
1435 -339893
1440 -339893
1445 -339893
1450 -339893
1455 -339827
1460 -339827
1465 -339827
1470 -339827
1475 -339827
1480 -339827
1485 -339827
1490 -339827
1495 -339827
1500 -339827
1505 -339827
1510 -339827
1515 -339827
1520 -339827
