10 -363542
15 -363542
20 -360594
25 -359601
30 -357689
35 -357060
40 -355853
45 -354920
50 -354920
55 -354920
60 -354920
65 -354195
70 -354195
75 -352765
80 -352765
85 -352451
90 -352451
95 -352451
100 -352451
105 -352451
110 -352451
115 -352451
120 -352451
125 -352451
130 -352451
135 -352451
140 -352451
145 -352451
150 -351989
155 -351989
160 -351989
165 -351565
170 -351565
175 -351565
180 -351565
185 -351565
190 -351565
195 -351565
200 -351565
205 -351565
210 -351565
215 -351565
220 -351565
225 -351565
230 -351520
235 -351520
240 -351520
245 -351520
250 -351520
255 -351520
260 -351520
265 -351520
270 -351520
275 -351520
280 -351520
285 -351409
290 -351409
295 -351409
300 -349862
305 -349862
310 -349862
315 -349862
320 -349862
325 -349862
330 -349862
335 -349645
340 -349118
345 -349063
350 -349063
355 -349063
360 -348647
365 -348647
370 -348647
375 -348461
380 -348461
385 -348461
390 -348461
395 -348461
400 -348461
405 -347175
410 -347175
415 -347175
420 -347175
425 -347175
430 -347175
435 -347175
440 -347175
445 -347175
450 -347175
455 -347175
460 -347175
465 -347175
470 -347175
475 -347175
480 -347175
485 -347175
490 -346148
495 -346148
500 -346148
505 -346148
510 -345219
515 -345219
520 -345219
525 -345219
530 -345219
535 -345219
540 -345219
545 -345219
550 -345219
555 -345219
560 -345219
565 -345219
570 -345219
575 -345219
580 -345219
585 -345219
590 -345219
595 -345219
600 -345219
605 -345219
610 -345219
615 -343503
620 -343503
625 -343503
630 -343503
635 -343503
640 -343503
645 -343503
650 -343503
655 -343503
660 -343503
665 -343503
670 -343503
675 -343503
680 -343503
685 -343503
690 -343503
695 -343217
700 -343217
705 -343217
710 -343217
715 -343217
720 -343217
725 -343217
730 -343217
735 -343217
740 -343217
745 -342208
750 -342208
755 -342208
760 -342208
765 -342208
770 -342208
775 -342208
780 -342208
785 -341839
790 -341839
795 -341839
800 -341839
805 -341839
810 -341839
815 -341839
820 -341839
825 -341839
830 -341839
835 -341839
840 -341839
845 -341839
850 -341839
855 -341839
860 -341839
865 -341839
870 -341839
875 -341839
880 -341537
885 -341537
890 -341537
895 -341537
900 -341537
905 -341537
910 -341537
915 -341537
920 -341537
925 -341537
930 -341537
935 -341537
940 -341537
945 -341537
950 -341537
955 -341537
960 -341537
965 -341537
970 -341537
975 -341537
980 -341537
985 -341537
990 -341537
995 -341537
1000 -341494
1005 -341494
1010 -341494
1015 -341494
1020 -341494
1025 -341494
1030 -341494
1035 -341494
1040 -341494
1045 -341494
1050 -341494
1055 -341494
1060 -341494
1065 -341494
1070 -341494
1075 -341494
1080 -341494
1085 -341494
1090 -341494
1095 -341494
1100 -341494
1105 -341494
1110 -341494
1115 -341494
1120 -341494
1125 -341494
1130 -341494
1135 -341494
1140 -341494
1145 -341494
1150 -341494
1155 -341494
1160 -341494
1165 -341494
1170 -341494
1175 -341494
1180 -341494
1185 -341494
1190 -341494
1195 -341494
1200 -341494
1205 -341494
1210 -341494
1215 -341494
1220 -341494
1225 -341494
1230 -341494
1235 -341494
1240 -341494
1245 -341494
1250 -341494
1255 -341494
1260 -341494
1265 -341494
1270 -341494
1275 -341494
1280 -341494
1285 -341494
1290 -341494
1295 -341494
1300 -341494
1305 -341494
1310 -341494
1315 -341494
1320 -341494
1325 -340720
1330 -340720
1335 -340720
1340 -340720
1345 -340720
1350 -340720
1355 -340720
1360 -340720
1365 -340720
1370 -340720
1375 -340720
1380 -340720
1385 -340720
1390 -340720
1395 -340720
1400 -340720
1405 -340720
1410 -340720
1415 -340720
1420 -340720
1425 -340720
1430 -340720
1435 -340720
1440 -340720
1445 -340720
1450 -340720
1455 -340720
1460 -340720
1465 -340720
1470 -340720
1475 -340720
1480 -340720
1485 -340720
1490 -340720
1495 -340720
1500 -340720
1505 -340720
1510 -340720
1515 -340720
1520 -340720
1525 -340720
1530 -340720
1535 -340720
1540 -340720
1545 -340720
1550 -340720
1555 -340720
1560 -340720
1565 -340720
1570 -340720
1575 -340720
1580 -340720
1585 -340720
1590 -340720
1595 -340720
1600 -340720
1605 -340720
1610 -340720
1615 -340720
1620 -340720
1625 -340720
1630 -340720
1635 -340720
1640 -340720
1645 -340720
1650 -340720
1655 -340720
1660 -340720
1665 -340720
1670 -340720
1675 -340720
1680 -340720
1685 -340720
1690 -340720
1695 -340720
1700 -340720
1705 -340720
1710 -340720
1715 -340720
1720 -340720
1725 -340720
1730 -340720
1735 -340720
1740 -340720
1745 -340720
1750 -340720
1755 -340720
1760 -340720
1765 -340720
1770 -340720
1775 -340720
1780 -339815
1785 -339815
1790 -339815
1795 -339815
1800 -339815
1805 -339815
1810 -339815
1815 -339815
1820 -339815
1825 -339815
1830 -339815
1835 -339815
1840 -339340
1845 -339340
