10 -467274
15 -466605
20 -466605
25 -466464
30 -464472
35 -464069
40 -464069
45 -463358
50 -463103
55 -461736
60 -461079
65 -461079
70 -461079
75 -461079
80 -461079
85 -459486
90 -459486
95 -459486
100 -458095
105 -458095
110 -457737
115 -457737
120 -457737
125 -457737
130 -457737
135 -457737
140 -457737
145 -457737
150 -457607
155 -457607
160 -457607
165 -457607
170 -457607
175 -457607
180 -457607
185 -457607
190 -457607
195 -457607
200 -457607
205 -457607
210 -457607
215 -457607
220 -457607
225 -457023
230 -457023
235 -457023
240 -457023
245 -457023
250 -457023
255 -457023
260 -457023
265 -457023
270 -457023
275 -457023
280 -457023
285 -457023
290 -457023
295 -457023
300 -457023
305 -457023
310 -457023
315 -457023
320 -456705
325 -456705
330 -456705
335 -456705
340 -456705
345 -456705
350 -456705
355 -456705
360 -456705
365 -456705
370 -456705
375 -456705
380 -456610
385 -456610
390 -456610
395 -456610
400 -456610
405 -455877
410 -455877
415 -455877
420 -455877
425 -455877
430 -455306
435 -455306
440 -455306
445 -455306
450 -455306
455 -455306
460 -454954
465 -454620
470 -454620
475 -454620
480 -454620
485 -454620
490 -454614
495 -454614
500 -454614
505 -454614
510 -454614
515 -454614
520 -454614
525 -454614
530 -454614
535 -453679
540 -453679
545 -453679
550 -453679
555 -453679
560 -453679
565 -453679
570 -453679
575 -453679
580 -453679
585 -453679
590 -453679
595 -453679
600 -453679
605 -453679
610 -453610
615 -453610
620 -453610
625 -453610
630 -453610
635 -453610
640 -453610
645 -453610
650 -453610
655 -453610
660 -453610
665 -453610
670 -453610
675 -453610
680 -453610
685 -453610
690 -453610
695 -453610
700 -453610
705 -453610
710 -453610
715 -453610
720 -453610
725 -453610
730 -453610
735 -453609
740 -453609
745 -453609
750 -453609
755 -453609
760 -453609
765 -453609
770 -453609
775 -453609
780 -453609
785 -453609
790 -453609
795 -453362
800 -453362
805 -453362
810 -453362
815 -453362
820 -453362
825 -453362
830 -453362
835 -453362
840 -453362
845 -453362
850 -453362
855 -452552
860 -452552
865 -452552
870 -452552
875 -452552
880 -452552
885 -452552
890 -452552
895 -452552
900 -452552
905 -452552
910 -452552
915 -452552
920 -452552
925 -452552
930 -452552
935 -452552
940 -452552
945 -452552
950 -452552
955 -452552
960 -452552
965 -452552
970 -452552
975 -452552
980 -452552
985 -452552
990 -452552
995 -452552
1000 -452552
1005 -452552
1010 -452389
1015 -452389
1020 -452389
1025 -452389
1030 -452389
1035 -452389
1040 -452389
1045 -452389
1050 -452389
1055 -452389
1060 -452389
1065 -452389
1070 -452389
1075 -452389
1080 -452389
1085 -452389
1090 -452389
1095 -452389
1100 -452389
1105 -452389
1110 -452389
1115 -452389
1120 -452389
1125 -452389
1130 -452389
1135 -452389
1140 -452389
1145 -452389
1150 -452389
1155 -452389
1160 -452389
1165 -452389
1170 -452389
1175 -452389
1180 -452389
1185 -452389
1190 -452389
1195 -452389
1200 -452389
1205 -452389
1210 -452389
1215 -452389
1220 -452389
1225 -452389
1230 -452389
1235 -452389
1240 -452389
1245 -452389
1250 -452389
1255 -452389
1260 -452389
1265 -452389
1270 -452389
1275 -452389
1280 -452389
1285 -452389
1290 -452389
1295 -452389
1300 -452389
1305 -452389
1310 -452389
1315 -452389
1320 -452389
1325 -452389
1330 -452389
1335 -452389
1340 -452389
1345 -452389
1350 -452389
1355 -452389
1360 -452389
1365 -452389
1370 -452389
1375 -452389
1380 -452389
1385 -452389
1390 -452389
1395 -452389
1400 -452389
1405 -452389
1410 -452389
1415 -452389
1420 -452389
1425 -452389
1430 -452389
1435 -452389
1440 -452389
1445 -452389
1450 -452389
1455 -452389
1460 -452389
1465 -452389
1470 -452389
1475 -452389
1480 -452389
1485 -452389
1490 -452389
1495 -452389
1500 -452389
1505 -452389
1510 -452389
1515 -452389
1520 -452389
1525 -452389
1530 -452389
1535 -452389
1540 -452389
1545 -452389
1550 -452389
1555 -452389
1560 -452389
1565 -452389
1570 -452389
1575 -452389
1580 -452389
1585 -452389
1590 -452389
1595 -452389
1600 -452389
1605 -452389
1610 -452389
1615 -452389
1620 -452389
1625 -452389
1630 -452389
1635 -452389
1640 -452389
1645 -452389
1650 -452389
1655 -452389
1660 -452389
1665 -452389
1670 -452389
1675 -452389
1680 -452389
1685 -452389
1690 -452389
1695 -452389
1700 -452389
1705 -452389
1710 -452389
1715 -452389
1720 -452389
1725 -452389
1730 -452389
1735 -452389
1740 -452389
1745 -452389
1750 -452389
1755 -452389
1760 -452389
1765 -452389
1770 -452389
1775 -452389
1780 -452389
1785 -452389
1790 -452389
1795 -452389
1800 -452389
1805 -452389
1810 -452389
1815 -452389
1820 -452389
1825 -452389
1830 -452389
1835 -452389
1840 -452389
1845 -452389
1850 -452389
1855 -452389
1860 -452389
1865 -452389
1870 -452389
1875 -452389
1880 -452389
1885 -452389
1890 -452389
1895 -452389
1900 -452389
1905 -452389
1910 -452389
1915 -452389
1920 -452389
1925 -452389
1930 -452389
1935 -452389
1940 -452389
1945 -452389
1950 -452389
1955 -452389
1960 -452389
1965 -452389
1970 -452389
1975 -452389
1980 -452389
1985 -452389
1990 -452389
1995 -452389
2000 -452389
2005 -452389
2010 -452389
2015 -452389
2020 -452389
2025 -452389
2030 -452389
2035 -452389
2040 -452389
2045 -452389
2050 -452389
2055 -452389
2060 -452389
2065 -452389
2070 -452389
2075 -452389
2080 -452389
2085 -452389
2090 -452389
2095 -452389
2100 -452389
2105 -452389
2110 -452389
2115 -452389
2120 -452389
2125 -452389
2130 -452389
2135 -452389
2140 -452389
2145 -452389
2150 -452389
2155 -452389
2160 -452389
2165 -452389
2170 -452389
2175 -452389
2180 -452389
2185 -452389
2190 -452389
2195 -452389
2200 -452389
2205 -452389
2210 -452389
2215 -452389
2220 -452389
2225 -452389
2230 -452389
2235 -452389
2240 -452389
2245 -452389
2250 -452389
2255 -452389
2260 -452389
2265 -452389
2270 -452389
2275 -452389
2280 -452389
2285 -452389
2290 -452389
2295 -452389
2300 -452389
2305 -452389
2310 -452389
2315 -452389
2320 -452389
2325 -452389
2330 -452389
2335 -452389
2340 -452389
2345 -452389
2350 -452389
2355 -452389
2360 -452389
2365 -452389
2370 -452389
2375 -452389
2380 -452389
2385 -452389
2390 -452389
2395 -452389
2400 -452389
2405 -452389
2410 -452389
2415 -452389
2420 -452389
2425 -452389
2430 -452389
2435 -452389
2440 -452389
2445 -452389
2450 -452389
2455 -452389
2460 -452389
2465 -452389
2470 -452389
2475 -452389
2480 -452389
2485 -452389
2490 -452389
2495 -452389
2500 -452389
2505 -452389
2510 -452389
2515 -452389
2520 -452389
2525 -452389
2530 -452389
2535 -452389
2540 -452389
2545 -452389
2550 -452389
2555 -452389
2560 -452389
2565 -452389
2570 -452389
2575 -452389
2580 -452389
2585 -452389
2590 -452389
2595 -452389
2600 -452389
2605 -452389
2610 -452389
2615 -452389
2620 -452389
2625 -452389
2630 -452389
2635 -452389
2640 -452389
2645 -452389
2650 -452389
2655 -452389
2660 -452389
2665 -452389
2670 -452389
2675 -452389
2680 -452389
2685 -452389
2690 -452389
2695 -452389
2700 -452389
2705 -452389
2710 -452389
2715 -452389
2720 -452389
2725 -452389
2730 -452389
2735 -452389
2740 -452389
2745 -452389
2750 -452389
2755 -452389
2760 -452389
2765 -452389
2770 -452389
2775 -452389
2780 -452389
2785 -452389
2790 -452389
2795 -452389
2800 -452389
2805 -452389
2810 -452389
2815 -452389
2820 -452389
2825 -452389
2830 -452389
2835 -452389
2840 -452389
2845 -452389
2850 -452389
2855 -452389
2860 -452389
2865 -452389
2870 -452389
2875 -452389
2880 -452389
2885 -452389
2890 -452389
2895 -452389
2900 -452389
2905 -452389
2910 -451594
2915 -451594
2920 -451594
2925 -451594
2930 -451594
2935 -451594
2940 -451594
2945 -451594
2950 -451594
2955 -451594
2960 -451594
2965 -451594
2970 -451594
2975 -451594
2980 -451594
2985 -451594
2990 -451594
2995 -451594
3000 -451594
3005 -451594
3010 -451594
3015 -451594
3020 -451594
3025 -451594
3030 -451594
3035 -451594
3040 -451594
3045 -451594
3050 -451594
3055 -451594
3060 -451594
3065 -451594
3070 -451594
3075 -451594
3080 -451594
3085 -451534
3090 -451534
3095 -451534
3100 -451534
3105 -451534
3110 -451534
3115 -451534
3120 -451534
3125 -451534
3130 -451534
3135 -451534
3140 -451534
3145 -451534
3150 -451534
3155 -451534
3160 -451534
3165 -451534
3170 -451534
3175 -451534
3180 -451534
3185 -451534
3190 -451534
3195 -451534
3200 -451534
3205 -451534
3210 -451534
3215 -451534
3220 -451534
3225 -451534
3230 -451534
3235 -451534
3240 -451534
3245 -451534
3250 -451534
3255 -451534
3260 -451534
3265 -451534
3270 -451534
3275 -451534
3280 -451534
3285 -451534
3290 -451534
3295 -451534
3300 -451534
3305 -451534
3310 -451534
3315 -451534
3320 -451534
3325 -451534
3330 -451534
3335 -451534
3340 -451534
3345 -451534
3350 -451534
3355 -451534
3360 -451534
3365 -451534
3370 -451534
3375 -451534
3380 -451534
3385 -451534
3390 -451534
3395 -451534
3400 -451534
3405 -451534
3410 -451534
3415 -451534
3420 -451534
3425 -451534
3430 -451534
3435 -451534
3440 -451534
3445 -451534
3450 -451140
3455 -451140
3460 -451140
3465 -451140
3470 -451140
3475 -451140
3480 -451140
3485 -451140
3490 -451140
3495 -451140
3500 -451140
3505 -451140
3510 -451140
3515 -451140
3520 -451140
3525 -451140
3530 -451140
3535 -451140
3540 -451140
3545 -451140
3550 -451140
3555 -451117
3560 -451117
3565 -451117
3570 -451117
3575 -451117
3580 -451117
3585 -451117
3590 -451117
3595 -451117
3600 -451117
3605 -451117
3610 -451117
3615 -451117
3620 -451117
3625 -451117
3630 -451117
3635 -451117
3640 -451117
3645 -451117
3650 -451117
3655 -451117
3660 -451117
3665 -451117
3670 -451117
3675 -451117
3680 -451117
3685 -451117
3690 -451117
3695 -451117
3700 -451117
3705 -451117
3710 -451117
3715 -451117
3720 -451117
3725 -451117
3730 -451117
3735 -451117
3740 -451117
3745 -451117
3750 -451117
3755 -451117
3760 -451117
3765 -451117
3770 -451117
3775 -451117
3780 -451117
3785 -451117
3790 -451117
3795 -451117
3800 -451117
3805 -451117
3810 -451117
3815 -451117
3820 -451117
3825 -451117
3830 -451117
3835 -451117
3840 -451117
3845 -451117
3850 -451117
3855 -451117
3860 -451117
3865 -451117
3870 -451117
3875 -451117
3880 -451117
3885 -451117
3890 -451117
3895 -451117
3900 -451117
3905 -451117
3910 -451117
3915 -451117
3920 -451117
3925 -451117
3930 -451117
3935 -451117
3940 -451117
3945 -451117
3950 -451117
3955 -451117
3960 -451117
3965 -451117
3970 -451117
3975 -451117
3980 -451117
3985 -451117
3990 -451117
3995 -451117
4000 -451117
4005 -451117
4010 -451117
4015 -451117
4020 -451117
4025 -451117
4030 -451117
4035 -451117
4040 -451117
4045 -451117
4050 -451117
4055 -451117
4060 -451117
4065 -451117
4070 -451117
4075 -451117
4080 -451117
4085 -451117
4090 -451117
4095 -451117
4100 -451117
4105 -451117
4110 -451117
4115 -451117
4120 -451117
4125 -451117
4130 -451117
4135 -451117
4140 -451117
4145 -451117
4150 -451117
4155 -451117
4160 -451117
4165 -451117
4170 -451117
4175 -451117
4180 -451117
4185 -451117
4190 -451117
4195 -450912
4200 -450912
4205 -450912
4210 -450912
4215 -450912
4220 -450912
4225 -450912
4230 -450912
4235 -450912
4240 -450912
4245 -450912
4250 -450912
4255 -450912
4260 -450912
4265 -450912
4270 -450912
4275 -450912
4280 -450912
4285 -450912
4290 -450912
4295 -450912
4300 -450912
4305 -450912
4310 -450912
4315 -450912
4320 -450912
4325 -450912
4330 -450912
4335 -450912
4340 -450912
4345 -450912
4350 -450912
4355 -450912
4360 -450912
4365 -450912
4370 -450912
4375 -450912
4380 -450912
4385 -450912
4390 -450912
4395 -450912
4400 -450912
4405 -450912
4410 -450912
4415 -450912
4420 -450912
4425 -450912
4430 -450912
4435 -450912
4440 -450912
4445 -450912
4450 -450912
4455 -450912
4460 -450912
4465 -450912
4470 -450912
4475 -450912
4480 -450912
4485 -450912
4490 -450912
4495 -450912
4500 -450912
4505 -450912
4510 -450912
4515 -450912
4520 -450912
4525 -450912
4530 -450912
4535 -450912
4540 -450912
4545 -450912
4550 -450912
4555 -450912
4560 -450912
4565 -450912
4570 -450912
4575 -450912
4580 -450912
4585 -450912
4590 -450912
4595 -450912
4600 -450912
4605 -450912
4610 -450912
4615 -450912
4620 -450912
4625 -450912
4630 -450912
4635 -450912
4640 -450912
4645 -450912
4650 -450912
4655 -450912
4660 -450912
4665 -450912
4670 -450912
4675 -450912
4680 -450912
4685 -450912
4690 -450912
4695 -450912
4700 -449805
4705 -449805
4710 -449805
4715 -449805
4720 -449805
4725 -449805
4730 -449805
4735 -449805
4740 -449805
4745 -449805
4750 -449805
4755 -449805
4760 -449805
4765 -449805
4770 -449805
4775 -449805
4780 -449805
4785 -449805
4790 -449805
4795 -449805
4800 -449805
4805 -449805
4810 -449805
4815 -449805
4820 -449805
4825 -449805
4830 -449805
4835 -449805
4840 -449805
4845 -449805
4850 -449805
4855 -449805
4860 -449805
4865 -449805
4870 -449805
4875 -449805
4880 -449805
4885 -449805
4890 -449805
4895 -449805
4900 -449805
4905 -449805
4910 -449805
4915 -449805
4920 -449805
4925 -449805
4930 -449805
4935 -449805
4940 -449805
4945 -449805
4950 -449805
4955 -449805
4960 -449805
4965 -449805
4970 -449805
4975 -449805
4980 -449805
4985 -449805
4990 -449805
4995 -449805
5000 -449805
5005 -449805
5010 -449805
5015 -449805
5020 -449805
5025 -449805
5030 -449805
5035 -449805
5040 -449805
5045 -449805
5050 -449805
5055 -449805
5060 -449805
5065 -449805
5070 -449805
5075 -449805
5080 -449805
5085 -449805
5090 -449805
5095 -449805
5100 -449805
5105 -449805
5110 -449805
5115 -449805
5120 -449805
5125 -449805
5130 -449805
5135 -449805
5140 -449805
5145 -449805
5150 -449805
5155 -449805
5160 -449805
5165 -449805
5170 -449805
5175 -449805
5180 -449805
5185 -449805
5190 -449805
5195 -449805
5200 -449805
5205 -449805
5210 -449805
5215 -449805
5220 -449805
5225 -449805
5230 -449805
5235 -449805
5240 -449805
5245 -449805
5250 -449805
5255 -449805
5260 -449805
5265 -449805
5270 -449805
5275 -449805
5280 -449805
5285 -449805
5290 -449805
5295 -449805
5300 -449805
5305 -449805
5310 -449805
5315 -449805
5320 -449805
5325 -449805
5330 -449805
5335 -449805
5340 -449805
5345 -449805
5350 -449805
5355 -449805
5360 -449805
5365 -449805
5370 -449805
5375 -449805
5380 -449805
5385 -449805
5390 -449805
5395 -449805
5400 -449805
5405 -449805
5410 -449805
5415 -449805
5420 -449805
5425 -449805
5430 -449805
5435 -449805
5440 -449805
5445 -449805
5450 -449805
5455 -449805
5460 -449805
5465 -449805
5470 -449805
5475 -449805
5480 -449805
5485 -449805
5490 -449805
5495 -449805
5500 -449805
5505 -449805
5510 -449805
5515 -449805
5520 -449805
5525 -449805
5530 -449805
5535 -449805
5540 -449805
5545 -449805
5550 -449805
5555 -449805
5560 -449805
5565 -449805
5570 -449805
5575 -449805
5580 -449805
5585 -449805
5590 -449805
5595 -449805
5600 -449805
5605 -449805
5610 -449805
5615 -449805
5620 -449805
5625 -449805
5630 -449805
5635 -449535
5640 -449535
5645 -449535
5650 -449535
5655 -449535
5660 -449535
5665 -449535
5670 -449535
5675 -449535
5680 -449535
5685 -449535
5690 -449535
5695 -448932
5700 -448932
5705 -448932
5710 -448932
5715 -448932
5720 -448932
5725 -448932
5730 -448932
5735 -448932
5740 -448932
5745 -448932
5750 -448932
5755 -448932
5760 -448932
5765 -448932
5770 -448932
5775 -448932
5780 -448932
5785 -448932
5790 -448932
5795 -448932
5800 -448932
5805 -448932
5810 -448932
5815 -448932
5820 -448932
5825 -448932
5830 -448932
5835 -448932
5840 -448932
5845 -448932
5850 -448932
5855 -448932
5860 -448932
5865 -448932
5870 -448932
5875 -448932
5880 -448932
5885 -448932
5890 -448932
5895 -448932
5900 -448932
5905 -448932
5910 -448932
5915 -448932
5920 -448932
5925 -448932
5930 -448932
5935 -448932
5940 -448932
5945 -448932
5950 -448932
5955 -448932
5960 -448932
5965 -448932
5970 -448932
5975 -448932
5980 -448932
5985 -448932
5990 -448932
5995 -448932
6000 -448932
6005 -448932
6010 -448932
6015 -448932
6020 -448932
6025 -448932
6030 -448932
6035 -448932
6040 -448932
6045 -448932
6050 -448932
6055 -448932
6060 -448932
6065 -448932
6070 -448932
6075 -448932
6080 -448932
6085 -448932
6090 -448932
6095 -448932
6100 -448932
6105 -448932
6110 -448932
6115 -448932
6120 -448932
6125 -448932
6130 -448932
6135 -448932
6140 -448932
6145 -448932
6150 -448932
6155 -448932
6160 -448932
6165 -448932
6170 -448932
6175 -448932
6180 -448932
6185 -448932
6190 -448932
6195 -448932
6200 -448932
6205 -448932
6210 -448932
6215 -448932
6220 -448932
6225 -448932
6230 -448932
6235 -448932
6240 -448932
6245 -448932
6250 -448932
6255 -448932
6260 -448932
6265 -448932
6270 -448932
6275 -448788
6280 -448788
6285 -448788
6290 -448788
6295 -448788
6300 -448788
6305 -448788
6310 -448788
6315 -448788
6320 -448788
6325 -448788
6330 -448788
6335 -448788
6340 -448788
6345 -448788
6350 -448788
6355 -448788
6360 -448788
6365 -448788
6370 -448788
6375 -448788
6380 -448788
6385 -448788
6390 -448788
6395 -448788
6400 -448788
6405 -448788
6410 -448788
6415 -448788
6420 -448788
6425 -448788
6430 -448788
6435 -448788
6440 -448788
6445 -448788
6450 -448788
6455 -448788
6460 -448788
6465 -448788
6470 -448788
6475 -448788
6480 -448788
6485 -448788
6490 -448788
6495 -448788
6500 -448788
6505 -448788
6510 -448788
6515 -448788
6520 -448788
6525 -448788
6530 -448788
6535 -448788
6540 -448788
6545 -448788
6550 -448788
6555 -448788
6560 -448788
6565 -448788
6570 -448788
6575 -448788
6580 -448788
6585 -448788
6590 -448788
6595 -448788
6600 -448788
6605 -448788
6610 -448788
6615 -448788
6620 -448788
6625 -448788
6630 -448788
6635 -448788
6640 -448788
6645 -448788
6650 -448788
6655 -448788
6660 -448788
6665 -448788
6670 -448788
6675 -448788
6680 -448788
6685 -448788
6690 -448788
6695 -448788
6700 -448788
6705 -448788
6710 -448788
6715 -448788
6720 -448788
6725 -448788
6730 -448788
6735 -448788
6740 -448788
6745 -448788
6750 -448788
6755 -448788
6760 -448788
6765 -448788
6770 -448788
6775 -448788
6780 -448788
6785 -448788
6790 -448788
6795 -448788
6800 -448788
6805 -448788
6810 -448788
6815 -448788
6820 -448788
6825 -448788
6830 -448788
6835 -448788
6840 -448788
6845 -448788
6850 -448788
6855 -448788
6860 -448788
6865 -448788
6870 -448788
6875 -448788
6880 -448788
6885 -448788
6890 -448788
6895 -448788
6900 -448788
6905 -448788
6910 -448788
6915 -448788
6920 -448788
6925 -448788
6930 -448788
6935 -448654
6940 -448654
6945 -448654
6950 -448654
6955 -448654
6960 -448654
6965 -448654
6970 -448654
6975 -448654
6980 -448654
6985 -448654
6990 -448654
6995 -448654
7000 -448654
7005 -448654
7010 -448654
7015 -448654
7020 -448654
7025 -448654
7030 -448654
7035 -448654
7040 -448654
7045 -448654
7050 -448654
7055 -448654
7060 -448654
7065 -448654
7070 -448654
7075 -448654
7080 -448654
7085 -448654
7090 -448654
7095 -448654
7100 -448654
7105 -448654
7110 -448654
7115 -448654
7120 -448654
7125 -448654
7130 -448654
7135 -448654
7140 -448654
7145 -448654
7150 -448654
7155 -448654
7160 -448654
7165 -448654
7170 -448654
7175 -448654
7180 -448654
7185 -448654
7190 -448654
7195 -448654
7200 -448654
7205 -448654
7210 -448654
7215 -448654
7220 -448654
7225 -448654
7230 -448654
7235 -448654
7240 -448654
7245 -448654
7250 -448654
7255 -448654
7260 -448654
7265 -448654
7270 -448654
7275 -448654
7280 -448654
7285 -448654
7290 -448654
7295 -448654
7300 -448654
7305 -448654
7310 -448654
7315 -448654
7320 -448654
7325 -448654
7330 -448654
7335 -448654
7340 -448654
7345 -448654
7350 -448654
7355 -448654
7360 -448654
7365 -448654
7370 -448654
7375 -448654
7380 -448654
7385 -448654
7390 -448654
7395 -448654
7400 -448654
7405 -448654
7410 -448654
7415 -448654
7420 -448654
7425 -448654
7430 -448654
7435 -448654
7440 -448654
7445 -448654
7450 -448654
7455 -448654
7460 -448654
7465 -448654
7470 -448654
7475 -448654
7480 -448654
7485 -448654
7490 -448654
7495 -448654
7500 -448654
7505 -448654
7510 -448654
7515 -448654
7520 -448654
7525 -448654
7530 -448654
7535 -448654
7540 -448654
7545 -448654
7550 -448654
7555 -448654
7560 -448654
7565 -448654
7570 -448654
7575 -448654
7580 -448654
7585 -448654
7590 -448654
7595 -448654
7600 -448654
7605 -448654
7610 -448654
7615 -448654
7620 -448654
7625 -448654
7630 -448654
7635 -448654
7640 -448654
7645 -448654
7650 -448654
7655 -448654
7660 -448654
7665 -448654
7670 -448654
7675 -448654
7680 -448654
7685 -448654
7690 -448654
7695 -448654
7700 -448654
7705 -448654
7710 -448426
7715 -448426
7720 -448426
7725 -448426
7730 -448426
7735 -448426
7740 -448426
7745 -448426
7750 -448426
7755 -448426
7760 -448426
7765 -448426
7770 -448426
7775 -448426
7780 -448426
7785 -448426
7790 -448426
7795 -448426
7800 -448426
7805 -448426
7810 -448426
7815 -448426
7820 -448426
7825 -448426
7830 -448426
7835 -448426
7840 -448426
7845 -448426
7850 -448426
7855 -448426
7860 -448426
7865 -448426
7870 -448426
7875 -448426
7880 -448426
7885 -448426
7890 -448426
7895 -448426
7900 -448426
7905 -448426
7910 -448426
7915 -448426
7920 -448426
7925 -448426
7930 -448426
7935 -448426
7940 -448426
7945 -448426
7950 -448426
7955 -448426
7960 -448426
7965 -448426
7970 -448426
7975 -448426
7980 -448426
7985 -448426
7990 -448426
7995 -448426
8000 -448426
8005 -448426
8010 -448426
8015 -448426
8020 -448426
8025 -448426
8030 -448426
8035 -448426
8040 -448426
8045 -448426
8050 -448426
8055 -448426
8060 -448426
8065 -448426
8070 -448426
8075 -448426
8080 -448426
8085 -448426
8090 -448426
8095 -448426
8100 -448426
8105 -448426
8110 -448426
8115 -448426
8120 -448426
8125 -448426
8130 -448426
8135 -448426
8140 -448426
8145 -448426
8150 -448426
8155 -448426
8160 -448426
8165 -448426
8170 -448426
8175 -448426
8180 -448426
8185 -448426
8190 -448426
8195 -448426
8200 -448426
8205 -448426
8210 -448426
8215 -448426
8220 -448426
8225 -448426
8230 -448426
8235 -448426
8240 -448426
8245 -448426
8250 -448426
8255 -448426
8260 -448426
8265 -448426
8270 -448426
8275 -448426
8280 -448426
8285 -448426
8290 -448426
8295 -448426
8300 -448426
8305 -448426
8310 -448426
8315 -448426
8320 -448426
8325 -448426
8330 -448426
8335 -448426
8340 -448426
8345 -448426
8350 -448426
8355 -448426
8360 -448426
8365 -448426
8370 -448426
8375 -448426
8380 -448426
8385 -448426
8390 -448426
8395 -448426
8400 -448426
8405 -448426
8410 -448426
8415 -448426
8420 -448426
8425 -448426
8430 -448426
8435 -448426
8440 -448426
8445 -448426
8450 -448426
8455 -448426
8460 -448426
8465 -448426
8470 -448426
8475 -448426
8480 -448426
8485 -448426
8490 -448426
8495 -448426
8500 -448426
8505 -448426
8510 -448426
8515 -448426
8520 -448426
8525 -448426
8530 -448426
8535 -448426
8540 -448426
8545 -448426
8550 -448426
8555 -448426
8560 -448426
8565 -448426
8570 -448426
8575 -448426
8580 -448426
8585 -448426
8590 -448426
8595 -448426
8600 -448426
8605 -448426
8610 -448426
8615 -448426
8620 -448426
8625 -448426
8630 -448426
8635 -448426
8640 -448426
8645 -448426
8650 -448426
8655 -448426
8660 -448426
8665 -448426
8670 -448426
8675 -448426
8680 -448426
8685 -448426
8690 -448426
8695 -448426
8700 -448426
8705 -448426
8710 -448426
8715 -448426
8720 -448426
8725 -448426
8730 -448426
8735 -448426
8740 -448426
8745 -448426
8750 -448426
8755 -448426
8760 -448426
8765 -448426
8770 -448426
8775 -448426
8780 -448426
8785 -448426
8790 -448426
8795 -448426
8800 -448426
8805 -448426
8810 -448426
8815 -448426
8820 -448426
8825 -448426
8830 -448426
8835 -448426
8840 -448426
8845 -448426
8850 -448426
8855 -448426
8860 -448426
8865 -448426
8870 -448426
8875 -448426
8880 -448426
8885 -448426
8890 -448426
8895 -448426
8900 -448426
8905 -448426
8910 -448426
8915 -448426
8920 -448426
8925 -448426
8930 -448426
8935 -448426
8940 -448426
8945 -448426
8950 -448426
8955 -448426
8960 -448426
8965 -448426
8970 -448426
8975 -448426
8980 -448426
8985 -448426
8990 -448426
8995 -448426
9000 -448426
9005 -448426
9010 -448426
9015 -448426
9020 -448426
9025 -448426
9030 -448426
9035 -448426
9040 -448426
9045 -448426
9050 -448426
9055 -448426
9060 -448426
9065 -448426
9070 -448426
9075 -448426
9080 -448426
9085 -448426
9090 -448426
9095 -448426
9100 -448426
9105 -448426
9110 -448426
9115 -448426
9120 -448426
9125 -448426
9130 -448426
9135 -448426
9140 -448426
9145 -448426
9150 -448426
9155 -448426
9160 -448426
9165 -448426
9170 -448426
9175 -448426
9180 -448426
9185 -448426
9190 -448426
9195 -448426
9200 -448426
9205 -448426
9210 -448426
9215 -448426
9220 -448426
9225 -448426
9230 -448426
9235 -448426
9240 -448426
9245 -448426
9250 -448426
9255 -448426
9260 -448426
9265 -448426
9270 -448426
9275 -448426
9280 -448426
9285 -448426
9290 -448426
9295 -448426
9300 -448426
9305 -448426
9310 -448426
9315 -448426
9320 -448426
9325 -448426
9330 -448426
9335 -448426
9340 -448426
9345 -448426
9350 -448426
9355 -448426
9360 -448426
9365 -448426
9370 -448426
9375 -448426
9380 -448426
9385 -448426
9390 -448426
9395 -448426
9400 -448426
9405 -448426
9410 -448426
9415 -448426
9420 -448426
9425 -448426
9430 -448426
9435 -448426
9440 -448426
9445 -448426
9450 -448426
9455 -448426
9460 -448426
9465 -448426
9470 -448426
9475 -448426
9480 -448426
9485 -448426
9490 -448426
9495 -448426
9500 -448426
9505 -448426
9510 -448426
9515 -448426
9520 -448426
9525 -448426
9530 -448426
9535 -448426
9540 -448426
9545 -448426
9550 -448426
9555 -448426
9560 -448426
9565 -448426
9570 -448426
9575 -448426
9580 -448426
9585 -448426
9590 -448426
9595 -448426
9600 -448426
9605 -448426
9610 -448426
9615 -448426
9620 -448426
9625 -448426
9630 -448426
9635 -448426
9640 -448426
9645 -448426
9650 -448426
9655 -448426
9660 -448426
9665 -448426
9670 -448426
9675 -448426
9680 -448426
9685 -448426
9690 -448426
9695 -448426
9700 -448426
9705 -448426
9710 -448426
9715 -448426
9720 -448426
9725 -448426
9730 -448426
9735 -448426
9740 -448426
9745 -448426
9750 -448426
9755 -448426
9760 -448426
9765 -448426
9770 -448426
9775 -448426
9780 -448426
9785 -448426
9790 -448426
9795 -448426
9800 -448426
9805 -448426
9810 -448426
9815 -448426
9820 -448426
9825 -448426
9830 -448426
9835 -448426
9840 -448426
9845 -448426
9850 -448426
9855 -448426
9860 -448426
9865 -448426
9870 -448426
9875 -448426
9880 -448426
9885 -448426
9890 -448426
9895 -448426
9900 -448426
9905 -448426
9910 -448426
9915 -448426
9920 -448426
9925 -448426
9930 -448426
9935 -448426
9940 -448426
9945 -448426
9950 -448426
9955 -448426
9960 -448426
9965 -448426
9970 -448426
9975 -448426
9980 -448426
9985 -448426
9990 -448426
9995 -448426
10000 -448426
10005 -448426
10010 -448426
10015 -448426
10020 -448426
10025 -448426
10030 -448426
10035 -448426
10040 -448426
10045 -448426
10050 -448426
10055 -448426
10060 -448426
10065 -448426
10070 -448426
10075 -448426
10080 -448426
10085 -448426
10090 -448426
10095 -448426
10100 -448426
10105 -448426
10110 -448426
10115 -448426
10120 -448426
10125 -448426
10130 -448426
10135 -448426
10140 -448426
10145 -448426
10150 -448426
10155 -448426
10160 -448426
10165 -448426
10170 -448426
10175 -448426
10180 -448426
10185 -448426
10190 -448426
10195 -448426
10200 -448426
10205 -448426
10210 -448426
10215 -448426
10220 -448426
10225 -448426
10230 -448426
10235 -448426
10240 -448426
10245 -448426
10250 -448426
10255 -448426
10260 -448426
10265 -448426
10270 -448426
10275 -448426
10280 -448426
10285 -448426
10290 -448426
10295 -448426
10300 -448426
10305 -448426
10310 -448426
10315 -448426
10320 -448426
10325 -448426
10330 -448426
10335 -448426
10340 -448426
10345 -448426
10350 -448426
10355 -448426
10360 -448426
10365 -448426
10370 -448426
10375 -448426
10380 -448426
10385 -448426
10390 -448426
10395 -448426
10400 -448426
10405 -448426
10410 -448426
10415 -448426
10420 -448426
10425 -448426
10430 -448426
10435 -448426
10440 -448426
10445 -448426
10450 -448426
10455 -448426
10460 -448426
10465 -448426
10470 -448426
10475 -448426
10480 -448426
10485 -448426
10490 -448426
10495 -448426
10500 -448426
10505 -448426
10510 -448426
10515 -448426
10520 -448426
10525 -448426
10530 -448426
10535 -448426
10540 -448426
10545 -448426
10550 -448426
10555 -448426
10560 -448426
10565 -448426
10570 -448426
10575 -447778
10580 -447778
10585 -447778
10590 -447778
10595 -447778
10600 -447778
10605 -447778
10610 -447778
10615 -447778
10620 -447778
10625 -447778
10630 -447778
10635 -447778
10640 -447778
10645 -447778
10650 -447778
10655 -447778
10660 -447778
10665 -447778
10670 -447778
10675 -447778
10680 -447778
10685 -447778
10690 -447778
10695 -447778
10700 -447778
10705 -447778
10710 -447778
10715 -447778
10720 -447778
10725 -447778
10730 -447778
10735 -447778
10740 -447778
10745 -447778
10750 -447778
10755 -447778
10760 -447778
10765 -447778
10770 -447778
10775 -447521
10780 -447521
10785 -447521
10790 -447521
10795 -447521
10800 -447521
10805 -447521
10810 -447521
10815 -447521
10820 -447521
10825 -447521
10830 -447521
10835 -447521
10840 -447521
10845 -447521
10850 -447521
10855 -447250
10860 -447250
10865 -447250
10870 -447250
10875 -447250
10880 -447250
10885 -447250
10890 -447250
10895 -447250
10900 -447250
10905 -447250
10910 -447250
10915 -447250
10920 -447250
10925 -447250
10930 -447250
10935 -447250
10940 -447250
10945 -447250
10950 -447250
10955 -447250
10960 -447250
10965 -447250
10970 -447250
10975 -447250
10980 -447250
10985 -447250
10990 -447250
10995 -447250
11000 -447250
11005 -447250
11010 -447250
11015 -447250
11020 -447250
11025 -447250
11030 -447250
11035 -447250
11040 -447250
11045 -447250
11050 -447250
11055 -447250
11060 -447250
11065 -447250
11070 -447250
11075 -447250
11080 -447250
11085 -447250
11090 -447250
11095 -447250
11100 -447250
11105 -447250
11110 -447250
11115 -447250
11120 -447250
11125 -447250
11130 -447250
11135 -447250
11140 -447250
11145 -447250
11150 -447250
11155 -447250
11160 -447250
11165 -447250
11170 -447250
11175 -447250
11180 -447250
11185 -447250
11190 -447250
11195 -447250
11200 -447250
11205 -447250
11210 -447250
11215 -447250
11220 -447250
11225 -447250
11230 -447250
11235 -447250
11240 -447250
11245 -447250
11250 -447250
11255 -447250
11260 -447250
11265 -447250
11270 -447250
11275 -447250
11280 -447250
11285 -447250
11290 -447250
11295 -447250
11300 -447250
11305 -447250
11310 -447250
11315 -447250
11320 -447250
11325 -447250
11330 -447250
11335 -447250
11340 -447250
11345 -447250
11350 -447250
11355 -447250
11360 -447250
11365 -447250
11370 -447250
11375 -447250
11380 -447250
11385 -447250
11390 -447250
11395 -447250
11400 -447250
11405 -447250
11410 -447250
11415 -447250
11420 -447250
11425 -447250
11430 -447250
11435 -447250
11440 -447250
11445 -447250
11450 -447250
11455 -447250
11460 -447250
11465 -447250
11470 -447250
11475 -447250
11480 -447250
11485 -447250
11490 -447250
11495 -447250
11500 -447250
11505 -447250
11510 -447250
11515 -447250
11520 -447250
11525 -447250
11530 -447250
11535 -447250
11540 -447250
11545 -447250
11550 -447250
11555 -447250
11560 -447250
11565 -447250
11570 -447250
11575 -447250
11580 -447250
11585 -447250
11590 -447250
11595 -447250
11600 -447250
11605 -447250
11610 -447250
11615 -447250
11620 -447250
11625 -447250
11630 -447250
11635 -447250
11640 -447250
11645 -447250
11650 -447250
11655 -447250
11660 -447250
11665 -447250
11670 -447250
11675 -447250
11680 -447250
11685 -447250
11690 -447250
11695 -447250
11700 -447250
11705 -447250
11710 -447250
11715 -447250
11720 -447250
11725 -447250
11730 -447250
11735 -447199
11740 -447199
11745 -447199
11750 -447199
11755 -447199
11760 -447199
11765 -447199
11770 -447199
11775 -447199
11780 -447199
11785 -447199
11790 -447199
11795 -447199
11800 -447199
11805 -447199
11810 -447199
11815 -447199
11820 -447199
11825 -447199
11830 -447199
11835 -447199
11840 -447199
11845 -447199
11850 -447199
11855 -447199
11860 -447199
11865 -447199
11870 -447199
11875 -447199
11880 -447199
11885 -447199
11890 -447199
11895 -447199
11900 -447199
11905 -447199
11910 -447199
11915 -447199
11920 -447199
11925 -447199
11930 -447199
11935 -447199
11940 -447199
11945 -447199
11950 -447199
11955 -447199
11960 -447199
11965 -447199
11970 -447199
11975 -447199
11980 -447199
11985 -447199
11990 -447199
11995 -447199
12000 -447199
12005 -447199
12010 -447199
12015 -447199
12020 -447199
12025 -447199
12030 -447199
12035 -447199
12040 -447199
12045 -447199
12050 -447199
12055 -447199
12060 -447199
12065 -447199
12070 -447199
12075 -447199
12080 -447199
12085 -447199
12090 -447199
12095 -447199
12100 -447199
12105 -447199
12110 -447199
12115 -447199
12120 -447199
12125 -447199
12130 -447199
12135 -447199
12140 -447199
12145 -447199
12150 -447199
12155 -447199
12160 -447199
12165 -447199
12170 -447199
12175 -447199
12180 -447199
12185 -447199
12190 -447199
12195 -447199
12200 -447199
12205 -447199
12210 -447199
12215 -447199
12220 -447199
12225 -447199
12230 -447199
12235 -447199
12240 -447199
12245 -447199
12250 -447199
12255 -447199
12260 -447199
12265 -447199
12270 -447199
12275 -447199
12280 -447199
12285 -447199
12290 -447199
12295 -447199
12300 -447199
12305 -447199
12310 -447199
12315 -447199
12320 -447199
12325 -447199
12330 -447199
12335 -447199
12340 -447199
12345 -447199
12350 -447199
12355 -447199
12360 -447199
12365 -447199
12370 -447199
12375 -447199
12380 -447199
12385 -447199
12390 -447199
12395 -447199
12400 -447199
12405 -447199
12410 -447199
12415 -447199
12420 -447199
12425 -447199
12430 -447199
12435 -447199
12440 -447199
12445 -447199
12450 -447199
12455 -447199
12460 -447199
12465 -447199
12470 -447199
12475 -447199
12480 -447199
12485 -447199
12490 -447199
12495 -447199
12500 -447199
12505 -447199
12510 -447199
12515 -447199
12520 -447199
12525 -447199
12530 -447199
12535 -447199
12540 -447199
12545 -447199
12550 -447199
12555 -447199
12560 -447199
12565 -447199
12570 -447199
12575 -447199
12580 -447199
12585 -447199
12590 -447199
12595 -447199
12600 -447199
12605 -447199
12610 -447199
12615 -447199
12620 -447199
12625 -447199
12630 -447199
12635 -447199
12640 -447199
12645 -447199
12650 -447199
12655 -447199
12660 -447199
12665 -447199
12670 -447199
12675 -447199
12680 -447199
12685 -447199
12690 -447199
12695 -447199
12700 -447199
12705 -447199
12710 -447199
12715 -447199
12720 -447199
12725 -447199
12730 -447199
12735 -447199
12740 -447199
12745 -447199
12750 -447199
12755 -447199
12760 -447199
12765 -447199
12770 -447199
12775 -447199
12780 -447199
12785 -447199
12790 -447199
12795 -447199
12800 -447199
12805 -447199
12810 -447199
12815 -447199
12820 -447199
12825 -447199
12830 -447199
12835 -447199
12840 -447199
12845 -447199
12850 -447199
12855 -447199
12860 -447199
12865 -447199
12870 -447199
12875 -447199
12880 -447199
12885 -447199
12890 -447199
12895 -447199
12900 -447199
12905 -447199
12910 -447199
12915 -447199
12920 -447199
12925 -447199
12930 -447199
12935 -447199
12940 -447199
12945 -447199
12950 -447199
12955 -447199
12960 -447199
12965 -447199
12970 -447199
12975 -447199
12980 -447199
12985 -447199
12990 -447199
12995 -447199
13000 -447199
13005 -447199
13010 -447199
13015 -447199
13020 -447199
13025 -447199
13030 -447199
13035 -447199
13040 -447199
13045 -447199
13050 -447199
13055 -447199
13060 -447199
13065 -447199
13070 -447199
13075 -447199
13080 -447199
13085 -447199
13090 -447199
13095 -447199
13100 -447199
13105 -447199
13110 -447199
13115 -447199
13120 -447199
13125 -447199
13130 -447199
13135 -447199
13140 -447199
13145 -447199
13150 -447199
13155 -447199
13160 -447199
13165 -447199
13170 -447199
13175 -447199
13180 -447199
13185 -447199
13190 -447199
13195 -447199
13200 -447199
13205 -447199
13210 -447199
13215 -447199
13220 -447199
13225 -447199
13230 -447199
13235 -447199
13240 -447199
13245 -447199
13250 -447199
13255 -447199
13260 -447199
13265 -447199
13270 -447199
13275 -447199
13280 -447199
13285 -447199
13290 -447199
13295 -447199
13300 -447199
13305 -447199
13310 -447199
13315 -447014
13320 -447014
13325 -447014
13330 -447014
13335 -447014
13340 -447014
13345 -447014
13350 -447014
13355 -447014
13360 -447014
13365 -447014
13370 -447014
13375 -447014
13380 -447014
13385 -447014
13390 -447014
13395 -447014
13400 -447014
13405 -447014
13410 -447014
13415 -447014
13420 -447014
13425 -447014
13430 -447014
13435 -447014
13440 -447014
13445 -447014
13450 -447014
13455 -447014
13460 -447014
13465 -447014
13470 -447014
13475 -447014
13480 -447014
13485 -447014
13490 -447014
13495 -447014
13500 -447014
13505 -447014
13510 -447014
13515 -447014
13520 -447014
13525 -447014
13530 -447014
13535 -447014
13540 -447014
13545 -447014
13550 -447014
13555 -447014
13560 -447014
13565 -447014
13570 -447014
13575 -447014
13580 -447014
13585 -447014
13590 -447014
13595 -447014
13600 -447014
13605 -447014
13610 -447014
13615 -447014
13620 -447014
13625 -447014
13630 -447014
13635 -447014
13640 -447014
13645 -447014
13650 -447014
13655 -447014
13660 -447014
13665 -447014
13670 -447014
13675 -447014
13680 -447014
13685 -447014
13690 -447014
13695 -447014
13700 -447014
13705 -447014
13710 -447014
13715 -447014
13720 -447014
13725 -447014
13730 -447014
13735 -447014
13740 -447014
13745 -447014
13750 -447014
13755 -447014
13760 -447014
13765 -447014
13770 -447014
13775 -447014
13780 -447014
13785 -447014
13790 -447014
13795 -447014
13800 -447014
13805 -447014
13810 -447014
13815 -447014
13820 -447014
13825 -447014
13830 -447014
13835 -447014
13840 -447014
13845 -446624
13850 -446624
13855 -446624
13860 -446624
13865 -446624
13870 -446624
13875 -446624
13880 -446624
13885 -446624
13890 -446624
13895 -446624
13900 -446624
13905 -446624
13910 -446624
13915 -446624
13920 -446624
13925 -446624
13930 -446624
13935 -446624
13940 -446624
13945 -446624
13950 -446624
13955 -446624
13960 -446624
13965 -446624
13970 -446624
13975 -446624
13980 -446624
13985 -446624
13990 -446624
13995 -446624
14000 -446624
14005 -446624
14010 -446624
14015 -446624
14020 -446624
14025 -446624
14030 -446624
14035 -446624
14040 -446624
14045 -446624
14050 -446624
14055 -446624
14060 -446624
14065 -446624
14070 -446624
14075 -446624
14080 -446624
14085 -446624
14090 -446624
14095 -446624
14100 -446624
14105 -446624
14110 -446624
14115 -446624
14120 -446624
14125 -446624
14130 -446624
14135 -446624
14140 -446624
14145 -446624
14150 -446624
14155 -446624
14160 -446624
14165 -446624
14170 -446624
14175 -446624
14180 -446624
14185 -446624
14190 -446624
14195 -446624
14200 -446624
14205 -446624
14210 -446624
14215 -446624
14220 -446624
14225 -446624
14230 -446624
14235 -446624
14240 -446624
14245 -446624
14250 -446624
14255 -446624
14260 -446624
14265 -446624
14270 -446624
14275 -446624
14280 -446624
14285 -446624
14290 -446414
14295 -446414
14300 -446414
14305 -446414
14310 -446414
14315 -446414
14320 -446414
14325 -446414
14330 -446414
14335 -446414
14340 -446414
14345 -446414
14350 -446414
14355 -446414
14360 -446414
14365 -446414
14370 -446414
14375 -446414
14380 -446414
14385 -446414
14390 -446414
14395 -446414
14400 -446414
14405 -446414
14410 -446414
14415 -446414
14420 -446414
14425 -446414
14430 -446414
14435 -446414
14440 -446414
14445 -446414
14450 -446414
14455 -446414
14460 -446414
14465 -446414
14470 -446414
14475 -446414
14480 -446414
14485 -446414
14490 -446414
14495 -446414
14500 -446414
14505 -446414
14510 -446414
14515 -446414
14520 -446414
14525 -446414
14530 -446414
14535 -446414
14540 -446414
14545 -446414
14550 -446414
14555 -446414
14560 -446414
14565 -446414
14570 -446414
14575 -446414
14580 -446414
14585 -446414
14590 -446414
14595 -446414
14600 -446414
14605 -446414
14610 -446414
14615 -446414
14620 -446414
14625 -446414
14630 -446414
14635 -446414
14640 -446414
14645 -446414
14650 -446414
14655 -446414
14660 -446414
14665 -446414
14670 -446414
14675 -446414
14680 -446414
14685 -446414
14690 -446414
14695 -446414
14700 -446414
14705 -446414
14710 -446414
14715 -446414
14720 -446414
14725 -446414
14730 -446414
14735 -446414
14740 -446414
14745 -446414
14750 -446414
14755 -446414
14760 -446414
14765 -446414
14770 -446414
14775 -446414
14780 -446414
14785 -446414
14790 -446414
14795 -446414
14800 -446414
14805 -446414
14810 -446414
14815 -446414
14820 -446414
14825 -446414
14830 -446414
14835 -446414
14840 -446414
14845 -446414
14850 -446414
14855 -446414
14860 -446414
14865 -446414
14870 -446414
14875 -446414
14880 -446414
14885 -446414
14890 -446414
14895 -446414
14900 -446414
14905 -446414
14910 -446414
14915 -446414
14920 -446414
14925 -446414
14930 -446414
14935 -446414
14940 -446414
14945 -446414
14950 -446414
14955 -446414
14960 -446414
14965 -446414
14970 -446414
14975 -446414
14980 -446414
14985 -446414
14990 -446414
14995 -446414
15000 -446414
15005 -446414
15010 -446414
15015 -446414
15020 -446414
15025 -446414
15030 -446414
15035 -446414
15040 -446414
15045 -446414
15050 -446414
15055 -446414
15060 -446414
15065 -446414
15070 -446414
15075 -446414
15080 -446414
15085 -446414
15090 -446414
15095 -446414
15100 -446414
15105 -446414
15110 -446414
15115 -446414
15120 -446414
15125 -446414
15130 -446414
15135 -446414
15140 -446414
15145 -446414
15150 -446414
15155 -446414
15160 -446414
15165 -446414
15170 -446414
15175 -446414
15180 -446414
15185 -446414
15190 -446414
15195 -446414
15200 -446414
15205 -446414
15210 -446414
15215 -446414
15220 -446414
15225 -446414
15230 -446414
15235 -446414
15240 -446414
15245 -446414
15250 -446414
15255 -446414
15260 -446414
15265 -446414
15270 -446414
15275 -446414
15280 -446414
15285 -446414
15290 -446414
15295 -446414
15300 -446414
15305 -446414
15310 -446414
15315 -446414
15320 -446414
15325 -446414
15330 -446414
15335 -446414
15340 -446414
15345 -446414
15350 -446414
15355 -446414
15360 -446414
15365 -446414
15370 -446414
15375 -446414
15380 -446414
15385 -446414
15390 -446414
15395 -446414
15400 -446414
15405 -446414
15410 -446414
15415 -446414
15420 -446414
15425 -446414
15430 -446414
15435 -446414
15440 -446414
15445 -446414
15450 -446414
15455 -446414
15460 -446414
15465 -446414
15470 -446414
15475 -446414
15480 -446414
15485 -446414
15490 -446414
15495 -446414
15500 -446414
15505 -446414
15510 -446414
15515 -446414
15520 -446414
15525 -446414
15530 -446414
15535 -446414
15540 -446414
15545 -446414
15550 -446414
15555 -446414
15560 -446414
15565 -446414
15570 -446414
15575 -446414
15580 -446414
15585 -446414
15590 -446414
15595 -446414
15600 -446414
15605 -446414
15610 -446414
15615 -446414
15620 -446414
15625 -446414
15630 -446414
15635 -446414
15640 -446414
15645 -446414
15650 -446414
15655 -446414
15660 -446414
15665 -446414
15670 -446414
15675 -446414
15680 -446414
15685 -446414
15690 -446414
15695 -446414
15700 -446414
15705 -446414
15710 -446414
15715 -446414
15720 -446414
15725 -446414
15730 -446414
15735 -446414
15740 -446414
15745 -446414
15750 -446414
15755 -446414
15760 -446414
15765 -446414
15770 -446414
15775 -446414
15780 -446414
15785 -446414
15790 -446414
15795 -446414
15800 -446414
15805 -446414
15810 -446414
15815 -446414
15820 -446414
15825 -446414
15830 -446414
15835 -446414
15840 -446414
15845 -446414
15850 -446414
15855 -446414
15860 -446414
15865 -446414
15870 -446414
15875 -446414
15880 -446414
15885 -446414
15890 -446414
15895 -446414
15900 -446414
15905 -446414
15910 -446414
15915 -446414
15920 -446414
15925 -446414
15930 -446414
15935 -446414
15940 -446414
15945 -446414
15950 -446414
15955 -446414
15960 -446414
15965 -446414
15970 -446414
15975 -446414
15980 -446414
15985 -446414
15990 -446414
15995 -446414
16000 -446414
16005 -446414
16010 -446414
16015 -446414
16020 -446414
16025 -446414
16030 -446414
16035 -446414
16040 -446414
16045 -446414
16050 -446414
16055 -446414
16060 -446414
16065 -446414
16070 -446414
16075 -446414
16080 -446414
16085 -446414
16090 -446414
16095 -446414
16100 -446414
16105 -446414
16110 -446414
16115 -446414
16120 -446414
16125 -446414
16130 -446414
16135 -446414
16140 -446414
16145 -446414
16150 -446414
16155 -446414
16160 -446414
16165 -446414
16170 -446414
16175 -446414
16180 -446414
16185 -446414
16190 -446414
16195 -446414
16200 -446414
16205 -446414
16210 -446414
16215 -446414
16220 -446414
16225 -446414
16230 -446414
16235 -446414
16240 -446414
16245 -446414
16250 -446414
16255 -446414
16260 -446414
16265 -446414
16270 -446414
16275 -446414
16280 -446414
16285 -446414
16290 -446414
16295 -446414
16300 -446414
16305 -446414
16310 -446414
16315 -446414
16320 -446414
16325 -446414
16330 -446414
16335 -446414
16340 -446414
16345 -446414
16350 -446414
16355 -446414
16360 -446414
16365 -446414
16370 -446414
16375 -446414
16380 -446414
16385 -446414
16390 -446414
16395 -446414
16400 -446414
16405 -446414
16410 -446414
16415 -446414
16420 -446414
16425 -446414
16430 -446414
16435 -446414
16440 -446414
16445 -446414
16450 -446414
16455 -446414
16460 -446414
16465 -446414
16470 -446414
16475 -446414
16480 -446414
16485 -446414
16490 -446414
16495 -446414
16500 -446414
16505 -446414
16510 -446414
16515 -446414
16520 -446414
16525 -446414
16530 -446414
16535 -446414
16540 -446414
16545 -446414
16550 -446414
16555 -446414
16560 -446414
16565 -446414
16570 -446414
16575 -446414
16580 -446414
16585 -446414
16590 -446414
16595 -446414
16600 -446309
16605 -446309
16610 -446309
16615 -446309
16620 -446309
16625 -446309
16630 -446309
16635 -446309
16640 -446309
16645 -446309
16650 -446309
16655 -446309
16660 -446309
16665 -446309
16670 -446309
16675 -446309
16680 -446309
16685 -446309
16690 -446309
16695 -446309
16700 -446309
16705 -446309
16710 -446309
16715 -446309
16720 -446309
16725 -446309
16730 -446309
16735 -446309
16740 -446309
16745 -446309
16750 -446309
16755 -446309
16760 -446309
16765 -446309
16770 -446309
16775 -446309
16780 -446309
16785 -446309
16790 -446309
16795 -446309
16800 -446309
16805 -446309
16810 -446309
16815 -446309
16820 -446309
16825 -446309
16830 -446309
16835 -446309
16840 -446309
16845 -446309
16850 -446309
16855 -446309
16860 -446309
16865 -446309
16870 -446309
16875 -446309
16880 -446309
16885 -446309
16890 -446309
16895 -446309
16900 -446309
16905 -446309
16910 -446309
16915 -446309
16920 -446309
16925 -446309
16930 -446309
16935 -446309
16940 -446309
16945 -446258
16950 -446258
16955 -446258
16960 -446258
16965 -446258
16970 -446258
16975 -446258
16980 -446258
16985 -446258
16990 -446258
16995 -446258
17000 -446258
17005 -446258
17010 -446258
17015 -446258
17020 -446258
17025 -446258
17030 -446258
17035 -446258
17040 -446258
17045 -446258
17050 -446258
17055 -446258
17060 -446258
17065 -446258
17070 -446258
17075 -446258
17080 -446258
17085 -446258
17090 -446258
17095 -446258
17100 -446258
17105 -446258
17110 -446258
17115 -446258
17120 -446258
17125 -446258
17130 -446258
17135 -446258
17140 -446258
17145 -446258
17150 -446258
17155 -446258
17160 -446258
17165 -446258
17170 -446258
17175 -446258
17180 -446258
17185 -446258
17190 -446258
17195 -446258
17200 -446258
17205 -446258
17210 -446258
17215 -446258
17220 -446258
17225 -446258
17230 -446258
17235 -446258
17240 -446258
17245 -446258
17250 -446258
17255 -446258
17260 -446258
17265 -446258
17270 -446258
17275 -446258
17280 -446258
17285 -446258
17290 -446258
17295 -446258
17300 -446258
17305 -446258
17310 -446258
17315 -446258
17320 -446258
17325 -446258
17330 -446258
17335 -446258
17340 -446258
17345 -446258
17350 -446258
17355 -446258
17360 -446258
17365 -446258
17370 -446258
17375 -446258
17380 -446258
17385 -446258
17390 -446258
17395 -446258
17400 -446258
17405 -446258
17410 -446258
17415 -446258
17420 -446258
17425 -446258
17430 -446258
17435 -446258
17440 -446258
17445 -446258
17450 -446258
17455 -446258
17460 -446258
17465 -446258
17470 -446258
17475 -446258
17480 -446258
17485 -446258
17490 -446258
17495 -446258
17500 -446258
17505 -446258
17510 -446258
17515 -446258
17520 -446258
17525 -446258
17530 -446258
17535 -446258
17540 -446258
17545 -446258
17550 -446258
17555 -446258
17560 -446258
17565 -446258
17570 -446258
17575 -446258
17580 -446258
17585 -446258
17590 -446258
17595 -446258
17600 -446258
17605 -446258
17610 -446258
17615 -446258
17620 -446258
17625 -446258
17630 -446258
17635 -446258
17640 -446258
17645 -446258
17650 -446258
17655 -446258
17660 -446258
17665 -446258
17670 -446258
17675 -446258
17680 -446258
17685 -446258
17690 -446258
17695 -446258
17700 -446258
17705 -446258
17710 -446258
17715 -446258
17720 -446258
17725 -446258
17730 -446258
17735 -446258
17740 -446258
17745 -446258
17750 -446258
17755 -446258
17760 -446258
17765 -446258
17770 -446258
17775 -446258
17780 -446258
17785 -446258
17790 -446258
17795 -446258
17800 -446258
17805 -446258
17810 -446258
17815 -446258
17820 -446258
17825 -446258
17830 -446258
17835 -446258
17840 -446258
17845 -446258
17850 -446258
17855 -446258
17860 -446258
17865 -446258
17870 -446258
17875 -446258
17880 -446258
17885 -446258
17890 -446258
17895 -446258
17900 -446258
17905 -446047
17910 -446047
17915 -446047
17920 -446047
17925 -446047
17930 -446047
17935 -446047
17940 -446047
17945 -446047
17950 -446047
17955 -446047
17960 -446047
17965 -446047
17970 -446047
17975 -446047
17980 -446047
17985 -446047
17990 -446047
17995 -446047
18000 -446047
18005 -446047
18010 -446047
18015 -446047
18020 -446047
18025 -446047
18030 -446047
18035 -446047
18040 -446047
18045 -446047
18050 -446047
18055 -446047
18060 -446047
18065 -446047
18070 -446047
18075 -446047
18080 -446047
18085 -446047
18090 -446047
18095 -446047
18100 -446047
18105 -446047
18110 -446047
18115 -446047
18120 -446047
18125 -446047
18130 -446047
18135 -446047
18140 -446047
18145 -446047
18150 -446047
18155 -446047
18160 -446047
18165 -446047
18170 -446047
18175 -446047
18180 -446047
18185 -446047
18190 -446047
18195 -446047
18200 -446047
18205 -446047
18210 -446047
18215 -446047
18220 -446047
18225 -446047
18230 -446047
18235 -446047
18240 -446047
18245 -446047
18250 -446047
18255 -446047
18260 -446047
18265 -446047
18270 -446047
18275 -446047
18280 -446047
18285 -446047
18290 -446047
18295 -446047
18300 -446047
18305 -446047
18310 -446047
18315 -446047
18320 -446047
18325 -446047
18330 -446047
18335 -446047
18340 -446047
18345 -446047
18350 -446047
18355 -446047
18360 -446047
18365 -446047
18370 -446047
18375 -446047
18380 -446047
18385 -446047
18390 -446047
18395 -446047
18400 -446047
18405 -446047
18410 -446047
18415 -446047
18420 -446047
18425 -446047
18430 -446047
18435 -446047
18440 -446047
18445 -446047
18450 -446047
18455 -446047
18460 -446047
18465 -446047
18470 -446047
18475 -446047
18480 -446047
18485 -446047
18490 -446047
18495 -446047
18500 -446047
18505 -446047
18510 -446047
18515 -446047
18520 -446047
18525 -446047
18530 -446047
18535 -446047
18540 -446047
18545 -446047
18550 -446047
18555 -446047
18560 -446047
18565 -446047
18570 -446047
18575 -446047
18580 -446047
18585 -446047
18590 -446047
18595 -446047
18600 -446047
18605 -446047
18610 -446047
18615 -446047
18620 -446047
18625 -446047
18630 -446047
18635 -446047
18640 -446047
18645 -446047
18650 -446047
18655 -446047
18660 -446047
18665 -446047
18670 -446047
18675 -446047
18680 -446047
18685 -446047
18690 -446047
18695 -446047
18700 -446047
18705 -446047
18710 -446047
18715 -446047
18720 -446047
18725 -446047
18730 -446047
18735 -446047
18740 -446047
18745 -446047
18750 -446047
18755 -446047
18760 -446047
18765 -446047
18770 -446047
18775 -446047
18780 -446047
18785 -446047
18790 -446047
18795 -446047
18800 -446047
18805 -446047
18810 -446047
18815 -446047
18820 -446047
18825 -446047
18830 -446047
18835 -446047
18840 -446047
18845 -446047
18850 -446047
18855 -446047
18860 -446047
18865 -446047
18870 -446047
18875 -446047
18880 -446047
18885 -446047
18890 -446047
18895 -446047
18900 -446047
18905 -446047
18910 -446047
18915 -445190
18920 -445190
18925 -445190
18930 -445190
18935 -445190
18940 -445190
18945 -445190
18950 -445190
18955 -445190
18960 -445190
18965 -445190
18970 -445190
18975 -445190
18980 -445127
18985 -445127
18990 -445127
18995 -445127
19000 -445127
19005 -445127
19010 -445127
19015 -445127
19020 -445127
19025 -445127
19030 -445127
19035 -445127
19040 -445127
19045 -445127
19050 -445127
19055 -445127
19060 -445127
19065 -445127
19070 -445127
19075 -445127
19080 -445127
19085 -445127
19090 -445127
19095 -445127
19100 -445127
19105 -445127
19110 -445127
19115 -445127
19120 -445127
19125 -445127
19130 -445127
19135 -445127
19140 -445127
19145 -445127
19150 -445127
19155 -445127
19160 -445127
19165 -445127
19170 -445127
19175 -445127
19180 -445127
19185 -445127
19190 -445127
19195 -445127
19200 -445127
19205 -445127
19210 -445127
19215 -445127
19220 -445127
19225 -445127
19230 -445127
19235 -445127
19240 -445127
19245 -445127
19250 -445127
19255 -445127
19260 -445127
19265 -445127
19270 -445127
19275 -445127
19280 -445127
19285 -445127
19290 -445127
19295 -445127
19300 -445127
19305 -445127
19310 -445127
19315 -445127
19320 -444609
19325 -444609
19330 -444609
19335 -444609
19340 -444609
19345 -444609
19350 -444609
19355 -444609
19360 -444609
19365 -444609
19370 -444609
19375 -444609
19380 -444609
19385 -444609
19390 -444609
19395 -444609
19400 -444609
19405 -444609
19410 -444609
19415 -444609
19420 -444609
19425 -444609
19430 -444609
19435 -444609
19440 -444609
19445 -444609
19450 -444609
19455 -444609
19460 -444609
19465 -444609
19470 -444609
19475 -444609
19480 -444609
19485 -444609
19490 -444609
19495 -444609
19500 -444609
19505 -444609
19510 -444609
19515 -444609
19520 -444609
19525 -444609
19530 -444609
19535 -444609
19540 -444609
19545 -444609
19550 -444609
19555 -444609
19560 -444609
19565 -444609
19570 -444609
19575 -444609
19580 -444609
19585 -444609
19590 -444609
19595 -444609
19600 -444609
19605 -444609
19610 -444609
19615 -444609
19620 -444609
19625 -444609
19630 -444609
19635 -444609
19640 -444609
19645 -444609
19650 -444609
19655 -444609
19660 -444609
19665 -444609
19670 -444609
19675 -444609
19680 -444609
19685 -444609
19690 -444609
19695 -444609
19700 -444609
19705 -444609
19710 -444609
19715 -444609
19720 -444609
19725 -444609
19730 -444609
19735 -444609
19740 -444609
19745 -444609
19750 -444609
19755 -444609
19760 -444609
19765 -443989
19770 -443989
19775 -443989
19780 -443989
19785 -443989
19790 -443097
19795 -443097
19800 -443097
19805 -442996
19810 -442996
19815 -442996
19820 -442996
19825 -442996
19830 -442996
19835 -442996
19840 -442996
19845 -442996
19850 -442996
19855 -442996
19860 -442996
19865 -442996
19870 -442996
19875 -442996
19880 -442996
19885 -442996
19890 -442996
19895 -442996
19900 -442996
19905 -442996
19910 -442996
19915 -442996
19920 -442953
19925 -442953
19930 -442953
19935 -442953
19940 -442953
19945 -442953
19950 -442953
19955 -442953
19960 -442953
19965 -442953
19970 -442953
19975 -442953
19980 -442953
19985 -442953
19990 -442953
19995 -442953
20000 -442953
20005 -442953
20010 -442953
20015 -442953
20020 -442953
20025 -442953
20030 -442953
20035 -442953
20040 -442953
20045 -442953
20050 -442953
20055 -442953
20060 -442953
20065 -442953
20070 -442953
20075 -442953
20080 -442953
20085 -442953
20090 -442953
20095 -442953
20100 -442953
20105 -442953
20110 -442953
20115 -442953
20120 -442953
20125 -442953
20130 -442953
20135 -442953
20140 -442953
20145 -442953
20150 -442953
20155 -442953
20160 -442953
20165 -442953
20170 -442953
20175 -442953
20180 -442953
20185 -442953
20190 -442953
20195 -442953
20200 -442953
20205 -442953
20210 -442953
20215 -442953
20220 -442953
20225 -442953
20230 -442953
20235 -442953
20240 -442953
20245 -442953
20250 -442953
20255 -442953
20260 -442953
20265 -442953
20270 -442953
20275 -442953
20280 -442953
20285 -442953
20290 -442953
20295 -442953
20300 -442953
20305 -442953
20310 -442953
20315 -442953
20320 -442953
20325 -442953
20330 -442953
20335 -442953
20340 -442953
20345 -442953
20350 -442953
20355 -442953
20360 -442953
20365 -442953
20370 -442953
20375 -442953
20380 -442953
20385 -442953
20390 -442953
20395 -442953
20400 -442953
20405 -442953
20410 -442953
20415 -442953
20420 -442953
20425 -442953
20430 -442953
20435 -442953
20440 -442953
20445 -442953
20450 -442953
20455 -442953
20460 -442953
20465 -442953
20470 -442953
20475 -442953
20480 -442953
20485 -442953
20490 -442953
20495 -442953
20500 -442953
20505 -442953
20510 -442953
20515 -442953
20520 -442953
20525 -442953
20530 -442953
20535 -442953
20540 -442953
20545 -442953
20550 -442953
20555 -442953
20560 -442953
20565 -442953
20570 -442953
20575 -442953
20580 -442953
20585 -442953
20590 -442953
20595 -442953
20600 -442953
20605 -442953
20610 -442953
20615 -442953
20620 -442953
20625 -442953
20630 -442953
20635 -442953
20640 -442953
20645 -442953
20650 -442953
20655 -442953
20660 -442953
20665 -442953
20670 -442953
20675 -442953
20680 -442953
20685 -442953
20690 -442953
20695 -442953
20700 -442953
20705 -442208
20710 -442208
20715 -442208
20720 -442208
20725 -442208
20730 -442208
20735 -442208
20740 -442208
20745 -442208
20750 -442208
20755 -442208
20760 -442208
20765 -442208
20770 -442208
20775 -442208
20780 -442208
20785 -442208
20790 -442208
20795 -442208
20800 -442208
20805 -442208
20810 -442208
20815 -442208
20820 -442208
20825 -442208
20830 -442208
20835 -442208
20840 -442208
20845 -442208
20850 -442208
20855 -442208
20860 -442208
20865 -442208
20870 -442208
20875 -442208
20880 -442208
20885 -442208
20890 -442208
20895 -442208
20900 -442208
20905 -442208
20910 -442208
20915 -442208
20920 -442208
20925 -442208
20930 -442208
20935 -442208
20940 -442208
20945 -441671
20950 -441671
20955 -441671
20960 -441671
20965 -441671
20970 -441671
20975 -441671
20980 -441671
20985 -441671
20990 -441671
20995 -441671
21000 -441671
21005 -441671
21010 -441671
21015 -441671
21020 -441671
21025 -441671
21030 -441671
21035 -441671
21040 -441671
21045 -441671
21050 -441671
21055 -441671
21060 -441671
21065 -441671
21070 -441671
21075 -441671
21080 -441671
21085 -441671
21090 -441671
21095 -441671
21100 -441671
21105 -441671
21110 -441671
21115 -441671
21120 -441671
21125 -441671
21130 -441671
21135 -441671
21140 -441671
21145 -441671
21150 -441671
21155 -441008
21160 -440697
21165 -440697
21170 -440697
21175 -440697
21180 -440697
21185 -440697
21190 -440505
21195 -440505
21200 -440505
21205 -440505
21210 -440505
21215 -440505
21220 -440505
21225 -440505
21230 -440505
21235 -440505
21240 -440505
21245 -440505
21250 -440505
21255 -440505
21260 -440505
21265 -440505
21270 -440505
21275 -439404
21280 -439404
21285 -439404
21290 -439404
21295 -439404
21300 -439404
21305 -439404
21310 -439404
21315 -439404
21320 -439404
21325 -439404
21330 -439404
21335 -439404
21340 -439404
21345 -439404
21350 -439404
21355 -439404
21360 -439404
21365 -439404
21370 -439404
21375 -439355
21380 -439355
21385 -439355
21390 -439355
21395 -439355
21400 -439355
21405 -439355
21410 -439074
21415 -439074
21420 -439074
21425 -439074
21430 -439074
21435 -439074
21440 -438865
21445 -438865
21450 -438865
21455 -438865
21460 -438865
21465 -438865
21470 -438865
21475 -438865
21480 -438865
21485 -438865
21490 -438865
21495 -438865
21500 -438865
21505 -438865
21510 -438865
21515 -438865
21520 -438865
21525 -438865
21530 -438865
21535 -438865
21540 -438865
21545 -438865
21550 -438865
21555 -438865
21560 -438865
21565 -438865
21570 -438865
21575 -438865
21580 -437513
21585 -437513
21590 -437513
21595 -437513
21600 -437513
21605 -437513
21610 -437513
21615 -437513
21620 -437513
21625 -437513
21630 -437513
21635 -437513
21640 -437513
21645 -437513
21650 -437513
21655 -437513
21660 -437513
21665 -437513
21670 -437513
21675 -437513
21680 -437513
21685 -437513
21690 -437513
21695 -437513
21700 -437513
21705 -437513
21710 -437513
21715 -437513
21720 -437513
21725 -437513
21730 -437513
21735 -437513
21740 -437513
21745 -437513
21750 -437513
21755 -437513
21760 -437513
21765 -437513
21770 -437513
21775 -437513
21780 -437513
21785 -437513
21790 -437513
21795 -437513
21800 -437513
21805 -437513
21810 -437513
21815 -437513
21820 -437513
21825 -437513
21830 -437513
21835 -437513
21840 -437513
21845 -437513
21850 -437513
21855 -437048
21860 -437048
21865 -437048
21870 -437048
21875 -437048
21880 -437048
21885 -437048
21890 -437048
21895 -437048
21900 -437048
21905 -437048
21910 -437048
21915 -437048
21920 -437048
21925 -437048
21930 -437048
