10 -371220
15 -366839
20 -365643
25 -363657
30 -362606
35 -358999
40 -358999
45 -358999
50 -358999
55 -358431
60 -358431
65 -358431
70 -356808
75 -356808
80 -355741
85 -355741
90 -353955
95 -353955
100 -352798
105 -352798
110 -352798
115 -352798
120 -352798
125 -352798
130 -352798
135 -352798
140 -352798
145 -352798
150 -352798
155 -352798
160 -352798
165 -352798
170 -352798
175 -352798
180 -352798
185 -352798
190 -352798
195 -352798
200 -352798
205 -352798
210 -351832
215 -351832
220 -351832
225 -351832
230 -351832
235 -351832
240 -351832
245 -351832
250 -351832
255 -351832
260 -351832
265 -351832
270 -351128
275 -351128
280 -351128
285 -351128
290 -351128
295 -351128
300 -351128
305 -351128
310 -351128
315 -351128
320 -350999
325 -350999
330 -350020
335 -350020
340 -350020
345 -350020
350 -350020
355 -350020
360 -350020
365 -350020
370 -350020
375 -350020
380 -350020
385 -348230
390 -348230
395 -348230
400 -348230
405 -348230
410 -348230
415 -348230
420 -348230
425 -347900
430 -347900
435 -347835
440 -347835
445 -347835
450 -347835
455 -347835
460 -347835
465 -347835
470 -347835
475 -347835
480 -347739
485 -347739
490 -347739
495 -347739
500 -347739
505 -347739
510 -347739
515 -347739
520 -347739
525 -347739
530 -347739
535 -347739
540 -347739
545 -347739
550 -347739
555 -347739
560 -347739
565 -347739
570 -347707
575 -347707
580 -347707
585 -347707
590 -347707
595 -347090
600 -347090
605 -347090
610 -347090
615 -347090
620 -347090
625 -347090
630 -347090
635 -347090
640 -347090
645 -347090
650 -347090
655 -347090
660 -347090
665 -347090
670 -347090
675 -347090
680 -347090
685 -347090
690 -347090
695 -347090
700 -347090
705 -347090
710 -347090
715 -347090
720 -347090
725 -347090
730 -347090
735 -347090
740 -347090
745 -346912
750 -346912
755 -346912
760 -346912
765 -346912
770 -346912
775 -346912
780 -346817
785 -346817
790 -346817
795 -346817
800 -346817
805 -346803
810 -346803
815 -346803
820 -346803
825 -346803
830 -346803
835 -346803
840 -346803
845 -346803
850 -346803
855 -346803
860 -346803
865 -346803
870 -346803
875 -346803
880 -346803
885 -346803
890 -346803
895 -346803
900 -346803
905 -346803
910 -346757
915 -346757
920 -346757
925 -346352
930 -346352
935 -346352
940 -346352
945 -346352
950 -346352
955 -346352
960 -346352
965 -346352
970 -346086
975 -346086
980 -346086
985 -346086
990 -346086
995 -346086
1000 -346086
1005 -346086
1010 -346086
1015 -346086
1020 -346086
1025 -346086
1030 -346086
1035 -346086
1040 -346086
1045 -346086
1050 -346086
1055 -346086
1060 -346086
1065 -346086
1070 -345682
1075 -345682
1080 -345682
1085 -345682
1090 -345682
1095 -345682
1100 -345682
1105 -345682
1110 -345682
1115 -345682
1120 -345682
1125 -345682
1130 -345682
1135 -345682
1140 -344922
1145 -344922
1150 -344922
1155 -344922
1160 -344922
1165 -344922
1170 -344922
1175 -344922
1180 -344922
1185 -344922
1190 -344922
1195 -344922
1200 -344922
1205 -344922
1210 -344922
1215 -344922
1220 -344922
1225 -344922
1230 -344922
1235 -344922
1240 -344922
1245 -344922
1250 -344922
1255 -344922
1260 -344922
1265 -344922
1270 -344922
1275 -344922
1280 -344922
1285 -344922
1290 -344922
1295 -344922
1300 -344922
1305 -344922
1310 -344922
1315 -344922
1320 -344922
1325 -344922
1330 -344922
1335 -344922
1340 -344922
1345 -344922
1350 -344922
1355 -344922
1360 -344922
1365 -344922
1370 -344922
1375 -344922
1380 -344922
1385 -344922
1390 -344922
1395 -344922
1400 -344922
1405 -344922
1410 -344922
1415 -344922
1420 -344922
1425 -344922
1430 -344922
1435 -344922
1440 -344922
1445 -344738
1450 -344738
1455 -344738
1460 -344738
1465 -344738
1470 -344738
1475 -344738
1480 -344738
1485 -344738
1490 -344738
1495 -344738
1500 -344738
1505 -344738
1510 -344738
1515 -344738
1520 -344738
1525 -344738
1530 -344738
1535 -344738
1540 -344738
1545 -344738
1550 -344738
1555 -344738
1560 -344738
1565 -344738
1570 -344738
1575 -344738
1580 -344738
1585 -344738
1590 -344738
1595 -344738
1600 -344738
1605 -344738
1610 -344738
1615 -344738
1620 -344738
1625 -344738
1630 -344738
1635 -344738
1640 -344738
1645 -344738
1650 -344738
1655 -344738
1660 -344738
1665 -344738
1670 -344738
1675 -344738
1680 -344738
1685 -344738
1690 -344738
1695 -344738
1700 -344738
1705 -344738
1710 -344738
1715 -344738
1720 -344738
1725 -344738
1730 -344738
1735 -344738
1740 -344738
1745 -344738
1750 -344738
1755 -344738
1760 -344587
1765 -344393
1770 -344393
1775 -344393
1780 -344393
1785 -344393
1790 -344393
1795 -344393
1800 -344393
1805 -344393
1810 -344393
1815 -344393
1820 -344393
1825 -344393
1830 -344393
1835 -344393
1840 -344393
1845 -344393
1850 -344393
1855 -344187
1860 -344187
1865 -344187
1870 -344187
1875 -344187
1880 -344187
1885 -344187
1890 -344187
1895 -344187
1900 -344187
1905 -344187
1910 -344187
1915 -344187
1920 -344187
1925 -344187
1930 -344187
1935 -344187
1940 -344187
1945 -344187
1950 -344187
1955 -344187
1960 -344187
1965 -344187
1970 -344187
1975 -344187
1980 -344187
1985 -344187
1990 -344187
1995 -344187
2000 -344187
2005 -344187
2010 -344187
2015 -344187
2020 -344187
2025 -344187
2030 -344187
2035 -342809
2040 -342809
2045 -342809
2050 -342809
2055 -342809
2060 -342809
2065 -342809
2070 -342809
2075 -342809
2080 -342809
2085 -342809
2090 -342809
2095 -342809
2100 -342809
2105 -342809
2110 -342809
2115 -342809
2120 -342809
2125 -342809
2130 -342809
2135 -342809
2140 -342809
2145 -342809
2150 -342809
2155 -342809
2160 -342809
2165 -342809
2170 -342809
2175 -342809
2180 -342809
2185 -342809
2190 -342809
2195 -342809
2200 -342809
2205 -342809
2210 -342809
2215 -342809
2220 -342809
2225 -342809
2230 -342809
2235 -342809
2240 -342809
2245 -342809
2250 -342809
2255 -342809
2260 -342809
2265 -342809
2270 -342809
2275 -342809
2280 -342809
2285 -342809
2290 -342809
2295 -342809
2300 -342809
2305 -342809
2310 -342809
2315 -342809
2320 -342809
2325 -342809
2330 -342809
2335 -342809
2340 -342809
2345 -342809
2350 -342809
2355 -342809
2360 -342809
2365 -342809
2370 -342809
2375 -342809
2380 -342809
2385 -342809
2390 -342809
2395 -342809
2400 -342809
2405 -342809
2410 -342809
2415 -342809
2420 -342809
2425 -342809
2430 -342809
2435 -342809
2440 -342809
2445 -342809
2450 -342809
2455 -342809
2460 -342809
2465 -342809
2470 -342809
2475 -342809
2480 -342809
2485 -342809
2490 -342809
2495 -342809
2500 -342809
2505 -342809
2510 -342809
2515 -342809
2520 -342809
2525 -342809
2530 -342809
2535 -342809
2540 -342809
2545 -342809
2550 -342809
2555 -342809
2560 -342809
2565 -342809
2570 -342809
2575 -342809
2580 -342809
2585 -342809
2590 -342809
2595 -342809
2600 -342809
2605 -342809
2610 -342809
2615 -342809
2620 -342809
2625 -342809
2630 -342809
2635 -342809
2640 -342809
2645 -342809
2650 -342809
2655 -342809
2660 -342809
2665 -342809
2670 -342809
2675 -342809
2680 -342809
2685 -342809
2690 -342809
2695 -342809
2700 -342809
2705 -342809
2710 -342809
2715 -342809
2720 -342809
2725 -342809
2730 -342809
2735 -342809
2740 -342809
2745 -342809
2750 -342809
2755 -342809
2760 -342809
2765 -342809
2770 -342809
2775 -342809
2780 -342809
2785 -342809
2790 -342809
2795 -342809
2800 -342784
2805 -342784
2810 -342784
2815 -342784
2820 -342784
2825 -342784
2830 -342784
2835 -342784
2840 -342784
2845 -342784
2850 -342784
2855 -342784
2860 -342784
2865 -342784
2870 -342784
2875 -342784
2880 -342784
2885 -342784
2890 -342784
2895 -342784
2900 -342784
2905 -342784
2910 -342784
2915 -342784
2920 -342784
2925 -342784
2930 -342784
2935 -342784
2940 -342784
2945 -342784
2950 -342784
2955 -342784
2960 -342784
2965 -342784
2970 -342784
2975 -342784
2980 -342784
2985 -342784
2990 -342784
2995 -342784
3000 -342784
3005 -342784
3010 -342784
3015 -342784
3020 -342784
3025 -342784
3030 -342784
3035 -342784
3040 -342784
3045 -342784
3050 -342784
3055 -342784
3060 -342784
3065 -342784
3070 -342784
3075 -342784
3080 -342784
3085 -342784
3090 -342784
3095 -342784
3100 -342784
3105 -342784
3110 -342784
3115 -342784
3120 -342784
3125 -342784
3130 -342784
3135 -342784
3140 -342784
3145 -342784
3150 -342784
3155 -342784
3160 -342784
3165 -342784
3170 -342784
3175 -342784
3180 -342784
3185 -342784
3190 -342784
3195 -342784
3200 -342784
3205 -342784
3210 -342784
3215 -342784
3220 -342784
3225 -342784
3230 -342784
3235 -342784
3240 -342784
3245 -342784
3250 -342784
3255 -342784
3260 -342784
3265 -342784
3270 -342784
3275 -342784
3280 -342784
3285 -342784
3290 -342784
3295 -342784
3300 -342784
3305 -342784
3310 -342784
3315 -342784
3320 -342784
3325 -342784
3330 -342784
3335 -342784
3340 -342784
3345 -342784
3350 -342784
3355 -342784
3360 -342784
3365 -342784
3370 -342784
3375 -342784
3380 -342784
3385 -342784
3390 -342784
3395 -342784
3400 -342784
3405 -342784
3410 -342784
3415 -342784
3420 -342784
3425 -342784
3430 -342784
3435 -342784
3440 -342784
3445 -342784
3450 -342784
3455 -342784
3460 -342784
3465 -342784
3470 -342784
3475 -342784
3480 -342784
3485 -342784
3490 -342784
3495 -342784
3500 -342784
3505 -342784
3510 -342784
3515 -342784
3520 -342784
3525 -342784
3530 -342784
3535 -342784
3540 -342784
3545 -342784
3550 -342784
3555 -342784
3560 -342784
3565 -342784
3570 -342784
3575 -342784
3580 -342784
3585 -342784
3590 -342784
3595 -342784
3600 -342784
3605 -342784
3610 -342784
3615 -342784
3620 -342784
3625 -342784
3630 -342784
3635 -342784
3640 -342784
3645 -342784
3650 -342784
3655 -342784
3660 -342784
3665 -342784
3670 -342784
3675 -342784
3680 -342784
3685 -342784
3690 -342784
3695 -342784
3700 -342784
3705 -342784
3710 -342784
3715 -342784
3720 -342784
3725 -342784
3730 -342784
3735 -342784
3740 -342784
3745 -342784
3750 -342784
3755 -342784
3760 -342784
3765 -342784
3770 -342784
3775 -342784
3780 -342784
3785 -342784
3790 -342784
3795 -342784
3800 -342784
3805 -342784
3810 -342784
3815 -342784
3820 -342784
3825 -342784
3830 -342784
3835 -342784
3840 -342784
3845 -342784
3850 -342784
3855 -342784
3860 -342784
3865 -342784
3870 -342784
3875 -342784
3880 -342784
3885 -342784
3890 -342784
3895 -342784
3900 -342784
3905 -342784
3910 -342784
3915 -342784
3920 -342784
3925 -342784
3930 -342784
3935 -342784
3940 -342784
3945 -342784
3950 -342784
3955 -342784
3960 -342784
3965 -342784
3970 -342784
3975 -342784
3980 -342784
3985 -342784
3990 -342784
3995 -342784
4000 -342784
4005 -342784
4010 -342784
4015 -342784
4020 -342784
4025 -342784
4030 -342784
4035 -342784
4040 -342784
4045 -342784
4050 -342784
4055 -342784
4060 -342784
4065 -342784
4070 -342784
4075 -342784
4080 -342784
4085 -342784
4090 -342784
4095 -342784
4100 -342784
4105 -342784
4110 -342784
4115 -342784
4120 -342784
4125 -342784
4130 -342784
4135 -342784
4140 -342784
4145 -342784
4150 -342784
4155 -342784
4160 -342784
4165 -342784
4170 -342784
4175 -342784
4180 -342784
4185 -342784
4190 -342784
4195 -342784
4200 -342784
4205 -342784
4210 -342784
4215 -342784
4220 -342784
4225 -342784
4230 -342784
4235 -342784
4240 -342784
4245 -342784
4250 -342784
4255 -342784
4260 -342784
4265 -342784
4270 -342784
4275 -342784
4280 -342784
4285 -342784
4290 -342784
4295 -342784
4300 -342784
4305 -342784
4310 -342784
4315 -342784
4320 -342784
4325 -342784
4330 -342784
4335 -342784
4340 -342784
4345 -342784
4350 -342784
4355 -342784
4360 -342784
4365 -342784
4370 -342784
4375 -342784
4380 -342784
4385 -342784
4390 -342784
4395 -342784
4400 -342784
4405 -342784
4410 -342784
4415 -342784
4420 -342784
4425 -342784
4430 -342784
4435 -342784
4440 -342784
4445 -342784
4450 -342784
4455 -342784
4460 -342784
4465 -342784
4470 -342784
4475 -342784
4480 -342784
4485 -342784
4490 -342784
4495 -342784
4500 -342784
4505 -342784
4510 -342784
4515 -342784
4520 -342784
4525 -342784
4530 -342784
4535 -342784
4540 -342784
4545 -342784
4550 -342784
4555 -342784
4560 -342784
4565 -342784
4570 -342784
4575 -342784
4580 -342784
4585 -342784
4590 -342784
4595 -342784
4600 -342784
4605 -342784
4610 -342784
4615 -342784
4620 -342784
4625 -342784
4630 -342784
4635 -342784
4640 -342784
4645 -342784
4650 -342784
4655 -342784
4660 -342784
4665 -342784
4670 -342784
4675 -342784
4680 -342784
4685 -342784
4690 -342784
4695 -342784
4700 -342784
4705 -342784
4710 -342784
4715 -342784
4720 -342784
4725 -342784
4730 -342784
4735 -342784
4740 -342784
4745 -342784
4750 -342784
4755 -342784
4760 -342784
4765 -342784
4770 -342784
4775 -342784
4780 -342784
4785 -342784
4790 -342784
4795 -342784
4800 -342784
4805 -342784
4810 -342784
4815 -342784
4820 -342784
4825 -342784
4830 -342784
4835 -342784
4840 -342784
4845 -342784
4850 -342784
4855 -342784
4860 -342784
4865 -342784
4870 -342784
4875 -342784
4880 -342784
4885 -342784
4890 -342784
4895 -342784
4900 -342784
4905 -342784
4910 -342784
4915 -342784
4920 -342784
4925 -342784
4930 -342784
4935 -342784
4940 -342784
4945 -342784
4950 -342784
4955 -342784
4960 -342784
4965 -342784
4970 -342784
4975 -342784
4980 -342784
4985 -342784
4990 -342784
4995 -342784
5000 -342784
5005 -342784
5010 -342784
5015 -342784
5020 -342784
5025 -342784
5030 -342784
5035 -342784
5040 -342784
5045 -342784
5050 -342784
5055 -342784
5060 -342784
5065 -342784
5070 -342784
5075 -342784
5080 -342784
5085 -342784
5090 -342784
5095 -342784
5100 -342784
5105 -342784
5110 -342784
5115 -342784
5120 -342784
5125 -342784
5130 -342784
5135 -342784
5140 -342784
5145 -342784
5150 -342784
5155 -342784
5160 -342784
5165 -342784
5170 -342784
5175 -342784
5180 -342784
5185 -342784
