20 -311815
30 -310041
40 -309362
50 -307421
60 -307202
70 -306571
80 -306571
90 -305475
100 -304292
110 -303540
120 -303062
130 -301907
140 -301907
150 -301390
160 -301390
170 -301175
180 -301175
190 -301175
200 -301175
210 -301175
220 -300865
230 -300759
240 -300759
250 -300561
260 -300561
270 -300532
280 -300166
290 -300166
300 -300105
310 -300105
320 -299143
330 -299143
340 -299143
350 -299143
360 -298942
370 -298942
380 -298063
390 -298063
400 -298063
410 -298063
420 -298063
430 -297775
440 -297541
450 -297541
460 -297036
470 -297036
480 -297036
490 -297036
500 -296416
510 -296416
520 -296416
530 -296394
540 -296394
550 -296394
560 -296394
570 -296394
580 -296394
590 -296166
600 -296166
610 -296166
620 -296166
630 -296166
640 -296166
650 -296166
660 -295969
670 -295969
680 -295969
690 -295969
700 -295969
710 -295969
720 -295617
730 -295617
740 -295617
750 -295617
760 -295617
770 -295617
780 -295617
790 -295617
800 -295617
810 -295617
820 -295617
830 -295237
840 -295237
850 -295237
860 -295237
870 -295237
880 -295237
890 -295237
900 -295237
910 -295237
920 -295237
930 -295237
940 -295018
950 -295018
960 -295018
970 -295018
980 -294878
990 -294878
1000 -294878
1010 -294878
1020 -294741
1030 -294741
1040 -294741
1050 -294741
1060 -294741
1070 -294741
1080 -294741
1090 -294741
1100 -294740
1110 -294740
1120 -294740
1130 -294740
1140 -294740
1150 -294740
1160 -294740
1170 -294740
1180 -294740
1190 -294740
1200 -294740
1210 -294740
1220 -294740
1230 -294740
1240 -294740
1250 -294740
1260 -294740
1270 -294740
1280 -294740
1290 -294740
1300 -294740
1310 -294740
1320 -294740
1330 -294740
1340 -294740
1350 -294740
1360 -294740
1370 -294740
1380 -294740
1390 -294740
1400 -294740
1410 -294740
1420 -294740
1430 -294740
1440 -294740
1450 -294740
1460 -294740
1470 -294740
1480 -294740
1490 -294740
1500 -294740
1510 -294740
1520 -294740
1530 -294740
1540 -294740
1550 -294740
1560 -294740
1570 -294740
1580 -294740
1590 -294740
1600 -294740
1610 -294740
1620 -294740
1630 -294740
1640 -294740
1650 -294740
1660 -294740
1670 -294740
1680 -294740
1690 -294740
1700 -294740
1710 -294740
1720 -294740
1730 -294740
1740 -294740
1750 -294740
1760 -294740
1770 -294740
1780 -294740
1790 -294718
1800 -294718
1810 -294718
1820 -294718
1830 -294718
1840 -294718
1850 -294718
1860 -294718
1870 -294718
1880 -294718
1890 -294718
1900 -294718
1910 -294718
1920 -294718
1930 -294718
1940 -294718
1950 -294718
1960 -294718
1970 -294718
1980 -294718
1990 -294718
2000 -294718
2010 -294718
2020 -294718
2030 -294718
2040 -294718
2050 -294718
2060 -294718
2070 -294718
2080 -294718
2090 -294718
2100 -294718
2110 -294634
2120 -294634
2130 -294634
2140 -294634
2150 -294634
2160 -294634
2170 -294634
2180 -294634
2190 -294634
2200 -294634
2210 -294634
2220 -294634
2230 -294634
2240 -294634
2250 -294634
2260 -294634
2270 -294634
2280 -294634
2290 -294634
2300 -294634
2310 -294634
2320 -294634
2330 -294634
2340 -294634
2350 -294634
2360 -294634
2370 -294634
2380 -294634
2390 -294634
2400 -294634
2410 -294634
2420 -294634
2430 -294634
2440 -294634
2450 -294634
2460 -294634
2470 -294634
2480 -294634
2490 -294634
2500 -294634
2510 -294634
2520 -294634
2530 -294634
2540 -294634
2550 -294634
2560 -294634
2570 -294634
2580 -294634
2590 -294634
2600 -294634
2610 -294634
2620 -294634
2630 -294634
2640 -294634
2650 -294634
2660 -294634
2670 -294634
2680 -294634
2690 -294634
2700 -294634
2710 -294634
2720 -294634
2730 -294634
2740 -294634
2750 -294634
2760 -294634
2770 -294634
2780 -294634
2790 -294634
2800 -294634
2810 -294634
2820 -294634
2830 -294634
2840 -294634
2850 -294634
2860 -294634
2870 -294634
2880 -294634
2890 -294634
2900 -294634
2910 -294634
2920 -294634
2930 -294634
2940 -294634
2950 -294634
2960 -294634
2970 -294634
2980 -294634
2990 -294596
3000 -294596
3010 -294596
3020 -294596
3030 -294596
3040 -294596
3050 -294596
3060 -294596
3070 -294362
3080 -294362
3090 -294362
3100 -294362
3110 -294362
3120 -294362
3130 -294362
3140 -294362
3150 -294362
3160 -294362
3170 -294362
3180 -294362
3190 -294362
3200 -294362
3210 -294362
3220 -294362
3230 -294362
3240 -294362
3250 -294362
3260 -294362
3270 -294362
3280 -294362
3290 -294362
3300 -294362
3310 -294362
3320 -294362
3330 -294362
3340 -294362
3350 -294362
3360 -294362
3370 -294362
3380 -294362
3390 -294362
3400 -294362
3410 -294362
3420 -294362
3430 -294362
3440 -294362
3450 -294362
3460 -294362
3470 -294362
3480 -294362
3490 -294362
3500 -294362
3510 -294362
3520 -294362
3530 -294362
3540 -294362
3550 -294362
3560 -294362
3570 -294362
3580 -294362
3590 -294362
3600 -294362
3610 -294362
3620 -294362
3630 -294362
3640 -294362
3650 -294362
3660 -294362
3670 -294362
3680 -294362
3690 -294362
3700 -294362
3710 -294362
3720 -294362
3730 -294362
3740 -294362
3750 -294362
3760 -294362
3770 -294362
3780 -294362
3790 -294362
3800 -294362
3810 -294362
3820 -294362
3830 -294362
3840 -294362
3850 -294362
3860 -294362
3870 -294362
3880 -294362
3890 -294362
3900 -294362
3910 -294362
3920 -294362
3930 -294362
3940 -294362
3950 -294362
3960 -294362
3970 -294362
3980 -294362
3990 -294362
4000 -294362
4010 -294362
4020 -294258
4030 -294258
4040 -294258
4050 -294258
4060 -294258
4070 -294258
4080 -294258
4090 -294258
4100 -294258
4110 -294258
4120 -294258
4130 -294258
4140 -294258
4150 -294258
4160 -294258
4170 -294258
4180 -294258
4190 -294258
4200 -294258
4210 -294258
4220 -294258
4230 -294258
4240 -294258
4250 -294258
4260 -294258
4270 -294166
4280 -294166
4290 -294166
4300 -294166
4310 -294166
4320 -294166
4330 -294166
4340 -294166
4350 -294166
4360 -294166
4370 -294166
4380 -294166
4390 -294166
4400 -294166
4410 -294166
4420 -294166
4430 -294166
4440 -294166
4450 -294166
4460 -294166
4470 -294166
4480 -294166
4490 -294166
4500 -294166
4510 -294166
4520 -294166
4530 -294166
4540 -294166
4550 -294166
4560 -294166
4570 -294166
4580 -294166
4590 -294166
4600 -294166
4610 -294166
4620 -294166
4630 -294166
4640 -294166
4650 -294166
4660 -294166
4670 -294166
4680 -294166
4690 -294166
4700 -294166
4710 -294166
4720 -293972
4730 -293972
4740 -293972
4750 -293972
4760 -293972
4770 -293972
4780 -293972
4790 -293972
4800 -293972
4810 -293972
4820 -293972
4830 -293972
4840 -293972
4850 -293972
4860 -293972
4870 -293972
4880 -293972
4890 -293972
4900 -293972
4910 -293972
4920 -293972
4930 -293972
4940 -293972
4950 -293972
4960 -293972
4970 -293972
4980 -293972
4990 -293972
5000 -293972
5010 -293972
5020 -293972
5030 -293972
5040 -293972
5050 -293972
5060 -293972
5070 -293972
5080 -293972
5090 -293972
5100 -293972
5110 -293972
5120 -293972
5130 -293972
5140 -293972
5150 -293972
5160 -293575
5170 -293575
5180 -293575
5190 -293575
5200 -293575
5210 -293575
5220 -293575
5230 -293575
5240 -293575
5250 -293575
5260 -293575
5270 -293575
5280 -293575
5290 -293575
5300 -293575
5310 -293575
5320 -293575
5330 -293575
5340 -293575
5350 -293575
5360 -293575
5370 -293575
5380 -293575
5390 -293575
5400 -293575
5410 -293575
5420 -293575
5430 -293575
5440 -293575
5450 -293575
5460 -293575
5470 -293575
5480 -293575
5490 -293494
5500 -293494
5510 -293494
5520 -293494
5530 -293494
5540 -293494
5550 -293494
5560 -293494
5570 -293494
5580 -293494
5590 -293494
5600 -293494
5610 -293494
5620 -293494
5630 -293494
5640 -293494
5650 -293494
5660 -293494
5670 -293494
5680 -293494
5690 -293494
5700 -293262
5710 -293262
5720 -293262
5730 -293262
5740 -293262
5750 -293262
5760 -293262
5770 -293262
5780 -293262
5790 -293262
