10 -379293
15 -379293
20 -379293
25 -377051
30 -375804
35 -375804
40 -375804
45 -375804
50 -375804
55 -375804
60 -375789
65 -375789
70 -375789
75 -375789
80 -375789
85 -375789
90 -375789
95 -375789
100 -375789
105 -375789
110 -375789
115 -375789
120 -375789
125 -375406
130 -375406
135 -375406
140 -375406
145 -375406
150 -374257
155 -374257
160 -374257
165 -374257
170 -374257
175 -374257
180 -374257
185 -374257
190 -374257
195 -374257
200 -374257
205 -374257
210 -374257
215 -374073
220 -374073
225 -374073
230 -374073
235 -374073
240 -374068
245 -374068
250 -374068
255 -374068
260 -374068
265 -374068
270 -374068
275 -374068
280 -374068
285 -374068
290 -374068
295 -374068
300 -374068
305 -374068
310 -374068
315 -374068
320 -374068
325 -374068
330 -374068
335 -374068
340 -374068
345 -374068
350 -374068
355 -374068
360 -374068
365 -374068
370 -374068
375 -374068
380 -374068
385 -374068
390 -374068
395 -374068
400 -374068
405 -373885
410 -373885
415 -373885
420 -373885
425 -373885
430 -373885
435 -373885
440 -373885
445 -373885
450 -373885
455 -373885
460 -373885
465 -373885
470 -373885
475 -373885
480 -373885
485 -373885
490 -373885
495 -373885
500 -373885
505 -373885
510 -373885
515 -373885
520 -373885
525 -373885
530 -373885
535 -373885
540 -373885
545 -373885
550 -373885
555 -373885
560 -373885
565 -373885
570 -373885
575 -373885
580 -373885
585 -373885
590 -373885
595 -373885
600 -373885
605 -373885
610 -373885
615 -373885
620 -373885
625 -373885
630 -373885
635 -373885
640 -373885
645 -373885
650 -373885
655 -373885
660 -373885
665 -373885
670 -373885
675 -373885
680 -373885
685 -373885
690 -373885
695 -373885
700 -373685
705 -373685
710 -373685
715 -373685
720 -373685
725 -373685
730 -373685
735 -373685
740 -373685
745 -373685
750 -373685
755 -373685
760 -373685
765 -373685
770 -373685
775 -373685
780 -373685
785 -373685
790 -373685
795 -373685
800 -373685
805 -373685
810 -373685
815 -373685
820 -373685
825 -373685
830 -373685
835 -373685
840 -373685
845 -373685
850 -373685
855 -373685
860 -373685
865 -373685
870 -373685
875 -373685
880 -373685
885 -373685
890 -373685
895 -373685
900 -373404
905 -373404
910 -373404
915 -373404
920 -373404
925 -373404
930 -373404
935 -373404
940 -373404
945 -373404
950 -373404
955 -373404
960 -373404
965 -373404
970 -373404
975 -373404
980 -373404
985 -373404
990 -373404
995 -373404
1000 -373404
1005 -373404
1010 -373404
1015 -373404
1020 -373404
1025 -373404
1030 -373404
1035 -373404
1040 -373404
1045 -373404
1050 -373404
1055 -373404
1060 -373404
1065 -373404
1070 -373404
1075 -373404
1080 -373404
1085 -373404
1090 -373404
1095 -373404
1100 -373404
1105 -373404
1110 -373404
1115 -373404
1120 -373404
1125 -373404
1130 -373404
1135 -373404
1140 -373404
1145 -373404
1150 -373404
1155 -373404
1160 -373404
1165 -373404
1170 -373404
1175 -373404
1180 -373404
1185 -373404
1190 -373121
1195 -373121
1200 -373121
1205 -373121
1210 -373121
1215 -372895
1220 -372895
1225 -372895
1230 -372895
1235 -372895
1240 -372895
1245 -372895
1250 -372895
1255 -372895
1260 -372895
1265 -372895
1270 -372895
1275 -372895
1280 -372895
1285 -372895
1290 -372895
1295 -372895
1300 -372895
1305 -372895
1310 -372895
1315 -372895
1320 -372895
1325 -372895
1330 -372895
1335 -372895
1340 -372895
1345 -372895
1350 -372895
1355 -372895
1360 -372895
1365 -372895
1370 -372895
1375 -372895
1380 -372895
1385 -372895
1390 -372895
1395 -372895
1400 -372895
1405 -372895
1410 -372895
1415 -372895
1420 -372895
1425 -372895
1430 -372895
1435 -372895
1440 -372577
1445 -372577
1450 -372577
1455 -372577
1460 -372577
1465 -372577
1470 -372577
1475 -371235
1480 -371235
1485 -371235
1490 -371235
1495 -371235
1500 -371235
1505 -371235
1510 -371235
1515 -371235
1520 -371235
1525 -371235
1530 -371235
1535 -371235
1540 -371235
1545 -371235
1550 -371235
1555 -371235
1560 -371235
1565 -371235
1570 -369747
1575 -369747
1580 -369747
1585 -369747
1590 -369747
1595 -369747
1600 -369747
1605 -369747
1610 -369747
1615 -369747
1620 -369747
1625 -369747
1630 -369747
1635 -369747
1640 -369747
1645 -369747
1650 -369747
1655 -369330
1660 -369330
1665 -369330
1670 -367985
1675 -367877
1680 -367787
1685 -367787
1690 -367787
1695 -367787
1700 -367787
1705 -367787
1710 -367787
1715 -367787
1720 -367787
1725 -366998
1730 -366998
1735 -366998
1740 -366998
1745 -366998
1750 -366998
1755 -366998
1760 -366998
1765 -366998
1770 -366998
1775 -366998
1780 -366840
1785 -366840
1790 -366840
1795 -366840
1800 -366840
1805 -366840
1810 -366840
1815 -366840
1820 -366840
1825 -366840
1830 -366840
1835 -366840
1840 -366840
1845 -366840
1850 -366840
1855 -366840
1860 -366840
1865 -366840
1870 -366840
1875 -366840
1880 -366840
1885 -366840
1890 -366840
1895 -366840
1900 -366840
1905 -366840
1910 -366840
1915 -366840
1920 -366840
1925 -366840
1930 -366840
1935 -366840
1940 -366840
1945 -366840
1950 -366840
1955 -366840
1960 -366840
1965 -366840
1970 -366840
1975 -366840
1980 -366840
1985 -366840
1990 -366350
1995 -366350
2000 -366350
2005 -366350
2010 -366350
2015 -366350
2020 -366350
2025 -366350
2030 -366350
2035 -366350
2040 -366350
2045 -366350
2050 -366350
2055 -366350
2060 -366350
2065 -366350
2070 -366350
2075 -366350
2080 -366350
2085 -366350
2090 -366350
2095 -366350
2100 -366350
2105 -366350
2110 -366350
2115 -366350
2120 -366350
2125 -366350
2130 -366350
2135 -366350
2140 -366350
2145 -366350
2150 -366350
2155 -366350
2160 -366350
2165 -366350
2170 -366350
2175 -366350
2180 -366350
2185 -366350
2190 -366350
2195 -366350
2200 -366350
2205 -366062
2210 -366062
2215 -366062
2220 -366062
2225 -366062
2230 -366062
2235 -365178
2240 -365178
2245 -365178
2250 -365178
2255 -365101
2260 -365101
2265 -365101
2270 -365101
2275 -365101
2280 -365101
2285 -365101
2290 -365101
2295 -365101
2300 -365101
2305 -365101
2310 -365101
2315 -365101
2320 -365101
2325 -365101
2330 -365101
2335 -365101
2340 -365101
2345 -365101
2350 -365101
2355 -365101
2360 -365101
2365 -365101
2370 -365101
2375 -365101
2380 -365101
2385 -365101
2390 -365101
2395 -365101
2400 -365101
2405 -365101
2410 -365101
2415 -365101
2420 -365101
2425 -365101
2430 -365101
2435 -365101
2440 -365101
2445 -365101
2450 -365101
2455 -365101
2460 -365101
2465 -365101
2470 -365101
2475 -365101
2480 -365101
2485 -365101
2490 -365101
2495 -365101
2500 -365101
2505 -365101
2510 -365101
2515 -365101
2520 -365101
2525 -365101
2530 -365101
2535 -365101
2540 -365101
2545 -365101
2550 -365101
2555 -364875
2560 -364875
2565 -364875
2570 -364875
2575 -364875
2580 -364875
2585 -364349
2590 -364349
2595 -364349
2600 -364349
2605 -364349
2610 -364349
2615 -364349
2620 -364349
2625 -364349
2630 -364349
2635 -364349
2640 -364349
2645 -364349
2650 -364349
2655 -364349
2660 -364349
2665 -364349
2670 -364349
2675 -364349
2680 -364349
2685 -364349
2690 -364349
2695 -364349
2700 -364349
2705 -364349
2710 -364349
2715 -364349
2720 -364349
2725 -364349
2730 -364349
2735 -364349
2740 -364349
2745 -364349
2750 -364349
2755 -364349
2760 -364349
2765 -364349
2770 -364349
2775 -364349
2780 -364218
2785 -364127
2790 -364127
2795 -364127
2800 -364127
2805 -364127
2810 -364127
2815 -364127
2820 -364127
2825 -364127
2830 -364127
2835 -364127
2840 -364127
2845 -364127
2850 -364127
2855 -364127
2860 -364127
2865 -364127
2870 -364127
2875 -364127
2880 -364024
2885 -364024
2890 -364024
2895 -364024
2900 -364024
2905 -364024
2910 -364024
2915 -364024
2920 -364024
2925 -364024
2930 -364024
2935 -364024
2940 -364024
2945 -364024
2950 -364024
2955 -364024
2960 -364024
2965 -364024
2970 -364024
2975 -364024
2980 -364024
2985 -364024
2990 -364024
2995 -364024
3000 -364024
3005 -364024
3010 -364024
3015 -364024
3020 -364024
3025 -364024
3030 -364024
3035 -364024
3040 -364024
3045 -364024
3050 -364024
3055 -364024
3060 -364024
3065 -364024
3070 -364024
3075 -364024
3080 -364024
3085 -364024
3090 -364024
3095 -364024
3100 -364024
3105 -364024
3110 -364024
3115 -364024
3120 -364024
3125 -364024
3130 -364024
3135 -364024
3140 -364024
3145 -364024
3150 -364024
3155 -364024
3160 -364024
3165 -364024
3170 -364024
3175 -364024
3180 -364024
3185 -364024
3190 -364024
3195 -364024
3200 -364024
3205 -364024
3210 -364024
3215 -364024
3220 -364024
3225 -364024
3230 -364024
3235 -364024
3240 -364024
3245 -364024
3250 -364024
3255 -364024
3260 -364024
3265 -364024
3270 -364024
3275 -364024
3280 -364024
3285 -364024
3290 -364024
3295 -364024
3300 -364024
3305 -364024
3310 -364024
3315 -364024
3320 -364024
3325 -364024
3330 -364024
3335 -364024
3340 -364024
3345 -364024
3350 -364024
3355 -363977
3360 -363977
3365 -363977
3370 -363977
3375 -363977
3380 -363977
3385 -363977
3390 -363977
3395 -363977
3400 -363977
3405 -363977
3410 -363977
3415 -363977
3420 -363977
3425 -363977
3430 -363977
3435 -363977
3440 -363977
3445 -363977
3450 -363977
3455 -363977
3460 -363977
3465 -363977
3470 -363977
3475 -363977
3480 -363977
3485 -363977
3490 -363977
3495 -363977
3500 -363977
3505 -363977
3510 -363977
3515 -363977
3520 -363977
3525 -363977
3530 -363977
3535 -363977
3540 -363977
3545 -363977
3550 -363977
3555 -363977
3560 -363770
3565 -363427
3570 -363210
3575 -363210
3580 -363210
3585 -363210
3590 -363210
3595 -363210
3600 -363210
3605 -363210
3610 -363210
3615 -363210
3620 -363210
3625 -363210
3630 -363210
3635 -363210
3640 -363210
3645 -363210
3650 -363210
3655 -363210
3660 -363210
3665 -363210
3670 -363210
3675 -363210
3680 -363210
3685 -363210
3690 -363210
3695 -363210
3700 -363210
3705 -363210
3710 -363210
3715 -363210
3720 -363210
3725 -363210
3730 -363210
3735 -363210
3740 -363210
3745 -363210
3750 -363210
3755 -363210
3760 -363210
3765 -363210
3770 -362900
3775 -362900
3780 -362900
3785 -362900
3790 -362900
3795 -362900
3800 -362900
3805 -362900
3810 -362900
3815 -362900
3820 -362900
3825 -362900
3830 -362900
3835 -362900
3840 -362900
3845 -362900
3850 -362900
3855 -362900
3860 -362900
3865 -362900
3870 -362900
3875 -362900
3880 -362900
3885 -362900
3890 -362900
3895 -362900
3900 -362900
3905 -362900
3910 -362900
3915 -362900
3920 -362900
3925 -362900
3930 -362900
3935 -362900
3940 -362900
3945 -362900
3950 -362900
3955 -362900
3960 -362900
3965 -362900
3970 -362900
3975 -362900
3980 -362900
3985 -362900
3990 -362900
3995 -362900
4000 -362900
4005 -362900
4010 -362900
4015 -362900
4020 -362900
4025 -362900
4030 -362900
4035 -362900
4040 -362900
4045 -362900
4050 -362900
4055 -362900
4060 -362900
4065 -362900
4070 -362900
4075 -362900
4080 -362900
4085 -362900
4090 -362900
4095 -362900
4100 -362900
4105 -362900
4110 -362501
4115 -362501
4120 -362501
4125 -362501
4130 -362501
4135 -362501
4140 -362501
4145 -362501
4150 -362501
4155 -362501
4160 -362501
4165 -362501
4170 -362501
4175 -362501
4180 -362501
4185 -362501
4190 -362501
4195 -362501
4200 -362501
4205 -362501
4210 -362501
4215 -362501
4220 -362501
4225 -362501
4230 -362501
4235 -362501
4240 -362501
4245 -362501
4250 -362336
4255 -362336
4260 -362336
4265 -362336
4270 -362336
4275 -362336
4280 -362336
4285 -362336
4290 -362336
4295 -362336
4300 -362336
4305 -362336
4310 -362336
4315 -362336
4320 -362336
4325 -362336
4330 -362336
4335 -362336
4340 -362336
4345 -362336
4350 -362336
4355 -362336
4360 -362336
4365 -362336
4370 -362336
4375 -362336
4380 -362336
4385 -362336
4390 -362336
4395 -362336
4400 -362336
4405 -362336
4410 -362336
4415 -362336
4420 -362336
4425 -362336
4430 -362336
4435 -362336
4440 -362336
4445 -362336
4450 -362336
4455 -362336
4460 -362336
4465 -362336
4470 -362336
4475 -361929
4480 -361929
4485 -361929
4490 -361929
4495 -361929
4500 -361929
4505 -361929
4510 -361929
4515 -361929
4520 -361929
4525 -361929
4530 -361929
4535 -361929
4540 -361929
4545 -361929
4550 -361929
4555 -361929
4560 -361929
4565 -361929
4570 -361929
4575 -361929
4580 -361929
4585 -361929
4590 -361929
4595 -361929
4600 -361929
4605 -361929
4610 -361929
4615 -361929
4620 -361929
4625 -361929
4630 -361929
4635 -361929
4640 -361929
4645 -361929
4650 -361929
4655 -361929
4660 -361929
4665 -361929
4670 -361929
4675 -361929
4680 -361929
4685 -361929
4690 -361929
4695 -361929
4700 -361929
4705 -361929
4710 -361929
4715 -361929
4720 -361929
4725 -361929
4730 -361929
4735 -361929
4740 -361929
4745 -361929
4750 -361929
4755 -361929
4760 -361929
4765 -361929
4770 -361929
4775 -361929
4780 -361929
4785 -361929
4790 -361929
4795 -361929
4800 -361929
4805 -361929
4810 -361929
4815 -361929
4820 -361929
4825 -361929
4830 -361929
4835 -361929
4840 -361929
4845 -361929
4850 -361929
4855 -361929
4860 -361929
4865 -361929
4870 -361929
4875 -361929
4880 -361929
4885 -361929
4890 -361929
4895 -361929
4900 -361929
4905 -361929
4910 -361929
4915 -361929
4920 -361929
4925 -361929
4930 -361929
4935 -361929
4940 -361929
4945 -361929
4950 -361929
4955 -361929
4960 -361929
4965 -361929
4970 -361929
4975 -361929
4980 -361929
4985 -361929
4990 -361929
4995 -361929
5000 -361929
5005 -361929
5010 -361929
5015 -361929
5020 -361929
5025 -361929
5030 -361929
5035 -361929
5040 -361929
5045 -361929
5050 -361929
5055 -361929
5060 -361929
5065 -361929
5070 -361929
5075 -361929
5080 -361929
5085 -361929
5090 -361929
5095 -361929
5100 -361929
5105 -361929
5110 -361929
5115 -361929
5120 -361929
5125 -361929
5130 -361929
5135 -361929
5140 -361929
5145 -361929
5150 -361929
5155 -361929
5160 -361929
5165 -361929
5170 -361929
5175 -361929
5180 -361929
5185 -361929
5190 -361929
5195 -361929
5200 -361929
5205 -361929
5210 -361929
5215 -361929
5220 -361929
5225 -361929
5230 -361461
5235 -361461
5240 -361461
5245 -361461
5250 -361461
5255 -361461
5260 -361461
5265 -361461
5270 -361461
5275 -361461
5280 -361461
5285 -361461
5290 -361461
5295 -361461
5300 -361461
5305 -361461
5310 -361461
5315 -361461
5320 -361461
5325 -361461
5330 -361461
5335 -361461
5340 -361461
5345 -361461
5350 -361461
5355 -361461
5360 -361461
5365 -361414
5370 -361414
5375 -361414
5380 -361414
5385 -361414
5390 -361414
5395 -361414
5400 -361414
5405 -361414
5410 -361188
5415 -361188
5420 -361188
5425 -361188
5430 -361188
5435 -361188
5440 -361188
5445 -361188
5450 -361188
5455 -361188
5460 -361188
5465 -361188
5470 -361188
5475 -361188
