10 -380300
15 -377219
20 -376582
25 -376008
30 -375760
35 -375576
40 -373749
45 -373749
50 -372817
55 -369459
60 -369459
65 -369459
70 -368735
75 -368735
80 -368735
85 -368735
90 -368735
95 -368646
100 -368646
105 -368646
110 -368646
115 -368646
120 -368646
125 -368646
130 -368646
135 -368646
140 -368282
145 -368282
150 -368282
155 -368282
160 -368282
165 -368282
170 -368282
175 -367918
180 -367918
185 -367918
190 -367375
195 -367292
200 -367292
205 -367292
210 -367292
215 -367292
220 -367292
225 -367292
230 -367292
235 -366571
240 -366571
245 -366571
250 -366571
255 -366571
260 -366571
265 -366410
270 -366410
275 -366410
280 -366410
285 -366410
290 -366410
295 -366410
300 -366410
305 -366410
310 -366410
315 -366410
320 -366410
325 -366410
330 -366410
335 -366410
340 -366410
345 -365768
350 -365768
355 -365768
360 -365768
365 -365768
370 -365019
375 -365019
380 -365019
385 -365019
390 -365019
395 -365019
400 -365019
405 -365019
410 -365019
415 -365019
420 -365019
425 -365019
430 -365019
435 -365019
440 -365019
445 -365019
450 -365019
455 -365019
460 -365019
465 -365019
470 -365019
475 -363664
480 -363664
485 -363664
490 -363664
495 -363664
500 -363664
505 -363664
510 -363664
515 -363664
520 -363664
525 -363664
530 -363664
535 -363664
540 -363664
545 -363664
550 -363664
555 -363664
560 -363664
565 -363664
570 -363664
575 -363664
580 -363664
585 -363664
590 -363664
595 -363664
600 -363664
605 -363664
610 -363664
615 -363664
620 -363664
625 -363664
630 -363373
635 -363373
640 -363373
645 -363373
650 -363373
655 -363373
660 -362671
665 -362671
670 -362671
675 -362671
680 -362671
685 -362164
690 -362164
695 -362164
700 -362164
705 -362164
710 -362164
715 -362164
720 -362164
725 -362164
730 -362164
735 -362164
740 -362164
745 -362164
750 -362164
755 -362164
760 -361972
765 -361972
770 -361749
775 -361749
780 -361749
785 -361749
790 -361749
795 -361749
800 -361749
805 -361629
810 -361629
815 -361629
820 -361629
825 -361629
830 -361629
835 -361629
840 -361629
845 -361629
850 -361629
855 -361629
860 -361629
865 -361629
870 -361629
875 -361629
880 -361629
885 -361629
890 -361629
895 -361246
900 -361246
905 -361246
910 -361246
915 -361246
920 -361246
925 -361246
930 -360742
935 -360742
940 -360742
945 -360742
950 -360742
955 -360742
960 -360742
965 -360742
970 -360742
975 -360742
980 -360742
985 -360742
990 -360742
995 -360742
1000 -360742
1005 -360742
1010 -360742
1015 -360742
1020 -360742
1025 -360742
1030 -360742
1035 -360742
1040 -360742
1045 -360658
1050 -360658
1055 -360658
1060 -360658
1065 -360658
1070 -360658
1075 -360658
1080 -360658
1085 -360658
1090 -360658
1095 -360658
1100 -360658
1105 -360658
1110 -360658
1115 -360658
1120 -360658
1125 -360658
1130 -360658
1135 -360658
1140 -360658
1145 -360658
1150 -360658
1155 -360658
1160 -360658
1165 -360658
1170 -360658
1175 -360658
1180 -360658
1185 -360658
1190 -360658
1195 -360658
1200 -360658
1205 -360658
1210 -360658
1215 -360658
1220 -360658
1225 -360658
1230 -360658
1235 -360658
1240 -360658
1245 -360303
1250 -360303
1255 -360303
1260 -360303
1265 -360303
1270 -360303
1275 -360303
1280 -360303
1285 -360303
1290 -360303
1295 -360303
1300 -360303
1305 -360303
1310 -360303
1315 -360303
1320 -360303
1325 -360303
1330 -360303
1335 -360303
1340 -360303
1345 -360303
1350 -360303
1355 -360303
1360 -360303
1365 -360303
1370 -360303
1375 -360303
1380 -360303
1385 -360303
1390 -360303
1395 -360303
1400 -360303
1405 -360303
1410 -360303
1415 -360303
1420 -360303
1425 -360303
1430 -360303
1435 -360303
1440 -360303
1445 -360303
1450 -360303
1455 -360303
1460 -360303
1465 -360303
1470 -360303
1475 -360303
1480 -360303
1485 -360303
1490 -360303
1495 -360303
1500 -360303
1505 -360303
1510 -360303
1515 -360303
1520 -360303
1525 -360303
1530 -360303
1535 -360303
1540 -360303
1545 -360303
1550 -360303
1555 -360303
1560 -360303
1565 -360303
1570 -360303
1575 -359956
1580 -359956
1585 -359956
1590 -359956
1595 -359956
1600 -359956
1605 -359956
1610 -359956
1615 -359956
1620 -359956
1625 -359956
1630 -359956
1635 -359956
1640 -359956
1645 -359956
1650 -359956
1655 -359956
1660 -359956
1665 -359956
1670 -359956
1675 -359956
1680 -359956
1685 -359956
1690 -359956
1695 -359956
1700 -359956
1705 -359956
1710 -359956
1715 -359956
1720 -359956
1725 -359956
1730 -359956
1735 -359956
1740 -359956
1745 -359956
1750 -359956
1755 -359956
1760 -359956
1765 -359956
1770 -359956
1775 -359956
1780 -359956
1785 -359956
1790 -359956
1795 -359956
1800 -359956
1805 -359956
1810 -359956
1815 -359956
1820 -359956
1825 -359956
1830 -359956
1835 -359956
1840 -359956
1845 -359956
1850 -359956
1855 -359956
1860 -359956
1865 -359956
1870 -359956
1875 -359956
1880 -359956
1885 -359956
1890 -359956
1895 -359956
1900 -359956
1905 -359956
1910 -359956
1915 -359956
1920 -359956
1925 -359956
1930 -359956
1935 -359956
1940 -359956
1945 -359956
1950 -359956
1955 -359956
1960 -359956
1965 -359956
1970 -359956
1975 -359956
1980 -359956
1985 -359956
1990 -359956
1995 -359956
2000 -359956
2005 -359956
2010 -359956
2015 -359956
2020 -359956
2025 -359956
2030 -359956
2035 -359956
2040 -359956
2045 -359956
2050 -359956
2055 -359956
2060 -359956
2065 -359956
2070 -359956
2075 -359956
2080 -359956
2085 -359956
2090 -359956
2095 -359956
2100 -359956
2105 -359956
2110 -359956
2115 -359956
2120 -359956
2125 -359956
2130 -359956
2135 -359956
2140 -359956
2145 -359956
2150 -359956
2155 -359956
2160 -359956
2165 -359956
2170 -359956
2175 -359956
2180 -359956
2185 -359956
2190 -359956
2195 -359956
2200 -359956
2205 -359956
2210 -359956
2215 -359956
2220 -359956
2225 -359956
2230 -359956
2235 -359956
2240 -359956
2245 -359956
2250 -359956
2255 -359956
2260 -359956
2265 -359956
2270 -359956
2275 -359956
2280 -359956
2285 -359956
2290 -359956
2295 -359956
2300 -359956
2305 -359956
2310 -359956
2315 -359956
2320 -359956
2325 -359956
2330 -359956
2335 -359956
2340 -359956
2345 -359956
2350 -359956
2355 -359956
2360 -359956
2365 -359956
2370 -359956
2375 -359956
2380 -359956
2385 -359956
2390 -359956
2395 -359956
2400 -359956
2405 -359956
2410 -359956
2415 -359956
2420 -359956
2425 -359956
2430 -359956
2435 -359956
2440 -359956
2445 -359956
2450 -359956
2455 -359956
2460 -359956
2465 -359956
2470 -359956
2475 -359956
2480 -359956
2485 -359956
2490 -359956
2495 -359956
2500 -359956
2505 -359956
2510 -359956
2515 -359956
2520 -359956
2525 -359956
2530 -359956
2535 -359956
2540 -359956
2545 -359956
2550 -359956
2555 -359956
2560 -359956
2565 -359956
2570 -359956
2575 -359956
2580 -359956
2585 -359956
2590 -359956
2595 -359956
2600 -359956
2605 -359956
2610 -359956
2615 -359956
2620 -359956
2625 -359956
2630 -359956
2635 -359956
2640 -359956
2645 -359956
2650 -359956
2655 -359956
2660 -359956
2665 -359956
2670 -359956
2675 -359956
2680 -359956
2685 -359956
2690 -359956
2695 -359956
2700 -359956
2705 -359956
2710 -359956
2715 -359956
2720 -359956
2725 -359956
2730 -359956
2735 -359956
2740 -359956
2745 -359956
2750 -359956
2755 -359956
2760 -359956
2765 -359956
2770 -359956
2775 -359956
2780 -359956
2785 -359956
2790 -359956
2795 -359956
2800 -359956
2805 -359956
2810 -359956
2815 -359956
2820 -359956
2825 -359956
2830 -359956
2835 -359956
2840 -359956
2845 -359956
2850 -359956
2855 -359956
2860 -359956
2865 -359956
2870 -359956
2875 -359956
2880 -359956
2885 -359956
2890 -359956
2895 -359956
2900 -359956
2905 -359956
2910 -359956
2915 -359956
2920 -359956
2925 -359956
2930 -359956
2935 -359956
2940 -359956
2945 -359956
2950 -359956
2955 -359956
2960 -359956
2965 -359956
2970 -359956
2975 -359956
2980 -359956
2985 -359956
2990 -359956
2995 -359956
3000 -359956
3005 -359956
3010 -359956
3015 -359956
3020 -359956
3025 -359956
3030 -359956
3035 -359956
3040 -359956
3045 -359956
3050 -359956
3055 -359956
3060 -359956
3065 -359956
3070 -359956
3075 -359956
3080 -359956
3085 -359956
3090 -359956
3095 -359956
3100 -359956
3105 -359956
3110 -359956
3115 -359956
3120 -359956
3125 -359956
3130 -359956
3135 -359956
3140 -359956
3145 -359956
3150 -359956
3155 -359956
3160 -359956
3165 -359956
3170 -359956
3175 -359956
3180 -359956
3185 -359956
3190 -359956
3195 -359956
3200 -359956
3205 -359956
3210 -359956
3215 -359956
3220 -359956
3225 -359956
3230 -359956
3235 -359956
3240 -359956
3245 -359956
3250 -359956
3255 -359956
3260 -359956
3265 -359956
3270 -359956
3275 -359956
3280 -359956
3285 -359956
3290 -359956
3295 -359956
3300 -359956
3305 -359956
3310 -359956
3315 -359956
3320 -359956
3325 -359956
3330 -359956
3335 -359956
3340 -359956
3345 -359956
3350 -359956
3355 -359956
3360 -359956
3365 -359956
3370 -359956
3375 -359956
3380 -359956
3385 -359956
3390 -359956
3395 -359956
3400 -359956
3405 -359956
3410 -359956
3415 -359956
3420 -359956
3425 -359956
3430 -359956
3435 -359956
3440 -359956
3445 -359956
3450 -359956
3455 -359956
3460 -359956
3465 -359956
3470 -359956
3475 -359956
3480 -359956
3485 -359956
3490 -359956
3495 -359956
3500 -359956
3505 -359956
3510 -359956
3515 -359956
3520 -359956
3525 -359956
3530 -359956
3535 -359956
3540 -359956
3545 -359956
3550 -359956
3555 -359956
3560 -359956
3565 -359956
3570 -359956
3575 -359956
3580 -359956
3585 -359956
3590 -359956
3595 -359956
3600 -359956
3605 -359956
3610 -359956
3615 -359956
3620 -359956
3625 -359956
3630 -359956
3635 -359956
3640 -359956
3645 -359956
3650 -359956
3655 -359956
3660 -359956
3665 -359956
3670 -359956
3675 -359956
3680 -359956
3685 -359956
3690 -359956
3695 -359956
3700 -359956
3705 -359956
3710 -359956
3715 -359956
3720 -359956
3725 -359956
3730 -359956
3735 -359956
3740 -359956
3745 -359956
3750 -359956
3755 -359956
3760 -359956
3765 -359956
3770 -359956
3775 -359956
3780 -359956
3785 -359956
3790 -359956
3795 -359956
3800 -359956
3805 -359956
3810 -359956
3815 -359956
3820 -359956
3825 -359956
3830 -359956
3835 -359956
3840 -359956
3845 -359956
3850 -359956
3855 -359956
3860 -359956
3865 -359956
3870 -359956
3875 -359956
3880 -359956
3885 -359956
3890 -359956
3895 -359956
3900 -359956
3905 -359956
3910 -359956
3915 -359956
3920 -359956
3925 -359956
3930 -359956
3935 -359956
3940 -359956
3945 -359956
3950 -359956
3955 -359956
3960 -359956
3965 -359956
3970 -359956
3975 -359956
3980 -359956
3985 -359956
3990 -359956
3995 -359956
4000 -359956
4005 -359956
4010 -359956
4015 -359956
4020 -359956
4025 -359956
4030 -359956
4035 -359956
4040 -359956
4045 -359956
4050 -359956
4055 -359956
4060 -359956
4065 -359956
4070 -359956
4075 -359956
4080 -359956
4085 -359956
4090 -359956
4095 -359956
4100 -359956
4105 -359956
4110 -359956
4115 -359956
4120 -359956
4125 -359956
4130 -359956
4135 -359956
4140 -359956
4145 -359956
4150 -359956
4155 -359956
4160 -359956
4165 -359956
4170 -359956
4175 -359956
4180 -359956
4185 -359956
4190 -359956
4195 -359956
4200 -359956
4205 -359956
4210 -359956
4215 -359956
4220 -359956
4225 -359956
4230 -359956
4235 -359956
4240 -359956
4245 -359956
4250 -359956
4255 -359956
4260 -359956
4265 -359956
4270 -359956
4275 -359956
4280 -359956
4285 -359956
4290 -359956
4295 -359956
4300 -359956
4305 -359956
4310 -359956
4315 -359956
4320 -359956
4325 -359956
4330 -359956
4335 -359956
4340 -359956
4345 -359956
4350 -359956
4355 -359956
4360 -359956
4365 -359956
4370 -359956
4375 -359956
4380 -359956
4385 -359956
4390 -359956
4395 -359956
4400 -359956
4405 -359956
4410 -359956
4415 -359956
4420 -359956
4425 -359956
4430 -359956
4435 -359956
4440 -359956
4445 -359956
4450 -359956
4455 -359956
4460 -359956
4465 -359956
4470 -359956
4475 -359956
4480 -359956
4485 -359956
4490 -359956
4495 -359956
4500 -359956
4505 -359956
4510 -359956
4515 -359956
4520 -359956
4525 -359956
4530 -359956
4535 -359956
4540 -359956
4545 -359956
4550 -359956
4555 -359956
4560 -359956
4565 -359956
4570 -359956
4575 -359956
4580 -359956
4585 -359956
4590 -359956
4595 -359956
4600 -359956
4605 -359956
4610 -359956
4615 -359956
4620 -359956
4625 -359956
4630 -359956
4635 -359956
4640 -359956
4645 -359956
4650 -359956
4655 -359956
4660 -359956
4665 -359956
4670 -359956
4675 -359956
4680 -359956
4685 -359956
4690 -359956
4695 -359956
4700 -359956
4705 -359956
4710 -359956
4715 -359956
4720 -359956
4725 -359956
4730 -359956
4735 -359956
4740 -359956
4745 -359956
4750 -359956
4755 -359956
4760 -359956
4765 -359956
4770 -359956
4775 -359956
4780 -359956
4785 -359956
4790 -359956
4795 -359956
4800 -359956
4805 -359956
4810 -359956
4815 -359956
4820 -359956
4825 -359956
4830 -359956
4835 -359956
4840 -359956
4845 -359956
4850 -359956
4855 -359956
4860 -359956
4865 -359956
4870 -359956
4875 -359956
4880 -359956
4885 -359956
4890 -359956
4895 -359956
4900 -359956
4905 -359956
4910 -359956
4915 -359956
4920 -359956
4925 -359956
4930 -359956
4935 -359956
4940 -359956
4945 -359956
4950 -359956
4955 -359956
4960 -359956
4965 -359956
4970 -359956
4975 -359956
4980 -359956
4985 -359956
4990 -359956
4995 -359956
5000 -359956
5005 -359956
5010 -359956
5015 -359956
5020 -359956
5025 -359956
5030 -359956
5035 -359956
5040 -359956
5045 -359956
5050 -359956
5055 -359956
5060 -359956
5065 -359956
5070 -359956
5075 -359956
5080 -359956
5085 -359956
5090 -359956
5095 -359956
5100 -359956
5105 -359956
5110 -359956
5115 -359956
5120 -359956
5125 -359956
5130 -359956
5135 -359956
5140 -359956
5145 -359956
5150 -359956
5155 -359956
5160 -359956
5165 -359956
5170 -359956
5175 -359956
5180 -359956
5185 -359956
5190 -359956
5195 -359956
5200 -359956
5205 -359956
5210 -359956
5215 -359956
5220 -359956
5225 -359956
5230 -359956
5235 -359956
5240 -359956
5245 -359956
5250 -359956
5255 -359956
5260 -359956
5265 -359956
5270 -359956
5275 -359956
5280 -359956
5285 -359956
5290 -359956
5295 -359956
5300 -359956
5305 -359956
5310 -359956
5315 -359956
5320 -359956
5325 -359956
5330 -359956
5335 -359956
5340 -359956
5345 -359956
5350 -359956
5355 -359956
5360 -359956
5365 -359956
5370 -359956
5375 -359956
5380 -359956
5385 -359956
5390 -359956
5395 -359956
5400 -359956
5405 -359956
5410 -359956
5415 -359956
5420 -359956
5425 -359956
5430 -359956
5435 -359956
5440 -359956
5445 -359956
5450 -359956
5455 -359956
5460 -359956
5465 -359956
5470 -359956
5475 -359956
5480 -359956
5485 -359956
5490 -359956
5495 -359956
5500 -359956
5505 -359956
5510 -359956
5515 -359956
5520 -359956
5525 -359956
5530 -359956
5535 -359956
5540 -359956
5545 -359956
5550 -359956
5555 -359956
5560 -359956
5565 -359956
5570 -359956
5575 -359956
5580 -359956
5585 -359956
5590 -359956
5595 -359956
5600 -359956
5605 -359956
5610 -359956
5615 -359956
5620 -359956
5625 -359956
5630 -359956
5635 -359956
5640 -359956
5645 -359956
5650 -359956
5655 -359956
5660 -359956
5665 -359956
5670 -359956
5675 -359956
5680 -359956
5685 -359956
5690 -359956
5695 -359956
5700 -359956
5705 -359956
5710 -359956
5715 -359956
5720 -359956
5725 -359956
5730 -359956
5735 -359956
5740 -359956
5745 -359956
5750 -359956
5755 -359956
5760 -359956
5765 -359956
5770 -359956
5775 -359956
5780 -359956
5785 -359956
5790 -359956
5795 -359956
5800 -359956
5805 -359956
5810 -359956
5815 -359956
5820 -359956
5825 -359956
5830 -359956
5835 -359956
5840 -359956
5845 -359956
5850 -359956
5855 -359956
5860 -359956
5865 -359956
5870 -359956
5875 -359956
5880 -359956
5885 -359956
5890 -359956
5895 -359956
5900 -359956
5905 -359956
5910 -359956
5915 -359956
5920 -359956
5925 -359956
5930 -359956
5935 -359956
5940 -359956
5945 -359956
5950 -359956
5955 -359956
5960 -359956
5965 -359956
5970 -359956
5975 -359956
5980 -359956
5985 -359956
5990 -359956
5995 -359956
6000 -359956
6005 -359956
6010 -359956
6015 -359956
6020 -359956
6025 -359956
6030 -359956
6035 -359956
6040 -359956
6045 -359956
6050 -359956
6055 -359956
6060 -359956
6065 -359956
6070 -359956
6075 -359956
6080 -359956
6085 -359956
6090 -359956
6095 -359956
6100 -359956
6105 -359956
6110 -359956
6115 -359956
6120 -359956
6125 -359956
6130 -359956
6135 -359956
6140 -359956
6145 -359956
6150 -359956
6155 -359956
6160 -359956
6165 -359956
6170 -359956
6175 -359956
6180 -359956
6185 -359956
6190 -359956
6195 -359956
6200 -359956
6205 -359956
6210 -359956
6215 -359956
6220 -359956
6225 -359956
6230 -359956
6235 -359956
6240 -359956
6245 -359956
6250 -359956
6255 -359956
6260 -359956
6265 -359956
6270 -359956
6275 -359956
6280 -359956
6285 -359956
6290 -359956
6295 -359956
6300 -359956
6305 -359956
6310 -359956
6315 -359956
6320 -359956
6325 -359956
6330 -359956
6335 -359956
6340 -359956
6345 -359956
6350 -359956
6355 -359956
6360 -359956
6365 -359956
6370 -359956
6375 -359956
6380 -359956
6385 -359956
6390 -359956
6395 -359956
6400 -359956
6405 -359956
6410 -359956
6415 -359956
6420 -359956
6425 -359956
6430 -359956
6435 -359956
6440 -359956
6445 -359956
6450 -359956
6455 -359956
6460 -359956
6465 -359956
6470 -359956
6475 -359956
6480 -359956
6485 -359956
6490 -359956
6495 -359956
6500 -359956
6505 -359956
6510 -359956
6515 -359956
6520 -359956
6525 -359956
6530 -359956
6535 -359956
6540 -359956
6545 -359956
6550 -359956
6555 -359956
6560 -359956
6565 -359956
6570 -359956
6575 -359956
6580 -359956
6585 -359956
6590 -359956
6595 -359956
6600 -359956
6605 -359956
6610 -359956
6615 -359956
6620 -359956
6625 -359956
6630 -359956
6635 -359956
6640 -359956
6645 -359956
6650 -359956
6655 -359956
6660 -359956
6665 -359956
6670 -359956
6675 -359956
6680 -359956
6685 -359956
6690 -359956
6695 -359956
6700 -359956
6705 -359956
6710 -359956
6715 -359956
6720 -359956
6725 -359956
6730 -359956
6735 -359956
6740 -359956
6745 -359956
6750 -359956
6755 -359956
6760 -359956
6765 -359956
6770 -359956
6775 -359956
6780 -359956
6785 -359956
6790 -359956
6795 -359956
6800 -359956
6805 -359956
6810 -359956
6815 -359956
6820 -359956
6825 -359956
6830 -359956
6835 -359956
6840 -359956
6845 -359956
6850 -359956
6855 -359956
6860 -359956
6865 -359956
6870 -359956
6875 -359956
6880 -359956
6885 -359956
6890 -359956
6895 -359956
6900 -359956
6905 -359956
6910 -359956
6915 -359956
6920 -359956
6925 -359956
6930 -359956
6935 -359956
6940 -359956
6945 -359956
6950 -359956
6955 -359956
6960 -359956
6965 -359956
6970 -359956
6975 -359956
6980 -359956
6985 -359956
6990 -359956
6995 -359956
7000 -359956
7005 -359956
7010 -359956
7015 -359956
7020 -359956
7025 -359956
7030 -359956
7035 -359956
7040 -359956
7045 -359956
7050 -359956
7055 -359956
7060 -359956
7065 -359956
7070 -359956
7075 -359956
7080 -359956
7085 -359956
7090 -359956
7095 -359956
7100 -359956
7105 -359956
7110 -359956
7115 -359956
7120 -359956
7125 -359956
7130 -359956
7135 -359956
7140 -359956
7145 -359956
7150 -359956
7155 -359956
7160 -359956
7165 -359956
7170 -359956
7175 -359956
7180 -359956
7185 -359956
7190 -359956
7195 -359956
7200 -359956
7205 -359956
7210 -359956
7215 -359956
7220 -359956
7225 -359956
7230 -359956
7235 -359956
7240 -359956
7245 -359956
7250 -359956
7255 -359956
7260 -359956
7265 -359956
7270 -359956
7275 -359956
7280 -359956
7285 -359956
7290 -359956
7295 -359956
7300 -359956
7305 -359956
7310 -359956
7315 -359956
7320 -359956
7325 -359956
7330 -359956
7335 -359956
7340 -359956
7345 -359956
7350 -359956
7355 -359956
7360 -359956
7365 -359956
7370 -359956
7375 -359956
7380 -359956
7385 -359956
7390 -359956
7395 -359956
7400 -359956
7405 -359956
7410 -359956
7415 -359956
7420 -359956
7425 -359956
7430 -359956
7435 -359956
7440 -359956
7445 -359956
7450 -359956
7455 -359956
7460 -359956
7465 -359956
7470 -359956
7475 -359956
7480 -359956
7485 -359956
7490 -359956
7495 -359956
7500 -359956
7505 -359956
7510 -359956
7515 -359956
7520 -359956
7525 -359956
7530 -359956
7535 -359956
7540 -359956
7545 -359956
7550 -359956
7555 -359956
7560 -359956
7565 -359956
7570 -359956
7575 -359956
7580 -359956
7585 -359956
7590 -359956
7595 -359956
7600 -359956
7605 -359956
7610 -359956
7615 -359956
7620 -359956
7625 -359956
7630 -359956
7635 -359956
7640 -359956
7645 -359956
7650 -359956
7655 -359956
7660 -359956
7665 -359956
7670 -359956
7675 -359956
7680 -359956
7685 -359956
7690 -359956
7695 -359956
7700 -359956
7705 -359956
7710 -359956
7715 -359956
7720 -359956
7725 -359956
7730 -359956
7735 -359956
7740 -359956
7745 -359956
7750 -359956
7755 -359956
7760 -359956
7765 -359956
7770 -359956
7775 -359956
7780 -359956
7785 -359956
7790 -359956
7795 -359956
7800 -359956
7805 -359956
7810 -359956
7815 -359956
7820 -359956
7825 -359956
7830 -359956
7835 -359956
7840 -359956
7845 -359956
7850 -359956
7855 -359956
7860 -359956
7865 -359956
7870 -359956
7875 -359956
7880 -359956
7885 -359956
7890 -359956
7895 -359956
7900 -359956
7905 -359956
7910 -359956
7915 -359956
7920 -359956
7925 -359956
7930 -359956
7935 -359956
7940 -359956
7945 -359956
7950 -359956
7955 -359956
7960 -359956
7965 -359956
7970 -359956
7975 -359956
7980 -359956
7985 -359956
7990 -359956
7995 -359956
8000 -359956
8005 -359956
8010 -359956
8015 -359956
8020 -359956
8025 -359956
8030 -359956
8035 -359956
8040 -359956
8045 -359956
8050 -359956
8055 -359956
8060 -359956
8065 -359956
8070 -359956
8075 -359956
8080 -359956
8085 -359956
8090 -359956
8095 -359956
8100 -359956
8105 -359956
8110 -359956
8115 -359956
8120 -359956
8125 -359956
8130 -359956
8135 -359956
8140 -359956
8145 -359956
8150 -359956
8155 -359956
8160 -359956
8165 -359956
8170 -359956
8175 -359956
8180 -359956
8185 -359956
8190 -359956
8195 -359956
8200 -359956
8205 -359956
8210 -359956
8215 -359956
8220 -359956
8225 -359956
8230 -359956
8235 -359956
8240 -359956
8245 -359956
8250 -359956
8255 -359956
8260 -359956
8265 -359956
8270 -359956
8275 -359956
8280 -359956
8285 -359956
8290 -359956
8295 -359956
8300 -359956
8305 -359956
8310 -359956
8315 -359956
8320 -359956
8325 -359956
8330 -359956
8335 -359956
8340 -359956
8345 -359956
8350 -359956
8355 -359956
8360 -359956
8365 -359956
8370 -359956
8375 -359956
8380 -359956
8385 -359956
8390 -359956
8395 -359956
8400 -359956
8405 -359956
8410 -359956
8415 -359956
8420 -359956
8425 -359956
8430 -359956
8435 -359956
8440 -359956
8445 -359956
8450 -359956
8455 -359956
8460 -359956
8465 -359956
8470 -359956
8475 -359956
8480 -359956
8485 -359956
8490 -359956
8495 -359956
8500 -359956
8505 -359956
8510 -359956
8515 -359956
8520 -359956
8525 -359956
8530 -359956
8535 -359956
8540 -359956
8545 -359956
8550 -359956
8555 -359956
8560 -359956
8565 -359956
8570 -359956
8575 -359956
8580 -359956
8585 -359956
8590 -359956
8595 -359956
8600 -359956
8605 -359956
8610 -359956
8615 -359956
8620 -359956
8625 -359956
8630 -359956
8635 -359956
8640 -359956
8645 -359956
8650 -359956
8655 -359956
8660 -359956
8665 -359956
8670 -359956
8675 -359956
8680 -359956
8685 -359956
8690 -359956
8695 -359956
8700 -359956
8705 -359956
8710 -359956
8715 -359956
8720 -359956
8725 -359956
8730 -359956
8735 -359956
8740 -359956
8745 -359956
8750 -359956
8755 -359956
8760 -359956
8765 -359956
8770 -359956
8775 -359956
8780 -359956
8785 -359956
8790 -359956
8795 -359956
8800 -359956
8805 -359956
8810 -359956
8815 -359905
8820 -359905
8825 -359905
8830 -359905
8835 -359905
8840 -359905
8845 -359905
8850 -359905
8855 -359905
8860 -359905
8865 -359905
8870 -359905
8875 -359905
8880 -359905
8885 -359905
8890 -359905
8895 -359905
8900 -359905
8905 -359905
8910 -359905
8915 -359905
8920 -359905
8925 -359905
8930 -359905
8935 -359905
8940 -359905
8945 -359905
8950 -359905
8955 -359905
8960 -359905
8965 -359905
8970 -359905
8975 -359905
8980 -359905
8985 -359905
8990 -359905
8995 -359905
9000 -359905
9005 -359905
9010 -359905
9015 -359905
9020 -359905
9025 -359905
9030 -359905
9035 -359905
9040 -359905
9045 -359905
9050 -359905
9055 -359905
9060 -359905
9065 -359905
9070 -359905
9075 -359905
9080 -359905
9085 -359905
9090 -359905
9095 -359905
9100 -359905
9105 -359905
9110 -359905
9115 -359905
9120 -359905
9125 -359905
9130 -359905
9135 -359905
9140 -359905
9145 -359905
9150 -359905
9155 -359905
9160 -359905
9165 -359905
9170 -359905
9175 -359905
9180 -359905
9185 -359905
9190 -359905
9195 -359905
9200 -359905
9205 -359905
9210 -359905
9215 -359905
9220 -359905
9225 -359905
9230 -359905
9235 -359905
9240 -359905
9245 -359905
9250 -359905
9255 -359905
9260 -359905
9265 -359905
9270 -359905
9275 -359905
9280 -359905
9285 -359905
9290 -359905
9295 -359905
9300 -359905
9305 -359905
9310 -359905
9315 -359905
9320 -359905
9325 -359905
9330 -359905
9335 -359905
9340 -359905
9345 -359905
9350 -359905
9355 -359676
9360 -359676
9365 -359676
9370 -359676
9375 -359676
9380 -359676
9385 -359676
9390 -359676
9395 -359676
9400 -359676
9405 -359676
9410 -359676
9415 -359676
9420 -359676
9425 -359676
9430 -359676
9435 -359676
9440 -359676
9445 -359676
9450 -359676
9455 -359676
9460 -359676
9465 -359676
9470 -359676
9475 -359676
9480 -359676
9485 -359676
9490 -359676
9495 -359676
9500 -359676
9505 -359676
9510 -359676
9515 -359676
9520 -359676
9525 -359676
9530 -359676
9535 -359676
9540 -359676
9545 -359676
9550 -359676
9555 -359676
9560 -359676
9565 -359676
9570 -359676
9575 -359676
9580 -359676
9585 -359676
9590 -359676
9595 -359676
9600 -359676
9605 -359676
9610 -359676
9615 -359676
9620 -359676
9625 -359676
9630 -359676
9635 -359676
9640 -359676
9645 -359676
9650 -359676
9655 -359676
9660 -359676
9665 -359676
9670 -359676
9675 -359676
9680 -359676
9685 -359676
9690 -359676
9695 -359676
9700 -359676
9705 -359676
9710 -359676
9715 -359676
9720 -359676
9725 -359676
9730 -359676
9735 -359676
9740 -359676
9745 -359676
9750 -359676
9755 -359676
9760 -359676
9765 -359676
9770 -359676
9775 -359676
9780 -359676
9785 -359676
9790 -359676
9795 -359676
9800 -359676
9805 -359676
9810 -359676
9815 -359676
9820 -359676
9825 -359676
9830 -359676
9835 -359676
9840 -359676
9845 -359676
9850 -359676
9855 -359676
9860 -359676
9865 -359676
9870 -359676
9875 -359676
9880 -359676
9885 -359676
9890 -359676
9895 -359676
9900 -359676
9905 -359676
9910 -359676
9915 -359676
9920 -359676
9925 -359676
9930 -359676
9935 -359676
9940 -359676
9945 -359676
9950 -359676
9955 -359676
9960 -359676
9965 -359676
9970 -359676
9975 -359676
9980 -359676
9985 -359676
9990 -359476
9995 -359476
10000 -359476
10005 -359476
10010 -359476
10015 -359476
10020 -359476
10025 -359476
10030 -359476
10035 -359476
10040 -359476
10045 -359476
10050 -359476
10055 -359476
10060 -359476
10065 -359476
10070 -359476
10075 -359476
10080 -359476
10085 -359476
10090 -359476
10095 -359476
10100 -359476
10105 -359476
10110 -359476
10115 -359476
10120 -359476
10125 -359476
10130 -359476
10135 -359476
10140 -359476
10145 -359476
10150 -359476
10155 -359476
10160 -359476
10165 -359476
10170 -359476
10175 -359476
10180 -359476
10185 -359476
10190 -359476
10195 -359476
10200 -359476
10205 -359476
10210 -359476
10215 -359476
10220 -359476
10225 -359476
10230 -359476
10235 -359476
10240 -359476
10245 -359476
10250 -359476
10255 -359476
10260 -359476
10265 -359476
10270 -359476
10275 -359476
10280 -359476
10285 -359476
10290 -359476
10295 -359476
10300 -359476
10305 -359476
10310 -359476
10315 -359476
10320 -359476
10325 -359476
10330 -359476
10335 -359476
10340 -359476
10345 -359476
10350 -359476
10355 -359476
10360 -359476
10365 -359476
10370 -359476
10375 -359476
10380 -359476
10385 -359476
10390 -359476
10395 -359476
10400 -359476
10405 -359476
10410 -359476
10415 -359476
10420 -359476
10425 -359476
10430 -359476
10435 -359476
10440 -359476
10445 -359476
10450 -359476
10455 -359476
10460 -359476
10465 -359476
10470 -359476
10475 -359476
10480 -359476
10485 -359476
10490 -359476
10495 -359476
10500 -359476
10505 -359476
10510 -359476
10515 -359476
10520 -359476
10525 -359476
10530 -359476
10535 -359476
10540 -359476
10545 -359476
10550 -359476
10555 -359476
10560 -359476
10565 -359476
10570 -359476
10575 -359476
10580 -359476
10585 -359476
10590 -359476
10595 -359476
10600 -359476
10605 -359476
10610 -359476
10615 -359476
10620 -359476
10625 -359476
10630 -359476
10635 -359476
10640 -359476
10645 -359476
10650 -359476
10655 -359476
10660 -359476
10665 -359476
10670 -359476
10675 -359476
10680 -359476
10685 -359476
10690 -359476
10695 -359476
10700 -359476
10705 -359476
10710 -359476
10715 -359476
10720 -359476
10725 -359476
10730 -359476
10735 -359476
10740 -359476
10745 -359476
10750 -359476
10755 -359476
10760 -359476
10765 -359476
10770 -359476
10775 -359476
10780 -359476
10785 -359476
10790 -359476
10795 -359476
10800 -359476
10805 -359476
10810 -359476
10815 -359476
10820 -359476
10825 -359476
10830 -359476
10835 -359476
10840 -359476
10845 -359476
10850 -359476
10855 -359476
10860 -359476
10865 -359476
10870 -359476
10875 -359476
10880 -359476
10885 -359476
10890 -359476
10895 -359476
10900 -359476
10905 -359476
10910 -359476
10915 -359476
10920 -359476
10925 -359476
10930 -359476
10935 -359476
10940 -359476
10945 -359476
10950 -359476
10955 -359476
10960 -359476
10965 -359476
10970 -359476
10975 -359476
10980 -359476
10985 -359476
10990 -359476
10995 -359476
11000 -359476
11005 -359476
11010 -359476
11015 -359476
11020 -359476
11025 -359476
11030 -359476
11035 -359476
11040 -359476
11045 -359476
11050 -359476
11055 -359476
11060 -359476
11065 -359476
11070 -359476
11075 -359476
11080 -359476
11085 -359476
11090 -359476
11095 -359476
11100 -359476
11105 -359476
11110 -359476
11115 -359476
11120 -359476
11125 -359476
11130 -359476
11135 -359476
11140 -359476
11145 -359476
11150 -359476
11155 -359476
11160 -359476
11165 -359476
11170 -359476
11175 -359476
11180 -359476
11185 -359476
11190 -359476
11195 -359476
11200 -359476
11205 -359476
11210 -359476
11215 -359476
11220 -359476
11225 -359476
11230 -359476
11235 -359476
11240 -359476
11245 -359476
11250 -359476
11255 -359476
11260 -359476
11265 -359476
11270 -359476
11275 -359476
11280 -359476
11285 -359476
11290 -359476
11295 -359476
11300 -359476
11305 -359476
11310 -359476
11315 -359476
11320 -359476
11325 -359476
11330 -359476
11335 -359476
11340 -359476
11345 -359476
11350 -359476
11355 -359476
11360 -359476
11365 -359476
11370 -359476
11375 -359476
11380 -359476
11385 -359476
11390 -359476
11395 -359476
11400 -359476
11405 -359476
11410 -359476
11415 -359476
11420 -359476
11425 -359476
11430 -359476
11435 -359476
11440 -359476
11445 -359476
11450 -359476
11455 -359476
11460 -359476
11465 -359476
11470 -359476
11475 -359476
11480 -359476
11485 -359476
11490 -359476
11495 -359476
11500 -359476
11505 -359476
11510 -359476
11515 -359476
11520 -359476
11525 -359476
11530 -359476
11535 -359476
11540 -359476
11545 -359476
11550 -359476
11555 -359476
11560 -359476
11565 -359476
11570 -359476
11575 -359476
11580 -359476
11585 -359476
11590 -359476
11595 -359476
11600 -359476
11605 -359476
11610 -359476
11615 -359476
11620 -359476
11625 -359476
11630 -359476
11635 -359476
11640 -359476
11645 -359476
11650 -359476
11655 -359476
11660 -359476
11665 -359476
11670 -359476
11675 -359476
11680 -359476
11685 -359476
11690 -359476
11695 -359476
11700 -359476
11705 -359476
11710 -359476
11715 -359476
11720 -359476
11725 -359476
11730 -359476
11735 -359476
11740 -359476
11745 -359476
11750 -359476
11755 -359476
11760 -359476
11765 -359476
11770 -359476
11775 -359476
11780 -359476
11785 -359476
11790 -359476
11795 -359476
11800 -359476
11805 -359476
11810 -359476
11815 -359476
11820 -359476
11825 -359476
11830 -359476
11835 -359476
11840 -359476
11845 -359476
11850 -359476
11855 -359476
11860 -359476
11865 -359476
11870 -359476
11875 -359476
11880 -359476
11885 -359476
11890 -359476
11895 -359476
11900 -359476
11905 -359476
11910 -359476
11915 -359476
11920 -359476
11925 -359476
11930 -359476
11935 -359476
11940 -359476
11945 -359476
11950 -359476
11955 -359476
11960 -359476
11965 -359476
11970 -359476
11975 -359476
11980 -359476
11985 -359476
11990 -359476
11995 -359476
12000 -359476
12005 -359476
12010 -359476
12015 -359476
12020 -359476
12025 -359476
12030 -359476
12035 -359476
12040 -359476
12045 -359476
12050 -359476
12055 -359476
12060 -359476
12065 -359476
12070 -359476
12075 -359476
12080 -359476
12085 -359476
12090 -359476
12095 -359476
12100 -359476
12105 -359476
12110 -359476
12115 -359476
12120 -359476
12125 -359476
12130 -359476
12135 -359476
12140 -359476
12145 -359476
12150 -359476
12155 -359476
12160 -359476
12165 -359476
12170 -359476
12175 -359476
12180 -359476
12185 -359476
12190 -359476
12195 -359476
12200 -359476
12205 -359476
12210 -359476
12215 -359476
12220 -359476
12225 -359476
12230 -359476
12235 -359476
12240 -359476
12245 -359476
12250 -359476
12255 -359476
12260 -359476
12265 -359476
12270 -359476
12275 -359476
12280 -359476
12285 -359476
12290 -359476
12295 -359476
12300 -359476
12305 -359476
12310 -359476
12315 -359476
12320 -359476
12325 -359476
12330 -359476
12335 -359476
12340 -359476
12345 -359476
12350 -359476
12355 -359476
12360 -359476
12365 -359476
12370 -359476
12375 -359476
12380 -359476
12385 -359476
12390 -359476
12395 -359476
12400 -359476
12405 -359476
12410 -359476
12415 -359476
12420 -359476
12425 -359476
12430 -359476
12435 -359476
12440 -359476
12445 -359476
12450 -359476
12455 -359476
12460 -359476
12465 -359198
12470 -359198
12475 -359198
12480 -359198
12485 -359198
12490 -359198
12495 -359198
12500 -359198
12505 -359198
12510 -359198
12515 -359198
12520 -359198
12525 -359198
12530 -359198
12535 -359198
12540 -359198
12545 -359198
12550 -359198
12555 -359198
12560 -359198
12565 -359198
12570 -359198
12575 -359198
12580 -359198
12585 -359198
12590 -359198
12595 -359198
12600 -359198
12605 -359198
12610 -359198
12615 -359198
12620 -359198
12625 -359198
12630 -359198
12635 -359198
12640 -359198
12645 -359198
12650 -359198
12655 -359198
12660 -359198
12665 -359198
12670 -359198
12675 -359198
12680 -359198
12685 -359198
12690 -359198
12695 -359198
12700 -359198
12705 -359198
12710 -359198
12715 -359198
12720 -359198
12725 -359198
12730 -359198
12735 -359198
12740 -359198
12745 -359198
12750 -359198
12755 -359198
12760 -359198
12765 -359198
12770 -359198
12775 -359198
12780 -359198
12785 -359198
12790 -359198
12795 -359198
12800 -359198
12805 -359198
12810 -359198
12815 -359198
12820 -359198
12825 -359198
12830 -359198
12835 -359198
12840 -359198
12845 -359198
12850 -359198
12855 -359198
12860 -359198
12865 -359198
12870 -359198
12875 -359198
12880 -359198
12885 -359198
12890 -359198
12895 -359198
12900 -359198
12905 -359198
12910 -359198
12915 -359198
12920 -359198
12925 -359198
12930 -359198
12935 -359198
12940 -359198
12945 -359198
12950 -359198
12955 -359198
12960 -359198
12965 -359198
12970 -359198
12975 -359198
12980 -359198
12985 -359198
12990 -359198
12995 -359198
13000 -359198
13005 -359198
13010 -359198
13015 -359198
13020 -359198
13025 -359198
13030 -359198
13035 -359198
13040 -359198
13045 -359198
13050 -359198
13055 -359198
13060 -359198
13065 -359198
13070 -359198
13075 -359198
13080 -359198
13085 -359198
13090 -359198
13095 -359198
13100 -359198
13105 -359198
13110 -359198
13115 -359198
13120 -359198
13125 -359198
13130 -359198
13135 -359198
13140 -359198
13145 -359198
13150 -359198
13155 -359198
13160 -359198
13165 -359198
13170 -359198
13175 -359198
13180 -359198
13185 -359198
13190 -359198
13195 -359198
13200 -359198
13205 -359198
13210 -359198
13215 -359198
13220 -359198
13225 -359198
13230 -359198
13235 -359198
13240 -359198
13245 -359198
13250 -359198
13255 -359198
13260 -359198
13265 -359198
13270 -359198
13275 -359198
13280 -359198
13285 -359198
13290 -359198
13295 -359198
13300 -359198
13305 -359198
13310 -359198
13315 -359198
13320 -359198
13325 -359198
13330 -359198
13335 -359198
13340 -359198
13345 -359198
13350 -359198
13355 -359198
13360 -359198
13365 -359198
13370 -359198
13375 -359198
13380 -359198
13385 -359198
13390 -359198
13395 -359198
13400 -359198
13405 -359198
13410 -359198
13415 -359198
13420 -359198
13425 -359198
13430 -359198
13435 -359198
13440 -359198
13445 -359198
13450 -359198
13455 -359198
13460 -359198
13465 -359198
13470 -359198
13475 -359198
13480 -359198
13485 -359198
13490 -359198
13495 -359198
13500 -359198
13505 -359198
13510 -359198
13515 -359198
13520 -359198
13525 -359198
13530 -359198
13535 -359198
13540 -359198
13545 -359198
13550 -359198
13555 -359198
13560 -359198
13565 -359198
13570 -359198
13575 -359198
13580 -359198
13585 -359198
13590 -359198
13595 -359198
13600 -359198
13605 -359198
13610 -359198
13615 -359198
13620 -359198
13625 -359198
13630 -359198
13635 -359198
13640 -359198
13645 -359198
13650 -359198
13655 -359198
13660 -359198
13665 -359198
13670 -359198
13675 -359198
13680 -359198
13685 -359198
13690 -359198
13695 -359198
13700 -359198
13705 -359198
13710 -359198
13715 -359198
13720 -359198
13725 -359198
13730 -359198
13735 -359198
13740 -359198
13745 -359198
13750 -359198
13755 -359198
13760 -359198
13765 -359198
13770 -359198
13775 -359198
13780 -359198
13785 -359198
13790 -359198
13795 -359198
13800 -359198
13805 -359198
13810 -359198
13815 -359198
13820 -359198
13825 -359198
13830 -359198
13835 -359198
13840 -359198
13845 -359198
13850 -359198
13855 -359198
13860 -359198
13865 -359198
13870 -359198
13875 -359198
13880 -359198
13885 -359198
13890 -359198
13895 -359198
13900 -359198
13905 -359198
13910 -359198
13915 -359198
13920 -359198
13925 -359198
13930 -359198
13935 -359198
13940 -359198
13945 -359198
13950 -359198
13955 -359198
13960 -359198
13965 -359198
13970 -359198
13975 -359198
13980 -359198
13985 -359198
13990 -359198
13995 -359198
14000 -359198
14005 -359198
14010 -359198
14015 -359198
14020 -359198
14025 -359198
14030 -359198
14035 -359198
14040 -359198
14045 -359198
14050 -359198
14055 -359198
14060 -359198
14065 -359198
14070 -359198
14075 -359198
14080 -359198
14085 -359198
14090 -359198
14095 -359198
14100 -359198
14105 -359198
14110 -359198
14115 -359198
14120 -359198
14125 -359198
14130 -359198
14135 -359198
14140 -359198
14145 -359198
14150 -359198
14155 -359198
14160 -359198
14165 -359198
14170 -359198
14175 -359198
14180 -359198
14185 -359198
14190 -359198
14195 -359198
14200 -359198
14205 -359198
14210 -359198
14215 -359198
14220 -359198
14225 -359198
14230 -359198
14235 -359198
14240 -359198
14245 -359198
14250 -359198
14255 -359198
14260 -359198
14265 -359198
14270 -359198
14275 -359198
14280 -359198
14285 -359198
14290 -359198
14295 -359198
14300 -359198
14305 -359198
14310 -359198
14315 -359198
14320 -359198
14325 -359198
14330 -359198
14335 -359198
14340 -359198
14345 -359198
14350 -359198
14355 -359198
14360 -359198
14365 -359198
14370 -359198
14375 -359198
14380 -359198
14385 -359198
14390 -359198
14395 -359198
14400 -359198
14405 -359198
14410 -359198
14415 -359198
14420 -359198
14425 -359198
14430 -359198
14435 -359198
14440 -359198
14445 -359198
14450 -359198
14455 -359198
14460 -359198
14465 -359198
14470 -359198
14475 -359198
14480 -359198
14485 -359198
14490 -359198
14495 -359198
14500 -359198
14505 -359198
14510 -359198
14515 -359198
14520 -359198
14525 -359198
14530 -359198
14535 -359198
14540 -359198
14545 -359198
14550 -359198
14555 -359198
14560 -359198
14565 -359198
14570 -359198
14575 -359198
14580 -359198
14585 -359198
14590 -359198
14595 -359198
14600 -359198
14605 -359198
14610 -359198
14615 -359198
14620 -359198
14625 -359198
14630 -359198
14635 -359198
14640 -359198
14645 -359198
14650 -359198
14655 -359198
14660 -359198
14665 -359198
14670 -359198
14675 -359198
14680 -359198
14685 -359198
14690 -359198
14695 -359198
14700 -359198
14705 -359198
14710 -359198
14715 -359198
14720 -359198
14725 -359198
14730 -359198
14735 -359198
14740 -359198
14745 -359198
14750 -359198
14755 -359198
14760 -359198
14765 -359198
14770 -359198
14775 -359198
14780 -359198
14785 -359198
14790 -359198
14795 -359198
14800 -359198
14805 -359198
14810 -359198
14815 -359198
14820 -359198
14825 -359198
14830 -359198
14835 -359198
14840 -359198
14845 -359198
14850 -359198
14855 -359198
14860 -359198
14865 -359198
14870 -359198
14875 -359198
14880 -359198
14885 -359198
14890 -359198
14895 -359198
14900 -359198
14905 -359198
14910 -359198
14915 -359198
14920 -359198
14925 -359198
14930 -359198
14935 -359198
14940 -359198
14945 -359198
14950 -359198
14955 -359198
14960 -359198
14965 -359198
14970 -359198
14975 -359198
14980 -359198
14985 -359198
14990 -359198
14995 -359198
15000 -359198
15005 -359198
15010 -359198
15015 -359198
15020 -359198
15025 -359198
15030 -359198
15035 -359198
15040 -359198
15045 -359198
15050 -359198
15055 -359198
15060 -359198
15065 -359198
15070 -359198
15075 -359198
15080 -359198
15085 -359198
15090 -359198
15095 -359198
15100 -359198
15105 -359198
15110 -359198
15115 -359198
15120 -359198
15125 -359198
15130 -359198
15135 -359198
15140 -359198
15145 -359198
15150 -359198
15155 -359198
15160 -359198
15165 -359198
15170 -359198
15175 -359198
15180 -358802
15185 -358802
15190 -358802
15195 -358802
15200 -358802
15205 -358802
15210 -358802
15215 -358802
15220 -358802
15225 -358802
15230 -358802
15235 -358802
15240 -358802
15245 -358802
15250 -358802
15255 -358802
15260 -358802
15265 -358802
15270 -358802
15275 -358802
15280 -358802
15285 -358802
15290 -358802
15295 -358802
15300 -358802
15305 -358802
15310 -358802
15315 -358802
15320 -358802
15325 -358802
15330 -358802
15335 -358802
15340 -358802
15345 -358802
15350 -358802
15355 -358802
15360 -358802
15365 -358802
15370 -358802
15375 -358802
15380 -358802
15385 -358802
15390 -358802
15395 -358802
15400 -358802
15405 -358802
15410 -358802
15415 -358802
15420 -358802
15425 -358802
15430 -358802
15435 -358802
15440 -358802
15445 -358802
15450 -358802
15455 -358802
15460 -358802
15465 -358802
15470 -358802
15475 -358802
15480 -358802
15485 -358802
15490 -358802
15495 -358802
15500 -358802
15505 -358802
15510 -358802
15515 -358802
15520 -358802
15525 -358802
15530 -358802
15535 -358802
15540 -358802
15545 -358762
15550 -358762
15555 -358762
15560 -358762
15565 -358762
15570 -358762
15575 -358762
15580 -358762
15585 -358762
15590 -358762
15595 -358762
15600 -358762
15605 -358762
15610 -358762
15615 -358762
15620 -358762
15625 -358762
15630 -358762
15635 -358762
15640 -358762
15645 -358762
15650 -358762
15655 -358762
15660 -358762
15665 -358762
15670 -358762
15675 -358762
15680 -358762
15685 -358762
15690 -358762
15695 -358762
15700 -358762
15705 -358762
15710 -358762
15715 -358760
15720 -358760
15725 -358760
15730 -358760
15735 -358760
15740 -358760
15745 -358760
15750 -358760
15755 -358760
15760 -358760
15765 -358760
15770 -358760
15775 -358760
15780 -358760
15785 -358760
15790 -358760
15795 -358760
15800 -358760
15805 -358760
15810 -358760
15815 -358760
15820 -358760
15825 -358760
15830 -358760
15835 -358760
15840 -358760
15845 -358760
15850 -358760
15855 -358760
15860 -358760
15865 -358760
15870 -358760
15875 -358760
15880 -358760
15885 -358760
15890 -358760
15895 -358760
15900 -358760
15905 -358760
15910 -358760
15915 -358760
15920 -358760
15925 -358760
15930 -358760
15935 -358760
15940 -358760
15945 -358760
15950 -358760
15955 -358760
15960 -358760
15965 -358760
15970 -358760
15975 -358760
15980 -358760
15985 -358760
15990 -358760
15995 -358760
16000 -358760
16005 -358760
16010 -358760
16015 -358760
16020 -358760
16025 -358760
16030 -358760
16035 -358760
16040 -358760
16045 -358760
16050 -358760
16055 -358658
16060 -358658
16065 -358658
16070 -358658
16075 -358658
16080 -358658
16085 -358658
16090 -358658
16095 -358658
16100 -358658
16105 -358658
16110 -358658
16115 -358658
16120 -358658
16125 -358658
16130 -358658
16135 -358658
16140 -358658
16145 -358658
16150 -358435
16155 -358435
16160 -358435
16165 -358435
16170 -358435
16175 -358435
16180 -358435
16185 -358435
16190 -358435
16195 -358435
16200 -358435
16205 -358435
16210 -358435
16215 -358435
16220 -358435
16225 -358435
16230 -358435
16235 -358435
16240 -358435
16245 -358435
16250 -358435
16255 -358435
16260 -358435
16265 -358435
16270 -358435
16275 -358435
16280 -358435
16285 -358435
16290 -358435
16295 -358435
16300 -358435
16305 -358435
16310 -358435
16315 -358435
16320 -358435
16325 -358435
16330 -358435
16335 -358435
16340 -358435
16345 -358435
16350 -358435
16355 -358435
16360 -358435
16365 -358435
16370 -358435
16375 -358435
16380 -358435
16385 -358435
16390 -358435
16395 -358435
16400 -358435
16405 -358435
16410 -358344
16415 -358344
16420 -358344
16425 -358344
16430 -358344
16435 -358344
16440 -358344
16445 -358344
16450 -358344
16455 -358344
16460 -358344
16465 -358344
16470 -358344
16475 -358344
16480 -358344
16485 -358344
16490 -358344
16495 -358344
16500 -358344
16505 -358344
16510 -358344
16515 -358344
16520 -358344
16525 -358344
16530 -358344
16535 -358344
16540 -358344
16545 -358344
16550 -358344
16555 -358344
16560 -358344
16565 -358344
16570 -358344
16575 -358344
16580 -358344
16585 -358344
16590 -358344
16595 -358344
16600 -357868
16605 -357868
16610 -357868
16615 -357868
16620 -357868
16625 -357868
16630 -357868
16635 -357868
16640 -357868
16645 -357868
16650 -357868
16655 -357868
16660 -357868
16665 -357868
16670 -357868
16675 -357868
16680 -357868
16685 -357868
16690 -357868
16695 -357868
16700 -357868
16705 -357868
16710 -357868
16715 -357868
16720 -357868
16725 -357868
16730 -357868
16735 -357868
16740 -357868
16745 -357868
16750 -357868
16755 -357868
16760 -357868
16765 -357868
16770 -357868
16775 -357868
16780 -357868
16785 -357868
16790 -357868
16795 -357868
16800 -357868
16805 -357868
16810 -357868
16815 -357868
16820 -357736
16825 -357736
16830 -357736
16835 -357736
16840 -357736
16845 -357736
16850 -357736
16855 -357736
16860 -357736
16865 -357736
16870 -357736
16875 -357736
16880 -357736
16885 -357736
16890 -357736
16895 -357736
16900 -357736
16905 -357736
16910 -357736
16915 -357736
16920 -357736
16925 -357736
16930 -357736
16935 -357736
16940 -357736
16945 -357736
16950 -357736
16955 -357736
16960 -357736
16965 -357736
16970 -357736
16975 -357736
16980 -357736
16985 -357736
16990 -357736
16995 -357736
17000 -357736
17005 -357736
17010 -357736
17015 -357736
17020 -357736
17025 -357736
17030 -357736
17035 -357736
17040 -357736
17045 -357736
17050 -357736
17055 -357736
17060 -357736
17065 -357736
17070 -357736
17075 -357736
17080 -357736
17085 -357736
17090 -357736
17095 -357736
17100 -357736
17105 -357736
17110 -357736
17115 -357736
17120 -357736
17125 -357736
17130 -357736
17135 -357736
17140 -357736
17145 -357736
17150 -357736
17155 -357736
17160 -357736
17165 -357736
17170 -357736
17175 -357736
17180 -356691
17185 -356691
17190 -356691
17195 -356691
17200 -356691
17205 -356691
17210 -356691
17215 -356691
17220 -356691
17225 -356691
17230 -356691
17235 -356691
17240 -356691
17245 -356691
17250 -356691
17255 -356691
17260 -356691
17265 -356691
17270 -356691
17275 -356691
17280 -356691
17285 -356691
17290 -356691
17295 -356691
17300 -356691
17305 -356691
17310 -356691
17315 -356691
17320 -356691
17325 -356691
17330 -356691
17335 -356691
17340 -356691
17345 -356691
17350 -356691
17355 -356691
17360 -356691
17365 -356691
17370 -356691
17375 -356691
17380 -356691
17385 -356691
17390 -356691
17395 -356691
17400 -356691
17405 -356691
17410 -356691
17415 -356691
17420 -356691
17425 -356691
17430 -356691
17435 -356691
17440 -356691
17445 -356691
17450 -356691
17455 -356691
17460 -356691
17465 -356691
17470 -356691
17475 -356691
17480 -356691
17485 -356691
17490 -356691
17495 -356691
17500 -356691
17505 -356691
17510 -356402
17515 -356402
17520 -356402
17525 -356020
17530 -356020
17535 -356020
17540 -356020
17545 -355751
17550 -355751
17555 -355751
17560 -355751
17565 -355751
17570 -355751
17575 -355751
17580 -355751
17585 -355751
17590 -355751
17595 -355751
17600 -355751
17605 -355751
17610 -355751
17615 -355751
17620 -355751
