20 -326983
30 -325564
40 -324510
50 -322144
60 -321672
70 -320870
80 -319722
90 -317800
100 -317800
110 -316857
120 -316857
130 -316063
140 -316063
150 -315520
160 -315431
170 -315089
180 -314945
190 -314945
200 -314945
210 -314945
220 -314945
230 -314945
240 -314945
250 -314945
260 -314582
270 -314582
280 -314582
290 -314582
300 -314582
310 -314214
320 -314214
330 -314118
340 -314024
350 -314024
360 -314024
370 -314024
380 -313887
390 -313887
400 -313189
410 -312988
420 -312988
430 -312988
440 -312988
450 -312988
460 -312771
470 -312771
480 -312464
490 -312464
500 -312464
510 -312464
520 -312464
530 -312464
540 -312464
550 -312412
560 -312412
570 -312412
580 -312412
590 -312412
600 -312412
610 -312412
620 -312412
630 -312412
640 -312412
650 -312412
660 -312412
670 -312412
680 -312295
690 -312295
700 -312295
710 -312295
720 -312295
730 -312295
740 -312295
750 -312295
760 -312295
770 -312295
780 -312295
790 -312295
800 -312295
810 -312126
820 -312126
830 -312126
840 -312126
850 -312126
860 -312085
870 -311931
880 -311931
890 -311931
900 -311931
