20 -326416
30 -322175
40 -322175
50 -321269
60 -320408
70 -320351
80 -318743
90 -317910
100 -317343
110 -316937
120 -316247
130 -316025
140 -316025
150 -315693
160 -314740
170 -313708
180 -313204
190 -312904
200 -312904
210 -312904
220 -312656
230 -312656
240 -312656
250 -312244
260 -311759
270 -311759
280 -311759
290 -311759
300 -311759
310 -311759
320 -311365
330 -311365
340 -311365
350 -311360
360 -311348
370 -311348
380 -311348
390 -311348
400 -311348
410 -311348
420 -311348
430 -311348
440 -311348
450 -311348
460 -310278
470 -310278
480 -309760
490 -309760
500 -309760
510 -309760
520 -309760
530 -309760
540 -309760
550 -309760
560 -309760
570 -309554
580 -309554
590 -309369
600 -309369
610 -309369
620 -309369
630 -309369
640 -309369
650 -309369
660 -309369
670 -309369
680 -309369
690 -309369
700 -309369
710 -309369
720 -309369
730 -309369
740 -309369
750 -309369
760 -309369
770 -309310
780 -309310
790 -309134
800 -309134
810 -309134
820 -309134
830 -308866
840 -308866
850 -308866
860 -308866
870 -308866
880 -308866
890 -308866
900 -308629
910 -308629
920 -308154
930 -308154
940 -308154
950 -308154
960 -308154
970 -308154
980 -308154
990 -308154
1000 -308154
1010 -308154
1020 -308154
1030 -308154
1040 -308154
1050 -308154
1060 -308154
1070 -308154
1080 -308154
1090 -308154
1100 -308154
1110 -308154
1120 -308154
1130 -308154
1140 -308154
1150 -308154
1160 -307739
1170 -307739
1180 -307739
1190 -307739
1200 -307739
1210 -307739
1220 -307739
1230 -307739
1240 -307739
1250 -307739
1260 -307739
1270 -307739
1280 -307739
1290 -307739
1300 -307739
1310 -307739
1320 -307739
1330 -307528
1340 -307252
1350 -307252
1360 -307252
1370 -307252
1380 -307252
1390 -307252
1400 -307252
1410 -307252
1420 -307252
1430 -307252
1440 -307252
1450 -307188
1460 -307188
1470 -307188
1480 -307188
1490 -307188
1500 -307188
1510 -307188
1520 -307060
1530 -307060
1540 -307060
1550 -307060
1560 -307060
1570 -307060
1580 -307060
1590 -307060
1600 -306962
1610 -306962
1620 -306962
1630 -306962
1640 -306825
1650 -306825
1660 -306825
1670 -306825
1680 -306825
1690 -306825
1700 -306825
1710 -306825
1720 -306825
1730 -306825
1740 -306825
1750 -306825
1760 -306825
1770 -306825
1780 -306825
1790 -306825
1800 -306825
1810 -306825
1820 -306825
1830 -306825
1840 -306825
1850 -306740
1860 -306740
1870 -306740
1880 -306740
1890 -306740
1900 -306740
1910 -306740
1920 -306740
1930 -306740
1940 -306740
1950 -306740
1960 -306740
1970 -306740
1980 -306740
1990 -306740
2000 -306740
2010 -306740
2020 -306740
2030 -306740
2040 -306740
2050 -306740
2060 -306740
2070 -306740
2080 -306740
2090 -306740
2100 -306740
2110 -306740
2120 -306740
2130 -306740
2140 -306740
2150 -306740
2160 -306740
2170 -306740
2180 -306740
2190 -306740
2200 -306740
2210 -306740
2220 -306740
2230 -306740
2240 -306740
2250 -306644
2260 -306644
2270 -306644
2280 -306644
2290 -306644
2300 -306644
2310 -306644
2320 -306644
2330 -306644
2340 -306644
2350 -306644
2360 -306644
2370 -306644
2380 -306644
2390 -306644
2400 -306644
2410 -306644
2420 -306644
2430 -306644
2440 -306644
2450 -306644
2460 -306644
2470 -306644
2480 -306644
2490 -306644
2500 -306644
2510 -306644
2520 -306644
2530 -306644
2540 -306644
2550 -306644
2560 -306644
2570 -306644
2580 -306644
2590 -306644
2600 -306644
2610 -306644
2620 -306644
2630 -306644
2640 -306644
2650 -306644
2660 -306644
2670 -306644
2680 -306644
2690 -306644
2700 -306644
2710 -306644
2720 -306644
2730 -306644
2740 -306644
2750 -306644
2760 -306644
2770 -306644
2780 -306644
2790 -306644
2800 -306644
2810 -306644
2820 -306582
2830 -306582
2840 -306582
2850 -306582
2860 -306582
2870 -306582
2880 -306582
2890 -306582
2900 -306582
2910 -306582
2920 -306569
2930 -306569
2940 -306569
2950 -306569
2960 -306569
2970 -306569
2980 -306569
2990 -306569
3000 -306569
3010 -306569
3020 -306569
3030 -306569
3040 -306569
3050 -306569
3060 -306569
3070 -306569
3080 -306569
3090 -306569
3100 -306569
3110 -306569
3120 -306569
3130 -306569
3140 -306569
3150 -306569
3160 -306569
3170 -306569
3180 -306569
3190 -306569
3200 -306569
3210 -306569
3220 -306569
3230 -306569
3240 -306569
3250 -306569
3260 -306569
3270 -306569
3280 -306569
3290 -306569
3300 -306569
3310 -306569
3320 -306569
3330 -306569
3340 -306569
3350 -306569
3360 -306569
3370 -306569
3380 -306569
3390 -306569
3400 -306569
3410 -306569
3420 -306569
3430 -306569
3440 -306569
3450 -306569
3460 -306033
3470 -306033
3480 -306033
3490 -306033
3500 -305712
3510 -305712
3520 -305712
3530 -305712
3540 -305712
3550 -305712
3560 -305712
3570 -305712
3580 -305712
3590 -305712
3600 -305712
3610 -305712
3620 -305712
3630 -305712
3640 -305712
3650 -305712
3660 -305712
3670 -305712
3680 -305712
3690 -305712
3700 -305712
3710 -305712
3720 -305712
3730 -305712
3740 -305712
3750 -305712
3760 -305712
3770 -305712
3780 -305712
3790 -305712
3800 -305712
3810 -305712
3820 -305712
3830 -305712
3840 -305712
3850 -305712
3860 -305712
3870 -305712
3880 -305712
3890 -305712
3900 -305712
3910 -305464
3920 -305464
3930 -305464
3940 -305464
3950 -305464
3960 -305464
3970 -305464
3980 -305464
3990 -305464
4000 -305464
4010 -305464
4020 -305464
4030 -305464
4040 -305464
4050 -305464
4060 -305464
4070 -305464
4080 -305464
4090 -305464
4100 -305464
4110 -305464
4120 -305464
4130 -305464
4140 -305464
4150 -305464
4160 -305464
4170 -305464
4180 -305464
4190 -305464
4200 -305464
4210 -305464
4220 -305464
4230 -305464
4240 -305464
4250 -305464
4260 -305464
4270 -305464
4280 -305464
4290 -305464
4300 -305464
4310 -305464
4320 -305464
4330 -305464
4340 -305464
4350 -305464
4360 -305464
4370 -305464
4380 -305464
4390 -305464
4400 -305464
4410 -305433
4420 -305433
4430 -305433
4440 -305433
4450 -305433
4460 -305433
4470 -305433
4480 -304907
4490 -304907
4500 -304907
4510 -304907
4520 -304907
4530 -304907
4540 -304907
4550 -304907
4560 -304907
4570 -304907
4580 -304907
4590 -304907
4600 -304907
4610 -304907
4620 -304907
4630 -304907
4640 -304907
4650 -304907
4660 -304907
4670 -304907
4680 -304907
4690 -304907
4700 -304907
4710 -304907
4720 -304907
4730 -304907
4740 -304907
4750 -304907
4760 -304907
4770 -304907
4780 -304907
4790 -304907
4800 -304907
4810 -304907
4820 -304907
4830 -304907
4840 -304907
4850 -304907
4860 -304907
4870 -304907
4880 -304907
4890 -304907
4900 -304907
4910 -304907
4920 -304907
4930 -304907
4940 -304907
4950 -304907
4960 -304907
4970 -304907
4980 -304907
4990 -304907
5000 -304907
5010 -304907
5020 -304907
5030 -304907
5040 -304907
5050 -304907
5060 -304907
5070 -304907
5080 -304907
5090 -304907
5100 -304907
5110 -304907
5120 -304907
5130 -304907
5140 -304907
5150 -304907
5160 -304907
5170 -304907
5180 -304907
5190 -304907
5200 -304907
5210 -304907
5220 -304907
5230 -304907
5240 -304907
5250 -304907
5260 -304907
5270 -304907
5280 -304907
5290 -304907
5300 -304907
5310 -304907
5320 -304907
5330 -304907
5340 -304907
5350 -304907
5360 -304907
5370 -304907
5380 -304907
5390 -304907
5400 -304907
5410 -304907
5420 -304907
5430 -304907
5440 -304907
5450 -304907
5460 -304907
5470 -304907
5480 -304907
5490 -304907
5500 -304907
5510 -304907
5520 -304907
5530 -304907
5540 -304907
5550 -304907
5560 -304907
5570 -304907
5580 -304907
5590 -304907
5600 -304907
5610 -304907
5620 -304907
5630 -304907
5640 -304907
5650 -304907
5660 -304907
5670 -304907
5680 -304907
5690 -304907
5700 -304907
5710 -304452
5720 -304452
5730 -304452
5740 -304452
5750 -304452
5760 -304452
5770 -304452
5780 -304452
5790 -304452
5800 -304452
5810 -304452
5820 -304452
5830 -304452
5840 -304452
5850 -304452
5860 -304452
5870 -304452
5880 -304452
5890 -304452
5900 -304452
5910 -304452
5920 -304452
5930 -304452
5940 -304452
5950 -304452
5960 -304452
5970 -304452
5980 -304452
5990 -304452
6000 -304452
6010 -304452
6020 -304452
6030 -304452
6040 -304452
6050 -304452
6060 -304452
6070 -304452
6080 -304452
6090 -304452
6100 -304452
6110 -304452
6120 -304452
6130 -304452
6140 -304452
6150 -304452
6160 -304002
6170 -304002
6180 -304002
6190 -304002
6200 -304002
6210 -304002
6220 -304002
6230 -304002
6240 -304002
6250 -304002
6260 -304002
6270 -304002
6280 -304002
6290 -304002
6300 -304002
6310 -303800
6320 -303800
6330 -303800
6340 -303800
6350 -303800
6360 -303265
6370 -303265
6380 -303265
6390 -303265
6400 -302919
6410 -302919
6420 -302919
6430 -302919
6440 -302919
6450 -302919
6460 -302919
6470 -302919
6480 -302919
6490 -302919
6500 -302919
6510 -302919
6520 -302919
6530 -302919
6540 -302919
6550 -302919
6560 -302919
6570 -302919
6580 -302919
6590 -302919
6600 -302919
6610 -302919
6620 -302624
6630 -302624
6640 -302624
6650 -302624
6660 -302624
6670 -302624
6680 -302624
6690 -302624
6700 -302624
6710 -302624
6720 -302624
6730 -302624
6740 -302624
6750 -302624
6760 -302624
6770 -302624
6780 -302624
6790 -302624
6800 -302624
6810 -302223
6820 -302223
6830 -302223
6840 -302223
6850 -302223
6860 -302223
6870 -302223
6880 -302223
6890 -302223
6900 -302223
6910 -302223
6920 -302223
6930 -302223
6940 -302223
6950 -302223
6960 -302013
6970 -302013
6980 -302013
6990 -302013
7000 -302013
7010 -302013
7020 -302013
7030 -302013
7040 -302013
7050 -302013
7060 -302013
7070 -302013
7080 -302013
7090 -302013
7100 -302013
7110 -302013
7120 -302013
7130 -302013
7140 -302013
7150 -302013
7160 -302013
7170 -302013
7180 -302013
7190 -302013
7200 -302013
7210 -302013
7220 -302013
7230 -302013
7240 -302013
7250 -302013
7260 -302013
7270 -302013
7280 -302013
7290 -302013
7300 -302013
7310 -302013
7320 -302013
7330 -301789
7340 -301789
7350 -301789
7360 -301789
7370 -301789
7380 -301789
7390 -301789
7400 -301789
7410 -301789
7420 -301789
7430 -301789
7440 -301789
7450 -301789
7460 -301789
7470 -301789
7480 -301789
7490 -301789
7500 -301789
7510 -301789
7520 -301789
7530 -301789
7540 -301789
7550 -301789
7560 -301765
7570 -301765
7580 -301765
7590 -301765
7600 -301765
7610 -301765
7620 -301765
7630 -301765
7640 -301765
7650 -301765
7660 -301765
7670 -301765
7680 -301765
7690 -301765
7700 -301765
7710 -301765
7720 -301765
7730 -301765
7740 -301765
7750 -301765
7760 -301765
7770 -301765
7780 -301765
7790 -301765
7800 -301765
7810 -301765
7820 -301765
7830 -301765
7840 -301765
7850 -301765
7860 -301765
7870 -301765
7880 -301765
7890 -301765
7900 -301765
7910 -301761
7920 -301761
7930 -301761
7940 -301761
7950 -301761
7960 -301761
7970 -301761
7980 -301761
7990 -301761
8000 -301761
8010 -301761
8020 -301761
8030 -301761
8040 -301761
8050 -301761
8060 -301761
8070 -301761
8080 -301761
8090 -301761
8100 -301761
8110 -301761
8120 -301761
8130 -301761
8140 -301761
8150 -301761
8160 -301761
8170 -301761
8180 -301761
8190 -301761
8200 -301670
8210 -301670
8220 -301670
8230 -301670
8240 -301670
8250 -301670
8260 -301670
8270 -301670
8280 -301670
8290 -301670
8300 -301670
8310 -301670
8320 -301670
8330 -301670
8340 -301670
8350 -301670
8360 -301670
8370 -301670
8380 -301670
8390 -301670
8400 -301670
8410 -301670
8420 -301670
8430 -301670
8440 -301670
8450 -301670
8460 -301670
8470 -301670
8480 -301670
8490 -301670
8500 -301540
8510 -301540
8520 -301540
8530 -301540
8540 -301540
8550 -301540
8560 -301540
8570 -301540
8580 -301540
8590 -301540
8600 -301540
8610 -301540
8620 -301540
8630 -301540
8640 -301540
8650 -301540
8660 -301540
8670 -301540
8680 -301540
8690 -301540
8700 -301540
8710 -301540
8720 -301540
8730 -301540
8740 -301540
8750 -301540
8760 -301540
8770 -301540
8780 -301540
8790 -301540
8800 -301540
8810 -301540
8820 -301540
8830 -301540
8840 -301540
8850 -301540
8860 -301540
8870 -301540
8880 -301540
8890 -301540
8900 -301540
8910 -301540
8920 -301540
8930 -301540
8940 -301540
8950 -301540
8960 -301540
8970 -301540
8980 -301540
8990 -301540
9000 -301540
9010 -301540
9020 -301540
9030 -301540
9040 -301540
9050 -301540
9060 -301540
9070 -301540
9080 -301540
9090 -301540
9100 -301540
9110 -301540
9120 -301540
9130 -301540
9140 -301540
9150 -301540
9160 -301540
9170 -301540
9180 -301540
9190 -301540
9200 -301540
9210 -301540
9220 -301540
9230 -301540
9240 -301540
9250 -301540
9260 -301540
9270 -301540
9280 -301540
9290 -301540
9300 -301540
9310 -301540
9320 -301540
9330 -301540
9340 -301540
9350 -301540
9360 -301540
9370 -301540
9380 -301540
9390 -301540
9400 -301540
9410 -301540
9420 -301540
9430 -301540
9440 -301540
9450 -301540
9460 -301540
9470 -301540
9480 -301540
9490 -301540
9500 -301540
9510 -301540
9520 -301540
9530 -301540
9540 -301540
9550 -301540
9560 -301540
9570 -301525
9580 -301525
9590 -301525
9600 -301509
9610 -301509
9620 -301509
9630 -301509
9640 -301509
9650 -301509
9660 -301509
9670 -301509
9680 -301509
9690 -301509
9700 -301509
9710 -301509
9720 -301509
9730 -301509
9740 -301509
9750 -301509
9760 -301509
9770 -301509
9780 -301509
9790 -301509
9800 -301509
9810 -301509
9820 -301509
9830 -301509
9840 -301509
9850 -301509
9860 -301509
9870 -301509
9880 -301509
9890 -301509
9900 -301509
9910 -301509
9920 -301509
9930 -301509
9940 -301509
9950 -301509
9960 -301509
9970 -301509
9980 -301509
9990 -301509
10000 -301509
10010 -301509
10020 -301509
10030 -301509
10040 -301509
10050 -301509
10060 -301509
10070 -301509
10080 -301509
10090 -301509
10100 -301509
10110 -301509
10120 -301509
10130 -301509
10140 -301509
10150 -301509
10160 -301509
10170 -301509
10180 -301509
10190 -301509
10200 -301509
10210 -301509
10220 -301509
10230 -301509
10240 -301509
10250 -301509
10260 -301509
10270 -301509
10280 -301509
10290 -301509
10300 -301509
10310 -301509
10320 -301509
10330 -301509
10340 -301509
10350 -301509
10360 -301509
10370 -301509
10380 -301509
10390 -301509
10400 -301509
10410 -301509
10420 -301509
10430 -301509
10440 -301509
10450 -301509
10460 -301509
10470 -301509
10480 -301509
10490 -301509
10500 -301509
10510 -301509
10520 -301509
10530 -301509
10540 -301509
10550 -301509
10560 -301509
10570 -301509
10580 -301509
10590 -301509
10600 -301509
10610 -301509
10620 -301509
10630 -301509
10640 -301509
10650 -301509
10660 -301509
10670 -301509
10680 -301509
10690 -301509
10700 -301509
10710 -301509
10720 -301509
10730 -301509
10740 -301509
10750 -301509
10760 -301509
10770 -301509
10780 -301509
10790 -301509
10800 -301509
10810 -301509
10820 -301509
10830 -301509
10840 -301509
10850 -301509
10860 -301509
10870 -301509
10880 -301509
10890 -301509
10900 -301509
10910 -301509
10920 -301509
10930 -301509
10940 -301509
10950 -301509
10960 -301509
10970 -301509
10980 -301509
10990 -301509
11000 -301509
11010 -301509
11020 -301509
11030 -301509
11040 -301509
11050 -301509
11060 -301509
11070 -301509
11080 -301509
11090 -301509
11100 -301509
11110 -301509
11120 -301509
11130 -301509
11140 -301509
11150 -301509
11160 -301509
11170 -301509
11180 -301509
11190 -301509
11200 -301509
11210 -301509
11220 -301509
11230 -301509
11240 -301509
11250 -301509
11260 -301509
11270 -301509
11280 -301509
11290 -301509
11300 -301509
11310 -301509
11320 -301509
11330 -301509
11340 -301509
11350 -301509
11360 -301509
11370 -301509
11380 -301509
11390 -301509
11400 -301509
11410 -301509
11420 -301509
11430 -301509
11440 -301509
11450 -301509
11460 -301509
11470 -301509
11480 -301509
11490 -301509
11500 -301509
11510 -301509
11520 -301509
11530 -301509
11540 -301509
11550 -301509
11560 -301509
11570 -301509
11580 -301509
11590 -301509
11600 -301509
11610 -301509
11620 -301509
11630 -301509
11640 -301509
11650 -301509
11660 -301509
11670 -301509
11680 -301509
11690 -301509
11700 -301509
11710 -301458
11720 -301458
11730 -301458
11740 -301458
11750 -301458
11760 -301458
11770 -301458
11780 -301458
11790 -301458
11800 -301458
11810 -301458
11820 -301458
11830 -301458
11840 -301458
11850 -301458
11860 -301458
11870 -301458
11880 -301458
11890 -301458
11900 -301458
11910 -301458
11920 -301458
11930 -301458
11940 -301458
11950 -301458
11960 -301458
11970 -301458
11980 -301458
11990 -301458
12000 -301458
12010 -301458
12020 -301458
12030 -301458
12040 -301458
12050 -301458
12060 -301458
12070 -301458
12080 -301458
12090 -301458
12100 -301458
12110 -301458
12120 -301458
12130 -301458
12140 -301458
12150 -301458
12160 -301458
12170 -301458
12180 -301458
12190 -301458
12200 -301458
12210 -301458
12220 -301458
12230 -301458
12240 -301458
12250 -301458
12260 -301458
12270 -301458
12280 -301458
12290 -301458
12300 -301458
12310 -301458
12320 -301458
12330 -301458
12340 -301458
12350 -301458
12360 -301458
12370 -301458
12380 -301458
12390 -301458
12400 -301458
12410 -301458
12420 -301458
12430 -301458
12440 -301458
12450 -301458
12460 -301458
12470 -301458
12480 -301458
12490 -301458
12500 -301458
12510 -301458
12520 -301458
12530 -301458
12540 -301458
12550 -301458
12560 -301458
12570 -301458
12580 -301458
12590 -301458
12600 -301458
12610 -301458
12620 -301458
12630 -301458
12640 -301458
12650 -301458
12660 -301458
12670 -301458
12680 -301458
12690 -301458
12700 -301458
12710 -301458
12720 -301458
12730 -301458
12740 -301458
12750 -301458
12760 -301458
12770 -301458
12780 -301458
12790 -301458
12800 -301458
12810 -301458
12820 -301458
12830 -301458
12840 -301458
12850 -301458
12860 -301458
12870 -301458
12880 -301458
12890 -301458
12900 -301458
12910 -301458
12920 -301458
12930 -301458
12940 -301458
12950 -301458
12960 -301458
12970 -301458
12980 -301458
12990 -301458
13000 -301458
13010 -301458
13020 -301458
13030 -301458
13040 -301458
13050 -301458
13060 -301458
13070 -301458
13080 -301458
13090 -301458
13100 -301458
13110 -301458
13120 -301458
13130 -301458
13140 -301458
13150 -301458
13160 -301458
13170 -301458
13180 -301458
13190 -301458
13200 -301458
13210 -301458
13220 -301458
13230 -301458
13240 -301458
13250 -301458
13260 -301458
13270 -301458
13280 -301458
13290 -301458
13300 -301458
13310 -301458
13320 -301458
13330 -301458
13340 -301458
13350 -301458
13360 -301458
13370 -301458
13380 -301458
13390 -301458
13400 -301458
13410 -301458
13420 -301458
13430 -301458
13440 -301458
13450 -301458
13460 -301458
13470 -301458
13480 -301458
13490 -301458
13500 -301458
13510 -301458
13520 -301458
13530 -301458
13540 -301458
13550 -301458
13560 -301458
13570 -301458
13580 -301458
13590 -301458
13600 -301458
13610 -301458
13620 -301458
13630 -301458
13640 -301458
13650 -301458
13660 -301458
13670 -301458
13680 -301458
13690 -301458
13700 -301458
13710 -301458
13720 -301458
13730 -301458
13740 -301155
13750 -301155
13760 -301155
13770 -301155
13780 -301155
13790 -301155
13800 -301155
13810 -301155
13820 -301155
13830 -301155
13840 -301155
13850 -301155
13860 -301155
13870 -301155
13880 -301155
13890 -301155
13900 -301155
13910 -301155
13920 -301155
13930 -301155
13940 -301155
13950 -301155
13960 -301155
13970 -301155
13980 -301155
13990 -301155
14000 -301155
14010 -301155
14020 -301155
14030 -301155
14040 -301155
14050 -301155
14060 -301155
14070 -301155
14080 -300982
14090 -300982
14100 -300982
14110 -300982
14120 -300982
14130 -300982
14140 -300982
14150 -300982
14160 -300982
14170 -300982
14180 -300982
14190 -300982
14200 -300982
14210 -300982
14220 -300982
14230 -300982
14240 -300982
14250 -300982
14260 -300982
14270 -300982
14280 -300982
14290 -300982
14300 -300982
14310 -300982
14320 -300982
14330 -300982
14340 -300982
14350 -300982
14360 -300982
14370 -300982
14380 -300982
14390 -300982
14400 -300982
14410 -300982
14420 -300982
14430 -300982
14440 -300982
14450 -300982
14460 -300982
14470 -300982
14480 -300982
14490 -300982
14500 -300982
14510 -300982
14520 -300982
14530 -300982
14540 -300982
14550 -300982
14560 -300982
14570 -300982
14580 -300982
14590 -300982
14600 -300982
14610 -300982
14620 -300982
14630 -300982
14640 -300982
14650 -300982
14660 -300982
14670 -300982
14680 -300982
14690 -300982
14700 -300982
14710 -300982
14720 -300982
14730 -300760
14740 -300760
14750 -300760
14760 -300760
14770 -300760
14780 -300760
14790 -300760
14800 -300760
14810 -300760
14820 -300760
14830 -300760
14840 -300760
14850 -300760
14860 -300760
14870 -300760
14880 -300760
14890 -300760
14900 -300760
14910 -300760
14920 -300760
14930 -300760
14940 -300760
14950 -300760
14960 -300760
14970 -300760
14980 -300760
14990 -300760
15000 -300760
15010 -300760
15020 -300760
15030 -300760
15040 -300760
15050 -300760
15060 -300760
15070 -300760
15080 -300760
15090 -300760
15100 -300760
15110 -300760
15120 -300760
15130 -300760
15140 -300760
15150 -300760
15160 -300760
15170 -300447
15180 -300447
15190 -300447
15200 -300447
15210 -300447
15220 -300447
15230 -300447
15240 -300447
15250 -300063
15260 -300063
15270 -300063
15280 -300063
15290 -300063
15300 -300063
15310 -300063
15320 -300063
15330 -300063
15340 -300063
15350 -300063
15360 -300063
15370 -300063
15380 -300063
15390 -300063
15400 -300063
15410 -300063
15420 -300063
15430 -300063
15440 -300063
15450 -300063
15460 -300063
15470 -300006
15480 -300006
15490 -300006
15500 -300006
15510 -300006
15520 -300006
15530 -300006
15540 -300006
15550 -300006
15560 -300006
15570 -300006
15580 -300006
15590 -300006
15600 -300006
15610 -300006
15620 -300006
15630 -300006
15640 -300006
15650 -300006
15660 -300006
15670 -300006
15680 -300006
15690 -300006
15700 -300006
15710 -300006
15720 -300006
15730 -300006
15740 -299692
15750 -299692
15760 -299692
15770 -299692
15780 -299692
15790 -299692
15800 -299692
15810 -299692
15820 -299692
15830 -299692
15840 -299692
15850 -299692
15860 -299692
15870 -299692
15880 -299692
15890 -299692
15900 -299692
15910 -299692
15920 -299692
15930 -299692
15940 -299692
15950 -299692
15960 -299692
15970 -299692
15980 -299692
15990 -299692
16000 -299692
16010 -299692
16020 -299692
16030 -299692
16040 -299692
16050 -299692
16060 -299692
16070 -299692
16080 -299692
16090 -299692
16100 -299692
16110 -299692
16120 -299692
16130 -299692
16140 -299692
16150 -299692
16160 -299692
16170 -299692
16180 -299692
16190 -299692
16200 -299692
16210 -299692
16220 -299692
16230 -299692
16240 -299692
16250 -299692
16260 -299692
16270 -299692
16280 -299692
16290 -299544
16300 -299544
16310 -299544
16320 -299544
16330 -299544
16340 -299544
16350 -299544
16360 -299544
16370 -299544
16380 -299544
16390 -299544
16400 -299544
16410 -299544
16420 -299544
16430 -299544
16440 -299544
16450 -299544
16460 -299544
16470 -299544
16480 -299544
16490 -299036
16500 -299036
16510 -299036
16520 -299036
16530 -299036
16540 -299036
16550 -299036
16560 -299036
16570 -299036
16580 -299036
16590 -299036
16600 -299036
16610 -299036
16620 -299036
16630 -299036
16640 -299036
16650 -299036
16660 -299036
16670 -299036
16680 -299036
16690 -299036
16700 -299036
16710 -299036
16720 -299036
16730 -299036
16740 -299036
16750 -299036
16760 -299036
16770 -299036
16780 -299036
16790 -299036
16800 -299036
16810 -299036
16820 -299036
16830 -299036
16840 -299036
16850 -299036
16860 -299036
16870 -299036
16880 -299036
16890 -299036
16900 -299036
16910 -299036
16920 -299036
16930 -299036
16940 -299036
16950 -299036
16960 -299036
16970 -299036
16980 -299036
16990 -299036
17000 -299036
17010 -299036
17020 -299036
17030 -299036
17040 -299036
17050 -299036
17060 -299036
17070 -299036
17080 -299036
17090 -299036
17100 -299036
17110 -299036
17120 -299036
17130 -299036
17140 -299036
17150 -299036
17160 -299036
17170 -299036
17180 -299036
17190 -299036
17200 -299036
17210 -299036
17220 -299036
17230 -299036
17240 -299036
17250 -299036
17260 -299036
17270 -299036
17280 -299036
17290 -299036
17300 -299036
17310 -299036
17320 -299036
17330 -299036
17340 -299036
17350 -299036
17360 -299036
17370 -299036
17380 -299036
17390 -299036
17400 -299036
17410 -299036
17420 -299036
17430 -299036
17440 -299036
17450 -299036
17460 -299036
17470 -299036
17480 -299036
17490 -299036
17500 -299036
17510 -299036
17520 -299036
17530 -299036
17540 -299036
17550 -299036
17560 -299036
17570 -299036
17580 -299036
17590 -299036
17600 -299036
17610 -299036
17620 -299036
17630 -299036
17640 -299036
17650 -299036
17660 -299036
17670 -299036
17680 -299036
17690 -299036
17700 -299036
17710 -299036
17720 -299036
17730 -299036
17740 -299036
17750 -299036
17760 -299036
17770 -299014
17780 -299014
17790 -299014
17800 -299014
17810 -299014
17820 -299014
17830 -299014
17840 -299014
17850 -299014
17860 -299014
17870 -299014
17880 -299014
17890 -299014
17900 -299014
17910 -299014
17920 -299014
17930 -299014
17940 -299014
17950 -299014
17960 -299014
17970 -299014
17980 -299014
17990 -299014
18000 -299014
18010 -299014
18020 -299014
18030 -299014
18040 -299014
18050 -299014
18060 -299014
18070 -299014
18080 -299014
18090 -299014
18100 -299014
18110 -299014
18120 -299014
18130 -299014
18140 -299014
18150 -299014
18160 -299014
18170 -299014
18180 -299014
18190 -299014
18200 -299014
18210 -299014
18220 -299014
18230 -299014
18240 -299014
18250 -299014
18260 -299014
18270 -299014
18280 -299014
18290 -299014
18300 -299014
18310 -299014
18320 -299014
18330 -299014
18340 -299014
18350 -299014
18360 -299014
18370 -299014
18380 -299014
18390 -299014
18400 -299014
18410 -299014
18420 -299014
18430 -299014
18440 -299014
18450 -299014
18460 -299014
18470 -299014
18480 -299014
18490 -299014
18500 -299014
18510 -299014
18520 -299014
18530 -299014
18540 -299014
18550 -299014
18560 -299014
18570 -299014
18580 -299014
18590 -299014
18600 -299014
18610 -299014
18620 -299014
18630 -299014
18640 -299014
18650 -299014
18660 -299014
18670 -299014
18680 -299014
18690 -299014
18700 -299014
18710 -299014
18720 -299014
18730 -299014
18740 -299014
18750 -299014
18760 -299014
18770 -299014
18780 -299014
18790 -299014
18800 -299014
18810 -299014
18820 -299014
18830 -299014
18840 -299014
18850 -299014
18860 -299014
18870 -299014
18880 -299014
18890 -299014
18900 -299014
18910 -299014
18920 -299014
18930 -299014
18940 -299014
18950 -299014
18960 -299014
18970 -299014
18980 -299014
18990 -299014
19000 -299014
19010 -299014
19020 -299014
19030 -299014
19040 -299014
19050 -299014
19060 -299014
19070 -299014
19080 -299014
19090 -299014
19100 -299014
19110 -299014
19120 -299014
19130 -299014
19140 -299014
19150 -299014
19160 -299014
19170 -299014
19180 -299014
19190 -299014
19200 -299014
19210 -299014
19220 -299014
19230 -299014
19240 -299014
19250 -299014
19260 -299014
19270 -299014
19280 -299014
19290 -299014
19300 -299014
19310 -299014
19320 -299014
19330 -299014
19340 -299014
19350 -299014
19360 -299014
19370 -299014
19380 -299014
19390 -299014
19400 -299014
19410 -299014
19420 -299014
19430 -299014
19440 -299014
19450 -299014
19460 -299014
19470 -299014
19480 -299014
19490 -299014
19500 -299014
19510 -299014
19520 -299014
19530 -299014
19540 -299014
19550 -299014
19560 -299014
19570 -299014
19580 -299014
19590 -299014
19600 -299014
19610 -299014
19620 -299014
19630 -299014
19640 -299014
19650 -299014
19660 -299014
19670 -299014
19680 -299014
19690 -299014
19700 -299014
19710 -299014
19720 -299014
19730 -299014
19740 -299014
19750 -299014
19760 -299014
19770 -299014
19780 -299014
19790 -299014
19800 -299014
19810 -299014
19820 -299014
19830 -299014
19840 -299014
19850 -299014
19860 -299014
19870 -299014
19880 -299014
19890 -299014
19900 -299014
19910 -299014
19920 -299014
19930 -299014
19940 -299014
19950 -299014
19960 -299014
19970 -299014
19980 -299014
19990 -299014
20000 -299014
20010 -299014
20020 -299014
20030 -299014
20040 -299014
20050 -299014
20060 -299014
20070 -299014
20080 -299014
20090 -299014
20100 -299014
20110 -299014
20120 -299014
20130 -299014
20140 -299014
20150 -298972
20160 -298972
20170 -298972
20180 -298972
20190 -298972
20200 -298972
20210 -298972
20220 -298972
20230 -298972
20240 -298972
20250 -298972
20260 -298972
