200 -310098
300 -306984
400 -304376
500 -302417
600 -300470
700 -298854
800 -297750
900 -296721
1000 -295361
1100 -293634
1200 -292681
1300 -291761
1400 -290798
1500 -289752
1600 -289162
1700 -288014
1800 -287042
1900 -286532
2000 -286035
2100 -285206
2200 -284833
2300 -284293
2400 -283629
2500 -283193
2600 -282617
2700 -282191
2800 -281899
2900 -281460
3000 -281048
3100 -280924
3200 -280425
3300 -279906
3400 -279363
3500 -278969
3600 -278504
3700 -278249
3800 -277883
3900 -277520
4000 -277130
4100 -276943
4200 -276537
4300 -276236
4400 -275948
4500 -275634
4600 -275354
4700 -275026
4800 -274732
4900 -274493
5000 -274418
5100 -274153
5200 -273969
5300 -273660
5400 -273582
5500 -273373
5600 -272960
5700 -272675
5800 -272461
5900 -272362
6000 -272179
6100 -272024
6200 -271959
6300 -271877
6400 -271852
6500 -271664
6600 -271469
6700 -271081
6800 -270954
6900 -270827
7000 -270739
7100 -270631
7200 -270472
7300 -270334
7400 -270203
7500 -270133
7600 -270031
7700 -269904
7800 -269852
7900 -269822
8000 -269784
8100 -269702
8200 -269619
8300 -269561
8400 -269507
8500 -269283
8600 -269193
8700 -269075
8800 -268869
8900 -268781
9000 -268709
9100 -268634
9200 -268517
9300 -268368
9400 -268305
9500 -268205
9600 -268112
9700 -267939
9800 -267875
9900 -267711
10000 -267568
10100 -267455
10200 -267338
10300 -267176
10400 -267006
10500 -266881
10600 -266767
10700 -266644
10800 -266644
10900 -266517
11000 -266370
11100 -266277
11200 -266157
11300 -266084
11400 -266004
11500 -265989
11600 -265915
11700 -265797
11800 -265638
11900 -265514
12000 -265436
12100 -265395
12200 -265256
12300 -265110
12400 -265107
12500 -265091
12600 -265028
12700 -264945
12800 -264817
12900 -264674
13000 -264610
13100 -264545
13200 -264447
13300 -264409
13400 -264409
13500 -264389
13600 -264350
13700 -264285
13800 -264248
13900 -264198
14000 -264149
14100 -264117
14200 -264117
14300 -264082
14400 -264009
14500 -264000
14600 -263942
14700 -263872
14800 -263754
14900 -263716
15000 -263671
15100 -263610
15200 -263560
15300 -263538
15400 -263452
15500 -263329
15600 -263302
15700 -263215
15800 -263146
15900 -263083
16000 -263061
16100 -262921
16200 -262903
16300 -262903
16400 -262827
16500 -262758
16600 -262758
16700 -262738
16800 -262608
16900 -262565
17000 -262558
17100 -262552
17200 -262491
17300 -262480
17400 -262450
17500 -262438
17600 -262383
17700 -262328
17800 -262278
17900 -262270
18000 -262250
18100 -262233
18200 -262166
18300 -262166
18400 -262162
18500 -262140
18600 -262040
18700 -262035
18800 -262019
18900 -262019
19000 -261875
19100 -261856
19200 -261813
19300 -261804
19400 -261733
19500 -261721
19600 -261667
19700 -261639
19800 -261606
19900 -261561
20000 -261543
20100 -261477
20200 -261432
20300 -261376
20400 -261374
20500 -261360
20600 -261335
20700 -261320
20800 -261313
20900 -261290
21000 -261270
21100 -261241
21200 -261215
21300 -261215
21400 -261196
21500 -261189
21600 -261152
21700 -261110
21800 -261054
21900 -260988
22000 -260966
22100 -260953
22200 -260786
22300 -260726
22400 -260718
22500 -260709
22600 -260688
22700 -260667
22800 -260654
22900 -260629
23000 -260560
23100 -260550
23200 -260525
23300 -260482
23400 -260482
23500 -260476
23600 -260455
23700 -260436
23800 -260423
23900 -260398
24000 -260398
24100 -260367
24200 -260367
24300 -260367
24400 -260364
24500 -260364
24600 -260340
24700 -260302
24800 -260241
24900 -260226
25000 -260168
25100 -260156
25200 -260125
25300 -260117
25400 -260109
25500 -260109
25600 -260109
25700 -260092
25800 -260077
25900 -260077
26000 -260059
26100 -260021
26200 -259997
26300 -259997
26400 -259984
26500 -259975
26600 -259950
26700 -259950
26800 -259950
26900 -259950
27000 -259925
27100 -259921
27200 -259921
27300 -259914
27400 -259906
27500 -259893
27600 -259878
27700 -259878
27800 -259849
27900 -259822
28000 -259822
28100 -259808
28200 -259791
28300 -259775
28400 -259775
28500 -259726
28600 -259718
28700 -259707
28800 -259689
28900 -259680
29000 -259650
29100 -259647
29200 -259642
29300 -259622
29400 -259583
29500 -259551
29600 -259551
29700 -259544
29800 -259507
29900 -259495
30000 -259467
30100 -259461
30200 -259442
30300 -259428
30400 -259427
30500 -259383
30600 -259362
30700 -259362
30800 -259302
30900 -259292
31000 -259286
31100 -259227
31200 -259227
31300 -259197
31400 -259197
31500 -259183
31600 -259183
31700 -259177
31800 -259177
31900 -259108
32000 -259105
32100 -259094
32200 -259094
32300 -259079
32400 -259059
32500 -259037
32600 -259010
32700 -258980
32800 -258976
32900 -258974
33000 -258974
33100 -258914
33200 -258872
33300 -258807
33400 -258742
33500 -258742
33600 -258737
33700 -258734
33800 -258730
33900 -258713
34000 -258684
34100 -258684
34200 -258684
34300 -258681
34400 -258664
34500 -258637
34600 -258614
34700 -258599
34800 -258599
34900 -258569
35000 -258569
35100 -258557
35200 -258557
35300 -258557
35400 -258557
35500 -258507
35600 -258496
35700 -258487
35800 -258438
35900 -258377
36000 -258377
36100 -258368
36200 -258368
36300 -258368
36400 -258364
36500 -258362
36600 -258309
36700 -258305
36800 -258305
36900 -258277
37000 -258277
37100 -258277
37200 -258277
37300 -258238
37400 -258238
37500 -258238
37600 -258238
37700 -258178
37800 -258178
37900 -258178
38000 -258158
38100 -258150
38200 -258077
38300 -258062
38400 -258061
38500 -258052
38600 -258048
38700 -258048
38800 -258038
38900 -258030
39000 -258013
39100 -257981
39200 -257981
39300 -257981
39400 -257976
39500 -257959
39600 -257959
39700 -257949
39800 -257949
39900 -257949
40000 -257948
40100 -257930
40200 -257930
40300 -257930
40400 -257930
40500 -257912
40600 -257912
40700 -257907
40800 -257907
40900 -257907
41000 -257907
41100 -257889
41200 -257889
41300 -257889
41400 -257889
41500 -257888
41600 -257818
41700 -257818
41800 -257801
41900 -257769
42000 -257769
42100 -257769
42200 -257769
42300 -257710
42400 -257710
42500 -257704
42600 -257682
42700 -257682
42800 -257682
42900 -257633
43000 -257557
43100 -257539
43200 -257539
43300 -257539
43400 -257537
43500 -257534
43600 -257534
43700 -257534
43800 -257534
43900 -257467
44000 -257467
44100 -257467
44200 -257467
44300 -257452
44400 -257452
44500 -257410
44600 -257410
44700 -257408
44800 -257408
44900 -257408
45000 -257408
45100 -257404
45200 -257404
45300 -257404
45400 -257382
45500 -257351
45600 -257349
45700 -257320
45800 -257320
45900 -257315
46000 -257315
46100 -257303
46200 -257260
46300 -257259
46400 -257259
46500 -257250
46600 -257250
46700 -257248
46800 -257248
46900 -257225
47000 -257223
47100 -257211
47200 -257211
47300 -257211
47400 -257187
47500 -257187
47600 -257177
47700 -257177
47800 -257173
47900 -257173
48000 -257167
48100 -257167
48200 -257154
48300 -257132
48400 -257132
48500 -257132
48600 -257131
48700 -257109
48800 -257063
48900 -257058
49000 -257016
49100 -257016
49200 -257014
49300 -256982
49400 -256962
49500 -256962
49600 -256962
49700 -256962
49800 -256962
49900 -256962
50000 -256962
50100 -256962
50200 -256932
50300 -256932
50400 -256909
50500 -256889
50600 -256884
50700 -256883
50800 -256883
50900 -256872
51000 -256872
51100 -256838
51200 -256820
51300 -256820
51400 -256807
51500 -256807
51600 -256807
51700 -256775
51800 -256775
51900 -256775
52000 -256775
52100 -256775
52200 -256724
52300 -256724
52400 -256724
52500 -256724
52600 -256720
52700 -256720
52800 -256720
52900 -256720
53000 -256720
53100 -256719
53200 -256707
53300 -256670
53400 -256670
53500 -256669
53600 -256669
53700 -256663
53800 -256658
53900 -256658
54000 -256645
54100 -256645
54200 -256645
54300 -256645
54400 -256622
54500 -256611
54600 -256609
54700 -256609
54800 -256590
54900 -256548
55000 -256541
55100 -256532
55200 -256532
55300 -256532
55400 -256532
55500 -256532
55600 -256532
55700 -256532
55800 -256512
55900 -256503
56000 -256500
56100 -256491
56200 -256491
56300 -256491
56400 -256491
56500 -256469
56600 -256455
56700 -256433
56800 -256433
56900 -256433
57000 -256406
57100 -256406
57200 -256400
57300 -256395
57400 -256395
57500 -256395
57600 -256395
57700 -256362
57800 -256362
57900 -256362
58000 -256362
58100 -256362
58200 -256354
58300 -256354
58400 -256348
58500 -256348
58600 -256348
58700 -256331
58800 -256331
58900 -256331
59000 -256313
59100 -256313
59200 -256313
59300 -256312
59400 -256278
59500 -256278
59600 -256278
59700 -256278
59800 -256278
59900 -256278
60000 -256278
60100 -256264
60200 -256264
60300 -256264
60400 -256264
60500 -256264
60600 -256249
60700 -256249
60800 -256249
60900 -256249
61000 -256249
61100 -256249
61200 -256249
61300 -256249
61400 -256248
61500 -256248
61600 -256245
61700 -256245
61800 -256245
61900 -256245
62000 -256245
62100 -256236
62200 -256236
62300 -256236
62400 -256236
62500 -256236
62600 -256189
62700 -256179
62800 -256179
62900 -256164
63000 -256162
63100 -256162
63200 -256153
63300 -256153
63400 -256131
63500 -256131
63600 -256131
63700 -256131
63800 -256131
63900 -256131
64000 -256131
64100 -256131
64200 -256123
64300 -256123
64400 -256114
64500 -256112
64600 -256107
64700 -256107
64800 -256107
64900 -256107
65000 -256107
65100 -256104
65200 -256095
65300 -256095
65400 -256095
65500 -256095
65600 -256095
65700 -256095
65800 -256095
65900 -256075
66000 -256075
66100 -256047
66200 -256047
66300 -256045
66400 -256045
66500 -256045
66600 -256044
66700 -256044
66800 -256044
66900 -256044
67000 -256044
67100 -256044
67200 -256044
67300 -256044
67400 -256044
67500 -256044
67600 -256044
67700 -256035
67800 -256010
67900 -256010
68000 -256010
68100 -256007
68200 -255992
68300 -255992
68400 -255992
68500 -255973
68600 -255973
68700 -255968
68800 -255944
68900 -255944
69000 -255944
69100 -255944
69200 -255944
69300 -255944
69400 -255944
69500 -255942
69600 -255942
69700 -255929
69800 -255927
69900 -255912
70000 -255912
70100 -255912
70200 -255912
70300 -255912
70400 -255912
70500 -255912
70600 -255889
70700 -255889
70800 -255872
70900 -255872
71000 -255872
71100 -255872
71200 -255872
71300 -255872
71400 -255872
71500 -255872
71600 -255872
71700 -255872
71800 -255872
71900 -255866
72000 -255866
72100 -255861
72200 -255854
72300 -255854
72400 -255854
72500 -255854
72600 -255826
72700 -255825
72800 -255825
72900 -255815
73000 -255772
73100 -255746
73200 -255746
73300 -255746
73400 -255746
73500 -255746
73600 -255745
73700 -255742
73800 -255742
73900 -255722
74000 -255722
74100 -255722
74200 -255716
74300 -255692
74400 -255692
74500 -255682
74600 -255674
