200 -385707
300 -382767
400 -381238
500 -379404
600 -377390
700 -376131
800 -374624
900 -372966
1000 -371440
1100 -370359
1200 -369318
1300 -368387
1400 -367252
1500 -365924
1600 -365058
1700 -363873
1800 -362945
1900 -362257
2000 -361871
2100 -361373
2200 -360713
2300 -360201
2400 -359639
2500 -359374
2600 -358579
2700 -358012
2800 -357510
2900 -356996
3000 -356512
3100 -356158
3200 -356019
3300 -355756
3400 -355454
3500 -355136
3600 -354939
3700 -354723
3800 -354413
3900 -354277
4000 -354079
4100 -353771
4200 -353547
4300 -353196
4400 -353006
4500 -352884
4600 -352728
4700 -352440
4800 -352197
4900 -352047
5000 -351836
5100 -351681
5200 -351532
5300 -351418
5400 -351308
5500 -351151
5600 -351040
5700 -350899
5800 -350858
5900 -350751
6000 -350676
6100 -350313
6200 -350135
6300 -349970
6400 -349782
6500 -349686
6600 -349497
6700 -349353
6800 -349219
6900 -349123
7000 -349123
7100 -348994
7200 -348938
7300 -348832
7400 -348718
7500 -348574
7600 -348460
7700 -348286
7800 -348241
7900 -347950
8000 -347846
8100 -347754
8200 -347661
8300 -347618
8400 -347608
8500 -347548
8600 -347532
8700 -347401
8800 -347279
8900 -347234
9000 -347234
9100 -347190
9200 -347133
9300 -347133
9400 -347040
9500 -347010
9600 -346955
9700 -346880
9800 -346792
9900 -346623
10000 -346578
10100 -346525
10200 -346494
10300 -346445
10400 -346314
10500 -346229
10600 -346131
10700 -346077
10800 -346033
10900 -346032
11000 -345988
11100 -345924
11200 -345850
11300 -345742
11400 -345662
11500 -345605
11600 -345597
11700 -345430
11800 -345380
11900 -345353
12000 -345266
12100 -345170
12200 -345147
12300 -345061
12400 -345030
12500 -345030
12600 -344992
12700 -344882
12800 -344867
12900 -344809
13000 -344733
13100 -344730
13200 -344664
13300 -344598
13400 -344556
13500 -344539
13600 -344470
13700 -344374
13800 -344326
13900 -344208
14000 -344163
14100 -344132
14200 -344111
14300 -344069
14400 -344008
14500 -343982
14600 -343938
14700 -343829
14800 -343798
14900 -343706
15000 -343578
15100 -343552
15200 -343465
15300 -343422
15400 -343422
15500 -343316
15600 -343252
15700 -343231
15800 -343211
15900 -343194
16000 -343151
16100 -342998
16200 -342985
16300 -342834
16400 -342813
16500 -342785
16600 -342717
16700 -342707
16800 -342597
16900 -342597
17000 -342575
17100 -342542
17200 -342517
17300 -342517
17400 -342466
17500 -342452
17600 -342366
17700 -342339
17800 -342292
17900 -342225
18000 -342201
18100 -342187
18200 -342178
18300 -342147
18400 -342128
18500 -342128
18600 -342122
18700 -342075
18800 -342073
18900 -342064
19000 -341985
19100 -341950
19200 -341932
19300 -341921
19400 -341921
19500 -341892
19600 -341850
19700 -341834
19800 -341834
19900 -341792
20000 -341790
20100 -341729
20200 -341711
20300 -341659
20400 -341657
20500 -341642
20600 -341634
20700 -341587
20800 -341544
20900 -341483
21000 -341370
21100 -341315
21200 -341315
21300 -341306
21400 -341267
21500 -341241
21600 -341226
21700 -341172
21800 -341157
21900 -341143
22000 -341107
22100 -341037
22200 -341037
22300 -340915
22400 -340906
22500 -340874
22600 -340728
22700 -340697
22800 -340652
22900 -340627
23000 -340627
23100 -340624
23200 -340584
23300 -340576
23400 -340501
23500 -340469
23600 -340419
23700 -340413
23800 -340369
23900 -340348
24000 -340348
24100 -340346
24200 -340313
24300 -340286
24400 -340236
24500 -340180
24600 -340170
24700 -340170
24800 -340165
24900 -340165
25000 -340162
25100 -340133
25200 -340112
25300 -340081
25400 -340032
25500 -340032
25600 -339975
25700 -339975
25800 -339974
25900 -339974
26000 -339974
26100 -339974
26200 -339942
26300 -339942
26400 -339942
26500 -339877
26600 -339832
26700 -339807
26800 -339770
26900 -339756
27000 -339737
27100 -339689
27200 -339602
27300 -339585
27400 -339585
27500 -339569
27600 -339563
27700 -339508
27800 -339470
27900 -339467
28000 -339450
28100 -339446
28200 -339413
28300 -339362
28400 -339362
28500 -339362
28600 -339362
28700 -339344
28800 -339288
28900 -339262
29000 -339262
29100 -339215
29200 -339215
29300 -339215
29400 -339204
29500 -339204
29600 -339178
29700 -339163
29800 -339163
29900 -339159
30000 -339159
30100 -339131
30200 -339129
30300 -339117
30400 -339083
30500 -339064
30600 -339037
30700 -338946
30800 -338920
30900 -338895
31000 -338895
31100 -338871
31200 -338871
31300 -338842
31400 -338832
31500 -338813
31600 -338792
31700 -338754
31800 -338741
31900 -338735
32000 -338727
32100 -338721
32200 -338721
32300 -338666
32400 -338649
32500 -338649
32600 -338649
32700 -338581
32800 -338572
32900 -338541
33000 -338537
33100 -338537
33200 -338537
33300 -338537
33400 -338498
33500 -338492
33600 -338492
33700 -338484
33800 -338477
33900 -338453
34000 -338404
34100 -338379
34200 -338379
34300 -338344
34400 -338344
34500 -338344
34600 -338344
34700 -338309
34800 -338290
34900 -338268
35000 -338261
35100 -338231
35200 -338231
35300 -338180
35400 -338149
35500 -338114
35600 -338100
35700 -338100
35800 -338100
35900 -338100
36000 -338100
36100 -338082
36200 -338073
36300 -338073
36400 -338073
36500 -338071
36600 -338057
36700 -337982
36800 -337967
36900 -337966
37000 -337914
37100 -337914
37200 -337914
37300 -337874
37400 -337869
37500 -337869
37600 -337869
37700 -337868
37800 -337802
37900 -337783
38000 -337776
38100 -337759
38200 -337759
38300 -337756
38400 -337736
38500 -337732
38600 -337732
38700 -337732
38800 -337715
38900 -337685
39000 -337685
39100 -337655
39200 -337655
39300 -337655
39400 -337655
39500 -337655
39600 -337637
39700 -337598
39800 -337592
39900 -337592
40000 -337592
40100 -337592
40200 -337592
40300 -337580
40400 -337556
40500 -337556
40600 -337556
40700 -337552
40800 -337552
40900 -337544
41000 -337469
41100 -337446
41200 -337446
41300 -337437
41400 -337435
41500 -337416
41600 -337416
41700 -337416
41800 -337393
41900 -337376
42000 -337376
42100 -337376
42200 -337376
42300 -337376
42400 -337376
42500 -337340
42600 -337314
42700 -337290
42800 -337266
42900 -337266
43000 -337265
43100 -337265
43200 -337229
43300 -337229
43400 -337229
43500 -337203
43600 -337203
43700 -337203
43800 -337180
43900 -337180
44000 -337142
44100 -337142
44200 -337142
44300 -337142
44400 -337136
44500 -337136
44600 -337128
44700 -337097
44800 -337097
44900 -337077
45000 -337077
45100 -337053
45200 -337050
45300 -337041
45400 -336978
45500 -336970
45600 -336970
45700 -336970
45800 -336964
45900 -336956
46000 -336953
46100 -336953
46200 -336941
46300 -336912
46400 -336912
46500 -336912
46600 -336912
46700 -336909
46800 -336853
46900 -336804
47000 -336804
47100 -336790
47200 -336790
47300 -336790
47400 -336790
47500 -336790
47600 -336759
47700 -336711
47800 -336711
47900 -336691
48000 -336691
48100 -336691
48200 -336691
48300 -336691
48400 -336670
48500 -336668
48600 -336659
48700 -336652
48800 -336652
48900 -336652
49000 -336649
49100 -336649
49200 -336649
49300 -336649
49400 -336602
49500 -336602
49600 -336602
49700 -336602
49800 -336602
49900 -336580
50000 -336580
50100 -336580
50200 -336554
50300 -336550
50400 -336488
50500 -336482
50600 -336461
50700 -336446
50800 -336446
50900 -336446
51000 -336446
51100 -336446
51200 -336446
51300 -336446
51400 -336446
51500 -336446
51600 -336446
51700 -336446
51800 -336445
51900 -336432
52000 -336432
52100 -336395
52200 -336395
52300 -336395
52400 -336395
52500 -336395
52600 -336395
52700 -336395
52800 -336395
52900 -336395
53000 -336395
53100 -336395
53200 -336376
53300 -336364
53400 -336327
53500 -336327
53600 -336305
53700 -336305
53800 -336305
53900 -336305
54000 -336305
54100 -336278
54200 -336266
54300 -336266
54400 -336250
54500 -336181
54600 -336178
54700 -336178
54800 -336178
54900 -336164
55000 -336164
55100 -336164
55200 -336164
55300 -336144
55400 -336144
55500 -336144
55600 -336144
55700 -336135
55800 -336135
55900 -336135
56000 -336135
56100 -336135
56200 -336135
56300 -336135
56400 -336135
56500 -336135
56600 -336132
56700 -336132
56800 -336132
56900 -336132
57000 -336132
57100 -336132
57200 -336100
57300 -336083
57400 -336083
57500 -336083
57600 -336083
57700 -336046
57800 -336046
57900 -336035
58000 -336032
58100 -336027
58200 -336027
58300 -336027
58400 -336027
58500 -336027
58600 -336027
58700 -336027
58800 -336027
58900 -335997
59000 -335997
59100 -335994
59200 -335994
59300 -335994
59400 -335994
59500 -335982
59600 -335982
59700 -335982
59800 -335982
59900 -335982
60000 -335982
60100 -335982
60200 -335982
60300 -335982
60400 -335976
60500 -335976
60600 -335976
60700 -335976
60800 -335964
60900 -335964
61000 -335953
61100 -335910
61200 -335910
61300 -335901
61400 -335901
61500 -335901
61600 -335890
61700 -335890
61800 -335890
61900 -335868
62000 -335868
62100 -335868
62200 -335868
62300 -335868
62400 -335868
62500 -335868
62600 -335868
62700 -335859
62800 -335859
62900 -335828
63000 -335828
63100 -335828
63200 -335825
63300 -335819
63400 -335819
63500 -335813
63600 -335797
63700 -335779
63800 -335779
63900 -335779
64000 -335779
64100 -335779
64200 -335779
64300 -335779
64400 -335779
64500 -335779
64600 -335762
64700 -335731
64800 -335720
64900 -335718
65000 -335698
65100 -335666
65200 -335666
65300 -335666
65400 -335638
65500 -335638
65600 -335638
65700 -335638
65800 -335638
65900 -335638
66000 -335623
66100 -335607
66200 -335607
66300 -335595
66400 -335581
66500 -335581
66600 -335581
66700 -335549
66800 -335549
66900 -335549
67000 -335549
67100 -335549
67200 -335549
67300 -335524
67400 -335524
67500 -335524
67600 -335524
67700 -335524
67800 -335511
67900 -335511
68000 -335487
68100 -335487
68200 -335467
68300 -335463
68400 -335463
68500 -335439
68600 -335435
68700 -335435
68800 -335409
68900 -335409
69000 -335409
69100 -335409
69200 -335409
69300 -335409
69400 -335409
69500 -335409
69600 -335405
69700 -335378
69800 -335378
69900 -335370
70000 -335370
70100 -335313
70200 -335270
70300 -335270
70400 -335270
70500 -335248
70600 -335248
70700 -335248
70800 -335243
70900 -335243
71000 -335243
71100 -335243
71200 -335243
71300 -335243
71400 -335243
71500 -335243
71600 -335234
71700 -335234
71800 -335234
71900 -335234
72000 -335207
72100 -335192
72200 -335181
72300 -335181
72400 -335180
72500 -335179
72600 -335179
72700 -335179
72800 -335149
72900 -335149
73000 -335146
73100 -335146
73200 -335122
73300 -335122
73400 -335122
73500 -335122
73600 -335122
73700 -335122
73800 -335094
73900 -335094
74000 -335079
74100 -335079
74200 -335079
74300 -335079
74400 -335079
74500 -335079
74600 -335068
74700 -335057
74800 -335034
74900 -335034
75000 -335029
75100 -335029
75200 -335029
75300 -335029
75400 -335029
75500 -335029
75600 -335029
75700 -335029
75800 -335021
75900 -335021
76000 -334955
76100 -334955
76200 -334955
76300 -334955
76400 -334955
76500 -334946
76600 -334946
76700 -334946
76800 -334945
76900 -334945
77000 -334937
77100 -334937
77200 -334937
77300 -334937
77400 -334933
77500 -334933
77600 -334933
77700 -334905
77800 -334890
77900 -334890
78000 -334866
78100 -334866
78200 -334866
78300 -334840
78400 -334840
78500 -334840
78600 -334840
78700 -334825
78800 -334825
78900 -334825
79000 -334789
79100 -334789
79200 -334789
79300 -334789
79400 -334789
79500 -334789
79600 -334776
79700 -334776
79800 -334776
79900 -334776
80000 -334776
80100 -334764
80200 -334764
80300 -334707
80400 -334707
80500 -334707
80600 -334707
80700 -334692
80800 -334692
80900 -334692
81000 -334692
81100 -334692
81200 -334692
81300 -334692
81400 -334692
81500 -334692
81600 -334670
81700 -334650
81800 -334650
81900 -334647
82000 -334647
82100 -334647
