600 -463293
900 -460301
1200 -457726
1500 -455675
1800 -453978
2100 -452066
2400 -450687
2700 -449088
3000 -447803
3300 -446681
3600 -445473
3900 -444542
4200 -443317
4500 -442295
4800 -441162
5100 -440133
5400 -439331
5700 -438468
6000 -437737
6300 -437077
6600 -436354
6900 -435785
7200 -435108
7500 -434639
7800 -434297
8100 -433723
8400 -433220
8700 -432793
9000 -432467
9300 -432022
9600 -431603
9900 -431194
10200 -430821
10500 -430534
10800 -430303
11100 -430034
11400 -429817
11700 -429546
12000 -429260
12300 -428880
12600 -428719
12900 -428565
13200 -428401
13500 -428177
13800 -427934
14100 -427797
14400 -427596
14700 -427453
15000 -427257
15300 -427116
15600 -426891
15900 -426768
16200 -426660
16500 -426489
16800 -426325
17100 -426223
17400 -426051
17700 -425919
18000 -425814
18300 -425624
18600 -425428
18900 -425348
19200 -425145
19500 -424993
19800 -424868
20100 -424755
20400 -424642
