200 -310446
300 -307009
400 -304586
500 -302323
600 -299979
700 -298351
800 -296354
900 -294932
1000 -293281
1100 -292545
1200 -291412
1300 -290320
1400 -289219
1500 -288607
1600 -287757
1700 -286728
1800 -285765
1900 -285123
2000 -284232
2100 -283596
2200 -282982
2300 -281938
2400 -281436
2500 -280798
2600 -280193
2700 -279658
2800 -278811
2900 -278450
3000 -278028
3100 -277794
3200 -277631
3300 -277314
3400 -276940
3500 -276471
3600 -275970
3700 -275757
3800 -275236
3900 -274832
4000 -274644
4100 -274391
4200 -274103
4300 -274075
4400 -273925
4500 -273553
4600 -273068
4700 -272912
4800 -272868
4900 -272663
5000 -272449
5100 -272405
5200 -272284
5300 -272122
5400 -271765
5500 -271723
5600 -271606
5700 -271336
5800 -270816
5900 -270729
6000 -270586
6100 -270511
6200 -270313
6300 -270270
6400 -270056
6500 -269906
6600 -269643
6700 -269569
6800 -269527
6900 -269317
7000 -269288
7100 -269276
7200 -269183
7300 -269084
7400 -269046
7500 -268943
7600 -268869
7700 -268773
7800 -268727
7900 -268617
8000 -268613
8100 -268479
8200 -268437
8300 -268367
8400 -268169
8500 -268146
8600 -268114
8700 -267967
8800 -267939
8900 -267935
9000 -267935
9100 -267859
9200 -267792
9300 -267772
9400 -267670
9500 -267590
9600 -267535
9700 -267469
9800 -267417
9900 -267375
10000 -267264
10100 -267249
10200 -267193
10300 -267086
10400 -267040
10500 -266959
10600 -266907
10700 -266796
10800 -266784
10900 -266774
11000 -266690
11100 -266673
11200 -266638
11300 -266620
11400 -266412
11500 -266356
11600 -266267
11700 -266227
11800 -266224
11900 -266146
12000 -266113
12100 -265981
12200 -265880
12300 -265761
12400 -265681
12500 -265676
12600 -265622
12700 -265599
12800 -265544
12900 -265478
13000 -265410
13100 -265351
13200 -265284
13300 -265262
13400 -265098
13500 -265052
13600 -264954
13700 -264954
13800 -264932
13900 -264840
14000 -264830
14100 -264830
14200 -264708
14300 -264617
14400 -264486
14500 -264479
14600 -264416
14700 -264373
14800 -264332
14900 -264272
15000 -264231
15100 -264195
15200 -264168
15300 -264100
15400 -264060
15500 -264054
15600 -264028
15700 -264015
15800 -263937
15900 -263919
16000 -263865
16100 -263851
16200 -263851
16300 -263795
16400 -263792
16500 -263764
16600 -263745
16700 -263743
16800 -263694
16900 -263694
17000 -263681
17100 -263661
17200 -263605
17300 -263605
17400 -263581
17500 -263548
17600 -263495
17700 -263476
17800 -263419
17900 -263419
18000 -263386
18100 -263353
18200 -263291
18300 -263205
18400 -263202
18500 -263182
18600 -263156
18700 -263142
18800 -263122
18900 -263122
19000 -263108
19100 -263042
19200 -262986
19300 -262964
19400 -262880
19500 -262832
19600 -262826
19700 -262807
19800 -262795
19900 -262782
20000 -262705
20100 -262689
20200 -262665
20300 -262661
20400 -262537
20500 -262535
20600 -262523
20700 -262493
20800 -262465
20900 -262448
21000 -262330
21100 -262284
21200 -262238
21300 -262228
21400 -262222
21500 -262208
21600 -262208
21700 -262198
21800 -262173
21900 -262173
22000 -262154
22100 -262138
22200 -262119
22300 -262102
22400 -262102
22500 -262097
22600 -262085
22700 -262065
22800 -262065
22900 -262039
23000 -262022
23100 -262022
23200 -261982
23300 -261982
23400 -261973
23500 -261970
23600 -261943
23700 -261911
23800 -261911
23900 -261891
24000 -261802
24100 -261802
24200 -261775
24300 -261700
24400 -261680
24500 -261680
24600 -261620
24700 -261581
24800 -261579
24900 -261552
25000 -261481
25100 -261474
25200 -261461
25300 -261461
25400 -261461
25500 -261441
25600 -261423
25700 -261423
25800 -261384
25900 -261338
26000 -261338
26100 -261332
26200 -261276
26300 -261276
26400 -261233
26500 -261191
26600 -261164
26700 -261155
26800 -261155
26900 -261146
27000 -261100
27100 -261086
27200 -261079
27300 -261058
27400 -261037
27500 -261015
27600 -261015
27700 -261004
27800 -260960
27900 -260960
28000 -260930
28100 -260887
28200 -260878
28300 -260852
28400 -260797
28500 -260781
28600 -260762
28700 -260762
28800 -260762
28900 -260736
29000 -260736
29100 -260736
29200 -260712
29300 -260633
29400 -260627
29500 -260625
29600 -260625
29700 -260625
29800 -260594
29900 -260561
30000 -260561
30100 -260539
30200 -260501
30300 -260501
30400 -260492
30500 -260483
30600 -260477
30700 -260467
30800 -260450
30900 -260450
31000 -260441
31100 -260406
31200 -260384
31300 -260356
31400 -260353
31500 -260339
31600 -260327
31700 -260297
31800 -260297
31900 -260287
32000 -260283
32100 -260266
32200 -260266
32300 -260266
32400 -260266
32500 -260262
32600 -260262
32700 -260245
32800 -260206
32900 -260194
33000 -260159
33100 -260159
33200 -260092
33300 -260092
33400 -260092
33500 -260092
33600 -260079
33700 -260029
33800 -260029
33900 -260029
34000 -260029
34100 -260029
34200 -260024
34300 -260015
34400 -260007
34500 -259983
34600 -259934
34700 -259879
34800 -259868
34900 -259868
35000 -259841
35100 -259802
35200 -259754
35300 -259754
35400 -259754
35500 -259752
35600 -259724
35700 -259683
35800 -259683
35900 -259683
36000 -259674
36100 -259674
36200 -259674
36300 -259667
36400 -259629
36500 -259629
36600 -259607
36700 -259606
36800 -259548
36900 -259543
37000 -259543
37100 -259535
37200 -259521
37300 -259521
37400 -259516
37500 -259500
37600 -259484
37700 -259471
37800 -259471
37900 -259459
38000 -259436
38100 -259436
38200 -259436
38300 -259435
38400 -259412
38500 -259412
38600 -259408
38700 -259408
38800 -259391
38900 -259379
39000 -259338
39100 -259325
39200 -259265
39300 -259243
39400 -259209
39500 -259193
39600 -259170
39700 -259170
39800 -259170
39900 -259170
40000 -259170
40100 -259170
40200 -259162
40300 -259154
40400 -259151
40500 -259151
40600 -259150
40700 -259150
40800 -259150
40900 -259150
41000 -259150
41100 -259126
41200 -259122
41300 -259122
41400 -259122
41500 -259091
41600 -259056
41700 -259056
41800 -259022
41900 -259022
42000 -259010
42100 -258979
42200 -258967
42300 -258942
42400 -258942
42500 -258939
42600 -258926
42700 -258894
42800 -258893
42900 -258893
43000 -258893
43100 -258893
43200 -258891
43300 -258877
43400 -258859
43500 -258859
43600 -258859
43700 -258859
43800 -258859
43900 -258859
44000 -258859
44100 -258859
44200 -258859
44300 -258859
44400 -258851
44500 -258851
44600 -258851
44700 -258836
44800 -258836
44900 -258836
45000 -258813
45100 -258813
45200 -258813
45300 -258813
45400 -258788
45500 -258787
45600 -258787
45700 -258745
45800 -258745
45900 -258745
46000 -258733
46100 -258697
46200 -258697
46300 -258695
46400 -258695
46500 -258695
46600 -258676
46700 -258676
46800 -258628
46900 -258628
47000 -258621
47100 -258605
47200 -258605
47300 -258574
47400 -258573
47500 -258573
47600 -258567
47700 -258567
47800 -258567
47900 -258522
48000 -258480
48100 -258480
48200 -258480
48300 -258480
48400 -258480
48500 -258447
48600 -258447
48700 -258439
48800 -258428
48900 -258423
49000 -258423
49100 -258370
49200 -258370
49300 -258363
49400 -258354
49500 -258321
49600 -258318
49700 -258315
49800 -258297
49900 -258297
50000 -258287
50100 -258284
50200 -258280
50300 -258280
50400 -258280
50500 -258268
50600 -258248
50700 -258192
50800 -258175
50900 -258147
51000 -258145
51100 -258145
51200 -258129
51300 -258118
51400 -258112
51500 -258112
51600 -258112
51700 -258109
51800 -258109
51900 -258078
52000 -258078
52100 -258078
52200 -258078
52300 -258078
52400 -258075
52500 -258075
52600 -258059
52700 -258059
52800 -258059
52900 -258059
53000 -258059
53100 -258058
53200 -258048
53300 -258048
53400 -258048
53500 -258048
53600 -258048
53700 -258037
53800 -258012
53900 -258010
54000 -258007
54100 -258000
54200 -257997
54300 -257997
54400 -257997
54500 -257971
54600 -257951
54700 -257948
54800 -257948
54900 -257931
55000 -257931
55100 -257931
55200 -257927
55300 -257927
55400 -257917
55500 -257917
55600 -257917
55700 -257917
55800 -257917
55900 -257917
56000 -257904
56100 -257904
56200 -257904
56300 -257900
56400 -257900
56500 -257877
56600 -257877
56700 -257863
56800 -257863
56900 -257859
57000 -257859
57100 -257859
57200 -257859
57300 -257859
57400 -257859
57500 -257855
57600 -257855
57700 -257855
57800 -257855
57900 -257851
58000 -257851
58100 -257851
58200 -257847
58300 -257825
58400 -257825
58500 -257825
58600 -257796
58700 -257773
58800 -257773
58900 -257773
59000 -257773
59100 -257773
59200 -257773
59300 -257773
59400 -257748
59500 -257748
59600 -257748
59700 -257741
59800 -257741
59900 -257711
60000 -257704
60100 -257702
60200 -257702
60300 -257702
60400 -257702
60500 -257702
60600 -257702
60700 -257702
60800 -257679
60900 -257679
61000 -257679
61100 -257650
61200 -257588
61300 -257588
61400 -257588
61500 -257562
61600 -257554
61700 -257539
61800 -257539
61900 -257531
62000 -257530
62100 -257530
62200 -257509
62300 -257509
62400 -257494
62500 -257494
62600 -257467
62700 -257467
62800 -257467
62900 -257467
63000 -257467
63100 -257467
63200 -257467
63300 -257467
63400 -257467
63500 -257467
63600 -257462
63700 -257462
63800 -257462
63900 -257444
64000 -257444
64100 -257434
64200 -257434
64300 -257427
64400 -257401
64500 -257393
64600 -257382
64700 -257352
64800 -257352
64900 -257352
65000 -257351
65100 -257351
65200 -257351
65300 -257351
65400 -257328
65500 -257318
65600 -257318
65700 -257318
65800 -257311
65900 -257311
66000 -257308
66100 -257294
66200 -257285
66300 -257285
66400 -257285
66500 -257237
66600 -257237
66700 -257237
66800 -257237
66900 -257236
67000 -257229
67100 -257229
67200 -257222
67300 -257222
67400 -257222
67500 -257220
67600 -257182
67700 -257181
67800 -257154
67900 -257149
68000 -257149
68100 -257149
68200 -257149
68300 -257149
68400 -257149
68500 -257147
68600 -257115
68700 -257115
68800 -257115
68900 -257112
69000 -257112
69100 -257112
69200 -257112
69300 -257108
69400 -257085
69500 -257081
69600 -257072
69700 -257072
69800 -257062
69900 -257062
70000 -257056
70100 -257002
70200 -256990
70300 -256990
70400 -256981
70500 -256981
70600 -256980
70700 -256980
70800 -256980
70900 -256975
71000 -256975
71100 -256975
71200 -256974
71300 -256964
71400 -256963
71500 -256913
71600 -256913
71700 -256909
71800 -256909
71900 -256897
72000 -256887
72100 -256871
72200 -256832
72300 -256832
72400 -256832
72500 -256832
72600 -256832
72700 -256815
72800 -256792
72900 -256792
73000 -256765
73100 -256761
73200 -256761
73300 -256761
73400 -256750
73500 -256750
73600 -256750
73700 -256750
73800 -256750
73900 -256750
74000 -256711
