200 -370528
300 -367741
400 -364322
500 -361133
600 -358066
700 -356269
800 -354613
900 -352673
1000 -351124
1100 -350334
1200 -348835
1300 -347751
1400 -346788
1500 -345959
1600 -345019
1700 -344109
1800 -342962
1900 -342000
2000 -341392
2100 -340875
2200 -340285
2300 -339597
2400 -338902
2500 -338292
2600 -337636
2700 -337371
2800 -336831
2900 -336351
3000 -335918
3100 -335261
3200 -334850
3300 -334347
3400 -334006
3500 -333665
3600 -333293
3700 -333066
3800 -332662
3900 -332465
4000 -332149
4100 -331826
4200 -331533
4300 -331263
4400 -331058
4500 -330855
4600 -330597
4700 -330308
4800 -329936
4900 -329731
5000 -329545
5100 -329346
5200 -329261
5300 -329173
5400 -329026
5500 -328849
5600 -328672
5700 -328525
5800 -328435
5900 -328235
6000 -328166
6100 -327943
6200 -327894
6300 -327760
6400 -327643
6500 -327478
6600 -327374
6700 -327243
6800 -327153
6900 -327014
7000 -326843
7100 -326723
7200 -326687
7300 -326583
7400 -326478
7500 -326334
7600 -326259
7700 -326197
7800 -326120
7900 -325897
8000 -325860
8100 -325805
8200 -325715
8300 -325637
8400 -325516
8500 -325389
8600 -325349
8700 -325230
8800 -325200
8900 -325189
9000 -325142
9100 -325114
9200 -325067
9300 -324983
9400 -324953
9500 -324885
9600 -324830
9700 -324820
9800 -324724
9900 -324715
10000 -324578
10100 -324545
10200 -324469
10300 -324417
10400 -324371
10500 -324334
10600 -324308
10700 -324208
10800 -324188
10900 -324072
11000 -324048
11100 -323941
11200 -323859
11300 -323696
11400 -323529
11500 -323360
11600 -323302
11700 -323286
11800 -323272
11900 -323266
12000 -323231
12100 -323209
12200 -323179
12300 -323002
12400 -322889
12500 -322841
12600 -322841
12700 -322792
12800 -322713
12900 -322680
13000 -322622
13100 -322587
13200 -322476
13300 -322336
13400 -322299
13500 -322251
13600 -322183
13700 -322178
13800 -322149
13900 -322091
14000 -321994
14100 -321951
14200 -321951
14300 -321845
14400 -321844
14500 -321834
14600 -321756
14700 -321735
14800 -321628
14900 -321610
15000 -321569
15100 -321555
15200 -321531
15300 -321494
15400 -321480
15500 -321441
15600 -321414
15700 -321363
15800 -321319
15900 -321224
16000 -321157
16100 -321157
16200 -321059
16300 -321036
16400 -321032
16500 -320967
16600 -320967
16700 -320952
16800 -320934
16900 -320904
17000 -320902
17100 -320828
17200 -320828
17300 -320808
17400 -320772
17500 -320745
17600 -320625
17700 -320547
17800 -320542
17900 -320535
18000 -320535
18100 -320521
18200 -320387
18300 -320367
18400 -320353
18500 -320339
18600 -320311
18700 -320311
18800 -320257
18900 -320220
19000 -320186
19100 -320138
19200 -320138
19300 -320047
19400 -320041
19500 -320012
19600 -319945
19700 -319941
19800 -319910
19900 -319846
20000 -319846
20100 -319782
20200 -319744
20300 -319742
20400 -319726
20500 -319720
20600 -319647
20700 -319617
20800 -319589
20900 -319525
21000 -319525
21100 -319524
21200 -319512
21300 -319503
21400 -319434
21500 -319419
21600 -319376
21700 -319326
21800 -319289
21900 -319212
22000 -319193
22100 -319061
22200 -319040
22300 -319040
22400 -319040
22500 -319009
22600 -318943
22700 -318890
22800 -318819
22900 -318809
23000 -318777
23100 -318730
23200 -318673
23300 -318673
23400 -318607
23500 -318602
23600 -318586
23700 -318586
23800 -318583
23900 -318575
24000 -318575
24100 -318566
24200 -318466
24300 -318421
24400 -318400
24500 -318363
24600 -318328
24700 -318273
24800 -318203
24900 -318203
25000 -318142
25100 -318107
25200 -318097
25300 -318039
25400 -317986
25500 -317955
25600 -317934
25700 -317934
25800 -317931
25900 -317910
26000 -317761
26100 -317733
26200 -317701
26300 -317688
26400 -317650
26500 -317595
26600 -317572
26700 -317533
26800 -317528
26900 -317528
27000 -317497
27100 -317468
27200 -317439
27300 -317406
27400 -317349
27500 -317349
27600 -317280
27700 -317276
27800 -317276
27900 -317240
28000 -317195
28100 -317194
28200 -317193
28300 -317193
28400 -317132
28500 -317129
28600 -317114
28700 -317066
28800 -317066
28900 -317050
29000 -317043
29100 -317024
29200 -317013
29300 -316963
29400 -316963
29500 -316849
29600 -316828
29700 -316803
29800 -316803
29900 -316803
30000 -316728
30100 -316728
30200 -316708
30300 -316696
30400 -316685
30500 -316685
30600 -316685
30700 -316674
30800 -316646
30900 -316646
31000 -316585
31100 -316585
31200 -316558
31300 -316558
31400 -316558
31500 -316549
31600 -316549
31700 -316518
31800 -316467
31900 -316399
32000 -316344
32100 -316330
32200 -316313
32300 -316301
32400 -316274
32500 -316233
32600 -316220
32700 -316216
32800 -316216
32900 -316202
33000 -316202
33100 -316134
33200 -316134
33300 -316134
33400 -316134
33500 -316130
33600 -316130
33700 -315998
33800 -315961
33900 -315961
34000 -315961
34100 -315934
34200 -315913
34300 -315913
34400 -315905
34500 -315905
34600 -315899
34700 -315845
34800 -315841
34900 -315841
35000 -315841
35100 -315841
35200 -315841
35300 -315835
35400 -315814
35500 -315814
35600 -315787
35700 -315774
35800 -315774
35900 -315774
36000 -315742
36100 -315687
36200 -315677
36300 -315676
36400 -315637
36500 -315637
36600 -315635
36700 -315635
36800 -315630
36900 -315630
37000 -315612
37100 -315595
37200 -315593
37300 -315579
37400 -315579
37500 -315554
37600 -315549
37700 -315532
37800 -315518
37900 -315518
38000 -315516
38100 -315504
38200 -315502
38300 -315496
38400 -315496
38500 -315487
38600 -315479
38700 -315476
38800 -315469
38900 -315448
39000 -315448
39100 -315448
39200 -315448
39300 -315418
39400 -315391
39500 -315384
39600 -315381
39700 -315381
39800 -315381
39900 -315335
40000 -315325
40100 -315315
40200 -315315
40300 -315302
40400 -315271
40500 -315265
40600 -315265
40700 -315265
40800 -315256
40900 -315242
41000 -315242
41100 -315237
41200 -315237
41300 -315224
41400 -315199
41500 -315188
41600 -315186
41700 -315152
41800 -315140
41900 -315121
42000 -315121
42100 -315109
42200 -315109
42300 -315106
42400 -315103
42500 -315103
42600 -315079
42700 -315079
42800 -315079
42900 -315057
43000 -315057
43100 -315055
43200 -315040
43300 -315040
43400 -315029
43500 -315012
43600 -315012
43700 -315010
43800 -314993
43900 -314993
44000 -314993
44100 -314978
44200 -314964
44300 -314915
44400 -314910
44500 -314910
44600 -314905
44700 -314883
44800 -314883
44900 -314883
45000 -314857
45100 -314857
45200 -314824
45300 -314814
45400 -314790
45500 -314790
45600 -314776
45700 -314771
45800 -314771
45900 -314771
46000 -314739
46100 -314739
46200 -314739
46300 -314739
46400 -314739
46500 -314739
46600 -314735
46700 -314735
46800 -314735
46900 -314713
47000 -314703
47100 -314699
47200 -314685
47300 -314671
47400 -314617
47500 -314614
47600 -314587
47700 -314587
47800 -314580
47900 -314580
48000 -314580
48100 -314577
48200 -314569
48300 -314540
48400 -314525
48500 -314525
48600 -314525
48700 -314525
48800 -314505
48900 -314467
49000 -314455
49100 -314455
49200 -314423
49300 -314423
49400 -314423
49500 -314422
49600 -314400
49700 -314400
49800 -314400
49900 -314372
50000 -314363
50100 -314363
50200 -314327
50300 -314327
50400 -314267
50500 -314266
50600 -314266
50700 -314266
50800 -314228
50900 -314156
51000 -314147
51100 -314104
51200 -314099
51300 -314092
51400 -314092
51500 -314092
51600 -314092
51700 -314070
51800 -314070
51900 -314070
52000 -314070
52100 -314070
52200 -314070
52300 -314067
52400 -314039
52500 -314039
52600 -314033
52700 -314023
52800 -313977
52900 -313960
53000 -313960
53100 -313945
53200 -313911
53300 -313907
53400 -313907
53500 -313907
53600 -313906
53700 -313887
53800 -313879
53900 -313879
54000 -313879
54100 -313879
54200 -313879
54300 -313879
54400 -313879
54500 -313878
54600 -313878
54700 -313875
54800 -313875
54900 -313875
55000 -313875
55100 -313874
55200 -313874
55300 -313863
55400 -313839
55500 -313839
55600 -313831
