200 -310977
300 -308800
400 -306203
500 -304639
600 -302927
700 -301653
800 -299426
900 -297627
1000 -296287
1100 -295280
1200 -293991
1300 -292607
1400 -291679
1500 -290628
1600 -290075
1700 -289443
1800 -288972
1900 -288311
2000 -287803
2100 -287277
2200 -286751
2300 -285975
2400 -285673
2500 -285174
2600 -284709
2700 -284456
2800 -283959
2900 -283642
3000 -283219
3100 -283018
3200 -282362
3300 -281829
3400 -281430
3500 -281066
3600 -280844
3700 -280550
3800 -279979
3900 -279781
4000 -279538
4100 -279242
4200 -278980
4300 -278644
4400 -278571
4500 -278364
4600 -277979
4700 -277667
4800 -277476
4900 -277317
5000 -277080
5100 -276908
5200 -276740
5300 -276525
5400 -276352
5500 -276079
5600 -275907
5700 -275822
5800 -275782
5900 -275728
6000 -275722
6100 -275513
6200 -275396
6300 -275236
6400 -275166
6500 -274967
6600 -274941
6700 -274865
6800 -274834
6900 -274585
7000 -274510
7100 -274335
7200 -274121
7300 -274061
7400 -273983
7500 -273957
7600 -273853
7700 -273714
7800 -273692
7900 -273574
8000 -273543
8100 -273446
8200 -273348
8300 -273188
8400 -273130
8500 -273037
8600 -273011
8700 -272912
8800 -272869
8900 -272823
9000 -272771
9100 -272737
9200 -272641
9300 -272630
9400 -272528
9500 -272428
9600 -272358
9700 -272312
9800 -272215
9900 -272178
10000 -272164
10100 -272064
10200 -272064
10300 -272044
10400 -271957
10500 -271762
10600 -271762
10700 -271709
10800 -271676
10900 -271658
11000 -271594
11100 -271545
11200 -271483
11300 -271371
11400 -271364
11500 -271349
11600 -271323
11700 -271239
11800 -271055
11900 -271042
12000 -270924
12100 -270837
12200 -270836
12300 -270796
12400 -270771
12500 -270663
12600 -270633
12700 -270579
12800 -270544
12900 -270541
13000 -270498
13100 -270450
13200 -270419
13300 -270360
13400 -270327
13500 -270268
13600 -270208
13700 -270105
13800 -270041
13900 -270004
14000 -269953
14100 -269868
14200 -269868
14300 -269824
14400 -269803
14500 -269768
14600 -269674
14700 -269671
14800 -269603
14900 -269595
15000 -269465
15100 -269433
15200 -269416
15300 -269358
15400 -269352
15500 -269343
15600 -269311
15700 -269284
15800 -269247
15900 -269219
16000 -269179
16100 -269141
16200 -269060
16300 -269052
16400 -268961
16500 -268908
16600 -268862
16700 -268854
16800 -268761
16900 -268690
17000 -268690
17100 -268659
17200 -268659
17300 -268596
17400 -268596
17500 -268494
17600 -268452
17700 -268425
17800 -268399
17900 -268389
18000 -268353
18100 -268333
18200 -268300
