600 -464366
900 -461279
1200 -459327
1500 -457144
1800 -455447
2100 -454094
2400 -452590
2700 -451467
3000 -449909
3300 -448769
3600 -447602
3900 -446754
4200 -445999
4500 -445230
4800 -444394
5100 -443637
5400 -443014
5700 -442421
6000 -441746
6300 -441276
6600 -440858
6900 -440357
7200 -439937
7500 -439498
7800 -439032
8100 -438714
8400 -438196
8700 -437814
9000 -437470
9300 -437201
9600 -436925
9900 -436585
10200 -436261
10500 -435999
10800 -435650
11100 -435348
11400 -435095
11700 -434788
12000 -434541
12300 -434324
12600 -434026
12900 -433703
13200 -433499
13500 -433282
13800 -433149
14100 -432909
14400 -432607
14700 -432383
15000 -432183
15300 -431962
15600 -431841
15900 -431685
16200 -431516
16500 -431334
16800 -431119
17100 -430938
17400 -430767
17700 -430644
18000 -430532
18300 -430357
18600 -430221
18900 -430080
19200 -429970
19500 -429879
19800 -429700
20100 -429544
20400 -429388
20700 -429233
21000 -429077
