600 -470504
900 -467361
1200 -464854
1500 -462471
1800 -460706
2100 -459135
2400 -457502
2700 -456216
3000 -454697
3300 -453509
3600 -452443
3900 -451396
4200 -450471
4500 -449828
4800 -448705
5100 -448129
5400 -447476
5700 -446501
6000 -445792
6300 -445268
6600 -444712
6900 -444158
7200 -443609
7500 -443192
7800 -442628
8100 -442137
8400 -441599
8700 -441091
9000 -440710
9300 -440442
9600 -439951
9900 -439660
10200 -439240
10500 -438915
10800 -438562
11100 -438068
11400 -437822
11700 -437566
12000 -437385
12300 -437140
12600 -436904
12900 -436566
13200 -436256
13500 -436020
13800 -435760
14100 -435513
14400 -435283
14700 -435106
15000 -434896
15300 -434760
15600 -434573
15900 -434410
16200 -434182
16500 -433930
16800 -433794
17100 -433584
17400 -433424
17700 -433222
18000 -433062
18300 -432865
18600 -432697
18900 -432507
19200 -432394
19500 -432200
19800 -432064
20100 -431936
20400 -431703
20700 -431558
21000 -431438
21300 -431250
21600 -431187
21900 -431088
22200 -431014
22500 -430889
22800 -430696
23100 -430538
23400 -430416
23700 -430369
24000 -430242
24300 -430166
24600 -430123
24900 -430082
25200 -429966
25500 -429889
25800 -429824
26100 -429752
26400 -429629
26700 -429521
27000 -429412
27300 -429316
27600 -429235
27900 -429132
28200 -429030
28500 -428961
28800 -428879
29100 -428843
29400 -428774
29700 -428688
30000 -428623
30300 -428530
30600 -428385
30900 -428300
31200 -428261
31500 -428191
31800 -428129
32100 -428045
32400 -427997
32700 -427850
33000 -427784
33300 -427676
33600 -427575
33900 -427487
34200 -427413
34500 -427322
34800 -427234
35100 -427155
35400 -427081
35700 -427013
36000 -426924
36300 -426846
36600 -426766
36900 -426712
37200 -426673
37500 -426506
37800 -426433
38100 -426321
38400 -426216
38700 -426167
39000 -426094
39300 -426085
39600 -426052
39900 -425996
40200 -425919
40500 -425869
40800 -425831
41100 -425826
41400 -425796
41700 -425729
42000 -425718
42300 -425613
42600 -425548
42900 -425463
43200 -425433
43500 -425386
43800 -425327
44100 -425274
44400 -425265
44700 -425227
45000 -425181
45300 -425124
45600 -425085
45900 -425047
46200 -425011
46500 -424963
46800 -424947
47100 -424896
47400 -424850
47700 -424793
48000 -424741
48300 -424699
48600 -424668
48900 -424609
49200 -424563
49500 -424541
49800 -424497
50100 -424493
50400 -424474
50700 -424465
51000 -424415
51300 -424383
51600 -424340
51900 -424304
52200 -424264
52500 -424220
52800 -424209
53100 -424179
53400 -424104
53700 -424049
54000 -424013
54300 -424013
54600 -423982
54900 -423938
55200 -423883
55500 -423852
55800 -423830
56100 -423821
56400 -423778
56700 -423740
57000 -423702
57300 -423646
57600 -423622
57900 -423599
58200 -423521
58500 -423507
58800 -423485
59100 -423482
59400 -423423
59700 -423405
60000 -423362
60300 -423323
60600 -423297
60900 -423262
61200 -423224
61500 -423221
61800 -423186
62100 -423143
62400 -423121
62700 -423068
63000 -423028
63300 -423004
63600 -422990
63900 -422936
64200 -422926
64500 -422884
64800 -422861
65100 -422808
65400 -422800
65700 -422782
66000 -422765
66300 -422745
66600 -422724
66900 -422676
67200 -422661
67500 -422606
67800 -422585
68100 -422528
68400 -422515
68700 -422495
69000 -422421
69300 -422361
69600 -422324
69900 -422264
70200 -422200
70500 -422194
70800 -422167
71100 -422138
71400 -422099
71700 -422075
72000 -422067
72300 -422059
72600 -422044
72900 -422019
73200 -422000
73500 -421979
73800 -421978
74100 -421969
74400 -421964
74700 -421934
75000 -421888
75300 -421872
75600 -421860
75900 -421834
76200 -421792
76500 -421760
76800 -421736
