200 -317662
300 -314047
400 -311187
500 -308706
600 -307403
700 -306019
800 -304828
900 -303416
1000 -301864
1100 -299897
1200 -298837
1300 -297977
1400 -297200
1500 -296398
1600 -295767
1700 -294897
1800 -294284
1900 -293534
2000 -293005
2100 -292376
2200 -291693
2300 -291517
2400 -290846
2500 -290241
2600 -289639
2700 -289286
2800 -288995
2900 -288558
3000 -288144
3100 -287911
3200 -287245
3300 -286788
3400 -286542
3500 -286248
3600 -286162
3700 -285857
3800 -285304
3900 -285121
4000 -284838
4100 -284496
4200 -284234
4300 -283822
4400 -283552
4500 -283397
4600 -283267
4700 -282977
4800 -282797
4900 -282658
5000 -282548
5100 -282297
5200 -282044
5300 -281899
5400 -281656
5500 -281394
5600 -281328
5700 -281259
5800 -281089
5900 -281021
6000 -280630
6100 -280542
6200 -280457
6300 -280383
6400 -280322
6500 -280225
6600 -280099
6700 -279933
6800 -279848
6900 -279734
7000 -279546
7100 -279447
7200 -279365
7300 -279365
7400 -279203
7500 -278988
7600 -278831
7700 -278688
7800 -278662
7900 -278508
8000 -278380
8100 -278330
8200 -278213
8300 -278173
8400 -278058
8500 -278053
8600 -277968
8700 -277771
8800 -277729
8900 -277710
9000 -277687
9100 -277630
9200 -277595
9300 -277584
9400 -277467
9500 -277418
9600 -277414
9700 -277350
9800 -277268
9900 -277170
10000 -277125
10100 -277100
10200 -277014
10300 -276908
10400 -276841
10500 -276823
10600 -276685
10700 -276638
10800 -276558
10900 -276452
11000 -276397
11100 -276370
11200 -276341
11300 -276300
11400 -276205
11500 -276183
11600 -276173
11700 -276156
11800 -276084
11900 -276039
12000 -276015
12100 -275939
12200 -275837
12300 -275790
12400 -275729
12500 -275649
12600 -275600
12700 -275564
12800 -275542
12900 -275471
13000 -275446
13100 -275384
13200 -275324
13300 -275233
13400 -275229
13500 -275185
13600 -275134
13700 -275106
13800 -274973
13900 -274924
14000 -274887
14100 -274816
14200 -274787
14300 -274764
14400 -274738
14500 -274689
14600 -274630
14700 -274627
14800 -274579
14900 -274554
15000 -274498
15100 -274445
15200 -274329
15300 -274298
15400 -274234
15500 -274175
