200 -375215
300 -371862
400 -369418
500 -367162
600 -366347
700 -364701
800 -362738
900 -361152
1000 -359829
1100 -358434
1200 -357291
1300 -355625
1400 -354303
1500 -353230
1600 -352223
1700 -351365
1800 -350251
1900 -349712
2000 -348885
2100 -348130
2200 -347654
2300 -347132
2400 -346399
2500 -345936
2600 -345378
2700 -344879
2800 -344464
2900 -343766
3000 -343408
3100 -343040
3200 -342773
3300 -342588
3400 -342233
3500 -342033
3600 -341645
3700 -341453
3800 -341306
3900 -341130
4000 -340913
4100 -340739
4200 -340508
4300 -340328
4400 -340082
4500 -339986
4600 -339746
4700 -339512
4800 -339450
4900 -339212
5000 -339023
5100 -338894
5200 -338686
5300 -338384
5400 -338173
5500 -338028
5600 -337796
5700 -337729
5800 -337624
5900 -337480
6000 -337350
6100 -337229
6200 -337049
6300 -336955
6400 -336880
6500 -336725
6600 -336572
6700 -336419
6800 -336335
6900 -336236
7000 -336010
7100 -335996
7200 -335877
7300 -335742
7400 -335553
7500 -335391
7600 -335351
7700 -335129
7800 -335101
7900 -335006
8000 -334975
8100 -334907
8200 -334752
8300 -334674
8400 -334519
8500 -334406
8600 -334311
8700 -334311
8800 -334262
8900 -334213
9000 -334101
9100 -334070
9200 -333989
9300 -333883
9400 -333751
9500 -333738
9600 -333681
9700 -333578
9800 -333514
9900 -333366
10000 -333221
10100 -333165
10200 -333023
10300 -333003
10400 -333003
10500 -332903
10600 -332874
10700 -332785
10800 -332716
10900 -332648
11000 -332610
11100 -332594
11200 -332539
11300 -332463
11400 -332445
11500 -332395
11600 -332316
11700 -332174
11800 -332111
11900 -332111
12000 -332042
12100 -332008
12200 -332008
12300 -331966
12400 -331958
12500 -331899
12600 -331834
12700 -331820
12800 -331807
12900 -331777
13000 -331777
13100 -331767
13200 -331726
13300 -331694
13400 -331681
13500 -331675
13600 -331675
13700 -331661
13800 -331643
13900 -331628
14000 -331561
14100 -331513
14200 -331491
14300 -331455
14400 -331353
14500 -331329
14600 -331274
14700 -331244
14800 -331200
14900 -331186
15000 -331154
15100 -331150
15200 -331150
15300 -331121
15400 -331107
15500 -331099
15600 -331093
15700 -331050
15800 -330974
15900 -330910
16000 -330874
16100 -330863
16200 -330852
16300 -330852
16400 -330762
16500 -330722
16600 -330661
16700 -330639
16800 -330585
16900 -330578
17000 -330485
17100 -330485
17200 -330485
17300 -330477
17400 -330474
17500 -330442
17600 -330413
17700 -330413
17800 -330403
17900 -330363
18000 -330338
18100 -330293
18200 -330245
18300 -330209
18400 -330186
18500 -330165
18600 -330161
18700 -330115
18800 -330104
18900 -330103
19000 -330044
19100 -330023
19200 -329982
19300 -329982
19400 -329973
19500 -329959
19600 -329935
19700 -329879
19800 -329805
19900 -329785
20000 -329739
20100 -329684
20200 -329674
20300 -329564
20400 -329564
20500 -329556
20600 -329432
20700 -329383
20800 -329373
20900 -329372
21000 -329360
21100 -329356
21200 -329332
21300 -329304
21400 -329304
21500 -329274
21600 -329240
21700 -329206
21800 -329179
21900 -329152
22000 -329045
22100 -329045
22200 -329045
22300 -329031
22400 -329017
22500 -328968
22600 -328968
22700 -328929
22800 -328925
22900 -328871
23000 -328871
23100 -328871
23200 -328863
23300 -328837
23400 -328795
23500 -328795
23600 -328790
23700 -328790
23800 -328790
23900 -328785
24000 -328785
24100 -328785
24200 -328702
24300 -328653
24400 -328653
24500 -328576
24600 -328516
24700 -328448
24800 -328424
24900 -328419
25000 -328419
25100 -328419
25200 -328408
25300 -328406
25400 -328373
25500 -328373
25600 -328364
25700 -328364
25800 -328364
25900 -328319
26000 -328305
26100 -328225
26200 -328149
26300 -328140
26400 -328106
26500 -328067
26600 -328042
26700 -328027
26800 -327993
26900 -327993
27000 -327923
27100 -327923
27200 -327902
27300 -327902
27400 -327880
27500 -327836
27600 -327820
27700 -327820
27800 -327803
27900 -327791
28000 -327791
28100 -327785
28200 -327785
28300 -327785
28400 -327706
28500 -327706
28600 -327691
28700 -327691
28800 -327685
28900 -327681
29000 -327667
29100 -327657
29200 -327652
29300 -327632
29400 -327621
29500 -327617
29600 -327592
29700 -327580
29800 -327557
29900 -327557
30000 -327557
