200 -312706
300 -308584
400 -305591
500 -304023
600 -301703
700 -300210
800 -298679
900 -297066
1000 -295808
1100 -294691
1200 -293343
1300 -292277
1400 -291660
1500 -290554
1600 -289475
1700 -288552
1800 -288165
1900 -287132
2000 -286553
2100 -286053
2200 -285510
2300 -284927
2400 -284536
2500 -284232
2600 -283758
2700 -283324
2800 -282955
2900 -282380
3000 -281983
3100 -281693
3200 -281222
3300 -280752
3400 -280316
3500 -280036
3600 -279735
3700 -279350
3800 -279109
3900 -278830
4000 -278553
4100 -278134
4200 -277796
4300 -277612
4400 -277415
4500 -277258
4600 -277090
4700 -276811
4800 -276714
4900 -276436
5000 -276242
5100 -276174
5200 -276031
5300 -275867
5400 -275764
5500 -275669
5600 -275550
5700 -275435
5800 -275378
5900 -275124
6000 -275063
6100 -274964
6200 -274853
6300 -274740
6400 -274657
6500 -274507
6600 -274461
6700 -274337
6800 -274334
6900 -274182
7000 -273997
7100 -273935
7200 -273880
7300 -273786
7400 -273731
7500 -273625
7600 -273561
7700 -273399
7800 -273368
7900 -273223
8000 -273067
8100 -273006
8200 -272915
8300 -272779
8400 -272729
8500 -272606
8600 -272560
8700 -272376
8800 -272222
8900 -272166
9000 -272107
9100 -272061
9200 -272013
9300 -271956
9400 -271869
9500 -271831
9600 -271750
9700 -271718
9800 -271695
9900 -271671
10000 -271617
10100 -271542
10200 -271484
10300 -271423
10400 -271334
10500 -271326
10600 -271281
10700 -271254
10800 -271123
10900 -271094
11000 -271053
11100 -270997
11200 -270979
11300 -270979
11400 -270945
11500 -270921
11600 -270817
11700 -270787
11800 -270742
11900 -270718
12000 -270663
12100 -270598
12200 -270581
12300 -270581
12400 -270494
12500 -270466
12600 -270454
12700 -270402
12800 -270359
12900 -270315
13000 -270276
13100 -270206
13200 -270167
13300 -270167
13400 -270161
13500 -270123
13600 -270108
13700 -270028
13800 -270013
13900 -269965
14000 -269907
14100 -269841
14200 -269784
14300 -269742
14400 -269659
14500 -269648
14600 -269646
14700 -269605
14800 -269595
14900 -269564
15000 -269564
15100 -269504
15200 -269473
15300 -269465
15400 -269409
15500 -269377
15600 -269310
15700 -269252
15800 -269197
15900 -269197
16000 -269134
16100 -269123
16200 -269104
16300 -269086
16400 -269081
16500 -269022
16600 -268989
16700 -268931
16800 -268883
16900 -268729
17000 -268729
17100 -268727
17200 -268712
17300 -268620
17400 -268601
17500 -268551
17600 -268537
17700 -268509
17800 -268471
17900 -268454
18000 -268454
18100 -268409
18200 -268335
18300 -268273
18400 -268262
18500 -268240
18600 -268184
18700 -268178
18800 -268121
18900 -268108
19000 -268108
19100 -268088
19200 -268070
19300 -268005
19400 -267972
19500 -267958
19600 -267883
19700 -267873
19800 -267764
19900 -267725
20000 -267698
20100 -267675
20200 -267675
20300 -267659
20400 -267603
20500 -267577
20600 -267548
20700 -267514
20800 -267504
20900 -267453
21000 -267446
21100 -267349
21200 -267349
21300 -267342
21400 -267321
21500 -267276
21600 -267276
21700 -267237
21800 -267205
21900 -267187
22000 -267187
22100 -267033
22200 -267011
22300 -267011
22400 -266970
22500 -266970
22600 -266970
22700 -266951
22800 -266928
22900 -266902
23000 -266902
23100 -266873
23200 -266835
23300 -266795
23400 -266764
23500 -266739
23600 -266739
23700 -266728
23800 -266728
23900 -266681
24000 -266602
24100 -266563
24200 -266519
24300 -266519
24400 -266491
24500 -266444
24600 -266444
24700 -266444
24800 -266444
24900 -266443
25000 -266443
25100 -266394
25200 -266393
25300 -266393
25400 -266389
25500 -266380
25600 -266377
25700 -266377
25800 -266363
25900 -266363
26000 -266345
26100 -266305
26200 -266272
26300 -266256
26400 -266256
26500 -266256
26600 -266218
26700 -266218
26800 -266218
26900 -266215
27000 -266207
27100 -266207
27200 -266182
27300 -266182
27400 -266182
27500 -266182
27600 -266144
27700 -266096
27800 -266082
27900 -266082
28000 -266069
28100 -266059
28200 -266059
28300 -266016
28400 -266016
28500 -266016
28600 -266016
28700 -265990
28800 -265988
28900 -265956
29000 -265912
29100 -265888
29200 -265860
29300 -265843
29400 -265838
29500 -265812
29600 -265812
29700 -265785
29800 -265755
29900 -265722
30000 -265715
30100 -265715
30200 -265715
30300 -265694
30400 -265651
30500 -265648
30600 -265633
30700 -265621
30800 -265621
30900 -265620
31000 -265620
31100 -265600
31200 -265562
31300 -265529
31400 -265517
31500 -265511
31600 -265505
31700 -265493
31800 -265465
31900 -265454
32000 -265454
32100 -265454
32200 -265454
32300 -265454
32400 -265421
32500 -265393
32600 -265373
32700 -265373
32800 -265373
32900 -265371
33000 -265361
33100 -265351
33200 -265351
33300 -265350
