200 -381396
300 -377487
400 -374866
500 -372483
600 -371206
700 -368617
800 -367150
900 -366353
1000 -365943
1100 -364519
1200 -363737
1300 -362922
1400 -362092
1500 -361150
1600 -360533
1700 -359650
1800 -358933
1900 -358539
2000 -358119
2100 -357616
2200 -357233
2300 -356561
2400 -356060
2500 -355743
2600 -355153
2700 -354937
2800 -354488
2900 -353951
3000 -353594
3100 -353153
3200 -352952
3300 -352809
3400 -352578
3500 -352182
3600 -351803
3700 -351444
3800 -351139
3900 -350689
4000 -350334
4100 -350036
4200 -349761
4300 -349497
4400 -349226
4500 -348787
4600 -348603
4700 -348316
4800 -348213
4900 -347993
5000 -347687
5100 -347332
5200 -347086
5300 -346821
5400 -346765
5500 -346505
5600 -346445
5700 -346250
5800 -346106
5900 -346013
6000 -345775
6100 -345656
6200 -345619
6300 -345390
6400 -345205
6500 -344974
6600 -344898
6700 -344813
6800 -344558
6900 -344488
7000 -344268
7100 -344182
7200 -344047
7300 -343889
7400 -343662
7500 -343511
7600 -343418
7700 -343395
7800 -343182
7900 -343120
8000 -342977
8100 -342832
8200 -342743
8300 -342657
8400 -342553
8500 -342389
8600 -342285
8700 -342117
8800 -342082
8900 -342055
9000 -341960
9100 -341849
9200 -341698
9300 -341688
9400 -341535
9500 -341483
9600 -341397
9700 -341141
9800 -341050
9900 -340990
10000 -340990
10100 -340889
10200 -340889
10300 -340767
10400 -340762
10500 -340692
10600 -340583
10700 -340549
10800 -340458
10900 -340422
11000 -340354
11100 -340285
11200 -340265
11300 -340207
11400 -340206
11500 -340148
11600 -340130
11700 -340070
11800 -340049
11900 -339890
12000 -339753
12100 -339702
12200 -339582
12300 -339566
12400 -339508
12500 -339481
12600 -339438
12700 -339424
12800 -339300
12900 -339300
13000 -339209
13100 -339195
13200 -339164
13300 -339057
13400 -339014
13500 -339007
13600 -338963
13700 -338905
13800 -338781
13900 -338753
14000 -338737
14100 -338729
14200 -338628
14300 -338509
14400 -338466
14500 -338401
14600 -338401
14700 -338329
14800 -338274
14900 -338187
15000 -338072
15100 -338072
15200 -337945
15300 -337910
15400 -337852
15500 -337852
15600 -337789
15700 -337789
15800 -337782
15900 -337753
16000 -337753
16100 -337746
16200 -337721
16300 -337696
16400 -337675
16500 -337652
16600 -337547
16700 -337539
16800 -337531
16900 -337464
17000 -337445
17100 -337397
17200 -337363
17300 -337350
17400 -337334
17500 -337334
17600 -337269
17700 -337163
17800 -337092
17900 -337068
18000 -337045
18100 -337003
18200 -337003
18300 -337003
18400 -336995
18500 -336914
18600 -336875
18700 -336822
18800 -336783
18900 -336761
19000 -336734
19100 -336704
19200 -336608
19300 -336541
19400 -336520
19500 -336482
19600 -336443
19700 -336443
19800 -336439
19900 -336439
20000 -336424
20100 -336416
20200 -336414
20300 -336348
20400 -336281
20500 -336265
20600 -336265
20700 -336265
20800 -336236
20900 -336236
21000 -336208
21100 -336208
21200 -336198
21300 -336148
21400 -336148
21500 -336148
21600 -336132
21700 -336132
21800 -336125
21900 -336125
22000 -336125
22100 -336120
22200 -336120
22300 -336101
22400 -336093
22500 -336018
22600 -335995
22700 -335993
22800 -335966
22900 -335950
23000 -335932
23100 -335927
23200 -335927
23300 -335861
23400 -335860
23500 -335860
23600 -335860
23700 -335837
23800 -335809
23900 -335742
24000 -335742
24100 -335673
24200 -335668
24300 -335664
24400 -335642
24500 -335611
24600 -335599
24700 -335599
24800 -335593
24900 -335522
25000 -335502
25100 -335414
25200 -335413
25300 -335402
25400 -335289
25500 -335289
25600 -335289
25700 -335284
25800 -335258
25900 -335242
26000 -335225
26100 -335172
26200 -335125
26300 -335104
26400 -335048
26500 -334959
26600 -334949
26700 -334949
26800 -334949
26900 -334912
27000 -334912
27100 -334912
27200 -334912
27300 -334912
27400 -334912
27500 -334912
27600 -334912
27700 -334868
27800 -334848
27900 -334848
28000 -334790
28100 -334789
28200 -334775
28300 -334775
28400 -334773
28500 -334773
28600 -334773
28700 -334773
28800 -334767
28900 -334765
29000 -334715
29100 -334715
29200 -334713
29300 -334694
29400 -334694
29500 -334632
29600 -334625
29700 -334604
29800 -334599
29900 -334599
30000 -334568
30100 -334554
30200 -334554
30300 -334554
30400 -334538
30500 -334527
30600 -334479
30700 -334462
30800 -334435
30900 -334412
31000 -334400
31100 -334326
31200 -334267
31300 -334267
31400 -334267
31500 -334261
31600 -334261
31700 -334189
31800 -334189
31900 -334147
32000 -334147
32100 -334114
32200 -334110
32300 -334110
32400 -334080
32500 -334080
32600 -334080
32700 -334075
32800 -334075
32900 -334075
33000 -334059
33100 -334059
33200 -334047
33300 -334042
33400 -334042
33500 -333986
33600 -333982
33700 -333981
33800 -333954
33900 -333939
34000 -333909
34100 -333887
34200 -333830
34300 -333817
34400 -333805
34500 -333805
34600 -333781
34700 -333781
34800 -333766
34900 -333754
35000 -333754
35100 -333754
35200 -333754
35300 -333754
35400 -333754
35500 -333721
35600 -333721
35700 -333721
35800 -333695
35900 -333686
36000 -333666
36100 -333647
36200 -333647
36300 -333647
36400 -333627
36500 -333596
36600 -333596
36700 -333596
36800 -333581
36900 -333579
37000 -333579
37100 -333579
37200 -333579
37300 -333579
37400 -333579
37500 -333576
37600 -333533
37700 -333527
37800 -333527
37900 -333527
38000 -333527
38100 -333527
38200 -333527
38300 -333487
38400 -333482
38500 -333482
38600 -333482
38700 -333482
38800 -333458
38900 -333450
39000 -333450
39100 -333397
39200 -333397
39300 -333397
39400 -333397
39500 -333397
39600 -333397
39700 -333397
39800 -333366
39900 -333366
40000 -333333
40100 -333330
40200 -333330
40300 -333330
40400 -333321
40500 -333310
40600 -333301
40700 -333294
40800 -333294
40900 -333278
41000 -333278
41100 -333278
41200 -333256
41300 -333256
41400 -333256
41500 -333256
41600 -333225
41700 -333225
41800 -333225
41900 -333225
42000 -333225
42100 -333194
42200 -333183
42300 -333177
42400 -333177
42500 -333177
42600 -333177
42700 -333139
42800 -333139
42900 -333139
43000 -333115
43100 -333115
43200 -333115
43300 -333115
43400 -333077
43500 -333077
43600 -333077
43700 -333077
43800 -333071
43900 -333071
44000 -333063
44100 -333063
44200 -333061
44300 -333061
44400 -333061
44500 -333061
44600 -333061
44700 -333061
44800 -333061
44900 -333061
45000 -333061
45100 -333034
45200 -333030
45300 -333022
45400 -332956
45500 -332955
45600 -332911
45700 -332817
45800 -332817
45900 -332810
46000 -332810
46100 -332810
46200 -332806
46300 -332806
46400 -332806
46500 -332806
46600 -332783
46700 -332783
46800 -332782
46900 -332782
47000 -332780
47100 -332780
47200 -332780
47300 -332780
47400 -332735
47500 -332725
47600 -332704
47700 -332700
47800 -332700
47900 -332693
48000 -332693
48100 -332693
48200 -332668
48300 -332668
48400 -332668
48500 -332656
48600 -332656
48700 -332656
48800 -332644
48900 -332639
49000 -332609
49100 -332589
49200 -332589
49300 -332565
49400 -332565
49500 -332565
49600 -332565
49700 -332552
49800 -332515
49900 -332515
50000 -332515
50100 -332515
50200 -332515
50300 -332515
50400 -332515
50500 -332515
50600 -332515
50700 -332515
50800 -332515
50900 -332500
51000 -332493
51100 -332475
51200 -332397
51300 -332397
51400 -332387
51500 -332366
51600 -332366
51700 -332344
51800 -332344
51900 -332344
52000 -332344
52100 -332344
52200 -332344
52300 -332344
52400 -332309
52500 -332274
52600 -332238
52700 -332238
52800 -332238
52900 -332238
53000 -332221
53100 -332219
53200 -332219
53300 -332205
53400 -332189
53500 -332189
53600 -332189
53700 -332189
53800 -332183
53900 -332173
54000 -332161
54100 -332152
54200 -332152
54300 -332151
54400 -332146
54500 -332146
54600 -332145
54700 -332145
54800 -332120
54900 -332120
55000 -332120
55100 -332120
55200 -332096
55300 -332096
55400 -332074
55500 -332074
55600 -332042
55700 -332042
55800 -332014
55900 -332014
56000 -332010
56100 -331971
56200 -331946
56300 -331944
56400 -331931
56500 -331931
56600 -331931
56700 -331920
56800 -331839
56900 -331839
57000 -331839
57100 -331839
57200 -331839
57300 -331818
57400 -331806
57500 -331806
57600 -331805
57700 -331799
57800 -331799
57900 -331793
58000 -331793
58100 -331793
58200 -331786
58300 -331774
58400 -331774
58500 -331774
58600 -331750
58700 -331750
58800 -331750
58900 -331750
59000 -331740
59100 -331740
59200 -331740
59300 -331729
59400 -331729
59500 -331729
59600 -331729
59700 -331729
59800 -331700
59900 -331700
60000 -331700
60100 -331698
60200 -331698
60300 -331698
60400 -331689
60500 -331689
60600 -331653
60700 -331653
60800 -331639
60900 -331607
61000 -331607
61100 -331604
61200 -331604
61300 -331592
61400 -331592
61500 -331592
61600 -331576
61700 -331573
61800 -331573
61900 -331573
62000 -331573
62100 -331573
62200 -331573
62300 -331541
62400 -331541
62500 -331541
62600 -331541
62700 -331541
62800 -331509
62900 -331509
63000 -331494
63100 -331494
63200 -331469
63300 -331448
63400 -331448
63500 -331445
63600 -331445
63700 -331435
63800 -331414
63900 -331414
64000 -331414
64100 -331413
64200 -331364
64300 -331330
64400 -331330
64500 -331330
64600 -331330
64700 -331330
64800 -331330
64900 -331330
65000 -331330
65100 -331319
65200 -331319
65300 -331303
65400 -331264
65500 -331264
65600 -331255
65700 -331255
65800 -331255
65900 -331255
66000 -331255
66100 -331255
66200 -331255
66300 -331242
66400 -331229
66500 -331219
66600 -331219
66700 -331202
66800 -331202
66900 -331202
67000 -331181
67100 -331146
67200 -331142
67300 -331142
67400 -331116
67500 -331116
67600 -331113
67700 -331113
67800 -331113
67900 -331113
68000 -331113
68100 -331113
68200 -331113
68300 -331113
68400 -331097
68500 -331095
68600 -331095
68700 -331095
68800 -331076
68900 -331076
69000 -331047
69100 -331047
69200 -331047
69300 -331047
69400 -331047
69500 -331047
69600 -331027
69700 -331027
69800 -331027
69900 -331027
70000 -331027
70100 -331011
70200 -331011
70300 -331011
70400 -331008
70500 -331008
70600 -331008
70700 -331001
70800 -331001
70900 -331001
71000 -331001
71100 -330984
71200 -330967
71300 -330961
71400 -330947
71500 -330938
71600 -330938
71700 -330938
71800 -330938
71900 -330937
72000 -330917
72100 -330917
72200 -330917
72300 -330917
72400 -330917
72500 -330917
72600 -330890
72700 -330868
72800 -330865
72900 -330844
73000 -330823
73100 -330773
73200 -330770
73300 -330770
73400 -330725
73500 -330725
73600 -330725
73700 -330725
73800 -330725
73900 -330725
74000 -330701
74100 -330701
74200 -330701
74300 -330675
74400 -330641
74500 -330641
74600 -330641
74700 -330608
74800 -330588
74900 -330588
75000 -330588
75100 -330585
75200 -330566
75300 -330566
75400 -330566
75500 -330566
75600 -330562
75700 -330548
75800 -330548
75900 -330486
76000 -330486
76100 -330469
76200 -330462
76300 -330452
76400 -330438
76500 -330438
76600 -330438
76700 -330438
76800 -330434
76900 -330424
77000 -330424
77100 -330424
77200 -330420
77300 -330403
77400 -330403
77500 -330403
77600 -330373
77700 -330373
77800 -330372
77900 -330372
78000 -330343
78100 -330339
78200 -330332
78300 -330324
78400 -330299
78500 -330282
78600 -330282
78700 -330267
78800 -330267
78900 -330267
79000 -330267
79100 -330267
79200 -330267
79300 -330267
79400 -330267
79500 -330267
79600 -330267
79700 -330245
79800 -330245
79900 -330245
80000 -330245
80100 -330233
80200 -330211
80300 -330204
80400 -330188
80500 -330188
80600 -330153
80700 -330121
80800 -330121
80900 -330110
81000 -330098
81100 -330098
81200 -330098
81300 -330098
81400 -330064
81500 -330062
81600 -330056
81700 -330052
81800 -330052
81900 -330052
82000 -330052
82100 -330051
82200 -330051
82300 -330029
82400 -330010
82500 -330010
82600 -330010
82700 -330008
82800 -330008
82900 -330008
83000 -330008
83100 -330004
83200 -330004
83300 -330004
83400 -330004
83500 -330004
83600 -330004
83700 -329983
83800 -329925
83900 -329925
84000 -329925
84100 -329925
84200 -329895
84300 -329880
84400 -329848
84500 -329848
84600 -329848
84700 -329848
84800 -329826
84900 -329826
85000 -329826
85100 -329826
85200 -329826
85300 -329826
85400 -329824
85500 -329824
85600 -329816
85700 -329816
85800 -329816
85900 -329803
86000 -329803
86100 -329803
86200 -329799
86300 -329787
86400 -329775
86500 -329775
86600 -329775
86700 -329775
86800 -329775
86900 -329775
87000 -329775
87100 -329775
87200 -329742
87300 -329742
87400 -329742
87500 -329707
87600 -329707
87700 -329707
87800 -329707
87900 -329707
88000 -329697
88100 -329697
88200 -329697
88300 -329697
88400 -329695
88500 -329678
88600 -329656
88700 -329656
88800 -329643
88900 -329643
89000 -329643
89100 -329643
89200 -329643
89300 -329643
89400 -329643
89500 -329641
89600 -329632
89700 -329632
89800 -329603
89900 -329602
90000 -329566
90100 -329563
90200 -329563
90300 -329563
90400 -329563
90500 -329553
90600 -329553
90700 -329553
90800 -329553
90900 -329553
91000 -329545
91100 -329545
91200 -329533
91300 -329532
91400 -329532
91500 -329532
91600 -329531
91700 -329531
91800 -329519
91900 -329519
92000 -329519
92100 -329506
92200 -329503
92300 -329503
92400 -329475
92500 -329430
92600 -329430
92700 -329430
92800 -329430
92900 -329422
93000 -329411
93100 -329411
93200 -329411
93300 -329362
93400 -329362
93500 -329362
93600 -329362
93700 -329362
93800 -329362
93900 -329362
94000 -329336
94100 -329336
94200 -329336
94300 -329328
94400 -329328
94500 -329318
94600 -329318
94700 -329316
94800 -329316
94900 -329316
95000 -329316
95100 -329316
95200 -329316
95300 -329316
95400 -329316
95500 -329316
95600 -329316
95700 -329286
95800 -329281
95900 -329239
96000 -329239
96100 -329239
96200 -329199
96300 -329199
96400 -329199
96500 -329199
96600 -329199
96700 -329198
96800 -329198
96900 -329198
97000 -329195
97100 -329177
97200 -329175
97300 -329175
97400 -329175
97500 -329164
97600 -329164
97700 -329164
97800 -329164
97900 -329164
98000 -329164
98100 -329124
98200 -329124
98300 -329108
98400 -329108
98500 -329091
98600 -329091
98700 -329088
98800 -329088
98900 -329088
99000 -329088
99100 -329088
99200 -329088
99300 -329088
99400 -329088
99500 -329053
99600 -329053
99700 -329034
99800 -329034
99900 -329001
100000 -329001
100100 -329001
100200 -329001
100300 -329001
100400 -329000
100500 -328992
100600 -328990
100700 -328990
100800 -328990
100900 -328990
101000 -328990
101100 -328990
101200 -328963
101300 -328963
101400 -328963
101500 -328963
101600 -328952
101700 -328952
101800 -328952
101900 -328948
102000 -328938
102100 -328938
102200 -328917
102300 -328901
102400 -328901
102500 -328901
102600 -328901
102700 -328901
102800 -328899
102900 -328899
103000 -328899
103100 -328857
103200 -328857
103300 -328857
103400 -328851
103500 -328825
103600 -328797
103700 -328786
103800 -328786
103900 -328782
104000 -328782
104100 -328782
104200 -328771
104300 -328771
104400 -328771
104500 -328771
104600 -328771
104700 -328771
104800 -328771
104900 -328771
105000 -328771
105100 -328771
105200 -328756
105300 -328756
105400 -328756
105500 -328728
105600 -328728
105700 -328728
105800 -328728
105900 -328728
106000 -328697
106100 -328697
106200 -328697
106300 -328697
106400 -328697
106500 -328693
106600 -328693
106700 -328689
106800 -328687
106900 -328682
107000 -328682
107100 -328682
107200 -328682
107300 -328682
107400 -328672
107500 -328672
107600 -328672
107700 -328639
107800 -328639
107900 -328639
108000 -328639
108100 -328579
108200 -328538
108300 -328532
108400 -328532
108500 -328511
108600 -328511
108700 -328511
108800 -328511
108900 -328511
109000 -328511
109100 -328511
109200 -328511
109300 -328511
109400 -328511
109500 -328511
109600 -328473
109700 -328412
109800 -328403
109900 -328403
110000 -328403
110100 -328384
110200 -328384
110300 -328384
110400 -328384
110500 -328382
110600 -328382
110700 -328382
110800 -328382
110900 -328382
111000 -328351
111100 -328351
111200 -328336
111300 -328318
111400 -328318
111500 -328318
111600 -328318
111700 -328318
111800 -328318
111900 -328318
112000 -328311
112100 -328266
112200 -328266
112300 -328266
112400 -328266
112500 -328259
112600 -328258
112700 -328258
112800 -328258
112900 -328257
113000 -328245
113100 -328245
113200 -328245
113300 -328245
113400 -328245
113500 -328229
113600 -328225
113700 -328225
113800 -328225
113900 -328225
114000 -328222
114100 -328214
114200 -328214
114300 -328214
114400 -328214
114500 -328214
114600 -328214
114700 -328178
114800 -328178
114900 -328178
115000 -328178
115100 -328178
115200 -328178
115300 -328178
115400 -328178
115500 -328178
115600 -328132
115700 -328105
115800 -328060
115900 -328060
116000 -328060
116100 -328060
116200 -328060
116300 -328060
116400 -328060
116500 -328060
116600 -328060
116700 -328060
116800 -328060
116900 -328060
117000 -328041
117100 -328041
117200 -328041
117300 -328035
117400 -327986
117500 -327986
117600 -327986
117700 -327986
117800 -327986
117900 -327986
118000 -327936
118100 -327930
118200 -327930
118300 -327930
118400 -327909
118500 -327909
118600 -327866
118700 -327866
118800 -327866
118900 -327866
119000 -327861
119100 -327861
119200 -327861
119300 -327861
119400 -327859
119500 -327859
119600 -327859
119700 -327859
119800 -327854
119900 -327854
120000 -327854
120100 -327854
120200 -327854
120300 -327854
120400 -327854
120500 -327822
120600 -327818
120700 -327764
120800 -327764
120900 -327764
121000 -327764
121100 -327764
121200 -327755
121300 -327755
121400 -327755
121500 -327755
121600 -327753
121700 -327730
121800 -327730
121900 -327704
122000 -327704
122100 -327704
122200 -327704
122300 -327704
122400 -327704
122500 -327704
122600 -327700
122700 -327700
122800 -327700
122900 -327700
123000 -327679
123100 -327679
123200 -327679
123300 -327667
123400 -327662
123500 -327662
123600 -327662
123700 -327662
123800 -327660
123900 -327660
124000 -327660
124100 -327660
124200 -327660
124300 -327660
124400 -327654
124500 -327654
124600 -327654
124700 -327654
124800 -327654
124900 -327654
125000 -327654
125100 -327652
125200 -327652
125300 -327652
125400 -327652
125500 -327631
125600 -327620
125700 -327618
125800 -327618
125900 -327618
126000 -327618
126100 -327608
126200 -327608
126300 -327608
126400 -327608
126500 -327582
126600 -327582
126700 -327575
126800 -327575
126900 -327575
127000 -327575
127100 -327575
127200 -327575
127300 -327575
127400 -327573
127500 -327573
127600 -327573
127700 -327569
127800 -327569
127900 -327569
128000 -327559
128100 -327542
128200 -327542
128300 -327542
128400 -327530
128500 -327527
128600 -327527
128700 -327527
128800 -327527
128900 -327527
129000 -327513
129100 -327513
129200 -327513
129300 -327513
129400 -327511
129500 -327511
129600 -327509
129700 -327509
129800 -327509
129900 -327500
130000 -327500
130100 -327500
130200 -327500
130300 -327476
130400 -327476
130500 -327456
130600 -327453
130700 -327448
130800 -327448
130900 -327440
131000 -327440
131100 -327428
131200 -327428
131300 -327418
131400 -327418
131500 -327418
131600 -327412
131700 -327412
131800 -327412
131900 -327412
132000 -327411
132100 -327411
132200 -327411
132300 -327411
132400 -327411
132500 -327411
132600 -327411
132700 -327372
132800 -327372
132900 -327372
133000 -327372
133100 -327372
133200 -327372
133300 -327372
133400 -327372
133500 -327365
133600 -327365
133700 -327365
133800 -327365
133900 -327365
134000 -327360
134100 -327341
134200 -327313
134300 -327269
134400 -327246
134500 -327241
134600 -327241
134700 -327238
134800 -327238
134900 -327238
135000 -327238
135100 -327230
135200 -327230
135300 -327230
135400 -327221
135500 -327210
135600 -327205
135700 -327205
135800 -327205
135900 -327205
136000 -327205
136100 -327205
136200 -327205
136300 -327190
136400 -327163
136500 -327163
136600 -327152
136700 -327152
136800 -327152
136900 -327117
137000 -327099
137100 -327099
137200 -327099
137300 -327099
137400 -327099
137500 -327099
137600 -327099
137700 -327099
137800 -327099
137900 -327099
138000 -327096
138100 -327096
138200 -327072
138300 -327030
138400 -327030
138500 -327030
138600 -327030
138700 -327030
138800 -327024
138900 -327022
139000 -327021
139100 -327018
139200 -327018
139300 -327018
139400 -327016
139500 -327016
139600 -327009
139700 -326932
139800 -326908
139900 -326908
140000 -326908
140100 -326908
140200 -326908
140300 -326908
140400 -326907
140500 -326907
140600 -326907
140700 -326907
140800 -326905
140900 -326905
141000 -326905
141100 -326905
141200 -326905
141300 -326905
141400 -326905
141500 -326905
141600 -326905
141700 -326905
141800 -326905
141900 -326905
142000 -326895
142100 -326895
142200 -326895
142300 -326895
142400 -326895
142500 -326895
142600 -326895
142700 -326895
142800 -326895
142900 -326895
143000 -326863
143100 -326863
143200 -326863
143300 -326863
143400 -326863
143500 -326863
143600 -326863
143700 -326863
143800 -326863
143900 -326861
144000 -326861
144100 -326861
144200 -326861
144300 -326861
144400 -326861
144500 -326861
144600 -326861
144700 -326847
144800 -326847
144900 -326817
145000 -326817
145100 -326789
145200 -326755
145300 -326755
145400 -326739
145500 -326732
145600 -326725
145700 -326725
145800 -326725
145900 -326708
146000 -326708
146100 -326698
146200 -326689
146300 -326688
146400 -326688
146500 -326688
146600 -326688
146700 -326688
146800 -326682
146900 -326680
147000 -326656
147100 -326656
147200 -326656
147300 -326643
147400 -326643
147500 -326626
147600 -326626
147700 -326614
147800 -326614
147900 -326613
148000 -326613
148100 -326613
148200 -326610
148300 -326605
148400 -326605
148500 -326597
148600 -326579
148700 -326579
148800 -326575
148900 -326575
149000 -326554
149100 -326554
149200 -326554
149300 -326554
149400 -326554
149500 -326553
149600 -326553
149700 -326553
149800 -326553
149900 -326553
150000 -326553
150100 -326548
150200 -326540
150300 -326540
150400 -326540
150500 -326540
150600 -326540
150700 -326540
150800 -326540
150900 -326540
151000 -326531
151100 -326531
151200 -326531
151300 -326531
151400 -326531
151500 -326531
151600 -326530
151700 -326530
151800 -326530
151900 -326530
152000 -326503
152100 -326503
152200 -326502
152300 -326502
152400 -326496
152500 -326496
152600 -326463
152700 -326463
152800 -326463
152900 -326463
153000 -326463
153100 -326463
153200 -326452
153300 -326452
153400 -326452
153500 -326452
153600 -326452
153700 -326452
153800 -326452
153900 -326452
154000 -326452
154100 -326452
154200 -326441
154300 -326441
154400 -326441
154500 -326441
154600 -326441
154700 -326441
154800 -326400
154900 -326400
155000 -326400
155100 -326400
155200 -326400
155300 -326400
155400 -326400
155500 -326400
155600 -326400
155700 -326400
155800 -326400
155900 -326400
156000 -326400
156100 -326400
156200 -326400
156300 -326400
156400 -326385
156500 -326385
156600 -326368
156700 -326368
156800 -326368
156900 -326368
157000 -326368
157100 -326368
157200 -326368
157300 -326355
157400 -326355
157500 -326355
157600 -326355
157700 -326355
157800 -326351
157900 -326343
158000 -326326
158100 -326326
158200 -326323
158300 -326323
158400 -326305
158500 -326305
158600 -326272
158700 -326272
158800 -326200
158900 -326200
159000 -326200
159100 -326200
159200 -326172
159300 -326172
159400 -326172
159500 -326172
159600 -326172
159700 -326172
159800 -326172
159900 -326172
160000 -326172
160100 -326172
160200 -326172
160300 -326142
160400 -326142
160500 -326142
160600 -326142
160700 -326064
160800 -326064
160900 -326064
161000 -326062
161100 -326060
161200 -326060
161300 -326060
161400 -326045
161500 -326045
161600 -326045
161700 -326045
161800 -326045
161900 -326031
162000 -326031
162100 -326014
162200 -326014
162300 -326014
162400 -326014
162500 -326011
162600 -326011
162700 -326011
162800 -326011
162900 -326011
163000 -325998
163100 -325998
163200 -325998
163300 -325998
163400 -325988
163500 -325988
163600 -325977
163700 -325944
163800 -325944
163900 -325928
164000 -325928
164100 -325928
164200 -325928
164300 -325914
164400 -325914
164500 -325906
164600 -325906
164700 -325906
164800 -325906
164900 -325906
165000 -325906
165100 -325906
165200 -325906
165300 -325893
165400 -325893
165500 -325886
165600 -325875
165700 -325872
165800 -325872
165900 -325872
166000 -325868
166100 -325868
166200 -325868
166300 -325868
166400 -325868
166500 -325868
166600 -325868
166700 -325868
166800 -325855
166900 -325850
167000 -325829
167100 -325819
167200 -325819
167300 -325819
167400 -325819
167500 -325819
167600 -325819
167700 -325819
167800 -325819
167900 -325819
168000 -325819
168100 -325819
168200 -325819
168300 -325819
168400 -325819
168500 -325819
168600 -325819
168700 -325819
168800 -325819
168900 -325819
169000 -325819
169100 -325819
169200 -325819
169300 -325819
169400 -325818
169500 -325818
169600 -325818
169700 -325818
169800 -325818
169900 -325818
170000 -325818
170100 -325818
170200 -325816
170300 -325812
170400 -325808
170500 -325808
170600 -325803
170700 -325803
170800 -325803
170900 -325803
171000 -325803
171100 -325803
171200 -325803
171300 -325786
171400 -325785
171500 -325775
171600 -325775
171700 -325775
171800 -325775
171900 -325775
172000 -325775
172100 -325775
172200 -325775
172300 -325775
172400 -325775
172500 -325775
172600 -325775
172700 -325775
172800 -325742
172900 -325742
173000 -325742
173100 -325742
173200 -325742
173300 -325742
173400 -325742
173500 -325742
173600 -325742
173700 -325740
173800 -325740
173900 -325740
174000 -325740
174100 -325740
174200 -325722
174300 -325722
174400 -325722
174500 -325722
174600 -325722
174700 -325722
174800 -325722
174900 -325722
175000 -325722
175100 -325722
175200 -325722
175300 -325719
175400 -325701
175500 -325701
175600 -325679
175700 -325670
175800 -325670
175900 -325670
176000 -325670
176100 -325670
176200 -325670
176300 -325670
176400 -325670
176500 -325670
176600 -325663
176700 -325663
176800 -325633
176900 -325633
177000 -325607
177100 -325607
177200 -325607
177300 -325607
177400 -325607
177500 -325584
177600 -325584
177700 -325584
177800 -325584
177900 -325584
178000 -325578
178100 -325578
178200 -325567
178300 -325567
178400 -325567
178500 -325535
178600 -325535
178700 -325535
178800 -325535
178900 -325535
179000 -325535
179100 -325535
179200 -325535
179300 -325535
179400 -325535
179500 -325530
179600 -325530
179700 -325530
179800 -325528
179900 -325528
180000 -325528
180100 -325528
180200 -325528
180300 -325528
180400 -325528
180500 -325528
180600 -325528
180700 -325519
180800 -325498
180900 -325498
181000 -325467
181100 -325467
181200 -325430
181300 -325430
181400 -325420
181500 -325377
181600 -325377
181700 -325364
181800 -325364
181900 -325348
182000 -325348
182100 -325348
182200 -325348
182300 -325348
182400 -325348
182500 -325318
182600 -325318
182700 -325318
182800 -325318
182900 -325318
183000 -325318
183100 -325318
183200 -325318
183300 -325318
183400 -325318
183500 -325318
183600 -325318
183700 -325318
183800 -325318
183900 -325318
184000 -325318
184100 -325317
184200 -325317
184300 -325317
184400 -325317
184500 -325317
184600 -325317
184700 -325317
184800 -325317
184900 -325317
185000 -325317
185100 -325317
185200 -325317
185300 -325317
185400 -325317
185500 -325317
185600 -325317
185700 -325317
185800 -325317
185900 -325317
186000 -325317
186100 -325312
186200 -325270
186300 -325270
186400 -325270
186500 -325270
186600 -325270
186700 -325270
186800 -325270
186900 -325270
187000 -325270
187100 -325270
187200 -325270
187300 -325270
187400 -325266
187500 -325266
187600 -325261
187700 -325259
187800 -325246
187900 -325246
188000 -325246
188100 -325233
188200 -325233
188300 -325230
188400 -325230
188500 -325211
188600 -325211
188700 -325211
188800 -325211
188900 -325211
189000 -325194
189100 -325194
189200 -325194
189300 -325194
189400 -325194
189500 -325194
189600 -325194
189700 -325194
189800 -325194
189900 -325189
190000 -325189
190100 -325187
190200 -325187
190300 -325172
190400 -325172
190500 -325172
190600 -325172
190700 -325172
190800 -325172
190900 -325172
191000 -325172
191100 -325172
191200 -325172
191300 -325172
191400 -325172
191500 -325172
191600 -325172
191700 -325172
191800 -325172
191900 -325172
192000 -325172
192100 -325172
192200 -325172
192300 -325172
192400 -325172
192500 -325156
192600 -325156
192700 -325135
192800 -325135
192900 -325135
193000 -325135
193100 -325128
193200 -325128
193300 -325128
193400 -325128
193500 -325128
193600 -325128
193700 -325128
193800 -325128
193900 -325128
194000 -325128
194100 -325128
194200 -325128
194300 -325083
194400 -325083
194500 -325083
194600 -325061
194700 -325061
194800 -325061
194900 -325061
195000 -325056
195100 -325056
195200 -325056
195300 -325056
195400 -325056
195500 -325056
195600 -325056
195700 -325056
195800 -325023
195900 -325023
196000 -324983
196100 -324983
196200 -324983
196300 -324983
196400 -324983
196500 -324983
196600 -324983
196700 -324975
196800 -324975
196900 -324975
197000 -324975
197100 -324956
197200 -324956
197300 -324956
197400 -324956
197500 -324956
197600 -324956
197700 -324956
197800 -324949
197900 -324949
198000 -324949
198100 -324949
198200 -324949
198300 -324949
198400 -324949
198500 -324913
198600 -324913
198700 -324910
198800 -324910
198900 -324910
199000 -324910
199100 -324910
199200 -324910
199300 -324910
199400 -324901
199500 -324901
199600 -324901
199700 -324901
199800 -324901
199900 -324880
200000 -324880
200100 -324880
200200 -324880
200300 -324880
200400 -324880
200500 -324871
200600 -324871
200700 -324871
200800 -324871
200900 -324871
201000 -324871
201100 -324871
201200 -324871
201300 -324871
201400 -324871
201500 -324871
201600 -324871
201700 -324871
201800 -324871
201900 -324860
202000 -324860
202100 -324860
202200 -324860
202300 -324860
202400 -324859
202500 -324856
202600 -324856
202700 -324856
202800 -324856
202900 -324856
203000 -324856
203100 -324836
203200 -324836
203300 -324836
203400 -324836
203500 -324836
203600 -324836
203700 -324836
203800 -324836
203900 -324836
204000 -324836
204100 -324816
204200 -324787
204300 -324787
204400 -324779
204500 -324762
204600 -324762
204700 -324758
204800 -324758
204900 -324758
205000 -324758
205100 -324758
205200 -324758
205300 -324758
205400 -324758
205500 -324758
205600 -324699
205700 -324699
205800 -324699
205900 -324699
206000 -324699
206100 -324695
206200 -324695
206300 -324682
206400 -324682
206500 -324682
206600 -324682
206700 -324682
206800 -324667
206900 -324667
207000 -324636
207100 -324636
207200 -324636
207300 -324636
207400 -324626
207500 -324626
207600 -324626
207700 -324626
207800 -324626
207900 -324626
208000 -324617
208100 -324592
208200 -324592
208300 -324584
208400 -324584
208500 -324573
208600 -324573
208700 -324552
208800 -324552
208900 -324523
209000 -324523
209100 -324523
209200 -324522
209300 -324510
209400 -324485
209500 -324485
209600 -324485
209700 -324485
209800 -324485
209900 -324485
210000 -324482
210100 -324446
210200 -324444
210300 -324444
210400 -324444
210500 -324444
