200 -384574
300 -381930
400 -379354
500 -376977
600 -375583
700 -373372
800 -371724
900 -370072
1000 -368827
1100 -367458
1200 -366358
1300 -365258
1400 -364090
1500 -363124
1600 -362109
1700 -361072
1800 -360557
1900 -359867
2000 -359047
2100 -358127
2200 -357426
2300 -356959
2400 -356458
2500 -355907
2600 -355408
2700 -355101
2800 -354735
2900 -354449
3000 -354204
3100 -354014
3200 -353819
3300 -353632
3400 -353212
3500 -352860
3600 -352389
3700 -351978
3800 -351843
3900 -351661
4000 -351297
4100 -351237
4200 -351117
4300 -350803
4400 -350639
4500 -350335
4600 -350164
4700 -349948
4800 -349837
4900 -349603
5000 -349432
5100 -349254
5200 -349091
5300 -348895
5400 -348749
5500 -348591
5600 -348430
5700 -348273
5800 -348038
5900 -347923
6000 -347762
6100 -347568
6200 -347491
6300 -347289
6400 -347193
6500 -347074
6600 -346962
6700 -346761
