200 -372753
300 -369986
400 -367519
500 -365505
600 -363304
700 -361591
800 -360516
900 -358943
1000 -357731
1100 -356890
1200 -355770
1300 -354396
1400 -353209
1500 -352502
1600 -351780
1700 -351217
1800 -350405
1900 -350024
2000 -349391
2100 -348580
2200 -348002
2300 -347498
2400 -347002
2500 -346611
2600 -346275
2700 -345808
2800 -345302
2900 -344787
3000 -344061
3100 -343585
3200 -343282
3300 -342685
3400 -342123
3500 -341712
3600 -341485
3700 -341246
3800 -340946
3900 -340480
4000 -340182
4100 -339815
4200 -339658
4300 -339363
4400 -338868
4500 -338455
4600 -338312
4700 -338062
4800 -337904
4900 -337812
5000 -337463
5100 -337152
5200 -336901
5300 -336711
5400 -336581
5500 -336302
5600 -336040
5700 -335919
5800 -335733
5900 -335463
6000 -335271
6100 -335180
6200 -335139
6300 -334945
6400 -334822
6500 -334723
6600 -334538
6700 -334464
6800 -334302
6900 -334245
7000 -334210
7100 -333951
7200 -333750
7300 -333655
7400 -333543
7500 -333406
7600 -333332
7700 -333181
7800 -333131
7900 -333088
8000 -332866
8100 -332777
8200 -332681
8300 -332639
8400 -332457
8500 -332295
8600 -332188
8700 -331986
8800 -331885
8900 -331769
9000 -331643
9100 -331419
9200 -331367
9300 -331240
9400 -331226
9500 -331174
9600 -331124
9700 -331087
9800 -330894
9900 -330730
10000 -330593
10100 -330496
10200 -330432
10300 -330385
10400 -330286
10500 -330254
10600 -330111
10700 -330044
10800 -329766
10900 -329757
11000 -329656
11100 -329542
11200 -329465
11300 -329397
11400 -329278
11500 -329246
11600 -329162
11700 -328991
11800 -328980
11900 -328925
12000 -328841
12100 -328745
12200 -328698
12300 -328689
12400 -328675
12500 -328619
12600 -328489
12700 -328432
12800 -328379
12900 -328349
13000 -328286
13100 -328137
13200 -328079
13300 -328059
13400 -327961
13500 -327951
13600 -327885
13700 -327806
13800 -327768
13900 -327693
14000 -327692
14100 -327623
14200 -327570
14300 -327566
14400 -327566
14500 -327521
14600 -327428
14700 -327313
14800 -327257
14900 -327241
15000 -327123
15100 -327085
15200 -327076
15300 -327014
15400 -326966
15500 -326911
15600 -326870
15700 -326866
15800 -326736
15900 -326606
16000 -326497
16100 -326458
16200 -326409
16300 -326377
16400 -326281
16500 -326268
16600 -326251
16700 -326109
16800 -326023
16900 -325989
17000 -325966
17100 -325928
17200 -325882
17300 -325799
17400 -325730
17500 -325716
17600 -325674
17700 -325668
17800 -325637
17900 -325618
18000 -325573
18100 -325435
18200 -325378
18300 -325353
18400 -325226
18500 -325150
18600 -325009
18700 -324969
18800 -324934
18900 -324878
19000 -324868
19100 -324828
19200 -324814
19300 -324797
19400 -324703
19500 -324700
19600 -324700
19700 -324669
19800 -324646
19900 -324606
20000 -324590
20100 -324576
20200 -324576
20300 -324547
20400 -324547
20500 -324536
20600 -324511
20700 -324503
20800 -324473
20900 -324415
21000 -324339
21100 -324339
21200 -324320
21300 -324270
21400 -324184
21500 -324146
21600 -324092
21700 -324084
21800 -324083
21900 -324066
22000 -324038
22100 -323942
22200 -323873
22300 -323831
22400 -323823
22500 -323823
22600 -323813
22700 -323803
22800 -323790
22900 -323775
23000 -323740
23100 -323712
23200 -323680
23300 -323680
23400 -323679
23500 -323646
23600 -323635
23700 -323635
23800 -323580
23900 -323550
24000 -323543
24100 -323540
24200 -323515
24300 -323480
24400 -323436
24500 -323411
24600 -323379
24700 -323375
24800 -323329
24900 -323324
25000 -323324
25100 -323310
25200 -323292
25300 -323290
25400 -323282
25500 -323282
25600 -323232
25700 -323229
25800 -323203
25900 -323191
26000 -323178
26100 -323152
26200 -323139
26300 -323109
26400 -323093
26500 -323049
26600 -323041
26700 -323040
26800 -322983
26900 -322947
27000 -322944
27100 -322931
27200 -322931
27300 -322931
27400 -322927
27500 -322896
27600 -322859
27700 -322845
27800 -322797
27900 -322723
28000 -322715
28100 -322653
28200 -322652
28300 -322648
28400 -322631
28500 -322598
28600 -322598
28700 -322589
28800 -322544
28900 -322539
29000 -322525
29100 -322507
29200 -322481
29300 -322415
29400 -322413
29500 -322405
29600 -322393
29700 -322362
29800 -322359
