600 -463483
900 -460665
1200 -458434
1500 -456253
1800 -454347
2100 -452687
2400 -450854
2700 -449137
3000 -447610
3300 -446284
3600 -445041
3900 -444183
4200 -443104
4500 -442166
4800 -441189
5100 -440183
5400 -439176
5700 -438416
6000 -437644
6300 -437068
6600 -436445
6900 -435947
7200 -435486
7500 -435034
7800 -434529
8100 -434164
8400 -433750
8700 -433363
9000 -432785
9300 -432528
9600 -432021
9900 -431674
10200 -431275
10500 -430879
10800 -430562
11100 -430184
11400 -429910
11700 -429655
12000 -429418
12300 -429254
12600 -429069
12900 -428769
13200 -428572
13500 -428246
13800 -428066
14100 -427834
14400 -427499
14700 -427293
15000 -427064
15300 -426867
15600 -426687
15900 -426533
16200 -426337
16500 -426126
16800 -425941
17100 -425879
17400 -425732
17700 -425651
18000 -425470
18300 -425315
18600 -425191
18900 -425037
19200 -424913
19500 -424780
19800 -424653
20100 -424515
20400 -424412
20700 -424263
21000 -424166
21300 -424058
