600 -472640
900 -469834
1200 -467649
1500 -465473
1800 -463940
2100 -462284
2400 -460994
2700 -459653
3000 -458155
3300 -456875
3600 -455882
3900 -454738
4200 -453793
4500 -452920
4800 -452096
5100 -451236
5400 -450592
5700 -449874
6000 -449209
6300 -448464
6600 -447853
6900 -447213
7200 -446607
7500 -446141
7800 -445719
8100 -445235
8400 -444669
8700 -444213
9000 -443750
9300 -443454
9600 -442942
9900 -442665
10200 -442314
10500 -442009
10800 -441791
11100 -441511
11400 -441256
11700 -441006
12000 -440802
12300 -440639
12600 -440420
12900 -440270
13200 -440073
13500 -439833
13800 -439650
14100 -439476
14400 -439288
14700 -439186
15000 -438996
15300 -438739
15600 -438598
15900 -438468
16200 -438347
16500 -438175
16800 -437935
17100 -437745
17400 -437671
17700 -437551
18000 -437466
18300 -437284
18600 -437144
18900 -437001
19200 -436932
19500 -436823
19800 -436683
20100 -436537
20400 -436434
20700 -436360
21000 -436202
21300 -436111
21600 -435992
21900 -435862
22200 -435766
22500 -435656
22800 -435585
23100 -435471
23400 -435372
23700 -435315
24000 -435255
24300 -435151
24600 -435066
24900 -435019
25200 -434928
25500 -434895
25800 -434814
26100 -434745
26400 -434656
26700 -434562
27000 -434485
27300 -434295
27600 -434261
27900 -434181
28200 -434136
28500 -434061
28800 -434026
29100 -433940
29400 -433837
29700 -433735
30000 -433667
30300 -433589
30600 -433524
30900 -433428
31200 -433381
31500 -433315
31800 -433248
32100 -433195
32400 -433166
32700 -433096
33000 -433061
33300 -432938
33600 -432897
33900 -432826
34200 -432770
34500 -432727
34800 -432629
35100 -432479
35400 -432450
35700 -432392
36000 -432361
36300 -432314
36600 -432273
36900 -432217
37200 -432133
37500 -432040
37800 -431981
38100 -431877
38400 -431834
38700 -431801
39000 -431764
39300 -431670
39600 -431612
39900 -431516
40200 -431477
40500 -431428
40800 -431360
41100 -431288
41400 -431237
41700 -431192
42000 -431115
42300 -431063
42600 -431043
42900 -430965
43200 -430895
43500 -430843
43800 -430809
44100 -430772
44400 -430702
44700 -430661
45000 -430614
45300 -430568
45600 -430511
45900 -430475
46200 -430424
46500 -430347
46800 -430303
47100 -430274
47400 -430240
47700 -430182
48000 -430153
48300 -430136
48600 -430088
48900 -430060
49200 -429998
49500 -429949
49800 -429897
50100 -429857
50400 -429801
50700 -429726
51000 -429646
51300 -429593
51600 -429549
51900 -429506
52200 -429466
52500 -429424
52800 -429393
53100 -429346
53400 -429266
53700 -429214
54000 -429179
54300 -429147
54600 -429063
54900 -429051
55200 -429028
55500 -428980
55800 -428923
56100 -428867
56400 -428833
56700 -428811
57000 -428755
57300 -428719
57600 -428691
57900 -428666
58200 -428653
58500 -428617
58800 -428603
59100 -428603
59400 -428522
59700 -428500
60000 -428439
60300 -428415
60600 -428398
60900 -428373
61200 -428338
61500 -428280
61800 -428269
62100 -428246
62400 -428204
62700 -428192
63000 -428181
63300 -428151
63600 -428137
63900 -428100
64200 -428086
64500 -428060
64800 -428040
65100 -427956
65400 -427939
65700 -427935
66000 -427899
66300 -427877
66600 -427851
66900 -427819
67200 -427814
67500 -427790
67800 -427774
68100 -427770
68400 -427765
68700 -427761
69000 -427716
69300 -427713
69600 -427679
69900 -427673
70200 -427653
70500 -427635
70800 -427609
71100 -427586
71400 -427561
71700 -427541
72000 -427518
72300 -427506
72600 -427466
72900 -427459
73200 -427406
73500 -427398
73800 -427395
74100 -427364
74400 -427356
74700 -427332
75000 -427297
75300 -427252
75600 -427223
75900 -427172
76200 -427121
76500 -427112
76800 -427075
77100 -427061
77400 -427057
77700 -427014
78000 -427002
78300 -426981
78600 -426955
78900 -426923
79200 -426910
79500 -426902
79800 -426890
80100 -426880
80400 -426851
80700 -426822
81000 -426782
81300 -426764
81600 -426745
81900 -426730
82200 -426698
82500 -426677
82800 -426649
83100 -426639
83400 -426599
83700 -426560
84000 -426518
84300 -426516
84600 -426514
84900 -426489
85200 -426487
85500 -426465
85800 -426456
86100 -426430
86400 -426427
86700 -426406
87000 -426376
87300 -426376
87600 -426345
87900 -426324
88200 -426304
88500 -426268
88800 -426263
89100 -426246
89400 -426212
89700 -426191
90000 -426160
90300 -426106
90600 -426088
90900 -426080
91200 -426038
91500 -426016
91800 -425989
92100 -425967
92400 -425948
92700 -425908
93000 -425898
93300 -425894
93600 -425879
93900 -425858
94200 -425852
94500 -425837
94800 -425793
95100 -425751
95400 -425736
95700 -425726
96000 -425725
96300 -425719
96600 -425696
96900 -425676
97200 -425621
97500 -425621
97800 -425597
98100 -425585
98400 -425579
98700 -425565
99000 -425561
99300 -425528
99600 -425524
99900 -425515
100200 -425490
100500 -425483
100800 -425467
101100 -425442
101400 -425429
101700 -425416
102000 -425382
102300 -425362
102600 -425348
102900 -425319
103200 -425305
103500 -425301
103800 -425282
104100 -425275
104400 -425252
104700 -425244
105000 -425230
105300 -425199
105600 -425180
105900 -425171
