600 -473106
900 -470508
1200 -468584
1500 -466667
1800 -464933
2100 -463512
2400 -462136
2700 -461090
3000 -460051
3300 -458832
3600 -457841
3900 -457070
4200 -456351
4500 -455322
4800 -454432
5100 -453597
5400 -452832
5700 -452114
6000 -451424
6300 -450748
6600 -450120
6900 -449696
7200 -449074
7500 -448591
7800 -447875
8100 -447397
8400 -446919
8700 -446337
9000 -445974
9300 -445472
9600 -445137
9900 -444757
10200 -444423
10500 -444093
10800 -443717
11100 -443335
11400 -443101
11700 -442767
12000 -442496
12300 -442234
12600 -442040
12900 -441858
13200 -441628
13500 -441417
13800 -441197
14100 -441005
14400 -440895
14700 -440614
15000 -440473
15300 -440336
15600 -440162
15900 -440036
16200 -439907
16500 -439808
16800 -439623
17100 -439442
17400 -439306
17700 -439128
18000 -438921
18300 -438795
18600 -438673
18900 -438467
19200 -438333
19500 -438242
19800 -438112
20100 -437980
20400 -437869
20700 -437759
21000 -437695
21300 -437566
21600 -437506
21900 -437429
22200 -437338
22500 -437204
22800 -437100
23100 -437042
23400 -436976
23700 -436881
24000 -436781
24300 -436695
24600 -436562
24900 -436528
25200 -436460
25500 -436331
25800 -436247
26100 -436134
26400 -436098
26700 -436004
27000 -435978
27300 -435918
27600 -435873
27900 -435791
28200 -435756
28500 -435702
28800 -435587
29100 -435550
29400 -435470
29700 -435406
30000 -435336
30300 -435290
30600 -435254
30900 -435139
31200 -435046
31500 -434986
31800 -434890
32100 -434815
32400 -434767
32700 -434704
33000 -434653
33300 -434570
33600 -434511
33900 -434428
34200 -434357
34500 -434304
34800 -434234
35100 -434191
35400 -434159
35700 -434060
36000 -434022
36300 -433978
36600 -433941
36900 -433898
37200 -433852
37500 -433836
37800 -433767
38100 -433704
38400 -433698
38700 -433655
39000 -433604
39300 -433566
39600 -433499
39900 -433429
40200 -433347
40500 -433328
40800 -433327
41100 -433277
41400 -433244
41700 -433196
42000 -433144
42300 -433111
42600 -433102
42900 -433082
43200 -433045
43500 -433004
43800 -432971
44100 -432956
44400 -432915
44700 -432889
45000 -432863
45300 -432857
45600 -432825
45900 -432791
46200 -432743
46500 -432692
46800 -432659
47100 -432626
47400 -432610
47700 -432569
48000 -432540
48300 -432525
48600 -432493
48900 -432476
49200 -432464
49500 -432414
49800 -432368
50100 -432335
50400 -432284
50700 -432276
51000 -432253
51300 -432228
51600 -432183
51900 -432143
52200 -432102
52500 -432081
52800 -432064
53100 -432040
53400 -431990
53700 -431934
54000 -431891
54300 -431847
54600 -431817
54900 -431790
55200 -431749
55500 -431700
55800 -431661
56100 -431652
56400 -431570
56700 -431533
57000 -431518
57300 -431510
57600 -431489
57900 -431429
58200 -431416
58500 -431411
58800 -431361
59100 -431328
59400 -431303
59700 -431284
60000 -431257
60300 -431228
60600 -431204
60900 -431197
61200 -431148
61500 -431130
61800 -431108
62100 -431074
62400 -431061
62700 -431053
63000 -431008
63300 -430978
63600 -430973
63900 -430941
64200 -430915
64500 -430890
64800 -430884
65100 -430836
65400 -430813
65700 -430791
66000 -430759
66300 -430729
66600 -430708
66900 -430667
67200 -430626
67500 -430609
67800 -430588
68100 -430549
68400 -430525
68700 -430506
69000 -430494
69300 -430457
69600 -430435
69900 -430425
70200 -430381
70500 -430342
70800 -430331
71100 -430306
71400 -430275
71700 -430275
72000 -430267
72300 -430243
72600 -430213
72900 -430202
73200 -430185
73500 -430184
