200 -326788
300 -323204
400 -320976
500 -318908
600 -317085
700 -315218
800 -312983
900 -311527
1000 -310466
1100 -309158
1200 -307653
1300 -306655
1400 -305936
1500 -305207
1600 -304451
1700 -303883
1800 -303216
1900 -302902
2000 -302326
2100 -301867
2200 -301116
2300 -300696
2400 -300179
2500 -299651
2600 -298937
2700 -298094
2800 -297635
2900 -297240
3000 -297028
3100 -296480
3200 -296186
3300 -295794
3400 -295598
3500 -294961
3600 -294658
3700 -294254
3800 -293847
3900 -293656
4000 -293403
4100 -293257
4200 -292978
4300 -292671
4400 -292536
4500 -292290
4600 -292018
4700 -291782
4800 -291397
4900 -291166
5000 -290897
5100 -290584
5200 -290451
5300 -290249
5400 -290077
5500 -289813
5600 -289735
5700 -289628
5800 -289585
5900 -289300
6000 -289246
6100 -289162
6200 -288968
6300 -288853
6400 -288756
6500 -288574
6600 -288447
6700 -288207
6800 -288118
6900 -288026
7000 -287853
7100 -287716
7200 -287589
7300 -287499
7400 -287315
7500 -287102
7600 -286966
7700 -286830
7800 -286750
7900 -286619
8000 -286602
8100 -286407
8200 -286247
8300 -286138
8400 -286058
8500 -285928
8600 -285869
8700 -285743
8800 -285634
8900 -285456
9000 -285456
9100 -285430
9200 -285347
9300 -285287
9400 -285279
9500 -285154
9600 -285102
9700 -285038
9800 -284973
9900 -284949
10000 -284817
10100 -284673
10200 -284672
10300 -284578
10400 -284538
10500 -284513
10600 -284438
10700 -284396
10800 -284385
10900 -284249
11000 -284176
11100 -284121
11200 -284013
11300 -283921
11400 -283921
11500 -283899
11600 -283868
11700 -283843
11800 -283747
11900 -283639
12000 -283616
12100 -283539
12200 -283502
12300 -283394
12400 -283394
12500 -283373
12600 -283337
12700 -283290
12800 -283288
12900 -283245
13000 -283216
13100 -283108
13200 -283034
13300 -282999
13400 -282956
13500 -282930
13600 -282929
13700 -282896
13800 -282882
13900 -282829
14000 -282813
14100 -282759
14200 -282745
14300 -282724
14400 -282700
14500 -282624
14600 -282530
14700 -282530
14800 -282447
14900 -282447
15000 -282411
15100 -282392
15200 -282322
15300 -282297
15400 -282246
15500 -282178
15600 -282168
15700 -282162
15800 -282148
15900 -282048
16000 -281960
16100 -281951
16200 -281951
16300 -281936
16400 -281889
16500 -281878
16600 -281819
16700 -281739
16800 -281739
16900 -281739
17000 -281728
17100 -281685
17200 -281673
17300 -281673
17400 -281673
17500 -281648
17600 -281610
17700 -281576
17800 -281559
17900 -281526
18000 -281434
18100 -281434
18200 -281421
18300 -281406
18400 -281377
18500 -281296
18600 -281242
18700 -281211
18800 -281182
18900 -281155
19000 -281126
19100 -281126
19200 -281051
19300 -281037
19400 -280987
19500 -280967
19600 -280962
19700 -280924
19800 -280890
19900 -280890
20000 -280890
20100 -280872
20200 -280872
20300 -280868
20400 -280833
20500 -280833
20600 -280804
20700 -280775
20800 -280735
20900 -280720
21000 -280720
21100 -280658
21200 -280570
21300 -280518
21400 -280460
21500 -280460
21600 -280402
21700 -280338
21800 -280338
21900 -280313
22000 -280313
22100 -280311
22200 -280304
22300 -280256
22400 -280254
22500 -280230
22600 -280230
22700 -280229
22800 -280190
22900 -280177
23000 -280177
23100 -280152
23200 -280152
23300 -280152
23400 -280139
23500 -280117
23600 -280115
23700 -280113
23800 -280073
23900 -280034
24000 -280001
24100 -279988
24200 -279963
24300 -279913
24400 -279877
24500 -279872
24600 -279872
24700 -279850
24800 -279822
24900 -279816
25000 -279775
25100 -279770
25200 -279738
25300 -279738
25400 -279738
25500 -279728
25600 -279728
25700 -279712
25800 -279711
25900 -279676
26000 -279671
26100 -279651
26200 -279615
26300 -279598
26400 -279589
26500 -279567
26600 -279516
26700 -279514
26800 -279514
26900 -279503
27000 -279418
27100 -279363
27200 -279353
27300 -279353
27400 -279353
27500 -279327
27600 -279320
27700 -279320
27800 -279310
27900 -279310
28000 -279254
28100 -279217
28200 -279189
28300 -279143
28400 -279125
28500 -279084
28600 -279072
28700 -279009
28800 -279009
28900 -278952
29000 -278926
29100 -278919
29200 -278906
29300 -278874
29400 -278874
29500 -278874
29600 -278874
29700 -278862
29800 -278820
29900 -278794
30000 -278736
30100 -278704
30200 -278662
30300 -278626
30400 -278613
30500 -278608
30600 -278575
30700 -278575
30800 -278560
30900 -278507
31000 -278507
31100 -278507
31200 -278457
31300 -278457
31400 -278457
31500 -278391
31600 -278389
31700 -278380
31800 -278351
31900 -278349
32000 -278349
32100 -278348
32200 -278348
32300 -278342
32400 -278338
32500 -278323
32600 -278310
32700 -278310
32800 -278295
32900 -278264
33000 -278221
33100 -278191
33200 -278158
33300 -278157
33400 -278134
33500 -278134
33600 -278133
33700 -278133
33800 -278133
33900 -278133
34000 -278133
34100 -278127
34200 -278127
34300 -278085
34400 -278053
34500 -278047
34600 -278047
34700 -277999
34800 -277996
34900 -277966
35000 -277917
35100 -277902
35200 -277902
35300 -277902
35400 -277881
35500 -277881
35600 -277863
35700 -277848
35800 -277831
35900 -277831
36000 -277826
36100 -277825
36200 -277782
36300 -277752
36400 -277732
36500 -277732
36600 -277732
36700 -277732
36800 -277732
36900 -277730
37000 -277730
37100 -277730
37200 -277730
37300 -277708
37400 -277706
37500 -277695
37600 -277676
37700 -277676
37800 -277663
37900 -277656
38000 -277644
38100 -277636
38200 -277636
38300 -277633
38400 -277633
38500 -277633
38600 -277631
38700 -277580
38800 -277542
38900 -277542
39000 -277542
39100 -277542
39200 -277523
39300 -277514
39400 -277502
39500 -277502
39600 -277501
39700 -277485
39800 -277456
39900 -277456
40000 -277456
40100 -277438
40200 -277438
40300 -277438
40400 -277438
40500 -277410
40600 -277378
40700 -277378
40800 -277378
40900 -277378
41000 -277375
41100 -277343
41200 -277337
41300 -277337
41400 -277337
41500 -277322
41600 -277313
41700 -277313
41800 -277302
41900 -277302
42000 -277276
42100 -277260
42200 -277258
42300 -277254
42400 -277254
42500 -277254
42600 -277252
42700 -277252
42800 -277252
42900 -277252
43000 -277248
43100 -277223
43200 -277223
43300 -277223
43400 -277214
43500 -277213
43600 -277213
43700 -277213
43800 -277213
43900 -277213
44000 -277213
44100 -277213
44200 -277213
44300 -277213
44400 -277213
44500 -277213
44600 -277213
44700 -277213
44800 -277213
44900 -277202
45000 -277202
45100 -277202
45200 -277201
45300 -277194
45400 -277194
45500 -277194
45600 -277164
45700 -277115
45800 -277115
45900 -277115
46000 -277115
46100 -277115
46200 -277106
46300 -277106
46400 -277106
46500 -277106
46600 -277100
46700 -277100
46800 -277094
46900 -277094
47000 -277094
47100 -277089
47200 -277089
47300 -277089
47400 -277089
47500 -277075
47600 -277065
47700 -277038
47800 -277036
47900 -277025
48000 -277025
48100 -277025
48200 -277014
48300 -277014
48400 -276984
48500 -276984
48600 -276984
48700 -276981
48800 -276980
48900 -276980
49000 -276980
49100 -276973
49200 -276973
49300 -276962
49400 -276962
49500 -276962
49600 -276962
49700 -276962
49800 -276956
49900 -276934
50000 -276934
50100 -276904
50200 -276892
50300 -276888
50400 -276888
50500 -276888
50600 -276888
50700 -276881
50800 -276881
50900 -276881
51000 -276881
51100 -276881
51200 -276881
51300 -276868
51400 -276868
51500 -276853
51600 -276847
51700 -276836
51800 -276818
51900 -276818
52000 -276818
52100 -276818
52200 -276818
52300 -276790
52400 -276790
52500 -276790
52600 -276756
52700 -276751
52800 -276751
52900 -276751
53000 -276751
53100 -276751
53200 -276751
53300 -276751
53400 -276751
53500 -276751
53600 -276751
53700 -276746
53800 -276731
53900 -276731
54000 -276730
54100 -276726
54200 -276715
54300 -276704
54400 -276704
54500 -276704
54600 -276673
54700 -276673
54800 -276673
54900 -276649
55000 -276649
55100 -276639
55200 -276639
55300 -276639
55400 -276605
55500 -276564
55600 -276559
55700 -276559
55800 -276544
55900 -276544
56000 -276544
56100 -276543
56200 -276517
56300 -276517
56400 -276517
56500 -276498
56600 -276496
56700 -276482
56800 -276455
56900 -276455
57000 -276455
57100 -276449
57200 -276449
57300 -276449
57400 -276449
57500 -276449
57600 -276449
57700 -276449
57800 -276449
57900 -276449
58000 -276449
58100 -276449
58200 -276449
58300 -276449
58400 -276449
58500 -276399
58600 -276399
58700 -276377
58800 -276374
58900 -276354
59000 -276354
59100 -276353
59200 -276353
59300 -276353
59400 -276353
59500 -276353
59600 -276353
59700 -276353
59800 -276353
59900 -276353
60000 -276353
60100 -276353
60200 -276353
60300 -276340
60400 -276340
60500 -276336
60600 -276320
60700 -276320
60800 -276320
60900 -276320
61000 -276297
61100 -276297
61200 -276297
61300 -276297
61400 -276283
61500 -276274
61600 -276255
61700 -276255
61800 -276255
61900 -276255
62000 -276255
62100 -276238
62200 -276238
62300 -276235
62400 -276235
62500 -276235
62600 -276222
62700 -276219
62800 -276219
62900 -276219
63000 -276219
63100 -276219
63200 -276219
63300 -276217
63400 -276217
63500 -276217
63600 -276204
63700 -276204
63800 -276194
63900 -276194
64000 -276194
64100 -276194
64200 -276194
64300 -276180
64400 -276180
64500 -276180
64600 -276180
64700 -276180
64800 -276174
64900 -276174
65000 -276161
65100 -276161
65200 -276161
65300 -276135
65400 -276135
65500 -276106
65600 -276094
65700 -276090
65800 -276090
65900 -276090
66000 -276090
66100 -276090
66200 -276090
66300 -276057
66400 -276055
66500 -276055
66600 -276055
66700 -276055
66800 -276055
66900 -276055
67000 -276055
67100 -276055
67200 -276029
67300 -276029
67400 -276029
67500 -276023
67600 -276002
67700 -275991
67800 -275988
67900 -275988
68000 -275988
68100 -275988
68200 -275988
68300 -275972
68400 -275972
68500 -275967
68600 -275967
68700 -275965
68800 -275965
68900 -275963
69000 -275958
69100 -275958
69200 -275958
69300 -275932
69400 -275931
69500 -275883
69600 -275883
69700 -275883
69800 -275883
69900 -275881
70000 -275881
70100 -275879
70200 -275879
70300 -275869
70400 -275869
70500 -275869
70600 -275869
70700 -275869
70800 -275869
70900 -275865
71000 -275865
71100 -275865
71200 -275865
71300 -275865
71400 -275865
71500 -275865
71600 -275865
71700 -275865
71800 -275865
71900 -275857
72000 -275857
72100 -275857
72200 -275841
72300 -275841
72400 -275813
72500 -275813
72600 -275813
72700 -275810
72800 -275810
72900 -275810
73000 -275799
73100 -275799
73200 -275795
73300 -275793
73400 -275787
73500 -275787
73600 -275726
73700 -275726
73800 -275726
73900 -275726
74000 -275724
74100 -275724
74200 -275724
74300 -275724
74400 -275724
74500 -275724
74600 -275724
74700 -275724
74800 -275724
74900 -275723
75000 -275718
75100 -275718
75200 -275718
75300 -275718
75400 -275707
75500 -275707
75600 -275707
75700 -275707
75800 -275707
75900 -275705
76000 -275705
76100 -275683
76200 -275630
76300 -275630
76400 -275630
76500 -275630
76600 -275630
76700 -275623
76800 -275623
76900 -275614
77000 -275614
77100 -275611
77200 -275611
77300 -275611
77400 -275611
77500 -275611
77600 -275611
77700 -275611
77800 -275611
77900 -275597
78000 -275582
78100 -275571
78200 -275561
78300 -275561
78400 -275541
78500 -275541
78600 -275523
78700 -275523
78800 -275523
78900 -275523
79000 -275523
79100 -275506
79200 -275506
79300 -275506
79400 -275506
79500 -275506
79600 -275503
79700 -275503
79800 -275484
79900 -275484
80000 -275484
80100 -275484
80200 -275484
80300 -275484
80400 -275484
80500 -275447
80600 -275447
80700 -275447
80800 -275414
80900 -275414
81000 -275414
81100 -275414
81200 -275414
81300 -275398
81400 -275374
81500 -275374
81600 -275374
81700 -275374
81800 -275345
81900 -275345
82000 -275345
82100 -275331
82200 -275331
82300 -275298
82400 -275298
82500 -275298
82600 -275298
82700 -275298
82800 -275298
82900 -275298
83000 -275298
83100 -275298
83200 -275295
83300 -275277
83400 -275277
83500 -275277
83600 -275268
83700 -275258
83800 -275249
83900 -275249
84000 -275249
84100 -275249
84200 -275249
84300 -275249
84400 -275249
84500 -275249
84600 -275239
84700 -275239
84800 -275239
84900 -275239
85000 -275239
85100 -275239
85200 -275213
85300 -275204
85400 -275173
85500 -275173
85600 -275150
85700 -275150
85800 -275084
85900 -275084
86000 -275084
