600 -463520
900 -460931
1200 -458641
1500 -456624
1800 -454581
2100 -452906
2400 -450881
2700 -449202
3000 -447536
3300 -446043
3600 -445050
3900 -443888
4200 -442790
4500 -441941
4800 -441171
5100 -440263
5400 -439540
5700 -438909
6000 -438338
6300 -437585
6600 -437036
6900 -436426
7200 -435956
7500 -435404
7800 -434839
8100 -434387
8400 -433774
8700 -433344
9000 -432925
9300 -432432
9600 -431965
9900 -431541
10200 -431200
10500 -430960
10800 -430548
11100 -430289
11400 -429884
11700 -429528
12000 -429184
12300 -428937
12600 -428596
12900 -428281
13200 -427972
13500 -427737
13800 -427430
14100 -427232
14400 -426952
14700 -426698
15000 -426423
15300 -426249
15600 -426068
15900 -425904
16200 -425706
16500 -425484
