200 -374281
300 -371197
400 -369478
500 -367709
600 -365920
700 -364247
800 -362711
900 -361538
1000 -360692
1100 -359708
1200 -358670
1300 -357623
1400 -356424
1500 -355367
1600 -354569
1700 -354069
1800 -353745
1900 -352703
2000 -352005
2100 -351570
2200 -350687
2300 -349952
2400 -349425
2500 -349035
2600 -348328
2700 -347734
2800 -347327
2900 -346872
3000 -346448
3100 -345676
3200 -345370
3300 -345071
3400 -344691
3500 -344398
3600 -344001
3700 -343715
3800 -343580
3900 -343302
4000 -343022
4100 -342850
4200 -342341
4300 -341979
4400 -341791
4500 -341449
4600 -341157
4700 -340816
4800 -340648
4900 -340438
5000 -340150
5100 -339883
5200 -339595
5300 -339446
5400 -339189
5500 -339060
5600 -338914
5700 -338776
5800 -338519
5900 -338398
6000 -338305
6100 -337941
6200 -337659
6300 -337400
6400 -337327
6500 -337230
6600 -337074
6700 -336902
6800 -336858
6900 -336807
7000 -336772
7100 -336708
7200 -336686
7300 -336577
7400 -336383
7500 -336219
7600 -336182
7700 -336093
7800 -336069
7900 -335824
8000 -335760
8100 -335614
8200 -335577
8300 -335465
8400 -335378
8500 -335362
8600 -335248
8700 -335151
8800 -335077
8900 -334997
9000 -334912
9100 -334882
9200 -334817
9300 -334693
9400 -334670
9500 -334556
9600 -334537
9700 -334498
9800 -334383
9900 -334382
10000 -334349
10100 -334349
10200 -334315
10300 -334229
10400 -334067
10500 -333972
10600 -333859
10700 -333796
10800 -333713
10900 -333525
11000 -333424
11100 -333365
11200 -333309
11300 -333176
11400 -333105
11500 -333085
11600 -333003
11700 -332971
11800 -332944
11900 -332861
12000 -332838
12100 -332739
12200 -332629
12300 -332573
12400 -332530
12500 -332482
12600 -332373
12700 -332347
12800 -332258
12900 -332190
13000 -332144
13100 -332004
13200 -331995
13300 -331995
13400 -331919
13500 -331863
13600 -331863
13700 -331798
13800 -331732
13900 -331731
14000 -331705
14100 -331648
14200 -331540
14300 -331509
14400 -331486
14500 -331370
14600 -331305
