200 -319045
300 -315105
400 -312440
500 -310387
600 -308972
700 -307709
800 -306625
900 -305431
1000 -303710
1100 -303034
1200 -301662
1300 -300362
1400 -299659
1500 -298577
1600 -298009
1700 -297035
1800 -296591
1900 -295852
2000 -295328
2100 -295015
2200 -294249
2300 -293541
2400 -292672
2500 -292188
2600 -291626
2700 -291215
2800 -290885
2900 -290482
3000 -289905
3100 -289517
3200 -289141
3300 -288560
3400 -288223
3500 -287931
3600 -287804
3700 -287607
3800 -287427
3900 -286934
4000 -286608
4100 -286301
4200 -286091
4300 -285853
4400 -285690
4500 -285516
4600 -285138
4700 -284953
4800 -284666
4900 -284462
5000 -284102
5100 -283682
5200 -283523
5300 -283380
5400 -283233
5500 -283088
5600 -282956
5700 -282759
5800 -282665
5900 -282499
6000 -282326
6100 -282314
6200 -282012
6300 -281911
6400 -281759
6500 -281569
6600 -281498
6700 -281300
6800 -281146
6900 -281082
7000 -280995
7100 -280856
7200 -280840
7300 -280780
7400 -280687
7500 -280547
7600 -280410
7700 -280325
7800 -280172
7900 -280029
8000 -279939
8100 -279935
8200 -279816
8300 -279703
8400 -279651
8500 -279568
8600 -279493
8700 -279323
8800 -279150
8900 -278989
9000 -278921
9100 -278807
9200 -278757
9300 -278674
9400 -278648
9500 -278553
9600 -278465
9700 -278412
9800 -278353
9900 -278222
10000 -278177
10100 -278128
10200 -278120
10300 -278096
10400 -278063
10500 -277998
10600 -277845
10700 -277827
10800 -277758
10900 -277758
11000 -277742
11100 -277664
11200 -277641
11300 -277570
11400 -277472
11500 -277381
11600 -277362
11700 -277285
11800 -277236
11900 -277236
12000 -277221
12100 -277129
12200 -277129
12300 -276998
12400 -276954
12500 -276882
12600 -276824
12700 -276737
12800 -276701
12900 -276701
13000 -276684
13100 -276643
13200 -276643
13300 -276503
13400 -276502
13500 -276484
13600 -276343
13700 -276310
13800 -276238
13900 -276238
