600 -467275
900 -464392
1200 -461926
1500 -459903
1800 -458247
2100 -456608
2400 -454727
2700 -453490
3000 -452037
3300 -450663
3600 -449626
3900 -448692
4200 -447766
4500 -446855
4800 -446139
5100 -445199
5400 -444409
5700 -443763
6000 -443168
6300 -442412
6600 -441685
6900 -441087
7200 -440731
7500 -440103
7800 -439626
8100 -439128
8400 -438688
8700 -438258
9000 -437951
9300 -437635
9600 -437085
9900 -436710
10200 -436178
10500 -435726
10800 -435446
11100 -434902
11400 -434607
11700 -434320
12000 -434001
12300 -433738
12600 -433428
12900 -433160
13200 -432966
13500 -432614
13800 -432393
14100 -432067
14400 -431893
14700 -431668
15000 -431489
15300 -431268
15600 -431073
15900 -430871
16200 -430627
16500 -430475
16800 -430216
17100 -430027
17400 -429854
17700 -429711
18000 -429544
18300 -429368
18600 -429198
18900 -429096
19200 -428914
19500 -428771
19800 -428673
20100 -428485
20400 -428293
20700 -428185
21000 -427998
21300 -427900
21600 -427738
21900 -427585
22200 -427490
22500 -427377
22800 -427238
23100 -427173
23400 -427064
23700 -426985
24000 -426949
24300 -426867
24600 -426774
24900 -426694
25200 -426617
25500 -426536
25800 -426409
26100 -426325
26400 -426132
26700 -426077
27000 -426000
27300 -425906
27600 -425824
27900 -425728
28200 -425682
28500 -425623
28800 -425519
29100 -425431
29400 -425309
29700 -425261
30000 -425180
30300 -425102
30600 -425027
30900 -424949
31200 -424865
31500 -424741
31800 -424646
32100 -424600
32400 -424541
32700 -424535
33000 -424440
33300 -424360
33600 -424248
33900 -424129
34200 -424093
34500 -424061
34800 -423967
35100 -423917
35400 -423850
35700 -423811
36000 -423767
36300 -423740
36600 -423702
36900 -423669
37200 -423627
37500 -423572
37800 -423502
38100 -423449
38400 -423420
38700 -423400
39000 -423275
39300 -423218
39600 -423167
39900 -423128
40200 -423106
40500 -423008
40800 -422985
41100 -422928
41400 -422914
41700 -422867
42000 -422848
42300 -422820
42600 -422771
42900 -422697
43200 -422681
43500 -422616
43800 -422547
44100 -422525
44400 -422492
44700 -422467
45000 -422428
45300 -422394
45600 -422339
45900 -422307
46200 -422272
46500 -422244
46800 -422216
47100 -422201
47400 -422153
