200 -357856
300 -355628
400 -353120
500 -351836
600 -349747
700 -347907
800 -345990
900 -344849
1000 -343318
1100 -342387
1200 -341189
1300 -339827
1400 -338869
1500 -338094
1600 -337364
1700 -336402
1800 -335784
1900 -335227
2000 -334371
2100 -333845
2200 -333111
2300 -331896
2400 -330724
2500 -330415
2600 -330059
2700 -329585
2800 -329150
2900 -328446
3000 -327845
3100 -327582
3200 -327204
3300 -326789
3400 -326395
3500 -326122
3600 -325965
3700 -325728
3800 -325583
3900 -325284
4000 -325094
4100 -325007
4200 -324852
4300 -324675
4400 -324347
4500 -324247
4600 -323951
4700 -323819
4800 -323416
4900 -323345
5000 -323107
5100 -322940
5200 -322720
5300 -322614
5400 -322337
5500 -322273
5600 -322100
5700 -321975
5800 -321859
5900 -321665
6000 -321644
6100 -321268
6200 -321155
6300 -321087
6400 -320942
6500 -320809
6600 -320742
6700 -320610
6800 -320527
6900 -320498
7000 -320432
7100 -320328
7200 -320178
7300 -320157
7400 -320140
7500 -319989
7600 -319889
7700 -319704
7800 -319617
7900 -319607
8000 -319506
8100 -319455
8200 -319389
8300 -319358
8400 -319258
8500 -319157
8600 -319067
8700 -318991
8800 -318942
8900 -318875
9000 -318831
9100 -318717
9200 -318655
9300 -318588
9400 -318535
9500 -318462
9600 -318406
9700 -318354
9800 -318354
9900 -318307
10000 -318296
10100 -318269
10200 -318085
10300 -318038
10400 -317966
10500 -317924
10600 -317807
10700 -317764
10800 -317681
10900 -317507
11000 -317428
11100 -317383
11200 -317277
11300 -317238
11400 -317208
11500 -317134
11600 -317015
11700 -317015
11800 -316975
11900 -316969
12000 -316927
12100 -316877
12200 -316802
12300 -316656
12400 -316587
12500 -316539
12600 -316438
12700 -316420
12800 -316368
12900 -316318
13000 -316247
13100 -316179
13200 -316178
13300 -316093
13400 -316091
13500 -316037
13600 -315960
13700 -315937
13800 -315886
13900 -315886
14000 -315836
14100 -315836
14200 -315836
14300 -315814
14400 -315796
14500 -315788
14600 -315771
14700 -315738
14800 -315702
14900 -315702
15000 -315692
15100 -315681
15200 -315551
15300 -315517
15400 -315461
15500 -315424
15600 -315393
15700 -315388
15800 -315370
15900 -315290
16000 -315229
16100 -315190
16200 -315122
16300 -315094
16400 -315068
16500 -314995
16600 -314935
16700 -314879
16800 -314800
16900 -314762
17000 -314754
17100 -314750
17200 -314750
17300 -314685
17400 -314666
17500 -314611
17600 -314577
17700 -314507
17800 -314507
17900 -314503
18000 -314478
18100 -314414
18200 -314414
18300 -314403
18400 -314356
18500 -314322
18600 -314322
18700 -314307
18800 -314305
18900 -314259
19000 -314245
19100 -314245
19200 -314192
19300 -314192
19400 -314148
19500 -314042
19600 -313937
19700 -313851
19800 -313797
19900 -313764
20000 -313683
20100 -313600
20200 -313600
20300 -313442
20400 -313406
20500 -313406
20600 -313373
20700 -313348
20800 -313348
20900 -313328
21000 -313279
21100 -313260
21200 -313230
21300 -313185
21400 -313185
21500 -313183
21600 -313171
21700 -313171
21800 -313170
21900 -313059
22000 -313059
22100 -313052
22200 -313029
22300 -313029
22400 -313028
22500 -312953
22600 -312881
22700 -312833
22800 -312833
22900 -312811
23000 -312811
23100 -312805
23200 -312768
23300 -312704
23400 -312638
23500 -312623
23600 -312601
23700 -312563
23800 -312563
23900 -312537
24000 -312495
24100 -312489
24200 -312489
24300 -312441
24400 -312441
24500 -312434
24600 -312434
24700 -312331
24800 -312295
24900 -312291
25000 -312279
25100 -312224
25200 -312224
25300 -312224
25400 -312204
25500 -312204
25600 -312204
25700 -312204
25800 -312197
25900 -312197
26000 -312157
26100 -312153
26200 -312146
26300 -312133
26400 -312131
26500 -312079
26600 -312079
26700 -312034
26800 -312021
26900 -312021
27000 -312007
27100 -312007
27200 -312004
27300 -312004
27400 -311947
27500 -311928
27600 -311888
27700 -311888
27800 -311888
27900 -311888
28000 -311851
28100 -311831
28200 -311815
28300 -311815
28400 -311812
28500 -311798
28600 -311798
28700 -311785
28800 -311760
28900 -311757
29000 -311757
29100 -311757
29200 -311722
29300 -311722
29400 -311669
29500 -311669
29600 -311647
29700 -311602
29800 -311577
29900 -311546
30000 -311520
30100 -311492
30200 -311414
30300 -311409
30400 -311409
30500 -311381
30600 -311370
30700 -311370
30800 -311370
30900 -311344
31000 -311317
31100 -311313
31200 -311280
31300 -311247
31400 -311238
31500 -311227
31600 -311227
31700 -311227
31800 -311227
31900 -311226
32000 -311226
32100 -311218
32200 -311175
32300 -311158
32400 -311134
32500 -311124
32600 -311116
32700 -311116
32800 -311060
32900 -311003
33000 -310968
33100 -310903
33200 -310896
33300 -310852
33400 -310845
33500 -310845
33600 -310838
33700 -310838
33800 -310830
33900 -310776
34000 -310773
34100 -310740
34200 -310720
34300 -310720
34400 -310704
34500 -310699
34600 -310693
34700 -310691
34800 -310662
34900 -310662
35000 -310631
35100 -310594
35200 -310557
35300 -310547
35400 -310542
35500 -310505
35600 -310494
35700 -310494
35800 -310494
35900 -310481
36000 -310473
36100 -310472
36200 -310427
36300 -310399
36400 -310374
36500 -310374
36600 -310344
36700 -310338
36800 -310315
36900 -310302
37000 -310251
37100 -310206
37200 -310166
37300 -310149
37400 -310115
37500 -310115
37600 -310082
37700 -310082
37800 -310082
37900 -310029
38000 -310027
38100 -310027
38200 -310007
38300 -309890
38400 -309890
38500 -309884
38600 -309855
38700 -309855
38800 -309855
38900 -309810
39000 -309810
39100 -309768
39200 -309768
39300 -309737
39400 -309737
39500 -309734
39600 -309724
39700 -309718
39800 -309718
39900 -309717
40000 -309702
40100 -309667
40200 -309635
40300 -309635
40400 -309622
40500 -309622
40600 -309622
40700 -309586
40800 -309586
40900 -309572
41000 -309572
41100 -309526
41200 -309526
41300 -309526
41400 -309526
41500 -309526
41600 -309458
41700 -309458
41800 -309458
41900 -309458
42000 -309458
42100 -309451
42200 -309440
42300 -309440
42400 -309440
42500 -309440
42600 -309404
42700 -309382
42800 -309382
42900 -309382
43000 -309382
43100 -309382
43200 -309373
43300 -309350
43400 -309350
43500 -309350
43600 -309350
43700 -309349
43800 -309339
43900 -309339
44000 -309336
44100 -309336
44200 -309296
44300 -309281
44400 -309281
44500 -309259
44600 -309256
44700 -309255
44800 -309255
44900 -309255
45000 -309228
45100 -309224
45200 -309224
45300 -309188
45400 -309175
45500 -309168
45600 -309159
45700 -309151
45800 -309116
45900 -309067
46000 -309067
46100 -309067
46200 -309067
46300 -309067
46400 -309067
46500 -309060
