600 -465152
900 -461835
1200 -459506
1500 -457479
1800 -455547
2100 -453975
2400 -452075
2700 -450756
3000 -449404
3300 -448414
3600 -447186
3900 -446073
4200 -445000
4500 -443940
4800 -442992
5100 -442165
5400 -441432
5700 -440814
6000 -440207
6300 -439481
6600 -438590
6900 -437869
7200 -437473
7500 -436891
7800 -436264
8100 -435704
8400 -435073
8700 -434668
9000 -434060
9300 -433616
9600 -433389
9900 -432859
10200 -432571
10500 -432255
10800 -431980
11100 -431661
11400 -431275
11700 -430951
12000 -430548
12300 -430342
12600 -430146
12900 -429895
13200 -429586
13500 -429295
13800 -429086
14100 -428882
14400 -428679
14700 -428471
15000 -428212
15300 -428082
15600 -427942
15900 -427730
16200 -427473
16500 -427311
16800 -427164
17100 -426985
17400 -426840
17700 -426740
18000 -426623
18300 -426524
18600 -426392
18900 -426238
19200 -426100
19500 -426004
19800 -425889
20100 -425796
20400 -425734
20700 -425570
21000 -425493
21300 -425406
21600 -425327
21900 -425222
22200 -425067
22500 -424945
22800 -424865
23100 -424804
23400 -424683
23700 -424611
24000 -424497
24300 -424396
24600 -424350
24900 -424233
25200 -424136
25500 -424024
25800 -423954
26100 -423895
26400 -423812
26700 -423780
27000 -423740
27300 -423613
27600 -423609
27900 -423564
28200 -423527
28500 -423450
28800 -423406
29100 -423257
29400 -423167
29700 -423115
30000 -423050
30300 -422913
30600 -422817
30900 -422715
31200 -422687
31500 -422618
31800 -422519
32100 -422417
32400 -422358
32700 -422303
33000 -422260
33300 -422161
