200 -360151
300 -355977
400 -353464
500 -351509
600 -349750
700 -347993
800 -346672
900 -345161
1000 -343858
1100 -342624
1200 -341278
1300 -339911
1400 -338911
1500 -337913
1600 -337122
1700 -336145
1800 -335370
1900 -334498
2000 -333616
2100 -333099
2200 -332328
2300 -331964
2400 -331513
2500 -331141
2600 -330688
2700 -330269
2800 -330047
2900 -329651
3000 -329180
3100 -328998
3200 -328405
3300 -328069
3400 -327697
3500 -327319
3600 -326639
3700 -326304
3800 -325956
3900 -325538
4000 -325151
4100 -324786
4200 -324401
4300 -324111
4400 -323628
4500 -323513
4600 -323358
4700 -323055
4800 -322592
4900 -322485
5000 -322295
5100 -322102
5200 -321904
5300 -321563
5400 -321345
5500 -321041
5600 -320847
5700 -320785
5800 -320670
5900 -320457
6000 -320125
6100 -319901
6200 -319700
6300 -319676
6400 -319377
6500 -319300
6600 -319031
6700 -318915
6800 -318689
6900 -318624
7000 -318386
7100 -318261
7200 -318222
7300 -318072
7400 -317891
7500 -317775
7600 -317597
7700 -317552
7800 -317458
7900 -317323
8000 -317295
8100 -317236
8200 -317083
8300 -317037
8400 -316954
8500 -316920
8600 -316839
8700 -316768
8800 -316719
8900 -316585
9000 -316428
9100 -316308
9200 -316197
9300 -316151
9400 -315996
9500 -315851
9600 -315780
9700 -315738
9800 -315661
9900 -315574
10000 -315488
10100 -315424
10200 -315372
10300 -315312
10400 -315253
10500 -315220
10600 -315192
10700 -315175
10800 -315073
10900 -314960
11000 -314912
11100 -314842
11200 -314767
11300 -314722
11400 -314689
11500 -314633
11600 -314629
11700 -314559
11800 -314540
11900 -314433
12000 -314412
12100 -314364
12200 -314352
12300 -314297
12400 -314218
12500 -314196
12600 -314085
12700 -314032
12800 -313914
12900 -313863
13000 -313797
13100 -313787
13200 -313729
13300 -313663
13400 -313517
13500 -313464
13600 -313413
13700 -313408
13800 -313397
13900 -313297
14000 -313267
14100 -313127
14200 -313104
14300 -313015
14400 -312890
14500 -312841
14600 -312757
14700 -312757
14800 -312741
14900 -312679
15000 -312596
15100 -312559
15200 -312559
15300 -312541
15400 -312447
15500 -312411
15600 -312337
15700 -312260
15800 -312170
15900 -312142
16000 -312007
16100 -311911
16200 -311823
16300 -311790
16400 -311734
16500 -311640
16600 -311610
16700 -311554
16800 -311521
16900 -311520
17000 -311427
17100 -311427
17200 -311427
17300 -311346
17400 -311311
17500 -311281
17600 -311168
17700 -311104
17800 -311060
17900 -310995
18000 -310957
18100 -310916
18200 -310902
18300 -310841
18400 -310820
18500 -310820
18600 -310790
18700 -310765
18800 -310754
18900 -310738
19000 -310731
19100 -310731
19200 -310680
19300 -310680
19400 -310669
19500 -310667
19600 -310602
19700 -310563
19800 -310528
19900 -310497
20000 -310497
20100 -310410
20200 -310352
20300 -310283
20400 -310109
20500 -310109
20600 -310045
20700 -310039
20800 -309970
20900 -309911
21000 -309892
21100 -309764
21200 -309754
21300 -309676
21400 -309657
21500 -309628
21600 -309536
21700 -309536
21800 -309530
21900 -309491
22000 -309489
22100 -309489
22200 -309466
22300 -309440
22400 -309440
22500 -309352
22600 -309317
22700 -309317
22800 -309307
22900 -309307
23000 -309290
23100 -309245
23200 -309179
23300 -309168
23400 -309133
23500 -309055
23600 -309020
23700 -308983
23800 -308970
23900 -308963
24000 -308963
24100 -308923
24200 -308905
24300 -308850
24400 -308850
24500 -308800
24600 -308756
24700 -308730
24800 -308730
24900 -308717
25000 -308673
25100 -308622
25200 -308583
25300 -308516
25400 -308491
25500 -308467
25600 -308436
25700 -308423
25800 -308365
25900 -308331
26000 -308330
26100 -308322
26200 -308316
26300 -308313
26400 -308250
26500 -308180
26600 -308180
26700 -308158
26800 -308153
26900 -308138
27000 -308106
27100 -308062
27200 -308062
27300 -308057
27400 -308043
27500 -308039
27600 -307996
27700 -307984
27800 -307984
27900 -307972
28000 -307911
28100 -307894
28200 -307861
28300 -307855
28400 -307814
28500 -307814
28600 -307763
28700 -307737
28800 -307722
28900 -307708
29000 -307690
29100 -307655
29200 -307610
29300 -307588
29400 -307587
29500 -307559
29600 -307551
29700 -307506
29800 -307494
29900 -307408
30000 -307408
30100 -307408
30200 -307389
30300 -307389
30400 -307389
30500 -307364
30600 -307335
30700 -307326
30800 -307326
30900 -307326
31000 -307326
31100 -307164
31200 -307134
31300 -307131
31400 -307131
31500 -307069
31600 -307053
31700 -307015
31800 -307015
31900 -307003
32000 -306957
32100 -306919
32200 -306855
32300 -306849
32400 -306848
32500 -306834
32600 -306782
32700 -306759
32800 -306741
32900 -306702
33000 -306702
33100 -306650
33200 -306635
33300 -306617
33400 -306616
33500 -306610
33600 -306550
33700 -306534
33800 -306533
33900 -306488
34000 -306412
34100 -306412
34200 -306412
34300 -306367
34400 -306367
34500 -306338
34600 -306327
34700 -306317
34800 -306262
34900 -306238
35000 -306238
35100 -306222
35200 -306204
35300 -306204
35400 -306186
35500 -306181
35600 -306181
35700 -306181
35800 -306181
35900 -306181
36000 -306164
36100 -306148
36200 -306122
36300 -306105
36400 -306105
36500 -306027
36600 -305985
36700 -305934
36800 -305921
36900 -305873
37000 -305864
37100 -305864
37200 -305846
37300 -305812
37400 -305811
37500 -305798
37600 -305784
37700 -305769
37800 -305669
37900 -305668
38000 -305646
38100 -305638
38200 -305638
38300 -305583
38400 -305580
38500 -305580
38600 -305580
