600 -463916
900 -461260
1200 -459007
1500 -457258
1800 -455626
2100 -454070
2400 -452847
2700 -451722
3000 -450447
3300 -449257
3600 -448221
3900 -447114
4200 -446122
4500 -445070
4800 -444217
5100 -443423
5400 -442701
5700 -442178
6000 -441517
6300 -440864
6600 -440228
6900 -439677
7200 -439071
7500 -438620
7800 -438200
8100 -437689
8400 -437287
8700 -436892
9000 -436505
9300 -436197
9600 -435807
9900 -435536
10200 -435130
10500 -434717
10800 -434441
11100 -434202
11400 -433854
11700 -433586
12000 -433464
12300 -433199
12600 -432830
12900 -432607
13200 -432421
13500 -432218
13800 -431906
14100 -431694
14400 -431602
14700 -431434
15000 -431196
15300 -431049
15600 -430882
15900 -430705
16200 -430548
16500 -430321
16800 -430156
17100 -429990
17400 -429773
17700 -429616
18000 -429375
18300 -429241
18600 -429121
18900 -429004
19200 -428839
19500 -428724
19800 -428617
20100 -428489
20400 -428384
20700 -428254
21000 -428145
21300 -428013
21600 -427885
21900 -427734
22200 -427602
22500 -427521
22800 -427336
