200 -384903
300 -382423
400 -379681
500 -377726
600 -376159
700 -374566
800 -373160
900 -371780
1000 -370852
1100 -369537
1200 -368491
1300 -367519
1400 -366801
1500 -366236
1600 -365518
1700 -364769
1800 -363960
1900 -363412
2000 -362808
2100 -362334
2200 -361659
2300 -361212
2400 -360837
2500 -360256
2600 -360083
2700 -359723
2800 -359439
2900 -359151
3000 -358743
3100 -358381
3200 -357876
3300 -357533
3400 -357171
3500 -356805
3600 -356250
3700 -355743
3800 -355432
3900 -355394
4000 -355241
4100 -354911
4200 -354670
4300 -354324
4400 -354246
4500 -354003
4600 -353780
4700 -353503
4800 -353303
4900 -353217
5000 -353112
5100 -352770
5200 -352609
5300 -352377
5400 -352267
5500 -352109
5600 -351997
5700 -351795
5800 -351567
5900 -351395
6000 -351166
6100 -350993
6200 -350862
6300 -350765
6400 -350655
6500 -350466
6600 -350322
6700 -350256
6800 -350104
6900 -350035
7000 -349930
7100 -349761
7200 -349760
7300 -349542
7400 -349380
7500 -349270
7600 -349251
7700 -349056
7800 -349011
7900 -348834
8000 -348675
8100 -348547
8200 -348447
8300 -348263
8400 -348069
8500 -347957
8600 -347865
8700 -347814
8800 -347670
8900 -347644
9000 -347452
9100 -347295
9200 -347240
9300 -347104
9400 -347025
9500 -346973
9600 -346832
9700 -346816
9800 -346811
9900 -346793
10000 -346748
10100 -346600
10200 -346508
10300 -346475
10400 -346419
10500 -346404
10600 -346289
10700 -346071
10800 -346049
10900 -345931
11000 -345836
11100 -345764
11200 -345711
11300 -345599
11400 -345467
11500 -345381
11600 -345334
11700 -345284
11800 -345123
11900 -345109
12000 -344934
12100 -344898
12200 -344805
12300 -344791
12400 -344756
12500 -344678
12600 -344631
12700 -344527
12800 -344491
12900 -344463
13000 -344291
13100 -344217
13200 -344157
13300 -344068
13400 -343978
13500 -343960
13600 -343922
13700 -343908
13800 -343893
13900 -343812
14000 -343690
14100 -343620
14200 -343574
14300 -343506
14400 -343490
14500 -343393
14600 -343331
14700 -343328
14800 -343300
14900 -343265
15000 -343206
15100 -343063
15200 -342980
15300 -342851
15400 -342770
15500 -342688
15600 -342604
15700 -342481
15800 -342416
15900 -342378
16000 -342327
16100 -342210
16200 -342171
16300 -342148
16400 -342122
16500 -342107
16600 -342073
16700 -342045
16800 -342040
16900 -342027
17000 -342004
17100 -342004
17200 -341940
17300 -341923
17400 -341886
17500 -341825
17600 -341782
17700 -341708
17800 -341650
17900 -341589
18000 -341522
18100 -341485
18200 -341421
18300 -341334
18400 -341331
18500 -341243
18600 -341228
18700 -341182
18800 -341056
18900 -340993
19000 -340981
19100 -340981
19200 -340945
19300 -340882
19400 -340882
19500 -340882
19600 -340873
19700 -340820
19800 -340786
19900 -340729
20000 -340720
20100 -340693
20200 -340693
20300 -340693
20400 -340686
20500 -340656
20600 -340586
20700 -340534
20800 -340512
20900 -340489
21000 -340467
21100 -340440
21200 -340408
21300 -340400
21400 -340382
21500 -340358
21600 -340339
21700 -340303
21800 -340190
21900 -340190
22000 -340156
22100 -340115
22200 -340086
22300 -340086
22400 -340039
22500 -340023
22600 -339946
22700 -339904
22800 -339861
22900 -339755
23000 -339732
23100 -339632
23200 -339620
23300 -339615
23400 -339574
23500 -339528
23600 -339501
23700 -339451
23800 -339425
23900 -339401
24000 -339383
24100 -339355
24200 -339349
24300 -339349
24400 -339348
24500 -339305
24600 -339227
24700 -339208
24800 -339201
24900 -339191
25000 -339189
25100 -339162
25200 -339162
25300 -339151
25400 -339078
25500 -339078
25600 -339058
25700 -339056
25800 -339054
25900 -339026
26000 -338934
26100 -338872
26200 -338869
26300 -338869
26400 -338777
26500 -338721
26600 -338702
26700 -338691
26800 -338662
26900 -338645
27000 -338609
27100 -338563
27200 -338540
27300 -338508
27400 -338496
27500 -338487
27600 -338386
27700 -338386
27800 -338386
27900 -338386
28000 -338344
28100 -338341
28200 -338315
28300 -338277
28400 -338265
28500 -338264
28600 -338240
28700 -338210
28800 -338160
28900 -338131
29000 -338108
29100 -338093
29200 -338000
29300 -337956
29400 -337940
29500 -337935
29600 -337934
29700 -337820
29800 -337820
29900 -337799
30000 -337782
30100 -337705
30200 -337705
30300 -337700
30400 -337700
30500 -337689
30600 -337647
30700 -337588
30800 -337538
30900 -337514
31000 -337487
31100 -337470
31200 -337470
31300 -337452
31400 -337451
31500 -337451
31600 -337437
31700 -337387
31800 -337379
31900 -337379
32000 -337379
32100 -337379
32200 -337296
32300 -337244
32400 -337244
32500 -337244
32600 -337237
32700 -337226
32800 -337226
32900 -337195
33000 -337159
33100 -337159
33200 -337157
33300 -337123
33400 -337074
33500 -337074
33600 -337074
33700 -337055
33800 -337011
33900 -337011
34000 -336959
34100 -336959
34200 -336946
34300 -336901
34400 -336899
34500 -336899
34600 -336899
34700 -336861
34800 -336861
34900 -336861
35000 -336861
35100 -336861
35200 -336861
35300 -336861
35400 -336851
35500 -336851
35600 -336841
35700 -336839
35800 -336839
35900 -336793
36000 -336771
36100 -336771
36200 -336771
36300 -336737
36400 -336703
36500 -336703
36600 -336703
36700 -336703
36800 -336703
36900 -336688
37000 -336688
37100 -336688
37200 -336688
37300 -336662
37400 -336650
37500 -336650
37600 -336645
37700 -336632
37800 -336632
37900 -336620
38000 -336612
38100 -336527
38200 -336500
38300 -336500
38400 -336500
38500 -336500
38600 -336469
38700 -336461
38800 -336461
38900 -336440
39000 -336440
39100 -336433
39200 -336428
39300 -336405
39400 -336393
39500 -336384
39600 -336361
39700 -336361
39800 -336341
39900 -336341
40000 -336341
40100 -336341
40200 -336340
40300 -336316
40400 -336281
40500 -336257
40600 -336234
40700 -336231
40800 -336231
40900 -336231
41000 -336231
41100 -336231
41200 -336213
41300 -336213
41400 -336169
41500 -336165
41600 -336165
41700 -336158
41800 -336158
41900 -336158
42000 -336122
42100 -336122
42200 -336122
42300 -336122
42400 -336122
42500 -336083
42600 -336081
42700 -336081
42800 -336055
42900 -336050
43000 -336050
43100 -336025
43200 -336025
43300 -336014
43400 -336010
43500 -336003
43600 -335936
43700 -335933
43800 -335933
43900 -335876
44000 -335852
44100 -335852
44200 -335852
44300 -335852
44400 -335833
44500 -335827
44600 -335827
44700 -335814
44800 -335802
44900 -335802
45000 -335768
45100 -335767
45200 -335767
45300 -335764
45400 -335761
45500 -335761
45600 -335761
45700 -335753
45800 -335753
45900 -335753
46000 -335753
46100 -335743
46200 -335743
46300 -335742
46400 -335691
46500 -335691
46600 -335684
46700 -335684
46800 -335669
46900 -335669
47000 -335645
47100 -335619
47200 -335619
47300 -335619
47400 -335619
47500 -335592
47600 -335591
47700 -335553
47800 -335553
47900 -335552
48000 -335552
48100 -335552
48200 -335552
48300 -335552
48400 -335533
48500 -335513
48600 -335513
48700 -335499
48800 -335495
48900 -335486
49000 -335464
49100 -335459
49200 -335456
49300 -335456
49400 -335447
49500 -335447
49600 -335447
49700 -335447
49800 -335434
49900 -335422
50000 -335422
50100 -335420
50200 -335405
50300 -335347
50400 -335347
50500 -335347
50600 -335337
50700 -335337
50800 -335327
50900 -335327
51000 -335327
51100 -335327
51200 -335311
51300 -335273
51400 -335273
51500 -335265
51600 -335257
51700 -335257
51800 -335257
51900 -335218
52000 -335218
52100 -335218
52200 -335218
52300 -335183
52400 -335183
52500 -335183
52600 -335183
52700 -335181
52800 -335181
52900 -335171
53000 -335171
53100 -335165
53200 -335117
53300 -335117
53400 -335099
53500 -335095
53600 -335078
53700 -335078
53800 -335078
53900 -335076
54000 -335074
54100 -335074
54200 -335046
54300 -335046
54400 -335046
54500 -335046
54600 -335042
54700 -335042
54800 -335042
54900 -335042
55000 -335042
55100 -335042
55200 -335042
55300 -335028
55400 -335028
55500 -335012
55600 -335012
55700 -334998
55800 -334994
55900 -334994
56000 -334994
56100 -334994
56200 -334994
56300 -334989
56400 -334989
56500 -334979
56600 -334979
56700 -334955
56800 -334955
56900 -334955
57000 -334952
57100 -334952
57200 -334952
57300 -334937
57400 -334937
57500 -334937
57600 -334896
57700 -334896
57800 -334896
57900 -334896
58000 -334896
58100 -334896
58200 -334876
58300 -334876
58400 -334876
58500 -334876
58600 -334876
58700 -334874
58800 -334874
58900 -334866
59000 -334866
59100 -334866
59200 -334866
59300 -334858
59400 -334858
59500 -334858
59600 -334858
59700 -334858
59800 -334845
59900 -334833
60000 -334821
60100 -334821
60200 -334819
60300 -334819
60400 -334819
60500 -334808
60600 -334808
60700 -334795
60800 -334795
60900 -334795
61000 -334789
61100 -334789
61200 -334789
61300 -334753
61400 -334725
61500 -334710
61600 -334664
61700 -334664
61800 -334664
61900 -334664
62000 -334664
62100 -334664
62200 -334664
62300 -334664
62400 -334626
62500 -334626
62600 -334626
62700 -334576
62800 -334555
62900 -334548
63000 -334508
63100 -334508
63200 -334504
63300 -334504
63400 -334504
63500 -334492
63600 -334487
63700 -334462
63800 -334462
63900 -334462
64000 -334462
64100 -334462
64200 -334410
64300 -334410
64400 -334410
64500 -334410
64600 -334392
64700 -334364
64800 -334364
64900 -334364
65000 -334362
65100 -334362
65200 -334362
65300 -334333
65400 -334333
65500 -334270
65600 -334270
65700 -334255
65800 -334255
65900 -334243
66000 -334243
66100 -334243
66200 -334226
66300 -334226
66400 -334226
66500 -334206
66600 -334206
66700 -334206
66800 -334199
66900 -334199
67000 -334199
67100 -334186
67200 -334161
67300 -334114
67400 -334114
67500 -334114
67600 -334101
67700 -334101
67800 -334101
67900 -334076
68000 -334076
68100 -334076
68200 -334076
68300 -334076
68400 -334076
68500 -334076
68600 -334076
68700 -334076
68800 -334076
68900 -334076
69000 -334002
69100 -334002
69200 -334002
69300 -334002
69400 -334002
69500 -333977
69600 -333954
69700 -333942
69800 -333942
69900 -333942
70000 -333942
70100 -333941
70200 -333941
70300 -333941
70400 -333923
70500 -333901
70600 -333880
70700 -333880
70800 -333880
70900 -333880
71000 -333880
71100 -333877
71200 -333877
71300 -333877
71400 -333877
71500 -333877
71600 -333877
71700 -333877
71800 -333877
71900 -333877
72000 -333877
72100 -333877
72200 -333877
72300 -333877
72400 -333877
72500 -333868
72600 -333868
72700 -333866
72800 -333866
72900 -333866
73000 -333866
73100 -333866
73200 -333866
73300 -333866
73400 -333854
73500 -333854
73600 -333854
73700 -333854
73800 -333847
73900 -333846
74000 -333846
74100 -333841
74200 -333841
74300 -333841
74400 -333841
74500 -333841
74600 -333841
74700 -333841
74800 -333841
74900 -333841
75000 -333841
75100 -333841
75200 -333840
75300 -333840
75400 -333840
75500 -333839
75600 -333839
75700 -333839
75800 -333839
75900 -333839
76000 -333839
76100 -333839
76200 -333839
76300 -333839
76400 -333839
76500 -333839
76600 -333836
76700 -333836
76800 -333836
76900 -333836
77000 -333836
77100 -333836
77200 -333834
77300 -333834
77400 -333833
77500 -333833
77600 -333833
77700 -333819
77800 -333819
77900 -333819
78000 -333819
78100 -333782
78200 -333778
78300 -333775
78400 -333773
78500 -333773
78600 -333753
78700 -333753
78800 -333753
78900 -333753
79000 -333751
79100 -333729
79200 -333710
79300 -333710
79400 -333710
79500 -333710
79600 -333710
79700 -333710
79800 -333710
79900 -333710
80000 -333686
80100 -333676
80200 -333676
80300 -333676
80400 -333676
80500 -333676
80600 -333676
80700 -333676
80800 -333676
80900 -333671
81000 -333671
81100 -333671
81200 -333671
81300 -333671
81400 -333671
81500 -333666
81600 -333666
81700 -333666
81800 -333666
81900 -333661
82000 -333661
82100 -333661
82200 -333661
82300 -333643
82400 -333643
82500 -333643
82600 -333643
82700 -333643
82800 -333643
82900 -333643
83000 -333643
83100 -333643
83200 -333643
83300 -333633
83400 -333626
83500 -333621
83600 -333577
83700 -333577
83800 -333572
83900 -333572
84000 -333572
84100 -333572
84200 -333572
84300 -333572
84400 -333553
84500 -333553
84600 -333553
84700 -333553
84800 -333553
84900 -333553
85000 -333546
85100 -333546
85200 -333546
85300 -333546
85400 -333546
85500 -333546
85600 -333546
85700 -333546
85800 -333546
85900 -333530
86000 -333481
86100 -333481
86200 -333479
86300 -333479
86400 -333479
86500 -333474
86600 -333474
86700 -333474
86800 -333474
86900 -333457
87000 -333457
87100 -333457
87200 -333457
87300 -333450
87400 -333450
87500 -333450
87600 -333450
87700 -333450
87800 -333450
87900 -333450
88000 -333450
88100 -333450
88200 -333438
88300 -333438
88400 -333438
88500 -333438
88600 -333438
88700 -333435
88800 -333433
88900 -333420
89000 -333418
89100 -333418
89200 -333418
89300 -333384
89400 -333364
89500 -333319
89600 -333296
89700 -333275
89800 -333275
89900 -333275
90000 -333275
90100 -333275
90200 -333275
90300 -333275
90400 -333275
90500 -333275
90600 -333275
90700 -333275
90800 -333275
90900 -333258
