600 -463963
900 -460821
1200 -458270
1500 -456293
1800 -454442
2100 -452660
2400 -450955
2700 -449640
3000 -448439
3300 -447375
3600 -446556
3900 -445646
4200 -444548
4500 -443805
4800 -443199
5100 -442230
5400 -441230
5700 -440480
6000 -439822
6300 -439119
6600 -438366
6900 -437678
7200 -437027
7500 -436486
7800 -436063
8100 -435531
8400 -434910
8700 -434468
9000 -434043
9300 -433534
9600 -433090
9900 -432744
10200 -432439
10500 -432251
10800 -431885
11100 -431547
11400 -431203
11700 -431012
12000 -430729
12300 -430512
12600 -430312
12900 -430036
13200 -429892
13500 -429759
13800 -429586
14100 -429442
14400 -429202
14700 -429036
15000 -428757
15300 -428488
15600 -428301
15900 -428089
16200 -427843
16500 -427636
16800 -427509
17100 -427318
17400 -427180
17700 -427100
18000 -426993
18300 -426885
18600 -426730
18900 -426625
19200 -426542
19500 -426374
19800 -426221
20100 -426120
20400 -426002
20700 -425816
21000 -425655
21300 -425586
21600 -425469
21900 -425380
22200 -425299
22500 -425167
22800 -425049
23100 -424916
23400 -424839
23700 -424762
24000 -424673
24300 -424613
24600 -424485
24900 -424415
25200 -424354
25500 -424288
25800 -424202
26100 -424076
26400 -424037
26700 -423909
27000 -423806
27300 -423746
27600 -423722
27900 -423657
28200 -423592
28500 -423487
28800 -423401
29100 -423347
29400 -423272
29700 -423177
30000 -423115
30300 -423045
30600 -423025
30900 -422978
31200 -422908
31500 -422848
31800 -422782
32100 -422670
32400 -422586
32700 -422519
33000 -422461
33300 -422384
33600 -422267
33900 -422188
34200 -422113
34500 -422055
34800 -421994
35100 -421908
35400 -421844
35700 -421787
36000 -421711
36300 -421670
36600 -421633
36900 -421593
37200 -421498
37500 -421409
37800 -421347
38100 -421332
38400 -421240
38700 -421184
39000 -421160
39300 -421073
39600 -421003
39900 -420951
40200 -420884
40500 -420862
40800 -420798
41100 -420760
41400 -420753
41700 -420713
42000 -420644
42300 -420604
42600 -420587
42900 -420539
43200 -420487
43500 -420473
43800 -420423
44100 -420377
44400 -420324
44700 -420278
45000 -420228
45300 -420164
45600 -420120
45900 -420056
46200 -420018
46500 -419971
46800 -419924
47100 -419871
47400 -419851
47700 -419801
48000 -419774
48300 -419752
48600 -419711
48900 -419674
49200 -419658
49500 -419639
49800 -419582
50100 -419546
50400 -419531
50700 -419491
51000 -419439
51300 -419413
51600 -419389
51900 -419369
52200 -419363
52500 -419340
52800 -419316
53100 -419286
53400 -419252
53700 -419223
54000 -419189
54300 -419118
54600 -419064
54900 -419034
55200 -418960
55500 -418896
55800 -418814
56100 -418772
