600 -464174
900 -461796
1200 -459447
1500 -457726
1800 -456097
2100 -454786
2400 -453386
2700 -452070
3000 -450554
3300 -449239
3600 -448096
3900 -447089
4200 -445923
4500 -444885
4800 -443874
5100 -442961
5400 -442185
5700 -441546
6000 -440774
6300 -439848
6600 -439155
6900 -438443
7200 -437933
7500 -437263
7800 -436724
8100 -436236
8400 -435683
8700 -435254
9000 -434971
9300 -434623
9600 -434315
9900 -433883
10200 -433427
10500 -432926
10800 -432614
11100 -432315
11400 -432096
11700 -431786
12000 -431591
12300 -431312
12600 -431094
12900 -430913
13200 -430755
13500 -430522
13800 -430311
14100 -430033
14400 -429842
14700 -429627
15000 -429432
15300 -429352
15600 -429193
15900 -429050
16200 -428808
16500 -428633
16800 -428471
17100 -428382
17400 -428211
17700 -428039
18000 -427890
18300 -427789
18600 -427672
18900 -427524
19200 -427280
19500 -427124
19800 -426919
20100 -426778
20400 -426686
20700 -426443
21000 -426339
21300 -426215
21600 -426057
21900 -425948
22200 -425801
22500 -425726
22800 -425616
23100 -425496
23400 -425351
23700 -425254
24000 -425148
24300 -425016
24600 -424962
24900 -424832
25200 -424716
25500 -424634
25800 -424561
26100 -424513
26400 -424442
26700 -424350
27000 -424288
27300 -424230
27600 -424149
27900 -424101
28200 -424063
28500 -424025
28800 -423928
29100 -423894
29400 -423814
29700 -423737
30000 -423657
30300 -423594
30600 -423532
30900 -423483
31200 -423368
31500 -423292
31800 -423224
32100 -423151
32400 -423051
32700 -422991
33000 -422963
33300 -422840
33600 -422756
33900 -422716
34200 -422669
34500 -422594
34800 -422526
35100 -422452
35400 -422384
35700 -422355
36000 -422326
36300 -422252
36600 -422195
36900 -422093
37200 -422018
37500 -421969
37800 -421969
38100 -421924
38400 -421854
38700 -421821
39000 -421788
39300 -421714
39600 -421671
39900 -421644
40200 -421554
40500 -421492
40800 -421457
41100 -421418
41400 -421406
41700 -421373
42000 -421346
42300 -421267
42600 -421216
42900 -421190
43200 -421135
43500 -421092
43800 -421025
