200 -360147
300 -356862
400 -353929
500 -350973
600 -348260
700 -346348
800 -344393
900 -343295
1000 -341451
1100 -340359
1200 -339514
1300 -338697
1400 -337818
1500 -337250
1600 -336432
1700 -335546
1800 -334748
1900 -334140
2000 -333679
2100 -333031
2200 -332461
2300 -332035
2400 -331562
2500 -330940
2600 -330631
2700 -330230
2800 -329636
2900 -329431
3000 -329074
3100 -328665
3200 -328540
3300 -328388
3400 -328176
3500 -327650
3600 -327275
3700 -326986
3800 -326604
3900 -326234
4000 -326129
4100 -325986
4200 -325876
4300 -325486
4400 -325273
4500 -325131
4600 -325005
4700 -324615
4800 -324239
4900 -324041
5000 -323735
5100 -323640
5200 -323504
5300 -323321
5400 -323017
5500 -322801
5600 -322645
5700 -322601
5800 -322181
5900 -321962
6000 -321876
6100 -321748
6200 -321562
6300 -321272
6400 -321152
6500 -320899
6600 -320695
6700 -320535
6800 -320333
6900 -320194
7000 -319957
7100 -319920
7200 -319866
7300 -319840
7400 -319711
7500 -319625
7600 -319505
7700 -319371
7800 -319331
7900 -319196
8000 -319157
8100 -319068
8200 -318936
8300 -318908
8400 -318767
8500 -318535
8600 -318496
8700 -318371
8800 -318232
8900 -318132
9000 -318089
9100 -318069
9200 -317908
9300 -317818
9400 -317707
9500 -317665
9600 -317557
9700 -317513
9800 -317507
9900 -317493
10000 -317435
10100 -317404
10200 -317324
10300 -317275
10400 -317247
10500 -317195
10600 -317195
10700 -317008
10800 -316972
10900 -316912
11000 -316855
11100 -316839
11200 -316778
11300 -316642
11400 -316509
11500 -316498
11600 -316483
11700 -316483
11800 -316376
11900 -316337
12000 -316326
12100 -316256
12200 -316171
12300 -316171
12400 -316151
12500 -316120
12600 -315958
12700 -315914
12800 -315822
12900 -315813
13000 -315779
13100 -315693
13200 -315677
13300 -315644
13400 -315638
13500 -315577
13600 -315577
13700 -315430
13800 -315331
13900 -315272
14000 -315117
14100 -315071
14200 -315046
14300 -315046
14400 -314947
14500 -314903
14600 -314848
14700 -314789
14800 -314764
14900 -314675
15000 -314674
15100 -314674
15200 -314650
15300 -314637
15400 -314539
15500 -314372
15600 -314350
15700 -314337
15800 -314337
15900 -314313
16000 -314251
16100 -314249
16200 -314237
16300 -314237
16400 -314188
16500 -314183
16600 -314160
16700 -314087
16800 -314065
16900 -314000
17000 -313942
17100 -313940
17200 -313916
17300 -313820
17400 -313756
17500 -313756
17600 -313739
17700 -313733
17800 -313700
17900 -313700
18000 -313605
18100 -313571
18200 -313510
18300 -313505
18400 -313492
18500 -313456
18600 -313456
18700 -313402
18800 -313386
18900 -313386
19000 -313360
19100 -313343
19200 -313301
19300 -313271
19400 -313158
19500 -313056
19600 -313044
19700 -313042
19800 -313003
19900 -312959
20000 -312904
20100 -312879
20200 -312827
20300 -312821
20400 -312740
20500 -312682
20600 -312669
20700 -312577
20800 -312533
20900 -312533
21000 -312496
21100 -312491
21200 -312491
21300 -312483
21400 -312472
21500 -312457
21600 -312429
21700 -312429
21800 -312420
21900 -312358
22000 -312296
22100 -312293
22200 -312293
22300 -312274
22400 -312274
22500 -312253
22600 -312251
22700 -312251
22800 -312226
22900 -312226
23000 -312206
23100 -312206
23200 -312206
23300 -312198
23400 -312198
23500 -312174
23600 -312173
23700 -312156
23800 -312156
23900 -312156
24000 -312119
24100 -312089
24200 -312040
24300 -312038
24400 -311949
24500 -311949
24600 -311883
24700 -311876
24800 -311874
24900 -311858
25000 -311825
25100 -311803
25200 -311803
25300 -311801
25400 -311749
25500 -311719
25600 -311700
25700 -311692
25800 -311689
25900 -311689
26000 -311677
26100 -311628
26200 -311628
26300 -311622
26400 -311622
26500 -311622
26600 -311588
26700 -311588
26800 -311508
26900 -311467
27000 -311466
27100 -311421
27200 -311367
27300 -311327
27400 -311262
27500 -311246
27600 -311242
27700 -311237
27800 -311234
27900 -311190
28000 -311168
28100 -311137
28200 -311079
28300 -311074
28400 -311053
28500 -311044
28600 -310987
28700 -310987
28800 -310987
28900 -310969
29000 -310965
29100 -310894
29200 -310889
29300 -310889
29400 -310889
29500 -310883
29600 -310838
29700 -310830
29800 -310788
29900 -310788
30000 -310788
30100 -310710
30200 -310696
30300 -310674
30400 -310672
30500 -310621
30600 -310616
30700 -310616
30800 -310616
30900 -310557
31000 -310555
31100 -310555
31200 -310555
31300 -310555
31400 -310521
31500 -310454
31600 -310445
31700 -310378
31800 -310361
31900 -310352
32000 -310352
32100 -310329
32200 -310309
32300 -310291
32400 -310206
32500 -310206
32600 -310206
32700 -310197
32800 -310195
32900 -310158
33000 -310087
33100 -310062
33200 -310062
33300 -310033
33400 -310033
33500 -309969
33600 -309937
33700 -309937
33800 -309936
33900 -309935
34000 -309919
34100 -309854
34200 -309843
34300 -309843
34400 -309823
34500 -309804
34600 -309771
34700 -309729
34800 -309729
34900 -309721
35000 -309721
35100 -309716
35200 -309716
35300 -309711
35400 -309711
35500 -309683
35600 -309668
35700 -309665
35800 -309665
35900 -309662
36000 -309662
36100 -309662
36200 -309628
36300 -309628
36400 -309611
36500 -309610
36600 -309610
36700 -309610
36800 -309594
36900 -309530
37000 -309516
37100 -309448
37200 -309430
37300 -309416
37400 -309385
37500 -309357
37600 -309357
37700 -309321
37800 -309311
37900 -309224
38000 -309212
38100 -309203
38200 -309200
38300 -309167
38400 -309132
38500 -309129
38600 -309113
38700 -309084
38800 -309066
38900 -309066
39000 -309066
39100 -309056
39200 -309040
39300 -308979
39400 -308979
39500 -308978
39600 -308978
39700 -308978
39800 -308955
39900 -308930
40000 -308897
40100 -308847
40200 -308843
40300 -308822
40400 -308785
40500 -308712
40600 -308676
40700 -308646
40800 -308569
40900 -308560
41000 -308560
41100 -308560
41200 -308537
41300 -308533
41400 -308532
41500 -308532
41600 -308517
41700 -308516
41800 -308511
41900 -308487
42000 -308458
42100 -308458
42200 -308458
42300 -308457
42400 -308438
42500 -308438
42600 -308438
42700 -308438
42800 -308408
42900 -308389
43000 -308389
43100 -308389
43200 -308389
43300 -308380
43400 -308371
43500 -308371
43600 -308361
43700 -308361
43800 -308347
43900 -308347
44000 -308347
44100 -308347
44200 -308346
44300 -308257
44400 -308246
