600 -472794
900 -470395
1200 -468069
1500 -466036
1800 -464067
2100 -462545
2400 -460942
2700 -459626
3000 -458371
3300 -457301
3600 -456105
3900 -455042
4200 -454102
4500 -453205
4800 -452151
5100 -451245
5400 -450580
5700 -449742
6000 -449202
6300 -448532
6600 -447896
6900 -447208
7200 -446774
7500 -446402
7800 -445713
8100 -445183
8400 -444789
8700 -444349
9000 -443973
9300 -443660
9600 -443152
9900 -442768
10200 -442461
10500 -442167
10800 -441923
11100 -441720
11400 -441338
11700 -441109
12000 -440720
12300 -440481
12600 -440096
12900 -439826
13200 -439592
13500 -439385
13800 -439208
14100 -439033
14400 -438819
14700 -438520
15000 -438272
15300 -438161
15600 -437995
15900 -437785
16200 -437674
16500 -437508
16800 -437317
17100 -437181
17400 -437037
17700 -436919
18000 -436783
18300 -436660
18600 -436529
18900 -436444
19200 -436362
19500 -436211
19800 -436078
20100 -435985
20400 -435883
20700 -435791
21000 -435642
21300 -435554
21600 -435359
21900 -435240
22200 -435179
22500 -435068
22800 -434939
23100 -434794
23400 -434720
23700 -434600
24000 -434532
24300 -434443
24600 -434392
24900 -434321
25200 -434252
25500 -434147
25800 -434088
26100 -433948
26400 -433858
26700 -433744
27000 -433675
27300 -433592
27600 -433543
27900 -433444
28200 -433342
28500 -433260
28800 -433245
29100 -433167
29400 -433092
29700 -432941
30000 -432888
30300 -432845
30600 -432768
30900 -432715
31200 -432614
31500 -432537
31800 -432485
32100 -432414
32400 -432358
32700 -432322
33000 -432251
33300 -432137
33600 -432098
33900 -432039
34200 -432022
34500 -431985
34800 -431941
35100 -431882
35400 -431864
35700 -431843
36000 -431802
36300 -431782
36600 -431742
36900 -431729
37200 -431682
37500 -431602
37800 -431520
38100 -431448
38400 -431351
38700 -431281
39000 -431240
39300 -431170
39600 -431142
39900 -431040
40200 -430986
40500 -430961
40800 -430927
41100 -430843
41400 -430819
41700 -430782
42000 -430760
42300 -430721
42600 -430649
42900 -430586
43200 -430564
43500 -430555
43800 -430512
44100 -430496
44400 -430459
44700 -430392
45000 -430368
45300 -430304
45600 -430265
45900 -430246
46200 -430197
46500 -430170
46800 -430144
47100 -430124
47400 -430100
47700 -430087
48000 -430018
48300 -429950
48600 -429930
48900 -429924
49200 -429877
49500 -429867
49800 -429845
50100 -429802
50400 -429763
50700 -429721
51000 -429699
51300 -429678
51600 -429661
51900 -429610
52200 -429559
52500 -429542
52800 -429520
53100 -429493
53400 -429469
53700 -429445
54000 -429403
54300 -429374
54600 -429346
54900 -429308
55200 -429261
55500 -429208
55800 -429166
56100 -429148
56400 -429107
56700 -429088
57000 -429045
57300 -429036
57600 -428997
57900 -428932
58200 -428897
58500 -428853
58800 -428833
59100 -428770
59400 -428713
59700 -428685
60000 -428657
60300 -428632
60600 -428611
60900 -428584
61200 -428550
61500 -428531
61800 -428515
62100 -428456
62400 -428417
62700 -428380
63000 -428354
63300 -428342
63600 -428328
63900 -428294
64200 -428246
64500 -428239
64800 -428147
65100 -428105
65400 -428082
65700 -428037
66000 -428005
66300 -427992
66600 -427981
66900 -427952
67200 -427936
67500 -427917
67800 -427873
68100 -427872
68400 -427870
68700 -427848
69000 -427833
69300 -427821
69600 -427771
69900 -427761
70200 -427735
70500 -427714
70800 -427694
71100 -427665
71400 -427630
71700 -427611
72000 -427578
72300 -427560
72600 -427524
72900 -427500
73200 -427489
73500 -427465
73800 -427450
74100 -427423
74400 -427393
74700 -427383
75000 -427355
75300 -427350
75600 -427310
75900 -427268
76200 -427229
76500 -427192
76800 -427181
77100 -427155
77400 -427154
77700 -427151
78000 -427136
78300 -427125
78600 -427085
78900 -427066
79200 -427065
79500 -427022
79800 -427008
80100 -426997
80400 -426963
80700 -426948
81000 -426916
81300 -426914
81600 -426881
81900 -426861
82200 -426861
82500 -426846
82800 -426840
83100 -426803
83400 -426796
83700 -426778
84000 -426778
84300 -426742
84600 -426714
84900 -426668
85200 -426654
85500 -426646
85800 -426624
86100 -426574
86400 -426549
86700 -426525
87000 -426524
87300 -426483
87600 -426462
87900 -426460
88200 -426450
88500 -426446
88800 -426436
89100 -426432
89400 -426402
89700 -426381
90000 -426335
90300 -426294
90600 -426282
90900 -426281
91200 -426276
91500 -426255
91800 -426227
92100 -426224
92400 -426217
92700 -426216
93000 -426209
93300 -426190
93600 -426172
93900 -426153
94200 -426116
94500 -426104
94800 -426091
95100 -426080
95400 -426045
95700 -426033
96000 -426033
96300 -426006
96600 -426006
96900 -425974
97200 -425964
97500 -425901
97800 -425900
98100 -425875
98400 -425868
98700 -425853
99000 -425848
99300 -425841
99600 -425822
99900 -425800
100200 -425793
100500 -425784
100800 -425758
101100 -425729
101400 -425709
101700 -425699
102000 -425681
102300 -425667
102600 -425629
102900 -425620
103200 -425607
103500 -425598
103800 -425553
104100 -425538
104400 -425530
104700 -425526
105000 -425517
105300 -425506
105600 -425502
105900 -425471
106200 -425456
106500 -425436
106800 -425431
107100 -425414
107400 -425403
107700 -425400
108000 -425378
108300 -425376
108600 -425376
108900 -425345
109200 -425322
109500 -425313
109800 -425294
110100 -425278
110400 -425274
110700 -425267
111000 -425220
111300 -425193
111600 -425162
111900 -425151
112200 -425148
112500 -425130
112800 -425118
113100 -425117
113400 -425113
113700 -425102
114000 -425093
114300 -425081
114600 -425064
114900 -425061
115200 -425033
115500 -425013
115800 -424997
116100 -424982
116400 -424972
116700 -424959
117000 -424959
117300 -424952
117600 -424951
117900 -424935
118200 -424932
118500 -424908
118800 -424895
119100 -424884
119400 -424870
119700 -424851
120000 -424823
120300 -424823
120600 -424798
120900 -424761
121200 -424743
121500 -424729
121800 -424705
122100 -424694
122400 -424686
122700 -424673
123000 -424664
123300 -424660
123600 -424654
123900 -424649
124200 -424649
124500 -424646
124800 -424629
125100 -424625
125400 -424622
125700 -424614
126000 -424608
126300 -424580
126600 -424571
126900 -424566
127200 -424557
127500 -424548
127800 -424541
128100 -424535
128400 -424524
128700 -424514
129000 -424513
129300 -424513
129600 -424509
129900 -424502
130200 -424488
130500 -424478
130800 -424455
131100 -424446
131400 -424422
131700 -424410
132000 -424387
132300 -424371
132600 -424354
132900 -424354
133200 -424353
133500 -424331
133800 -424330
134100 -424327
134400 -424310
134700 -424283
135000 -424278
135300 -424277
135600 -424267
135900 -424250
136200 -424244
136500 -424234
136800 -424227
137100 -424201
137400 -424188
137700 -424173
138000 -424165
138300 -424118
138600 -424079
138900 -424063
139200 -424052
139500 -424042
139800 -424035
140100 -424001
140400 -423999
140700 -423996
141000 -423995
141300 -423981
141600 -423973
141900 -423969
142200 -423969
142500 -423964
142800 -423951
143100 -423930
143400 -423925
143700 -423925
144000 -423904
144300 -423904
144600 -423889
144900 -423878
145200 -423861
145500 -423853
145800 -423847
146100 -423836
146400 -423833
146700 -423833
147000 -423776
147300 -423769
147600 -423742
147900 -423715
148200 -423715
148500 -423705
148800 -423696
149100 -423696
149400 -423696
149700 -423679
150000 -423679
150300 -423676
150600 -423658
150900 -423650
151200 -423643
151500 -423624
151800 -423619
152100 -423619
152400 -423612
152700 -423611
153000 -423600
153300 -423589
153600 -423584
153900 -423580
154200 -423578
154500 -423578
154800 -423574
155100 -423574
155400 -423570
155700 -423562
156000 -423556
156300 -423535
156600 -423521
156900 -423521
157200 -423516
157500 -423514
157800 -423513
158100 -423511
158400 -423508
158700 -423501
159000 -423501
159300 -423484
159600 -423484
159900 -423484
160200 -423474
160500 -423474
160800 -423460
161100 -423460
161400 -423460
161700 -423460
162000 -423458
162300 -423453
162600 -423451
162900 -423432
163200 -423418
163500 -423408
163800 -423399
164100 -423392
164400 -423384
164700 -423377
165000 -423377
165300 -423374
165600 -423368
165900 -423354
166200 -423352
166500 -423345
166800 -423329
167100 -423313
167400 -423304
167700 -423302
168000 -423295
168300 -423294
168600 -423294
168900 -423294
169200 -423277
169500 -423265
169800 -423264
170100 -423255
170400 -423241
170700 -423241
171000 -423239
171300 -423237
171600 -423216
171900 -423216
172200 -423216
172500 -423207
172800 -423198
173100 -423179
173400 -423152
173700 -423151
174000 -423146
174300 -423139
