200 -316973
300 -313010
400 -310678
500 -309069
600 -307352
700 -306011
800 -304387
900 -303358
1000 -301920
1100 -300812
1200 -299300
1300 -298209
1400 -297570
1500 -297009
1600 -296193
1700 -295300
1800 -294643
1900 -293521
2000 -293009
2100 -292677
2200 -292117
2300 -291683
2400 -291232
2500 -290751
2600 -290257
2700 -289831
2800 -289303
2900 -288924
3000 -288589
3100 -288384
3200 -288036
3300 -287776
3400 -287444
3500 -287226
3600 -286577
3700 -286421
3800 -286275
3900 -285915
4000 -285768
4100 -285491
4200 -285404
4300 -285198
4400 -284888
4500 -284611
4600 -284288
4700 -284084
4800 -283908
4900 -283574
5000 -283384
5100 -283153
5200 -282812
5300 -282692
5400 -282503
5500 -282273
5600 -282248
5700 -282135
5800 -282016
5900 -281841
6000 -281733
6100 -281638
6200 -281613
6300 -281373
6400 -281224
6500 -281220
6600 -281037
6700 -280824
6800 -280600
6900 -280599
7000 -280523
7100 -280284
7200 -280152
7300 -280032
7400 -279851
7500 -279696
7600 -279689
7700 -279514
7800 -279372
7900 -279219
8000 -279097
8100 -278988
