200 -381107
300 -378208
400 -375546
500 -373794
600 -371830
700 -369975
800 -368362
900 -366397
1000 -365286
1100 -364141
1200 -362886
1300 -362209
1400 -361504
1500 -360784
1600 -360128
1700 -359515
1800 -359099
1900 -358643
2000 -357900
2100 -357607
2200 -357118
2300 -356371
2400 -355836
2500 -355304
2600 -354873
2700 -354342
2800 -354052
2900 -353662
3000 -353432
3100 -353237
3200 -352784
3300 -352425
3400 -352282
3500 -351956
3600 -351715
3700 -351449
3800 -351128
3900 -350905
4000 -350799
4100 -350544
4200 -350377
4300 -350162
4400 -349899
4500 -349826
4600 -349558
4700 -349197
4800 -348997
4900 -348807
5000 -348631
5100 -348487
5200 -348077
5300 -347876
5400 -347746
5500 -347642
5600 -347312
5700 -347104
5800 -346935
5900 -346799
6000 -346549
6100 -346350
6200 -346256
6300 -345928
6400 -345620
6500 -345535
6600 -345363
6700 -345154
6800 -344937
6900 -344837
7000 -344700
7100 -344517
7200 -344446
7300 -344232
7400 -344044
7500 -343787
7600 -343702
7700 -343591
7800 -343566
7900 -343250
8000 -343061
8100 -342777
8200 -342659
8300 -342523
8400 -342400
8500 -342295
8600 -342191
8700 -342119
8800 -342023
8900 -341913
9000 -341905
9100 -341850
9200 -341643
9300 -341580
9400 -341440
9500 -341314
9600 -341313
9700 -341160
9800 -341118
9900 -341087
10000 -340948
10100 -340783
10200 -340701
10300 -340553
10400 -340429
10500 -340367
10600 -340311
10700 -340209
10800 -340070
10900 -339966
11000 -339803
11100 -339796
11200 -339684
11300 -339624
11400 -339554
11500 -339422
11600 -339286
11700 -339203
11800 -339203
11900 -339135
12000 -339113
12100 -339000
12200 -338899
12300 -338737
12400 -338684
12500 -338595
12600 -338586
12700 -338484
12800 -338432
12900 -338356
13000 -338165
13100 -338006
13200 -337877
13300 -337861
13400 -337824
13500 -337787
13600 -337655
13700 -337414
13800 -337337
13900 -337264
14000 -337258
14100 -337073
14200 -336984
14300 -336971
14400 -336925
14500 -336876
14600 -336845
14700 -336840
14800 -336823
14900 -336792
15000 -336729
15100 -336698
15200 -336608
15300 -336603
15400 -336531
15500 -336525
15600 -336489
15700 -336468
15800 -336449
15900 -336347
16000 -336213
16100 -336205
16200 -336118
16300 -336118
16400 -336034
16500 -335966
16600 -335909
16700 -335838
16800 -335720
16900 -335665
17000 -335653
17100 -335604
17200 -335523
17300 -335389
17400 -335312
17500 -335234
17600 -335116
17700 -335050
17800 -334996
17900 -334984
18000 -334943
18100 -334847
18200 -334825
18300 -334812
18400 -334750
18500 -334696
18600 -334659
18700 -334590
18800 -334511
18900 -334501
19000 -334436
19100 -334384
19200 -334337
19300 -334311
19400 -334228
19500 -334204
19600 -334204
19700 -334177
19800 -334143
19900 -334094
20000 -334086
20100 -333996
20200 -333937
20300 -333874
20400 -333837
20500 -333837
20600 -333837
20700 -333800
20800 -333800
20900 -333762
21000 -333749
21100 -333713
21200 -333676
21300 -333676
21400 -333634
21500 -333588
21600 -333571
21700 -333560
21800 -333500
21900 -333490
22000 -333461
22100 -333448
22200 -333448
22300 -333442
22400 -333431
22500 -333372
22600 -333369
22700 -333347
22800 -333336
22900 -333300
23000 -333300
23100 -333271
23200 -333232
23300 -333225
23400 -333211
23500 -333211
23600 -333095
23700 -333027
23800 -333015
23900 -332819
24000 -332772
24100 -332746
24200 -332698
24300 -332647
24400 -332561
24500 -332518
24600 -332518
24700 -332472
24800 -332370
24900 -332350
25000 -332229
25100 -332222
25200 -332203
25300 -332195
25400 -332175
25500 -332084
25600 -332044
25700 -332027
25800 -331954
25900 -331921
26000 -331871
26100 -331863
26200 -331853
26300 -331807
26400 -331806
26500 -331776
26600 -331763
26700 -331711
26800 -331675
26900 -331561
27000 -331511
27100 -331511
27200 -331511
27300 -331480
27400 -331474
27500 -331457
27600 -331432
27700 -331422
27800 -331422
27900 -331416
28000 -331416
28100 -331330
28200 -331235
28300 -331218
28400 -331214
28500 -331185
28600 -331171
28700 -331117
28800 -331065
28900 -331014
29000 -330987
29100 -330908
29200 -330835
29300 -330829
29400 -330770
29500 -330742
29600 -330697
29700 -330695
29800 -330695
29900 -330690
30000 -330690
30100 -330690
30200 -330667
30300 -330637
30400 -330637
30500 -330564
30600 -330564
30700 -330503
30800 -330476
30900 -330476
31000 -330476
31100 -330476
31200 -330471
31300 -330463
31400 -330426
31500 -330394
31600 -330376
31700 -330302
31800 -330244
31900 -330227
32000 -330224
32100 -330210
32200 -330169
32300 -330142
32400 -330135
32500 -330135
32600 -330122
32700 -329999
32800 -329999
32900 -329999
33000 -329999
33100 -329979
33200 -329962
33300 -329946
33400 -329911
33500 -329869
33600 -329840
33700 -329839
33800 -329805
33900 -329794
34000 -329757
34100 -329755
34200 -329679
34300 -329679
34400 -329679
34500 -329650
34600 -329650
34700 -329641
34800 -329611
34900 -329611
35000 -329611
35100 -329581
35200 -329576
35300 -329541
35400 -329485
35500 -329485
35600 -329453
35700 -329452
35800 -329433
35900 -329408
36000 -329357
36100 -329357
36200 -329326
36300 -329247
36400 -329237
36500 -329237
36600 -329193
36700 -329193
36800 -329193
36900 -329186
37000 -329177
37100 -329177
37200 -329173
37300 -329155
37400 -329152
37500 -329142
37600 -329105
37700 -329105
37800 -329096
37900 -329096
38000 -329066
38100 -329060
38200 -329055
38300 -329055
38400 -329051
38500 -329021
38600 -329021
38700 -329021
38800 -329008
38900 -329008
39000 -329004
39100 -328999
39200 -328999
39300 -328922
39400 -328922
39500 -328879
39600 -328855
39700 -328810
39800 -328810
39900 -328808
40000 -328808
40100 -328742
40200 -328730
40300 -328710
40400 -328710
40500 -328709
40600 -328709
40700 -328680
40800 -328680
40900 -328680
41000 -328632
41100 -328632
41200 -328600
41300 -328596
41400 -328588
41500 -328580
41600 -328580
41700 -328580
41800 -328580
41900 -328576
42000 -328571
42100 -328557
42200 -328542
42300 -328542
42400 -328525
42500 -328525
42600 -328520
42700 -328502
42800 -328502
42900 -328494
43000 -328494
43100 -328423
43200 -328411
43300 -328393
43400 -328393
43500 -328389
43600 -328389
43700 -328358
43800 -328355
43900 -328347
44000 -328315
44100 -328315
44200 -328274
44300 -328267
44400 -328263
44500 -328263
44600 -328245
44700 -328238
44800 -328226
44900 -328226
45000 -328194
45100 -328190
45200 -328173
45300 -328171
45400 -328171
45500 -328171
45600 -328171
45700 -328162
45800 -328143
45900 -328143
46000 -328143
46100 -328143
46200 -328143
46300 -328143
46400 -328143
46500 -328143
46600 -328143
46700 -328143
46800 -328143
46900 -328127
47000 -328096
47100 -328094
47200 -328081
47300 -328036
47400 -328020
47500 -328008
47600 -328008
47700 -328008
47800 -328008
47900 -328008
48000 -328008
48100 -327985
48200 -327985
48300 -327951
48400 -327951
48500 -327951
48600 -327951
48700 -327951
48800 -327951
48900 -327951
49000 -327951
49100 -327951
49200 -327937
49300 -327931
49400 -327931
49500 -327916
49600 -327916
49700 -327916
49800 -327912
49900 -327912
50000 -327880
50100 -327880
50200 -327864
50300 -327859
50400 -327852
50500 -327815
50600 -327809
50700 -327803
50800 -327792
50900 -327789
51000 -327773
51100 -327773
51200 -327773
51300 -327747
51400 -327747
51500 -327747
51600 -327728
51700 -327719
51800 -327719
51900 -327688
52000 -327688
52100 -327688
52200 -327645
52300 -327632
52400 -327632
52500 -327595
52600 -327595
52700 -327586
52800 -327563
52900 -327531
53000 -327531
53100 -327531
53200 -327531
53300 -327522
53400 -327485
53500 -327485
53600 -327483
53700 -327483
53800 -327483
53900 -327483
54000 -327483
54100 -327483
54200 -327481
54300 -327445
54400 -327445
54500 -327445
54600 -327445
54700 -327445
54800 -327445
54900 -327445
55000 -327421
55100 -327398
55200 -327391
55300 -327372
55400 -327372
55500 -327372
55600 -327372
55700 -327372
55800 -327372
55900 -327370
56000 -327370
56100 -327370
56200 -327370
56300 -327352
56400 -327328
56500 -327320
56600 -327307
56700 -327307
56800 -327288
56900 -327288
57000 -327288
57100 -327288
57200 -327288
57300 -327288
57400 -327280
57500 -327270
57600 -327270
57700 -327270
57800 -327270
57900 -327270
58000 -327235
58100 -327229
58200 -327224
58300 -327224
58400 -327224
58500 -327220
58600 -327215
58700 -327215
58800 -327198
58900 -327196
59000 -327194
59100 -327194
59200 -327194
59300 -327194
59400 -327179
59500 -327158
59600 -327158
59700 -327158
59800 -327157
59900 -327157
60000 -327137
60100 -327137
60200 -327137
60300 -327137
60400 -327137
60500 -327137
60600 -327133
60700 -327118
60800 -327118
60900 -327079
61000 -327076
61100 -327076
61200 -327076
61300 -327076
61400 -327076
61500 -327076
61600 -327076
61700 -327076
61800 -327076
61900 -327066
62000 -327066
62100 -327066
62200 -327066
62300 -327059
62400 -327059
62500 -327026
62600 -327026
62700 -327026
62800 -327022
62900 -327000
63000 -327000
63100 -327000
63200 -327000
63300 -327000
63400 -326942
63500 -326929
63600 -326929
63700 -326929
63800 -326929
63900 -326901
64000 -326901
64100 -326901
64200 -326901
64300 -326901
64400 -326891
64500 -326891
64600 -326878
64700 -326876
64800 -326866
64900 -326833
65000 -326833
65100 -326827
65200 -326827
65300 -326827
65400 -326817
65500 -326817
65600 -326810
65700 -326810
65800 -326805
65900 -326804
66000 -326781
66100 -326779
66200 -326779
66300 -326779
66400 -326779
66500 -326779
66600 -326779
66700 -326737
66800 -326736
66900 -326736
67000 -326729
67100 -326729
67200 -326729
67300 -326729
67400 -326729
67500 -326725
67600 -326725
67700 -326725
67800 -326725
67900 -326725
68000 -326725
68100 -326723
68200 -326722
68300 -326722
68400 -326722
68500 -326722
68600 -326722
68700 -326722
68800 -326722
68900 -326722
69000 -326709
69100 -326709
69200 -326709
69300 -326696
69400 -326689
69500 -326689
69600 -326671
69700 -326665
69800 -326665
69900 -326665
70000 -326665
70100 -326665
70200 -326665
70300 -326665
70400 -326656
70500 -326656
70600 -326637
70700 -326628
70800 -326595
70900 -326595
71000 -326595
71100 -326595
71200 -326595
71300 -326593
71400 -326579
71500 -326565
71600 -326530
71700 -326530
71800 -326530
71900 -326530
72000 -326530
72100 -326530
72200 -326530
72300 -326530
72400 -326530
72500 -326530
72600 -326511
72700 -326511
72800 -326494
72900 -326494
73000 -326487
73100 -326487
73200 -326473
73300 -326473
73400 -326458
73500 -326458
73600 -326458
73700 -326458
73800 -326458
73900 -326408
74000 -326401
74100 -326396
74200 -326391
74300 -326385
74400 -326380
74500 -326380
74600 -326380
74700 -326380
74800 -326380
74900 -326380
75000 -326371
75100 -326325
75200 -326269
75300 -326248
75400 -326248
75500 -326248
75600 -326248
75700 -326248
75800 -326248
75900 -326232
76000 -326219
76100 -326219
76200 -326219
76300 -326196
76400 -326196
76500 -326195
76600 -326195
76700 -326195
76800 -326182
76900 -326180
77000 -326176
77100 -326176
77200 -326161
77300 -326161
77400 -326161
77500 -326149
77600 -326149
77700 -326147
77800 -326147
77900 -326144
78000 -326144
78100 -326120
78200 -326120
78300 -326120
78400 -326120
78500 -326120
78600 -326120
78700 -326120
78800 -326120
78900 -326110
79000 -326110
79100 -326101
79200 -326091
79300 -326091
79400 -326062
79500 -326062
79600 -326062
79700 -326062
79800 -326062
79900 -326062
80000 -326045
80100 -326045
80200 -326027
80300 -326027
80400 -326027
80500 -326027
80600 -326027
80700 -326027
80800 -326025
80900 -326015
81000 -326015
81100 -326015
81200 -326015
81300 -326015
81400 -326015
81500 -326015
81600 -326015
81700 -326015
81800 -326015
81900 -326008
82000 -325989
82100 -325989
82200 -325989
82300 -325989
82400 -325989
82500 -325969
82600 -325969
82700 -325969
82800 -325969
82900 -325964
83000 -325964
83100 -325964
83200 -325964
83300 -325964
83400 -325964
83500 -325935
83600 -325919
83700 -325919
83800 -325919
83900 -325916
84000 -325911
84100 -325911
84200 -325904
84300 -325904
84400 -325904
84500 -325891
84600 -325870
84700 -325870
84800 -325855
84900 -325838
85000 -325838
85100 -325838
85200 -325836
85300 -325832
85400 -325832
85500 -325832
85600 -325832
85700 -325832
85800 -325815
85900 -325812
86000 -325812
86100 -325812
86200 -325812
86300 -325782
86400 -325782
86500 -325782
86600 -325782
86700 -325750
86800 -325736
86900 -325736
87000 -325722
87100 -325722
87200 -325722
87300 -325722
87400 -325711
87500 -325692
87600 -325667
87700 -325612
87800 -325600
87900 -325600
88000 -325600
88100 -325600
88200 -325582
88300 -325582
88400 -325582
88500 -325564
88600 -325564
88700 -325564
88800 -325564
88900 -325564
89000 -325545
89100 -325534
89200 -325534
89300 -325534
89400 -325525
89500 -325525
89600 -325525
89700 -325525
89800 -325525
89900 -325525
90000 -325515
90100 -325515
90200 -325515
90300 -325509
90400 -325509
90500 -325509
90600 -325495
90700 -325495
90800 -325495
90900 -325493
91000 -325440
91100 -325433
91200 -325433
91300 -325433
91400 -325431
91500 -325400
91600 -325400
91700 -325400
91800 -325400
91900 -325400
92000 -325400
92100 -325400
92200 -325400
92300 -325400
92400 -325400
92500 -325394
92600 -325392
92700 -325392
92800 -325392
92900 -325384
93000 -325368
93100 -325368
93200 -325368
93300 -325368
93400 -325368
93500 -325345
93600 -325345
93700 -325345
93800 -325333
93900 -325304
94000 -325302
94100 -325302
94200 -325272
94300 -325272
94400 -325272
94500 -325272
94600 -325272
94700 -325232
94800 -325232
94900 -325213
95000 -325210
95100 -325210
95200 -325210
95300 -325210
95400 -325210
95500 -325187
95600 -325187
95700 -325174
95800 -325174
95900 -325174
96000 -325174
96100 -325174
96200 -325174
96300 -325150
96400 -325150
96500 -325150
96600 -325150
96700 -325150
96800 -325130
96900 -325130
97000 -325130
97100 -325130
97200 -325128
97300 -325117
97400 -325117
97500 -325117
97600 -325110
97700 -325103
97800 -325103
97900 -325087
98000 -325087
98100 -325087
98200 -325087
98300 -325087
98400 -325050
98500 -325005
98600 -325005
98700 -325000
98800 -325000
98900 -325000
99000 -325000
99100 -325000
99200 -325000
99300 -325000
99400 -325000
99500 -325000
99600 -325000
99700 -324999
99800 -324999
99900 -324999
100000 -324999
100100 -324995
100200 -324993
100300 -324950
100400 -324943
100500 -324943
100600 -324943
100700 -324943
100800 -324943
100900 -324943
101000 -324935
101100 -324935
101200 -324935
101300 -324925
101400 -324916
101500 -324916
101600 -324910
101700 -324904
101800 -324903
101900 -324903
102000 -324903
102100 -324903
102200 -324893
102300 -324893
102400 -324883
102500 -324883
102600 -324883
102700 -324883
102800 -324861
102900 -324861
103000 -324843
103100 -324842
103200 -324842
103300 -324832
103400 -324832
103500 -324832
103600 -324812
103700 -324810
103800 -324806
103900 -324806
104000 -324806
104100 -324790
104200 -324782
104300 -324765
104400 -324762
104500 -324758
104600 -324758
104700 -324758
104800 -324758
104900 -324758
105000 -324743
105100 -324714
105200 -324714
105300 -324714
105400 -324714
105500 -324714
105600 -324688
105700 -324688
105800 -324643
105900 -324641
106000 -324638
106100 -324638
106200 -324638
106300 -324635
106400 -324608
106500 -324608
106600 -324608
106700 -324606
106800 -324606
106900 -324589
107000 -324589
107100 -324589
107200 -324589
107300 -324576
107400 -324576
107500 -324576
107600 -324567
107700 -324567
107800 -324567
107900 -324567
108000 -324545
108100 -324545
108200 -324501
108300 -324496
108400 -324496
108500 -324496
108600 -324472
108700 -324472
108800 -324472
108900 -324472
109000 -324470
109100 -324470
109200 -324420
109300 -324419
109400 -324414
109500 -324410
109600 -324403
109700 -324403
109800 -324403
109900 -324403
110000 -324403
110100 -324395
110200 -324395
110300 -324392
110400 -324392
110500 -324392
110600 -324390
110700 -324390
110800 -324390
110900 -324390
111000 -324390
111100 -324390
111200 -324390
111300 -324390
111400 -324390
111500 -324390
111600 -324390
111700 -324385
111800 -324385
111900 -324385
112000 -324385
112100 -324360
112200 -324346
112300 -324334
112400 -324330
112500 -324330
112600 -324330
112700 -324330
112800 -324330
112900 -324330
113000 -324308
113100 -324295
113200 -324295
113300 -324265
113400 -324265
113500 -324265
113600 -324265
113700 -324265
113800 -324249
113900 -324247
114000 -324247
114100 -324247
114200 -324247
114300 -324247
114400 -324232
114500 -324222
114600 -324216
114700 -324209
114800 -324209
114900 -324209
115000 -324190
115100 -324190
115200 -324190
115300 -324190
115400 -324190
115500 -324190
115600 -324190
115700 -324153
115800 -324153
115900 -324153
116000 -324153
116100 -324153
116200 -324132
116300 -324132
116400 -324129
116500 -324129
116600 -324113
116700 -324113
116800 -324113
116900 -324113
117000 -324113
117100 -324113
117200 -324113
117300 -324041
117400 -324026
117500 -324016
117600 -324016
117700 -324016
117800 -324016
117900 -323994
118000 -323994
118100 -323994
118200 -323994
118300 -323994
118400 -323994
118500 -323991
118600 -323991
118700 -323991
118800 -323991
118900 -323983
119000 -323983
119100 -323983
119200 -323983
119300 -323983
119400 -323983
119500 -323983
119600 -323983
119700 -323983
119800 -323983
119900 -323983
120000 -323983
120100 -323972
120200 -323972
120300 -323961
120400 -323930
120500 -323930
120600 -323930
120700 -323930
120800 -323930
120900 -323930
121000 -323930
121100 -323930
121200 -323914
121300 -323914
121400 -323914
121500 -323914
121600 -323914
121700 -323914
121800 -323908
121900 -323908
122000 -323908
122100 -323908
122200 -323908
122300 -323902
122400 -323902
122500 -323896
122600 -323896
