200 -300954
300 -297545
400 -294372
500 -292612
600 -290871
700 -289506
800 -288377
900 -287426
1000 -286482
1100 -285583
1200 -284432
1300 -283561
1400 -282754
1500 -282145
1600 -281063
1700 -280076
1800 -279641
1900 -279071
2000 -278531
2100 -278022
2200 -277445
2300 -277044
2400 -276679
2500 -276060
2600 -275611
2700 -275016
2800 -274486
2900 -274009
3000 -273278
3100 -272812
3200 -272356
3300 -271777
3400 -271132
3500 -270619
3600 -270184
3700 -269988
3800 -269707
3900 -269384
4000 -269106
4100 -268812
4200 -268527
4300 -268062
4400 -267708
4500 -267209
4600 -266921
4700 -266712
4800 -266354
4900 -266158
5000 -265774
5100 -265573
5200 -265282
5300 -264987
5400 -264801
5500 -264677
5600 -264444
5700 -264142
5800 -264090
5900 -263991
6000 -263852
6100 -263691
6200 -263478
6300 -263292
6400 -263183
6500 -263137
6600 -263028
6700 -262873
6800 -262689
6900 -262600
7000 -262485
7100 -262444
7200 -262173
7300 -262083
7400 -261885
7500 -261792
7600 -261720
7700 -261575
7800 -261429
7900 -261361
8000 -261322
8100 -261249
8200 -261063
8300 -260920
8400 -260786
8500 -260651
8600 -260592
8700 -260385
8800 -260293
8900 -260167
9000 -260034
9100 -259963
9200 -259874
9300 -259800
9400 -259754
9500 -259589
9600 -259498
9700 -259390
9800 -259318
9900 -259242
10000 -259100
10100 -258907
10200 -258875
10300 -258713
10400 -258691
10500 -258627
10600 -258536
10700 -258535
10800 -258500
10900 -258444
11000 -258362
11100 -258347
11200 -258319
11300 -258251
11400 -258165
11500 -258165
11600 -258130
11700 -258101
11800 -258042
11900 -258006
12000 -258006
12100 -257951
12200 -257932
12300 -257880
12400 -257871
12500 -257849
12600 -257815
12700 -257774
12800 -257735
12900 -257643
13000 -257605
13100 -257589
13200 -257499
13300 -257427
13400 -257401
13500 -257287
13600 -257281
13700 -257251
13800 -257209
13900 -257172
14000 -257059
14100 -257023
14200 -256996
14300 -256981
14400 -256933
14500 -256933
14600 -256862
14700 -256847
14800 -256811
14900 -256810
15000 -256798
15100 -256788
15200 -256786
15300 -256757
15400 -256690
15500 -256623
15600 -256589
15700 -256585
15800 -256581
15900 -256562
16000 -256538
16100 -256537
16200 -256519
16300 -256504
16400 -256466
16500 -256440
16600 -256397
16700 -256310
16800 -256310
16900 -256310
17000 -256245
17100 -256245
17200 -256229
17300 -256195
17400 -256162
17500 -256162
17600 -256104
17700 -256049
17800 -256019
17900 -256019
18000 -255994
18100 -255937
18200 -255937
18300 -255906
18400 -255874
18500 -255865
18600 -255865
18700 -255838
18800 -255756
18900 -255719
19000 -255697
19100 -255641
19200 -255579
19300 -255538
19400 -255528
19500 -255509
19600 -255473
19700 -255473
19800 -255473
19900 -255392
20000 -255386
20100 -255344
20200 -255257
20300 -255256
