200 -381815
300 -378457
400 -376127
500 -374218
600 -372125
700 -370490
800 -369186
900 -367944
1000 -366422
1100 -365397
1200 -364058
1300 -362942
1400 -361511
1500 -360783
1600 -359836
1700 -358886
1800 -358140
1900 -357530
2000 -357185
2100 -356795
2200 -356212
2300 -355736
2400 -355267
2500 -354889
2600 -354705
2700 -354418
2800 -354258
2900 -353881
3000 -353485
3100 -352976
3200 -352602
3300 -351988
3400 -351722
3500 -351421
3600 -351171
3700 -350714
3800 -350356
3900 -350068
4000 -349927
4100 -349787
4200 -349533
4300 -349289
4400 -349088
4500 -348825
4600 -348449
4700 -348099
4800 -347949
4900 -347667
5000 -347502
5100 -347092
5200 -346805
5300 -346546
5400 -346252
5500 -345921
5600 -345705
5700 -345566
5800 -345324
5900 -345028
6000 -344926
6100 -344635
6200 -344255
6300 -344075
6400 -343995
6500 -343716
6600 -343493
6700 -343364
6800 -343335
6900 -343111
7000 -343046
7100 -342929
7200 -342751
7300 -342425
7400 -342180
7500 -342045
7600 -341908
7700 -341891
7800 -341732
7900 -341689
8000 -341520
8100 -341288
8200 -341257
8300 -341172
8400 -341084
8500 -340997
8600 -340896
8700 -340710
8800 -340616
8900 -340448
9000 -340323
9100 -340264
9200 -340156
9300 -340079
9400 -340069
9500 -340050
9600 -339934
9700 -339771
9800 -339710
9900 -339627
10000 -339590
10100 -339579
10200 -339487
10300 -339416
10400 -339294
10500 -339208
10600 -339103
10700 -338981
10800 -338893
10900 -338846
11000 -338770
11100 -338747
11200 -338632
11300 -338557
11400 -338458
11500 -338353
11600 -338273
11700 -338213
11800 -338124
11900 -338108
12000 -338036
12100 -337898
12200 -337861
12300 -337775
12400 -337753
12500 -337643
12600 -337623
12700 -337576
12800 -337565
12900 -337546
13000 -337452
13100 -337399
13200 -337384
13300 -337354
13400 -337185
13500 -337155
13600 -337145
13700 -337109
13800 -337070
13900 -337067
14000 -337006
14100 -336976
14200 -336905
14300 -336904
14400 -336879
14500 -336785
14600 -336676
14700 -336656
14800 -336594
14900 -336496
15000 -336453
15100 -336429
15200 -336415
15300 -336293
15400 -336090
15500 -336090
15600 -336073
15700 -335953
15800 -335925
15900 -335908
16000 -335908
16100 -335898
16200 -335855
16300 -335855
16400 -335760
16500 -335709
16600 -335633
16700 -335619
16800 -335547
16900 -335512
17000 -335511
17100 -335417
17200 -335406
17300 -335390
17400 -335345
17500 -335330
17600 -335330
17700 -335234
17800 -335231
17900 -335224
18000 -335190
18100 -335179
18200 -335147
18300 -335147
18400 -335147
18500 -335119
18600 -335119
18700 -335119
18800 -335119
18900 -335119
19000 -335114
19100 -335051
19200 -334974
19300 -334953
19400 -334936
19500 -334933
19600 -334928
19700 -334902
19800 -334814
19900 -334751
20000 -334707
20100 -334652
20200 -334612
20300 -334610
20400 -334550
20500 -334502
20600 -334496
20700 -334438
20800 -334421
20900 -334392
21000 -334382
21100 -334342
21200 -334342
21300 -334306
21400 -334294
21500 -334212
21600 -334201
21700 -334192
21800 -334189
21900 -334151
22000 -334135
22100 -334115
22200 -334102
22300 -334057
22400 -334033
22500 -333995
22600 -333995
22700 -333924
22800 -333924
22900 -333871
23000 -333870
23100 -333835
23200 -333835
23300 -333829
23400 -333775
23500 -333775
23600 -333775
23700 -333775
23800 -333765
23900 -333762
24000 -333753
24100 -333737
24200 -333718
24300 -333665
24400 -333663
24500 -333663
24600 -333644
24700 -333639
24800 -333581
24900 -333580
25000 -333556
25100 -333463
25200 -333420
25300 -333420
25400 -333420
25500 -333392
25600 -333392
25700 -333392
25800 -333392
25900 -333392
26000 -333346
26100 -333332
26200 -333319
26300 -333318
26400 -333318
26500 -333293
26600 -333268
26700 -333248
26800 -333244
26900 -333196
27000 -333192
27100 -333169
27200 -333169
27300 -333167
27400 -333164
27500 -333156
27600 -333103
27700 -333103
27800 -333103
27900 -333093
28000 -333083
28100 -333083
28200 -333075
28300 -333048
28400 -333034
28500 -332958
28600 -332921
28700 -332904
28800 -332899
28900 -332898
29000 -332898
29100 -332898
29200 -332898
29300 -332898
29400 -332866
29500 -332866
29600 -332843
29700 -332843
29800 -332842
29900 -332842
30000 -332795
30100 -332766
30200 -332766
30300 -332688
30400 -332671
30500 -332671
30600 -332670
30700 -332654
30800 -332606
30900 -332603
31000 -332603
31100 -332592
31200 -332556
31300 -332556
31400 -332556
31500 -332552
31600 -332552
31700 -332552
31800 -332534
31900 -332501
32000 -332451
32100 -332415
32200 -332415
32300 -332415
32400 -332396
32500 -332388
32600 -332376
32700 -332376
32800 -332376
32900 -332376
33000 -332376
33100 -332348
33200 -332342
33300 -332319
33400 -332274
33500 -332274
33600 -332274
33700 -332274
33800 -332243
33900 -332243
34000 -332241
34100 -332234
34200 -332227
34300 -332217
34400 -332172
34500 -332167
34600 -332167
34700 -332167
34800 -332111
34900 -332111
35000 -332111
35100 -332107
35200 -332093
35300 -332069
35400 -332069
35500 -332044
35600 -332043
35700 -332043
35800 -332043
35900 -332039
36000 -332039
36100 -332023
36200 -332015
36300 -332010
36400 -331995
36500 -331995
36600 -331980
36700 -331966
36800 -331950
36900 -331950
37000 -331950
37100 -331948
37200 -331936
37300 -331919
37400 -331913
37500 -331913
37600 -331873
37700 -331849
37800 -331844
37900 -331830
38000 -331802
38100 -331785
38200 -331778
38300 -331760
38400 -331760
38500 -331749
38600 -331749
38700 -331707
38800 -331707
38900 -331707
39000 -331696
39100 -331696
39200 -331663
39300 -331644
39400 -331628
39500 -331628
39600 -331616
39700 -331616
39800 -331616
39900 -331616
40000 -331616
40100 -331616
40200 -331616
40300 -331616
40400 -331616
40500 -331596
40600 -331562
40700 -331554
40800 -331554
40900 -331554
41000 -331554
41100 -331542
41200 -331542
41300 -331542
41400 -331448
41500 -331448
41600 -331448
41700 -331448
41800 -331419
41900 -331366
42000 -331352
42100 -331304
42200 -331263
42300 -331243
42400 -331243
42500 -331243
42600 -331243
42700 -331233
42800 -331193
42900 -331193
43000 -331193
43100 -331193
43200 -331188
43300 -331173
43400 -331173
43500 -331173
43600 -331173
43700 -331173
43800 -331123
43900 -331116
44000 -331106
44100 -331106
44200 -331106
44300 -331099
44400 -331099
44500 -331099
44600 -331098
44700 -331083
44800 -331052
44900 -331052
45000 -331052
45100 -331051
45200 -331051
45300 -331051
45400 -331051
45500 -331051
45600 -331051
45700 -331051
45800 -331047
45900 -331046
46000 -331046
46100 -331046
46200 -331046
46300 -331030
46400 -331002
46500 -331002
46600 -330985
46700 -330985
46800 -330985
46900 -330976
47000 -330974
47100 -330917
47200 -330911
47300 -330908
47400 -330881
47500 -330881
47600 -330872
47700 -330872
47800 -330869
47900 -330869
48000 -330861
48100 -330846
48200 -330846
48300 -330846
48400 -330827
48500 -330827
48600 -330827
48700 -330811
48800 -330811
48900 -330811
49000 -330805
49100 -330784
49200 -330784
49300 -330756
49400 -330756
49500 -330755
49600 -330753
49700 -330696
49800 -330696
49900 -330696
50000 -330696
50100 -330692
50200 -330677
50300 -330677
50400 -330677
50500 -330670
50600 -330670
50700 -330667
50800 -330658
50900 -330658
51000 -330658
51100 -330658
51200 -330658
51300 -330638
51400 -330626
51500 -330590
51600 -330590
51700 -330537
51800 -330530
51900 -330502
52000 -330502
52100 -330474
52200 -330466
52300 -330466
52400 -330466
52500 -330462
52600 -330462
52700 -330442
52800 -330420
52900 -330383
53000 -330383
53100 -330383
53200 -330383
53300 -330383
53400 -330383
53500 -330383
53600 -330379
53700 -330379
53800 -330379
53900 -330360
54000 -330353
54100 -330339
54200 -330339
54300 -330339
54400 -330339
54500 -330339
54600 -330339
54700 -330316
54800 -330316
54900 -330316
55000 -330316
55100 -330304
55200 -330304
55300 -330304
55400 -330304
55500 -330269
55600 -330269
55700 -330269
55800 -330264
55900 -330264
56000 -330264
56100 -330264
56200 -330249
56300 -330249
56400 -330249
56500 -330248
56600 -330221
56700 -330221
56800 -330175
56900 -330175
57000 -330166
57100 -330166
57200 -330152
57300 -330152
57400 -330102
57500 -330083
57600 -330050
57700 -330050
57800 -330050
57900 -330050
58000 -330050
58100 -330029
58200 -330029
58300 -330009
58400 -330009
58500 -330009
58600 -329984
58700 -329969
58800 -329969
58900 -329942
59000 -329932
59100 -329884
59200 -329872
59300 -329862
59400 -329861
59500 -329845
59600 -329845
59700 -329840
59800 -329793
59900 -329771
60000 -329760
60100 -329717
60200 -329717
60300 -329681
60400 -329662
60500 -329662
60600 -329662
60700 -329662
60800 -329662
60900 -329662
61000 -329651
61100 -329651
61200 -329651
61300 -329651
61400 -329651
61500 -329651
61600 -329638
61700 -329638
61800 -329638
61900 -329638
62000 -329638
62100 -329638
62200 -329638
62300 -329615
62400 -329614
62500 -329614
62600 -329614
62700 -329614
62800 -329614
62900 -329614
63000 -329614
63100 -329606
63200 -329598
63300 -329561
63400 -329534
63500 -329531
63600 -329522
63700 -329522
63800 -329522
63900 -329522
64000 -329504
64100 -329473
64200 -329473
64300 -329439
64400 -329424
64500 -329419
64600 -329418
64700 -329405
64800 -329405
64900 -329403
65000 -329403
65100 -329403
65200 -329398
65300 -329398
65400 -329393
65500 -329393
65600 -329335
65700 -329312
65800 -329312
65900 -329312
66000 -329312
66100 -329312
66200 -329298
66300 -329298
66400 -329250
66500 -329250
66600 -329247
66700 -329247
66800 -329247
66900 -329247
67000 -329245
67100 -329245
67200 -329245
67300 -329222
67400 -329222
67500 -329222
67600 -329214
67700 -329214
67800 -329135
67900 -329131
68000 -329119
68100 -329111
68200 -329111
68300 -329111
68400 -329100
68500 -329100
68600 -329100
68700 -329100
68800 -329100
68900 -329039
69000 -329039
69100 -329029
69200 -329029
69300 -329029
69400 -329029
69500 -329029
69600 -329029
69700 -329029
69800 -329029
69900 -329004
70000 -329004
70100 -329004
70200 -329004
70300 -329004
70400 -329004
70500 -328993
70600 -328993
70700 -328993
70800 -328993
70900 -328993
71000 -328993
71100 -328993
71200 -328993
71300 -328993
71400 -328993
71500 -328993
71600 -328990
71700 -328972
71800 -328972
71900 -328958
72000 -328958
72100 -328958
72200 -328958
72300 -328958
72400 -328957
72500 -328957
72600 -328957
72700 -328951
72800 -328951
72900 -328914
73000 -328914
73100 -328914
73200 -328914
73300 -328914
73400 -328914
73500 -328900
73600 -328886
73700 -328886
73800 -328886
73900 -328886
74000 -328886
74100 -328886
74200 -328866
74300 -328866
74400 -328866
74500 -328860
74600 -328856
74700 -328856
74800 -328850
74900 -328850
75000 -328843
75100 -328840
75200 -328840
75300 -328840
75400 -328840
75500 -328832
75600 -328832
75700 -328832
75800 -328826
75900 -328826
76000 -328822
76100 -328822
76200 -328822
76300 -328822
76400 -328814
76500 -328810
76600 -328810
76700 -328780
76800 -328780
76900 -328780
77000 -328780
77100 -328780
77200 -328780
77300 -328775
77400 -328775
77500 -328775
77600 -328775
77700 -328775
77800 -328775
77900 -328775
78000 -328775
78100 -328774
78200 -328774
78300 -328719
78400 -328719
78500 -328719
78600 -328706
78700 -328696
78800 -328696
78900 -328696
79000 -328696
79100 -328696
79200 -328679
79300 -328679
79400 -328650
79500 -328650
79600 -328638
79700 -328638
79800 -328638
79900 -328638
80000 -328638
80100 -328638
80200 -328638
80300 -328638
80400 -328638
80500 -328615
80600 -328610
80700 -328601
80800 -328601
80900 -328589
81000 -328571
81100 -328571
81200 -328570
81300 -328570
81400 -328570
81500 -328570
81600 -328568
81700 -328568
81800 -328568
81900 -328566
82000 -328560
82100 -328560
82200 -328560
82300 -328529
82400 -328529
82500 -328514
82600 -328501
82700 -328501
82800 -328501
82900 -328456
83000 -328456
83100 -328456
83200 -328442
83300 -328392
83400 -328382
83500 -328382
83600 -328382
83700 -328369
83800 -328369
83900 -328369
84000 -328369
84100 -328359
84200 -328359
84300 -328335
84400 -328332
84500 -328332
84600 -328311
84700 -328311
84800 -328286
84900 -328268
85000 -328268
85100 -328268
85200 -328268
85300 -328268
85400 -328268
85500 -328256
85600 -328256
85700 -328244
85800 -328234
85900 -328234
86000 -328234
86100 -328198
86200 -328197
86300 -328189
86400 -328189
86500 -328189
86600 -328189
86700 -328178
86800 -328178
86900 -328178
87000 -328161
87100 -328161
87200 -328161
87300 -328161
87400 -328161
87500 -328141
87600 -328141
87700 -328141
87800 -328141
87900 -328141
88000 -328141
88100 -328141
88200 -328141
88300 -328141
88400 -328127
88500 -328127
88600 -328127
88700 -328127
88800 -328127
88900 -328127
89000 -328126
89100 -328126
89200 -328126
89300 -328091
89400 -328066
89500 -328061
89600 -328061
89700 -328047
89800 -328043
89900 -328036
90000 -328036
90100 -328036
90200 -328030
90300 -328030
90400 -328030
90500 -328030
90600 -328030
90700 -328030
90800 -328030
90900 -328030
91000 -328014
91100 -328012
91200 -328012
91300 -328011
91400 -328001
91500 -328001
91600 -328001
91700 -328001
91800 -328001
91900 -328001
92000 -328001
92100 -328001
92200 -328001
92300 -328001
92400 -327966
92500 -327966
92600 -327956
92700 -327956
92800 -327956
92900 -327914
93000 -327891
93100 -327891
93200 -327891
93300 -327891
93400 -327886
93500 -327886
93600 -327886
93700 -327886
93800 -327886
93900 -327875
94000 -327875
94100 -327875
94200 -327875
94300 -327875
94400 -327875
94500 -327813
94600 -327813
94700 -327813
94800 -327813
94900 -327811
95000 -327806
95100 -327806
95200 -327806
95300 -327806
95400 -327795
95500 -327773
95600 -327715
95700 -327715
95800 -327715
95900 -327715
96000 -327715
96100 -327715
96200 -327710
96300 -327710
96400 -327710
96500 -327710
96600 -327689
96700 -327685
96800 -327669
96900 -327669
97000 -327669
97100 -327661
97200 -327661
97300 -327661
97400 -327661
97500 -327661
97600 -327661
97700 -327661
97800 -327656
97900 -327656
98000 -327656
98100 -327656
98200 -327656
98300 -327655
98400 -327655
98500 -327655
98600 -327655
98700 -327655
98800 -327653
98900 -327633
99000 -327606
99100 -327606
99200 -327581
99300 -327581
99400 -327581
99500 -327580
99600 -327580
99700 -327580
99800 -327580
99900 -327580
100000 -327580
100100 -327580
100200 -327543
100300 -327543
100400 -327543
100500 -327530
100600 -327530
100700 -327520
100800 -327520
100900 -327520
101000 -327520
101100 -327520
101200 -327520
101300 -327520
101400 -327520
101500 -327519
101600 -327519
101700 -327494
101800 -327489
101900 -327489
102000 -327473
102100 -327473
102200 -327473
102300 -327473
102400 -327473
102500 -327473
102600 -327473
102700 -327473
102800 -327473
102900 -327446
103000 -327410
103100 -327404
103200 -327404
103300 -327388
103400 -327388
103500 -327388
103600 -327388
103700 -327388
103800 -327388
103900 -327388
104000 -327388
104100 -327388
104200 -327388
104300 -327363
104400 -327363
104500 -327363
104600 -327363
104700 -327361
104800 -327361
104900 -327361
105000 -327361
105100 -327361
105200 -327348
105300 -327348
105400 -327348
105500 -327348
105600 -327348
105700 -327348
105800 -327348
105900 -327348
106000 -327331
106100 -327314
106200 -327314
106300 -327314
106400 -327314
106500 -327314
106600 -327302
106700 -327302
106800 -327302
106900 -327302
107000 -327302
107100 -327302
107200 -327295
107300 -327295
107400 -327295
107500 -327295
107600 -327295
107700 -327295
107800 -327295
107900 -327241
108000 -327241
108100 -327241
108200 -327239
108300 -327239
108400 -327239
108500 -327239
108600 -327239
108700 -327239
108800 -327239
108900 -327239
109000 -327239
109100 -327226
109200 -327206
109300 -327201
109400 -327201
109500 -327190
109600 -327189
109700 -327189
109800 -327189
109900 -327189
110000 -327189
110100 -327178
110200 -327178
110300 -327178
