200 -327450
300 -324025
400 -321421
500 -318876
600 -316588
700 -315358
800 -313966
900 -312569
1000 -311715
1100 -310569
1200 -309809
1300 -308513
1400 -307540
1500 -306366
1600 -305574
1700 -305179
1800 -304519
1900 -304034
2000 -303314
2100 -302624
2200 -302189
2300 -301921
2400 -301492
2500 -300781
2600 -300230
2700 -299636
2800 -299028
2900 -298243
3000 -298041
3100 -297368
3200 -296958
3300 -296415
3400 -296140
3500 -295789
3600 -295510
3700 -295279
3800 -294865
3900 -294650
4000 -294304
4100 -294054
4200 -293866
4300 -293752
4400 -293505
4500 -293138
4600 -292927
4700 -292588
4800 -292566
4900 -292372
5000 -292119
5100 -292044
5200 -291855
5300 -291713
5400 -291575
5500 -291457
5600 -291045
5700 -290972
5800 -290828
5900 -290613
6000 -290354
6100 -290171
6200 -290118
6300 -290078
6400 -289960
6500 -289780
6600 -289552
6700 -289317
6800 -289237
6900 -289080
7000 -288997
7100 -288843
7200 -288674
7300 -288622
7400 -288378
7500 -288345
7600 -288211
7700 -288010
7800 -287943
7900 -287882
8000 -287731
8100 -287615
8200 -287612
8300 -287612
8400 -287485
8500 -287222
8600 -287129
8700 -287074
8800 -286947
8900 -286895
9000 -286755
9100 -286664
9200 -286606
9300 -286579
9400 -286544
9500 -286441
9600 -286241
9700 -286187
9800 -286123
9900 -286039
10000 -285906
10100 -285906
10200 -285876
10300 -285839
10400 -285756
10500 -285674
10600 -285662
10700 -285604
10800 -285570
10900 -285534
11000 -285502
11100 -285396
11200 -285391
11300 -285320
11400 -285314
11500 -285312
11600 -285234
11700 -285214
11800 -285131
11900 -284943
12000 -284899
12100 -284800
12200 -284703
12300 -284686
12400 -284595
12500 -284472
12600 -284336
12700 -284268
12800 -284266
12900 -284233
13000 -284191
13100 -284174
13200 -284172
13300 -284155
13400 -284087
13500 -284026
13600 -283918
13700 -283887
13800 -283880
13900 -283827
14000 -283827
14100 -283809
14200 -283778
14300 -283743
14400 -283743
14500 -283701
14600 -283682
14700 -283615
14800 -283585
14900 -283556
15000 -283541
15100 -283541
15200 -283522
15300 -283480
15400 -283459
15500 -283408
15600 -283405
15700 -283404
15800 -283374
15900 -283269
16000 -283269
16100 -283126
16200 -283024
16300 -282979
16400 -282960
16500 -282905
16600 -282824
16700 -282728
16800 -282728
16900 -282670
17000 -282660
17100 -282619
17200 -282606
17300 -282558
17400 -282457
17500 -282436
17600 -282415
17700 -282415
17800 -282357
17900 -282345
18000 -282303
18100 -282303
18200 -282290
18300 -282260
18400 -282230
18500 -282161
18600 -282083
18700 -282083
18800 -282031
18900 -282008
19000 -281990
19100 -281966
19200 -281887
19300 -281887
19400 -281881
19500 -281843
19600 -281813
19700 -281724
19800 -281699
19900 -281641
20000 -281640
20100 -281595
20200 -281554
20300 -281481
20400 -281395
20500 -281373
20600 -281351
20700 -281329
20800 -281329
20900 -281329
21000 -281253
21100 -281251
21200 -281251
21300 -281236
21400 -281150
21500 -281150
21600 -281128
21700 -281087
21800 -281065
21900 -281022
22000 -280997
22100 -280968
22200 -280931
22300 -280931
22400 -280930
22500 -280866
22600 -280839
22700 -280833
22800 -280814
22900 -280793
23000 -280747
23100 -280703
23200 -280662
23300 -280601
23400 -280599
23500 -280557
23600 -280552
23700 -280550
23800 -280514
23900 -280458
24000 -280422
24100 -280389
24200 -280356
24300 -280324
24400 -280324
24500 -280262
24600 -280195
24700 -280195
24800 -280135
24900 -280135
25000 -280097
25100 -279962
25200 -279962
25300 -279891
25400 -279868
25500 -279868
25600 -279868
25700 -279828
25800 -279828
25900 -279828
26000 -279773
26100 -279768
26200 -279740
26300 -279740
26400 -279717
26500 -279637
26600 -279630
26700 -279608
26800 -279568
26900 -279531
27000 -279492
27100 -279452
27200 -279413
27300 -279413
27400 -279413
27500 -279364
27600 -279362
27700 -279256
27800 -279247
27900 -279233
28000 -279212
28100 -279212
28200 -279193
28300 -279192
28400 -279158
28500 -279073
28600 -279073
28700 -279073
28800 -279028
28900 -278998
29000 -278961
29100 -278953
29200 -278920
29300 -278920
29400 -278920
29500 -278902
29600 -278871
29700 -278839
29800 -278834
29900 -278834
30000 -278834
30100 -278832
30200 -278832
30300 -278832
30400 -278827
30500 -278827
30600 -278792
30700 -278785
30800 -278785
30900 -278785
31000 -278771
31100 -278761
31200 -278750
31300 -278740
31400 -278700
31500 -278689
31600 -278619
31700 -278614
31800 -278614
31900 -278597
32000 -278584
32100 -278542
32200 -278542
32300 -278532
32400 -278518
32500 -278511
32600 -278454
32700 -278436
32800 -278426
32900 -278416
33000 -278416
33100 -278416
33200 -278383
33300 -278376
33400 -278376
33500 -278361
33600 -278361
33700 -278304
33800 -278284
33900 -278272
34000 -278266
34100 -278255
34200 -278238
34300 -278238
34400 -278229
34500 -278203
34600 -278203
34700 -278152
34800 -278150
34900 -278090
35000 -278082
35100 -278082
35200 -278082
35300 -278080
35400 -278080
35500 -278037
35600 -278009
35700 -277984
35800 -277974
35900 -277932
36000 -277919
36100 -277914
36200 -277902
36300 -277883
36400 -277883
36500 -277854
36600 -277801
36700 -277784
36800 -277784
36900 -277783
37000 -277771
37100 -277771
37200 -277771
37300 -277771
37400 -277699
37500 -277696
37600 -277692
37700 -277692
37800 -277692
37900 -277692
38000 -277677
38100 -277677
38200 -277646
38300 -277646
38400 -277646
38500 -277643
38600 -277643
38700 -277643
38800 -277624
38900 -277605
39000 -277576
39100 -277536
39200 -277536
39300 -277531
39400 -277531
39500 -277488
39600 -277483
39700 -277483
39800 -277475
39900 -277475
40000 -277475
40100 -277456
40200 -277414
40300 -277399
40400 -277399
40500 -277392
40600 -277387
40700 -277378
40800 -277378
40900 -277280
41000 -277274
41100 -277270
41200 -277270
41300 -277263
41400 -277198
41500 -277186
41600 -277186
41700 -277186
41800 -277186
41900 -277173
42000 -277173
42100 -277123
42200 -277123
42300 -277108
42400 -277104
42500 -277104
42600 -277072
42700 -277072
42800 -277072
42900 -277072
43000 -277005
43100 -277005
43200 -277005
43300 -277005
43400 -277005
43500 -276957
43600 -276957
43700 -276951
43800 -276951
43900 -276951
44000 -276951
44100 -276949
44200 -276938
44300 -276925
44400 -276925
44500 -276925
44600 -276908
44700 -276886
44800 -276886
44900 -276874
45000 -276873
45100 -276873
45200 -276851
45300 -276851
45400 -276846
45500 -276846
45600 -276835
45700 -276820
45800 -276820
45900 -276820
46000 -276810
46100 -276795
46200 -276766
46300 -276766
46400 -276766
46500 -276760
46600 -276755
46700 -276755
46800 -276743
46900 -276703
47000 -276694
47100 -276671
47200 -276649
47300 -276638
47400 -276579
47500 -276559
47600 -276549
47700 -276549
47800 -276549
47900 -276539
48000 -276539
48100 -276522
48200 -276445
48300 -276429
48400 -276429
48500 -276428
48600 -276428
48700 -276428
48800 -276408
48900 -276408
49000 -276380
49100 -276380
49200 -276373
49300 -276328
49400 -276314
49500 -276254
49600 -276226
49700 -276226
49800 -276226
49900 -276201
50000 -276198
50100 -276192
50200 -276164
50300 -276091
50400 -276091
50500 -276087
50600 -276087
50700 -276050
50800 -276036
50900 -276035
51000 -276010
51100 -276010
51200 -276010
51300 -276010
51400 -276010
51500 -276003
51600 -275987
51700 -275979
51800 -275979
51900 -275973
52000 -275973
52100 -275923
52200 -275923
52300 -275914
52400 -275909
52500 -275892
52600 -275890
52700 -275890
52800 -275890
52900 -275890
53000 -275890
53100 -275890
53200 -275890
53300 -275862
53400 -275862
53500 -275860
53600 -275860
53700 -275853
53800 -275845
53900 -275845
54000 -275833
54100 -275833
54200 -275825
54300 -275825
54400 -275814
54500 -275790
54600 -275784
54700 -275775
54800 -275774
54900 -275750
55000 -275750
55100 -275730
55200 -275730
55300 -275725
55400 -275725
55500 -275725
55600 -275717
55700 -275717
55800 -275716
55900 -275710
56000 -275710
56100 -275710
56200 -275696
56300 -275696
56400 -275696
56500 -275696
56600 -275696
56700 -275692
56800 -275653
56900 -275653
57000 -275653
57100 -275653
57200 -275652
57300 -275635
57400 -275635
57500 -275635
57600 -275580
57700 -275507
57800 -275504
57900 -275504
58000 -275504
58100 -275486
58200 -275486
58300 -275486
58400 -275486
58500 -275472
58600 -275472
58700 -275472
58800 -275455
58900 -275455
59000 -275455
59100 -275455
59200 -275455
59300 -275449
59400 -275445
59500 -275439
59600 -275439
59700 -275428
59800 -275428
59900 -275428
60000 -275428
60100 -275421
60200 -275421
60300 -275408
60400 -275404
60500 -275404
60600 -275404
60700 -275404
60800 -275371
60900 -275367
61000 -275362
61100 -275357
61200 -275357
61300 -275357
61400 -275356
61500 -275334
61600 -275334
61700 -275334
61800 -275334
61900 -275309
62000 -275291
62100 -275291
62200 -275291
62300 -275263
62400 -275263
62500 -275263
62600 -275263
62700 -275218
62800 -275217
62900 -275217
63000 -275209
63100 -275209
63200 -275195
63300 -275173
63400 -275170
63500 -275160
63600 -275154
63700 -275127
63800 -275098
63900 -275095
64000 -275095
64100 -275095
64200 -275095
64300 -275091
64400 -275091
64500 -275064
64600 -275064
64700 -275064
64800 -275053
64900 -275031
65000 -275031
65100 -275023
65200 -275023
65300 -274981
65400 -274981
65500 -274981
65600 -274981
65700 -274981
65800 -274981
65900 -274942
66000 -274942
66100 -274942
66200 -274922
66300 -274922
66400 -274922
66500 -274922
66600 -274915
66700 -274915
66800 -274915
66900 -274894
67000 -274882
67100 -274882
67200 -274882
67300 -274882
67400 -274882
67500 -274860
67600 -274860
67700 -274860
67800 -274852
67900 -274852
68000 -274852
68100 -274847
68200 -274828
68300 -274822
68400 -274813
68500 -274813
68600 -274813
68700 -274786
68800 -274786
68900 -274781
69000 -274774
69100 -274774
69200 -274774
69300 -274767
69400 -274767
69500 -274751
69600 -274740
69700 -274739
69800 -274739
69900 -274739
70000 -274738
70100 -274724
70200 -274724
70300 -274724
70400 -274700
70500 -274690
70600 -274690
70700 -274673
70800 -274658
70900 -274651
71000 -274644
71100 -274644
71200 -274601
71300 -274601
71400 -274601
71500 -274601
71600 -274601
71700 -274576
71800 -274576
71900 -274576
72000 -274576
72100 -274576
72200 -274576
72300 -274559
72400 -274559
72500 -274540
72600 -274540
72700 -274540
72800 -274540
72900 -274540
73000 -274540
73100 -274540
73200 -274540
73300 -274540
73400 -274503
73500 -274501
73600 -274501
73700 -274501
73800 -274501
73900 -274501
74000 -274501
74100 -274501
74200 -274501
74300 -274501
74400 -274501
74500 -274501
74600 -274501
74700 -274501
74800 -274499
74900 -274484
75000 -274445
75100 -274428
75200 -274428
75300 -274428
75400 -274428
75500 -274428
75600 -274428
75700 -274428
75800 -274428
75900 -274413
76000 -274408
76100 -274408
76200 -274408
76300 -274406
76400 -274406
76500 -274362
76600 -274362
76700 -274362
76800 -274362
76900 -274362
77000 -274357
77100 -274350
77200 -274350
77300 -274350
77400 -274350
77500 -274350
77600 -274320
77700 -274319
77800 -274319
77900 -274319
78000 -274319
78100 -274297
78200 -274297
78300 -274297
78400 -274297
78500 -274297
78600 -274297
78700 -274297
78800 -274265
78900 -274265
79000 -274241
79100 -274241
79200 -274231
79300 -274231
79400 -274231
79500 -274231
79600 -274231
79700 -274231
79800 -274220
79900 -274220
80000 -274220
80100 -274217
80200 -274217
80300 -274217
80400 -274217
80500 -274217
80600 -274190
80700 -274190
80800 -274155
80900 -274155
81000 -274155
81100 -274155
81200 -274143
81300 -274129
81400 -274121
81500 -274121
81600 -274105
81700 -274095
81800 -274079
81900 -274079
82000 -274039
82100 -274039
82200 -274039
82300 -274026
82400 -274012
82500 -274012
82600 -274012
82700 -274003
82800 -274003
82900 -273965
83000 -273965
83100 -273965
83200 -273965
83300 -273952
83400 -273952
83500 -273952
83600 -273940
83700 -273940
83800 -273940
83900 -273940
84000 -273940
84100 -273940
84200 -273940
84300 -273938
84400 -273938
84500 -273938
84600 -273926
84700 -273912
84800 -273878
84900 -273878
85000 -273878
85100 -273878
85200 -273878
85300 -273862
