600 -464180
900 -461077
1200 -458710
1500 -456847
1800 -454856
2100 -453446
2400 -452179
2700 -450774
3000 -449463
3300 -448377
3600 -447572
3900 -446904
4200 -445982
4500 -445091
4800 -444170
5100 -443378
5400 -442899
5700 -442330
6000 -441691
6300 -441162
6600 -440513
6900 -439993
7200 -439468
7500 -438977
7800 -438480
8100 -438062
8400 -437582
8700 -437219
9000 -436750
9300 -436271
9600 -435755
9900 -435334
10200 -434970
10500 -434744
10800 -434395
11100 -434062
11400 -433668
11700 -433420
12000 -432969
12300 -432598
12600 -432380
12900 -432095
13200 -431908
13500 -431644
13800 -431338
