200 -316452
300 -312958
400 -310445
500 -307941
600 -305576
700 -303754
800 -302208
900 -301034
1000 -299384
1100 -298280
1200 -296817
1300 -295315
1400 -294458
1500 -293458
1600 -292726
1700 -291961
1800 -291174
1900 -290606
2000 -289954
2100 -289117
2200 -288921
2300 -288216
2400 -287503
2500 -287067
2600 -286749
2700 -286403
2800 -285964
2900 -285615
3000 -285278
3100 -285082
3200 -284785
3300 -284506
3400 -284348
3500 -284143
3600 -283962
3700 -283579
3800 -283180
3900 -282864
4000 -282652
4100 -282292
4200 -282090
4300 -281797
4400 -281537
4500 -281245
4600 -281015
4700 -280749
4800 -280527
4900 -280302
5000 -280224
5100 -279936
5200 -279700
5300 -279411
5400 -279248
5500 -279185
5600 -279020
5700 -278945
5800 -278630
5900 -278463
6000 -278355
6100 -278127
6200 -277831
6300 -277690
6400 -277381
6500 -277261
6600 -277119
6700 -277112
6800 -277064
6900 -277030
7000 -276875
7100 -276792
7200 -276568
7300 -276374
7400 -276337
7500 -276251
7600 -276132
7700 -276115
7800 -275921
7900 -275849
8000 -275750
8100 -275669
8200 -275563
8300 -275472
8400 -275382
8500 -275282
8600 -275249
8700 -275146
8800 -275083
8900 -274899
9000 -274788
9100 -274709
9200 -274521
9300 -274483
9400 -274253
9500 -274239
9600 -274022
9700 -274009
9800 -273953
9900 -273909
10000 -273870
10100 -273825
10200 -273693
10300 -273478
10400 -273434
10500 -273284
10600 -273256
10700 -273190
10800 -273133
10900 -273065
11000 -273004
11100 -272910
11200 -272802
11300 -272746
11400 -272628
11500 -272576
11600 -272431
11700 -272319
11800 -272235
11900 -272205
12000 -272176
12100 -272155
12200 -272073
12300 -272073
12400 -272029
12500 -272026
12600 -271888
12700 -271845
12800 -271718
12900 -271572
13000 -271551
13100 -271535
13200 -271515
13300 -271481
13400 -271388
13500 -271333
13600 -271221
13700 -271137
13800 -271070
13900 -270890
14000 -270850
14100 -270818
14200 -270752
14300 -270716
14400 -270700
14500 -270656
14600 -270536
14700 -270518
14800 -270493
14900 -270448
15000 -270434
15100 -270431
15200 -270374
15300 -270311
15400 -270272
15500 -270241
15600 -270195
15700 -270169
15800 -270169
15900 -270147
16000 -270100
16100 -270006
16200 -269915
16300 -269915
16400 -269905
16500 -269820
16600 -269761
16700 -269755
16800 -269724
16900 -269666
17000 -269652
17100 -269622
17200 -269559
17300 -269496
17400 -269496
17500 -269495
17600 -269437
17700 -269388
17800 -269388
17900 -269378
18000 -269322
18100 -269266
18200 -269234
18300 -269234
18400 -269120
18500 -269098
18600 -269058
18700 -269015
18800 -269014
18900 -269004
19000 -268963
19100 -268963
19200 -268864
19300 -268810
19400 -268795
19500 -268776
19600 -268706
19700 -268668
19800 -268630
19900 -268582
20000 -268570
20100 -268570
20200 -268555
20300 -268523
20400 -268517
20500 -268509
20600 -268473
20700 -268392
20800 -268391
20900 -268376
21000 -268316
21100 -268253
21200 -268242
21300 -268234
21400 -268232
21500 -268193
21600 -268144
21700 -268144
21800 -268115
21900 -268115
22000 -268088
22100 -268046
22200 -268014
22300 -268014
22400 -267961
22500 -267957
22600 -267936
22700 -267909
22800 -267855
22900 -267847
23000 -267838
23100 -267838
23200 -267822
23300 -267819
23400 -267774
23500 -267716
23600 -267684
23700 -267684
23800 -267667
23900 -267615
24000 -267595
24100 -267565
24200 -267562
24300 -267562
24400 -267537
24500 -267537
24600 -267532
24700 -267518
24800 -267518
24900 -267495
25000 -267495
25100 -267440
25200 -267440
25300 -267391
25400 -267376
25500 -267314
25600 -267304
25700 -267250
25800 -267245
25900 -267205
26000 -267186
26100 -267186
26200 -267168
26300 -267168
26400 -267106
26500 -267104
26600 -267104
26700 -267100
26800 -267093
26900 -267093
27000 -267080
27100 -267076
27200 -267070
27300 -267043
27400 -267043
27500 -267021
27600 -266935
27700 -266901
27800 -266895
27900 -266883
28000 -266836
28100 -266836
28200 -266831
28300 -266831
28400 -266808
28500 -266808
28600 -266778
28700 -266774
28800 -266767
28900 -266767
29000 -266767
29100 -266736
29200 -266699
29300 -266699
29400 -266699
29500 -266671
29600 -266648
29700 -266625
29800 -266609
29900 -266577
30000 -266577
30100 -266577
30200 -266540
30300 -266540
30400 -266538
30500 -266510
30600 -266510
30700 -266467
30800 -266467
30900 -266466
31000 -266463
31100 -266463
31200 -266452
31300 -266452
31400 -266445
31500 -266445
31600 -266439
31700 -266439
31800 -266439
31900 -266438
32000 -266426
32100 -266426
32200 -266426
32300 -266406
32400 -266366
32500 -266358
32600 -266354
32700 -266354
32800 -266338
32900 -266337
33000 -266284
33100 -266252
33200 -266235
33300 -266221
33400 -266217
33500 -266213
33600 -266212
33700 -266182
33800 -266182
33900 -266116
34000 -266105
34100 -266077
34200 -266077
34300 -266070
34400 -266057
34500 -266057
34600 -266057
34700 -266039
34800 -266004
34900 -265965
35000 -265929
35100 -265929
35200 -265921
35300 -265908
35400 -265908
35500 -265908
35600 -265908
35700 -265908
35800 -265908
35900 -265892
36000 -265863
36100 -265831
36200 -265808
36300 -265787
36400 -265787
36500 -265787
36600 -265787
36700 -265787
36800 -265786
36900 -265786
37000 -265782
37100 -265770
37200 -265745
37300 -265745
37400 -265745
37500 -265734
37600 -265727
37700 -265727
37800 -265727
37900 -265727
38000 -265727
38100 -265726
38200 -265692
38300 -265692
38400 -265609
38500 -265609
38600 -265570
38700 -265553
38800 -265553
38900 -265553
39000 -265553
39100 -265553
39200 -265530
39300 -265503
39400 -265491
39500 -265491
39600 -265491
39700 -265468
39800 -265465
39900 -265465
40000 -265440
40100 -265440
40200 -265439
40300 -265439
40400 -265425
40500 -265416
40600 -265416
40700 -265398
40800 -265391
40900 -265360
41000 -265358
41100 -265337
41200 -265328
41300 -265328
41400 -265318
41500 -265298
41600 -265279
41700 -265279
41800 -265279
41900 -265279
42000 -265279
42100 -265239
42200 -265239
42300 -265239
42400 -265239
42500 -265220
42600 -265220
42700 -265220
42800 -265195
42900 -265187
43000 -265180
43100 -265173
43200 -265147
43300 -265132
43400 -265104
43500 -265104
43600 -265104
43700 -265099
43800 -265090
43900 -265055
44000 -265055
44100 -265018
44200 -265007
44300 -265007
44400 -265007
44500 -265002
44600 -265002
44700 -265000
44800 -264993
44900 -264960
45000 -264960
45100 -264960
45200 -264947
45300 -264947
45400 -264947
45500 -264947
45600 -264931
45700 -264920
45800 -264898
45900 -264898
46000 -264831
46100 -264831
46200 -264811
46300 -264797
46400 -264782
46500 -264770
46600 -264770
46700 -264767
46800 -264755
46900 -264725
47000 -264701
47100 -264701
47200 -264701
47300 -264687
47400 -264655
47500 -264623
47600 -264604
47700 -264579
47800 -264579
47900 -264579
48000 -264539
48100 -264539
48200 -264539
48300 -264539
48400 -264539
48500 -264539
48600 -264531
48700 -264513
48800 -264509
48900 -264489
49000 -264488
49100 -264488
49200 -264488
49300 -264468
49400 -264455
49500 -264438
49600 -264434
49700 -264412
49800 -264401
49900 -264384
50000 -264370
50100 -264370
50200 -264370
50300 -264370
50400 -264370
50500 -264370
50600 -264370
50700 -264361
50800 -264354
50900 -264354
51000 -264339
51100 -264338
51200 -264306
51300 -264285
51400 -264285
51500 -264284
51600 -264275
51700 -264273
51800 -264273
51900 -264273
52000 -264273
52100 -264273
52200 -264273
52300 -264273
52400 -264273
52500 -264273
52600 -264264
52700 -264264
52800 -264232
