200 -310076
300 -306198
400 -303498
500 -300964
600 -299379
700 -297383
800 -295637
900 -294726
1000 -293679
1100 -292655
1200 -291768
1300 -290427
1400 -289346
1500 -288347
1600 -287481
1700 -286672
1800 -285902
1900 -285297
2000 -284328
2100 -283792
2200 -282978
2300 -282184
2400 -281477
2500 -281199
2600 -280077
2700 -279661
2800 -279359
2900 -279082
3000 -278450
3100 -278119
3200 -277712
3300 -277396
3400 -277080
3500 -276565
3600 -276223
3700 -276012
3800 -275690
3900 -275471
4000 -275135
4100 -275014
4200 -274774
4300 -274568
4400 -274421
4500 -274260
4600 -274003
4700 -273932
4800 -273665
4900 -273593
5000 -273284
5100 -273082
5200 -272912
5300 -272513
5400 -272273
5500 -272115
5600 -271885
5700 -271776
5800 -271749
5900 -271565
6000 -271481
6100 -271400
6200 -271328
6300 -271200
6400 -271068
6500 -270946
6600 -270842
6700 -270569
6800 -270530
6900 -270442
7000 -270371
7100 -270186
7200 -270044
7300 -269972
7400 -269882
7500 -269693
7600 -269606
7700 -269468
7800 -269442
7900 -269411
8000 -269405
8100 -269282
8200 -269259
8300 -269092
8400 -268919
8500 -268844
8600 -268789
8700 -268735
8800 -268661
8900 -268611
9000 -268440
9100 -268331
9200 -268243
9300 -268149
9400 -268041
9500 -267936
9600 -267874
9700 -267837
9800 -267699
9900 -267681
10000 -267574
10100 -267520
10200 -267484
10300 -267423
10400 -267327
10500 -267212
10600 -267063
10700 -267034
10800 -266867
10900 -266775
11000 -266715
11100 -266657
11200 -266582
11300 -266484
11400 -266358
11500 -266325
11600 -266302
11700 -266279
11800 -266135
11900 -266117
12000 -266059
12100 -265977
12200 -265930
12300 -265880
12400 -265840
12500 -265801
12600 -265744
12700 -265675
12800 -265580
12900 -265516
13000 -265440
13100 -265440
13200 -265330
13300 -265245
13400 -265197
13500 -265170
13600 -265144
13700 -265095
13800 -265064
13900 -265030
14000 -264997
14100 -264948
14200 -264905
14300 -264778
14400 -264745
14500 -264694
14600 -264618
14700 -264591
14800 -264518
14900 -264494
15000 -264395
15100 -264372
15200 -264317
15300 -264278
15400 -264271
15500 -264230
15600 -264139
15700 -264119
15800 -264119
15900 -264083
16000 -264050
16100 -263983
16200 -263920
16300 -263874
16400 -263844
16500 -263756
16600 -263683
16700 -263572
16800 -263537
16900 -263524
17000 -263497
17100 -263476
17200 -263379
17300 -263355
17400 -263328
17500 -263287
17600 -263267
17700 -263245
17800 -263245
17900 -263241
18000 -263104
18100 -263086
18200 -263063
18300 -263049
18400 -263026
18500 -262936
18600 -262878
18700 -262851
18800 -262848
18900 -262808
19000 -262753
19100 -262717
19200 -262702
19300 -262697
19400 -262679
19500 -262679
19600 -262621
19700 -262621
19800 -262606
19900 -262586
20000 -262564
20100 -262534
20200 -262503
20300 -262494
20400 -262441
20500 -262424
20600 -262402
20700 -262396
20800 -262358
20900 -262323
21000 -262249
21100 -262240
21200 -262234
21300 -262221
21400 -262194
21500 -262189
21600 -262174
21700 -262149
21800 -262101
21900 -262101
22000 -262082
22100 -262082
22200 -262080
22300 -262077
22400 -262061
22500 -262061
22600 -262032
22700 -261996
22800 -261975
22900 -261972
23000 -261972
23100 -261941
23200 -261932
23300 -261904
23400 -261885
23500 -261871
23600 -261851
23700 -261851
23800 -261848
23900 -261815
24000 -261815
24100 -261803
24200 -261784
24300 -261765
24400 -261746
24500 -261746
24600 -261746
24700 -261676
24800 -261656
24900 -261633
25000 -261633
25100 -261632
25200 -261632
25300 -261613
25400 -261613
25500 -261613
25600 -261611
25700 -261611
25800 -261577
25900 -261550
26000 -261540
26100 -261500
26200 -261500
26300 -261500
26400 -261500
26500 -261500
26600 -261500
26700 -261490
26800 -261476
26900 -261472
27000 -261452
27100 -261452
27200 -261431
27300 -261424
27400 -261350
27500 -261350
27600 -261308
27700 -261250
27800 -261214
27900 -261194
28000 -261153
28100 -261153
28200 -261143
28300 -261107
28400 -261084
28500 -261073
28600 -261018
28700 -261018
28800 -261001
28900 -260999
29000 -260971
29100 -260923
29200 -260923
29300 -260921
29400 -260920
29500 -260917
29600 -260915
29700 -260900
29800 -260900
29900 -260883
30000 -260875
30100 -260835
30200 -260820
30300 -260775
30400 -260775
30500 -260762
30600 -260735
30700 -260703
30800 -260665
30900 -260665
31000 -260665
31100 -260645
31200 -260618
31300 -260618
31400 -260617
31500 -260612
31600 -260612
31700 -260587
31800 -260585
31900 -260585
32000 -260572
32100 -260572
32200 -260572
32300 -260569
32400 -260569
32500 -260553
32600 -260553
32700 -260553
32800 -260514
32900 -260514
33000 -260514
33100 -260499
33200 -260499
33300 -260476
33400 -260476
33500 -260472
33600 -260461
33700 -260453
33800 -260453
33900 -260453
34000 -260453
34100 -260419
34200 -260419
34300 -260408
34400 -260408
34500 -260386
34600 -260386
34700 -260337
34800 -260337
34900 -260315
35000 -260315
35100 -260303
35200 -260301
35300 -260301
35400 -260289
35500 -260289
35600 -260289
35700 -260284
35800 -260284
35900 -260266
36000 -260266
36100 -260266
36200 -260266
36300 -260266
36400 -260228
36500 -260228
36600 -260180
36700 -260131
36800 -260131
36900 -260111
37000 -260111
37100 -260081
37200 -260081
37300 -260073
37400 -260069
37500 -260000
37600 -260000
37700 -259989
37800 -259989
37900 -259982
38000 -259939
38100 -259894
38200 -259847
38300 -259816
38400 -259816
38500 -259808
38600 -259787
38700 -259784
38800 -259784
38900 -259784
39000 -259784
39100 -259762
39200 -259732
39300 -259681
39400 -259681
39500 -259671
39600 -259671
39700 -259649
39800 -259647
39900 -259613
40000 -259613
40100 -259591
40200 -259591
40300 -259585
40400 -259573
40500 -259563
40600 -259557
40700 -259514
40800 -259514
40900 -259494
41000 -259458
41100 -259458
41200 -259458
41300 -259444
41400 -259444
41500 -259397
41600 -259397
41700 -259397
41800 -259389
41900 -259382
42000 -259367
42100 -259367
42200 -259367
42300 -259367
42400 -259367
42500 -259358
42600 -259345
42700 -259321
42800 -259321
42900 -259308
43000 -259308
43100 -259291
43200 -259284
43300 -259278
43400 -259278
43500 -259278
43600 -259248
43700 -259248
43800 -259230
43900 -259230
44000 -259230
44100 -259230
44200 -259224
44300 -259224
44400 -259224
44500 -259224
44600 -259209
44700 -259165
44800 -259119
44900 -259118
45000 -259050
45100 -259030
45200 -259027
45300 -259013
45400 -259009
45500 -259009
45600 -258991
45700 -258991
45800 -258991
45900 -258989
46000 -258989
46100 -258989
46200 -258958
46300 -258945
46400 -258945
46500 -258945
46600 -258945
46700 -258923
46800 -258918
46900 -258912
47000 -258912
47100 -258912
47200 -258912
47300 -258910
47400 -258895
47500 -258885
47600 -258885
47700 -258885
47800 -258885
47900 -258878
48000 -258868
48100 -258868
48200 -258854
48300 -258854
48400 -258794
48500 -258794
48600 -258788
48700 -258788
48800 -258774
48900 -258770
49000 -258742
49100 -258742
49200 -258735
49300 -258715
49400 -258699
49500 -258698
49600 -258698
49700 -258698
49800 -258698
49900 -258679
50000 -258664
50100 -258664
50200 -258664
50300 -258664
50400 -258664
50500 -258643
50600 -258634
50700 -258633
50800 -258629
50900 -258629
51000 -258629
51100 -258629
51200 -258616
51300 -258616
51400 -258607
51500 -258595
51600 -258583
51700 -258583
51800 -258575
51900 -258575
52000 -258569
52100 -258569
52200 -258569
52300 -258569
52400 -258564
52500 -258564
52600 -258564
52700 -258564
52800 -258564
52900 -258559
53000 -258559
53100 -258544
53200 -258543
53300 -258541
53400 -258527
53500 -258527
53600 -258527
53700 -258527
53800 -258509
53900 -258509
54000 -258509
54100 -258493
54200 -258493
54300 -258488
54400 -258488
54500 -258483
54600 -258483
54700 -258465
54800 -258465
54900 -258444
55000 -258443
55100 -258443
55200 -258443
55300 -258443
55400 -258443
55500 -258443
55600 -258443
55700 -258443
55800 -258443
55900 -258443
56000 -258412
56100 -258412
56200 -258412
56300 -258412
56400 -258412
56500 -258412
56600 -258394
56700 -258393
56800 -258393
56900 -258393
57000 -258352
57100 -258352
57200 -258320
57300 -258320
57400 -258316
57500 -258316
57600 -258316
57700 -258316
57800 -258316
57900 -258316
58000 -258316
58100 -258310
58200 -258274
58300 -258257
58400 -258257
58500 -258257
58600 -258257
58700 -258257
58800 -258257
58900 -258222
59000 -258222
59100 -258222
59200 -258197
59300 -258192
59400 -258173
59500 -258173
59600 -258173
59700 -258173
59800 -258173
59900 -258139
60000 -258139
60100 -258139
60200 -258139
60300 -258127
60400 -258117
60500 -258092
60600 -258092
60700 -258092
60800 -258092
60900 -258092
61000 -258089
61100 -258089
61200 -258086
61300 -258079
61400 -258079
61500 -258079
61600 -258053
61700 -258053
61800 -258053
61900 -258053
62000 -258053
62100 -258053
62200 -258053
62300 -258053
62400 -258041
62500 -258035
62600 -258035
62700 -258031
62800 -258031
62900 -258031
63000 -258031
63100 -258031
63200 -258031
63300 -258031
63400 -258031
63500 -258004
63600 -258004
63700 -258001
63800 -258001
63900 -257962
64000 -257961
64100 -257956
64200 -257956
64300 -257956
64400 -257956
64500 -257956
64600 -257956
64700 -257941
64800 -257941
64900 -257927
65000 -257927
65100 -257927
65200 -257927
65300 -257927
65400 -257927
65500 -257927
65600 -257915
65700 -257915
65800 -257915
65900 -257915
66000 -257915
66100 -257903
66200 -257903
66300 -257877
66400 -257877
66500 -257839
66600 -257839
66700 -257839
66800 -257838
66900 -257838
67000 -257838
67100 -257835
67200 -257816
67300 -257816
67400 -257816
67500 -257816
67600 -257809
67700 -257789
67800 -257780
67900 -257780
68000 -257780
68100 -257780
68200 -257780
68300 -257766
68400 -257766
68500 -257751
68600 -257737
68700 -257737
68800 -257733
68900 -257711
69000 -257711
69100 -257703
69200 -257673
69300 -257644
69400 -257638
69500 -257638
69600 -257638
69700 -257638
69800 -257638
69900 -257623
70000 -257620
70100 -257620
70200 -257617
70300 -257605
70400 -257605
70500 -257598
70600 -257598
70700 -257598
70800 -257583
70900 -257583
71000 -257583
71100 -257578
71200 -257578
71300 -257578
71400 -257578
71500 -257578
71600 -257578
71700 -257565
71800 -257561
71900 -257551
72000 -257551
72100 -257542
72200 -257540
72300 -257540
72400 -257540
72500 -257529
72600 -257529
72700 -257525
72800 -257525
72900 -257519
73000 -257519
73100 -257518
73200 -257518
73300 -257518
73400 -257518
73500 -257518
73600 -257496
73700 -257496
73800 -257486
73900 -257486
74000 -257484
74100 -257484
74200 -257484
74300 -257484
74400 -257460
74500 -257434
74600 -257420
74700 -257419
74800 -257410
74900 -257410
75000 -257410
75100 -257407
75200 -257391
75300 -257391
75400 -257391
75500 -257387
75600 -257385
75700 -257385
75800 -257385
75900 -257379
76000 -257378
76100 -257368
76200 -257368
76300 -257356
76400 -257356
76500 -257356
76600 -257356
76700 -257352
76800 -257352
76900 -257352
77000 -257352
77100 -257319
77200 -257319
77300 -257245
77400 -257245
77500 -257238
77600 -257238
77700 -257218
77800 -257218
77900 -257207
78000 -257196
78100 -257196
78200 -257186
78300 -257168
78400 -257168
78500 -257168
78600 -257150
78700 -257150
78800 -257130
78900 -257130
79000 -257128
79100 -257128
79200 -257128
79300 -257128
79400 -257128
79500 -257128
79600 -257118
79700 -257118
79800 -257118
79900 -257118
80000 -257102
80100 -257102
80200 -257098
80300 -257098
80400 -257098
80500 -257098
80600 -257098
80700 -257096
80800 -257096
80900 -257090
81000 -257090
81100 -257090
81200 -257087
81300 -257087
81400 -257087
81500 -257085
81600 -257075
81700 -257075
81800 -257022
81900 -256998
82000 -256994
82100 -256994
82200 -256994
82300 -256994
82400 -256994
82500 -256994
82600 -256994
82700 -256968
82800 -256968
82900 -256968
83000 -256968
83100 -256968
83200 -256968
83300 -256962
83400 -256952
83500 -256952
83600 -256945
83700 -256945
83800 -256939
83900 -256939
84000 -256917
84100 -256917
84200 -256907
84300 -256907
84400 -256901
84500 -256901
84600 -256901
84700 -256901
84800 -256901
84900 -256901
85000 -256901
85100 -256893
85200 -256893
85300 -256887
85400 -256887
85500 -256887
85600 -256887
85700 -256870
85800 -256869
85900 -256856
86000 -256856
86100 -256829
86200 -256829
86300 -256829
86400 -256829
86500 -256829
86600 -256829
86700 -256829
86800 -256829
86900 -256829
87000 -256829
87100 -256829
87200 -256829
87300 -256829
87400 -256829
87500 -256829
87600 -256829
87700 -256829
87800 -256829
87900 -256829
88000 -256829
88100 -256829
88200 -256829
88300 -256829
88400 -256829
88500 -256781
88600 -256781
88700 -256781
88800 -256779
88900 -256779
89000 -256772
89100 -256772
89200 -256772
89300 -256759
89400 -256759
89500 -256719
89600 -256719
89700 -256698
89800 -256698
89900 -256698
90000 -256698
90100 -256698
90200 -256698
90300 -256698
90400 -256698
90500 -256698
90600 -256685
90700 -256684
90800 -256684
90900 -256684
91000 -256684
91100 -256684
91200 -256684
91300 -256684
91400 -256684
91500 -256684
91600 -256678
91700 -256678
91800 -256678
91900 -256678
92000 -256648
92100 -256648
92200 -256637
92300 -256635
92400 -256635
92500 -256635
92600 -256626
92700 -256626
92800 -256623
92900 -256623
93000 -256615
93100 -256602
93200 -256599
93300 -256599
93400 -256597
93500 -256597
93600 -256570
93700 -256570
93800 -256570
93900 -256569
94000 -256569
94100 -256569
94200 -256569
94300 -256551
94400 -256551
94500 -256551
94600 -256551
94700 -256551
94800 -256543
94900 -256543
95000 -256543
95100 -256543
95200 -256543
95300 -256543
95400 -256543
95500 -256532
95600 -256529
95700 -256529
95800 -256529
95900 -256529
96000 -256529
96100 -256529
96200 -256519
96300 -256519
96400 -256519
96500 -256519
96600 -256515
96700 -256515
96800 -256514
96900 -256514
97000 -256514
97100 -256507
97200 -256502
97300 -256502
97400 -256502
97500 -256502
97600 -256502
97700 -256485
97800 -256471
97900 -256469
98000 -256469
98100 -256469
98200 -256469
98300 -256469
98400 -256469
98500 -256469
98600 -256469
98700 -256469
98800 -256442
98900 -256422
99000 -256422
99100 -256409
99200 -256398
99300 -256389
99400 -256389
99500 -256389
99600 -256389
99700 -256386
99800 -256386
99900 -256381
100000 -256371
100100 -256366
100200 -256360
100300 -256344
100400 -256344
100500 -256338
100600 -256338
100700 -256325
100800 -256316
100900 -256301
101000 -256301
101100 -256301
101200 -256301
101300 -256291
101400 -256290
101500 -256290
101600 -256290
101700 -256290
101800 -256282
101900 -256282
102000 -256269
102100 -256269
102200 -256269
102300 -256269
102400 -256267
102500 -256267
102600 -256267
102700 -256266
102800 -256266
102900 -256266
103000 -256262
103100 -256262
103200 -256262
103300 -256262
103400 -256207
103500 -256201
103600 -256198
103700 -256180
103800 -256180
103900 -256180
104000 -256180
104100 -256180
104200 -256179
104300 -256179
104400 -256154
104500 -256154
104600 -256143
104700 -256143
104800 -256135
104900 -256135
105000 -256112
105100 -256112
105200 -256112
105300 -256112
105400 -256112
105500 -256111
105600 -256111
105700 -256086
105800 -256086
105900 -256067
106000 -256040
106100 -256007
106200 -255997
106300 -255997
106400 -255957
106500 -255957
106600 -255957
106700 -255957
106800 -255957
106900 -255957
107000 -255957
107100 -255938
107200 -255922
107300 -255922
107400 -255922
107500 -255922
107600 -255922
107700 -255907
