200 -370786
300 -366942
400 -365220
500 -362773
600 -360877
700 -358392
800 -356609
900 -354813
1000 -352954
1100 -351513
1200 -350384
1300 -349631
1400 -348672
1500 -347686
1600 -346796
1700 -345775
1800 -344926
1900 -344364
2000 -343734
2100 -342972
2200 -342166
2300 -341977
2400 -341332
2500 -340735
2600 -340270
2700 -339716
2800 -339344
2900 -338833
3000 -338509
3100 -338143
3200 -337696
3300 -337423
3400 -336897
3500 -336352
3600 -336234
3700 -336085
3800 -335804
3900 -335415
4000 -334817
4100 -334327
4200 -334294
4300 -333956
4400 -333605
4500 -333475
4600 -333138
4700 -332690
4800 -332524
4900 -332457
5000 -332313
5100 -332201
5200 -332081
5300 -331931
5400 -331690
5500 -331556
5600 -331269
5700 -331088
5800 -331046
5900 -330851
6000 -330674
6100 -330531
6200 -330375
6300 -330223
6400 -329966
6500 -329840
6600 -329627
6700 -329308
6800 -329174
6900 -329074
7000 -328878
7100 -328682
7200 -328493
7300 -328346
7400 -328189
7500 -327951
7600 -327784
7700 -327695
7800 -327657
7900 -327520
8000 -327438
8100 -327321
8200 -327062
8300 -326965
8400 -326872
8500 -326643
8600 -326585
8700 -326505
8800 -326350
8900 -326199
9000 -326060
9100 -326040
9200 -325952
9300 -325855
9400 -325846
9500 -325763
9600 -325739
9700 -325714
9800 -325624
9900 -325577
10000 -325545
10100 -325479
10200 -325462
10300 -325430
10400 -325407
10500 -325388
10600 -325363
10700 -325195
10800 -325128
10900 -325024
11000 -324925
11100 -324906
11200 -324813
11300 -324657
11400 -324586
11500 -324581
11600 -324528
11700 -324439
11800 -324426
11900 -324403
12000 -324351
12100 -324260
12200 -324232
12300 -324165
12400 -324165
12500 -324019
12600 -324004
12700 -323972
12800 -323966
12900 -323771
13000 -323710
13100 -323655
13200 -323574
13300 -323489
13400 -323468
13500 -323402
13600 -323390
13700 -323282
13800 -323238
13900 -323238
14000 -323206
14100 -323150
14200 -323044
14300 -323020
14400 -322945
14500 -322916
14600 -322826
14700 -322776
14800 -322712
14900 -322702
15000 -322562
15100 -322531
15200 -322531
15300 -322432
15400 -322392
15500 -322366
15600 -322332
15700 -322259
15800 -322210
15900 -322176
16000 -322120
16100 -322119
16200 -322076
16300 -321990
16400 -321983
16500 -321983
16600 -321961
16700 -321892
16800 -321861
16900 -321858
17000 -321802
17100 -321802
17200 -321773
17300 -321760
17400 -321725
17500 -321597
17600 -321573
17700 -321555
17800 -321505
17900 -321466
18000 -321466
18100 -321400
18200 -321375
18300 -321362
18400 -321334
18500 -321305
18600 -321248
18700 -321230
18800 -321207
18900 -321138
19000 -321112
19100 -321106
19200 -321086
19300 -321045
19400 -321006
19500 -320997
19600 -320997
19700 -320971
19800 -320965
19900 -320921
20000 -320912
20100 -320912
20200 -320898
20300 -320881
20400 -320877
20500 -320854
20600 -320835
20700 -320785
20800 -320785
20900 -320774
21000 -320762
21100 -320740
21200 -320724
21300 -320668
21400 -320658
21500 -320658
21600 -320634
21700 -320630
21800 -320555
21900 -320493
22000 -320493
22100 -320484
22200 -320478
22300 -320456
22400 -320448
22500 -320443
22600 -320429
22700 -320388
22800 -320343
22900 -320314
23000 -320314
23100 -320313
23200 -320249
23300 -320218
23400 -320194
23500 -320188
23600 -320188
23700 -320129
23800 -320105
23900 -320062
24000 -320062
24100 -320057
24200 -320057
24300 -319999
24400 -319968
24500 -319960
24600 -319960
24700 -319949
24800 -319947
24900 -319947
25000 -319935
25100 -319904
25200 -319904
25300 -319904
25400 -319894
25500 -319894
25600 -319882
25700 -319871
25800 -319871
25900 -319870
26000 -319855
26100 -319829
26200 -319811
26300 -319811
26400 -319811
26500 -319807
26600 -319807
26700 -319807
26800 -319758
26900 -319746
27000 -319732
27100 -319723
27200 -319723
27300 -319694
27400 -319651
27500 -319637
27600 -319588
27700 -319585
27800 -319528
27900 -319528
28000 -319528
28100 -319521
28200 -319507
28300 -319490
28400 -319486
28500 -319486
28600 -319464
28700 -319458
28800 -319400
28900 -319400
29000 -319385
29100 -319357
29200 -319335
29300 -319317
29400 -319303
29500 -319300
29600 -319282
29700 -319244
29800 -319192
29900 -319185
30000 -319172
30100 -319139
30200 -319139
30300 -319131
30400 -319122
30500 -319122
30600 -319077
30700 -319056
30800 -319020
30900 -319016
31000 -319002
31100 -319002
31200 -318998
31300 -318976
31400 -318928
31500 -318897
31600 -318895
31700 -318891
31800 -318879
31900 -318879
32000 -318862
32100 -318813
32200 -318813
32300 -318796
32400 -318792
32500 -318750
32600 -318711
32700 -318711
32800 -318711
32900 -318705
33000 -318688
33100 -318668
33200 -318663
33300 -318656
33400 -318655
33500 -318632
33600 -318626
33700 -318626
33800 -318592
33900 -318577
34000 -318548
34100 -318548
34200 -318536
34300 -318522
34400 -318513
34500 -318502
34600 -318486
34700 -318395
34800 -318390
34900 -318373
35000 -318370
35100 -318370
35200 -318368
35300 -318349
35400 -318330
35500 -318328
35600 -318328
35700 -318279
35800 -318218
35900 -318218
36000 -318218
36100 -318202
36200 -318202
36300 -318202
36400 -318190
36500 -318190
36600 -318190
36700 -318146
36800 -318135
36900 -318082
37000 -318015
37100 -318015
37200 -317994
37300 -317994
37400 -317994
37500 -317953
37600 -317901
37700 -317893
37800 -317893
37900 -317893
38000 -317862
38100 -317862
38200 -317854
38300 -317839
38400 -317835
38500 -317827
38600 -317797
38700 -317789
38800 -317778
38900 -317778
39000 -317689
39100 -317689
39200 -317675
39300 -317674
39400 -317673
39500 -317673
39600 -317673
39700 -317673
39800 -317673
39900 -317622
40000 -317622
40100 -317622
40200 -317622
40300 -317594
40400 -317594
40500 -317594
40600 -317594
40700 -317551
40800 -317547
40900 -317512
41000 -317511
41100 -317428
41200 -317428
41300 -317428
41400 -317389
41500 -317351
41600 -317332
41700 -317332
41800 -317324
41900 -317324
42000 -317324
42100 -317318
42200 -317318
42300 -317318
42400 -317311
42500 -317250
42600 -317236
42700 -317236
42800 -317236
42900 -317224
43000 -317222
43100 -317222
43200 -317199
43300 -317155
43400 -317130
43500 -317120
43600 -317120
43700 -317120
43800 -317120
43900 -317118
44000 -317118
44100 -317082
44200 -317082
44300 -317079
44400 -317079
44500 -317079
44600 -317049
44700 -317049
44800 -317049
44900 -317011
45000 -317011
45100 -317011
45200 -317009
45300 -316986
45400 -316930
45500 -316913
45600 -316913
45700 -316899
45800 -316887
45900 -316887
46000 -316887
46100 -316872
46200 -316872
46300 -316872
46400 -316862
46500 -316827
46600 -316827
46700 -316827
46800 -316827
46900 -316823
47000 -316782
47100 -316749
47200 -316729
47300 -316729
47400 -316715
47500 -316696
47600 -316693
47700 -316693
47800 -316685
47900 -316685
48000 -316685
48100 -316683
48200 -316667
48300 -316642
48400 -316640
48500 -316640
48600 -316634
48700 -316634
48800 -316634
48900 -316634
49000 -316622
49100 -316617
49200 -316613
49300 -316613
49400 -316607
49500 -316581
49600 -316581
49700 -316577
49800 -316546
49900 -316546
50000 -316546
50100 -316537
50200 -316528
50300 -316528
50400 -316496
50500 -316484
50600 -316475
50700 -316475
50800 -316475
50900 -316475
51000 -316426
51100 -316418
51200 -316418
51300 -316418
51400 -316418
51500 -316389
51600 -316389
51700 -316361
51800 -316332
51900 -316332
52000 -316292
52100 -316288
52200 -316288
52300 -316288
52400 -316288
52500 -316273
52600 -316270
52700 -316270
52800 -316270
52900 -316166
53000 -316162
53100 -316160
53200 -316160
53300 -316137
53400 -316127
53500 -316074
53600 -316065
53700 -316065
53800 -316063
53900 -316055
54000 -316015
54100 -315952
54200 -315952
54300 -315937
54400 -315937
54500 -315937
54600 -315903
54700 -315804
54800 -315804
54900 -315786
55000 -315778
55100 -315770
55200 -315770
55300 -315744
55400 -315740
55500 -315740
55600 -315740
55700 -315740
55800 -315728
55900 -315684
56000 -315684
56100 -315676
56200 -315676
56300 -315639
56400 -315626
56500 -315616
56600 -315616
56700 -315616
56800 -315605
56900 -315585
57000 -315585
57100 -315510
57200 -315501
57300 -315501
57400 -315498
57500 -315489
57600 -315489
57700 -315426
57800 -315418
57900 -315418
58000 -315385
58100 -315378
58200 -315333
58300 -315321
58400 -315307
58500 -315307
58600 -315307
58700 -315283
58800 -315272
58900 -315272
59000 -315272
59100 -315246
59200 -315246
59300 -315241
59400 -315235
59500 -315220
59600 -315220
59700 -315206
59800 -315191
59900 -315180
60000 -315170
60100 -315149
60200 -315149
60300 -315056
60400 -315056
60500 -315038
60600 -315038
60700 -315038
60800 -315038
60900 -315006
61000 -315006
61100 -315006
61200 -315006
61300 -315001
61400 -315001
61500 -314993
61600 -314993
61700 -314993
61800 -314970
61900 -314966
62000 -314945
62100 -314945
62200 -314925
62300 -314914
62400 -314905
62500 -314905
62600 -314905
62700 -314879
62800 -314879
62900 -314879
63000 -314879
63100 -314879
63200 -314879
63300 -314879
63400 -314864
63500 -314836
63600 -314797
63700 -314797
63800 -314770
63900 -314770
64000 -314770
64100 -314766
64200 -314766
64300 -314766
64400 -314759
64500 -314759
64600 -314759
64700 -314759
64800 -314759
64900 -314759
65000 -314749
65100 -314749
65200 -314748
65300 -314748
65400 -314742
65500 -314704
65600 -314704
65700 -314649
65800 -314622
65900 -314611
66000 -314611
66100 -314523
66200 -314523
66300 -314523
66400 -314517
66500 -314509
66600 -314497
66700 -314476
66800 -314462
