60 -392887
90 -391622
120 -390607
150 -389614
180 -387686
210 -387496
240 -386521
270 -385357
300 -384387
330 -383593
360 -383026
390 -382787
420 -382089
450 -381396
480 -380714
510 -380427
540 -380160
570 -379825
600 -379457
630 -379394
660 -379064
690 -378581
720 -378412
750 -378118
780 -377998
810 -377820
840 -377496
870 -377340
900 -376813
930 -376716
960 -376438
990 -376220
1020 -375939
1050 -375710
1080 -375703
1110 -375575
1140 -375174
1170 -374797
1200 -374177
1230 -373979
1260 -373747
1290 -373635
1320 -373524
1350 -373250
1380 -373037
1410 -372432
1440 -372054
1470 -371754
1500 -371450
1530 -371350
1560 -370983
1590 -370901
1620 -370881
1650 -370542
1680 -370160
1710 -369986
1740 -369723
1770 -369678
1800 -369600
1830 -369361
1860 -369358
1890 -369329
1920 -369280
1950 -369140
1980 -368967
2010 -368853
2040 -368769
2070 -368733
2100 -368690
2130 -368678
2160 -368513
2190 -368365
2220 -368297
2250 -367951
2280 -367885
2310 -367719
2340 -367556
2370 -367476
2400 -367353
2430 -367287
2460 -367173
2490 -367110
2520 -366965
2550 -366952
2580 -366838
2610 -366756
2640 -366691
2670 -366629
2700 -366547
2730 -366510
2760 -366508
2790 -366391
2820 -366356
2850 -366286
2880 -366226
2910 -366208
2940 -366036
2970 -365922
3000 -365826
3030 -365780
3060 -365646
3090 -365514
3120 -365273
3150 -365243
3180 -365174
3210 -365149
3240 -365110
3270 -364797
3300 -364741
3330 -364723
3360 -364623
3390 -364545
3420 -364493
3450 -364398
3480 -364361
3510 -364255
3540 -364158
3570 -364073
3600 -364048
3630 -364039
3660 -363879
3690 -363836
3720 -363749
3750 -363702
3780 -363570
3810 -363430
3840 -363245
3870 -363131
3900 -363107
3930 -363044
3960 -362956
3990 -362763
4020 -362667
4050 -362631
4080 -362590
4110 -362590
4140 -362441
4170 -362387
4200 -362360
4230 -362352
4260 -362292
4290 -362252
4320 -362194
4350 -362098
4380 -362075
4410 -361949
4440 -361936
4470 -361875
4500 -361856
4530 -361744
4560 -361656
4590 -361648
4620 -361627
4650 -361430
4680 -361422
4710 -361303
4740 -361289
4770 -361138
4800 -361095
4830 -361033
4860 -361028
4890 -360961
4920 -360931
4950 -360930
4980 -360876
5010 -360876
5040 -360876
5070 -360864
5100 -360855
5130 -360816
5160 -360758
5190 -360744
5220 -360744
5250 -360709
5280 -360643
5310 -360639
5340 -360608
5370 -360593
5400 -360419
5430 -360419
5460 -360398
5490 -360353
5520 -360353
5550 -360344
5580 -360344
5610 -360341
5640 -360319
5670 -360270
5700 -360164
5730 -360106
5760 -360080
5790 -360074
5820 -360054
5850 -360027
5880 -360010
5910 -359994
5940 -359883
5970 -359857
6000 -359833
6030 -359766
6060 -359717
6090 -359701
6120 -359646
6150 -359645
6180 -359617
6210 -359617
6240 -359602
6270 -359534
6300 -359486
6330 -359420
6360 -359386
6390 -359327
6420 -359327
6450 -359284
6480 -359264
6510 -359264
6540 -359244
6570 -359190
6600 -359096
6630 -359086
6660 -359076
6690 -359014
6720 -358981
6750 -358981
6780 -358965
6810 -358965
6840 -358936
6870 -358929
6900 -358910
6930 -358888
6960 -358837
6990 -358831
7020 -358769
7050 -358600
7080 -358597
7110 -358512
7140 -358491
7170 -358479
7200 -358436
7230 -358332
7260 -358315
7290 -358283
7320 -358265
7350 -358216
7380 -358192
7410 -358192
7440 -358190
7470 -358145
7500 -358058
7530 -358045
7560 -358019
7590 -358012
7620 -358002
7650 -357936
7680 -357876
7710 -357819
7740 -357819
7770 -357819
7800 -357804
7830 -357804
7860 -357698
7890 -357656
7920 -357629
7950 -357629
7980 -357624
8010 -357586
8040 -357554
8070 -357426
8100 -357426
8130 -357418
8160 -357418
8190 -357411
8220 -357410
8250 -357376
8280 -357376
8310 -357332
8340 -357287
8370 -357237
8400 -357216
8430 -357168
8460 -357162
8490 -357112
8520 -357112
8550 -357106
8580 -357106
8610 -357062
8640 -357058
8670 -356892
8700 -356879
8730 -356878
8760 -356860
8790 -356760
8820 -356743
8850 -356725
8880 -356725
8910 -356725
8940 -356706
8970 -356684
9000 -356680
9030 -356661
9060 -356613
9090 -356612
9120 -356609
9150 -356549
9180 -356536
9210 -356447
9240 -356431
9270 -356331
9300 -356298
9330 -356283
9360 -356254
9390 -356215
9420 -356205
9450 -356175
9480 -356172
9510 -356100
9540 -356100
9570 -356100
9600 -356083
9630 -356064
9660 -356064
9690 -356049
9720 -356047
9750 -356044
9780 -356038
9810 -356010
9840 -356004
9870 -356002
9900 -355938
9930 -355930
9960 -355930
9990 -355921
10020 -355909
10050 -355875
10080 -355875
10110 -355837
10140 -355836
10170 -355799
10200 -355759
10230 -355727
10260 -355712
10290 -355676
10320 -355645
10350 -355632
10380 -355588
10410 -355570
10440 -355564
10470 -355558
10500 -355550
10530 -355550
10560 -355545
10590 -355472
10620 -355452
10650 -355452
10680 -355452
10710 -355451
10740 -355447
10770 -355388
10800 -355388
10830 -355361
10860 -355361
10890 -355361
10920 -355356
10950 -355356
10980 -355330
11010 -355292
11040 -355284
11070 -355279
11100 -355220
11130 -355211
11160 -355194
11190 -355194
11220 -355194
11250 -355181
11280 -355171
11310 -355171
11340 -355138
11370 -355134
11400 -355079
11430 -355076
11460 -355070
11490 -355067
11520 -355037
11550 -354994
11580 -354969
11610 -354966
11640 -354963
11670 -354943
11700 -354934
11730 -354934
11760 -354924
11790 -354794
11820 -354794
11850 -354792
11880 -354792
11910 -354760
11940 -354749
11970 -354749
12000 -354732
12030 -354732
12060 -354718
12090 -354718
12120 -354707
12150 -354707
12180 -354672
12210 -354672
12240 -354671
12270 -354570
12300 -354559
12330 -354548
12360 -354548
12390 -354536
12420 -354531
12450 -354517
12480 -354505
12510 -354505
12540 -354490
12570 -354490
12600 -354481
12630 -354481
12660 -354460
12690 -354451
12720 -354442
12750 -354419
12780 -354380
12810 -354380
12840 -354348
12870 -354347
12900 -354340
12930 -354326
12960 -354326
12990 -354325
13020 -354307
13050 -354302
13080 -354283
13110 -354283
13140 -354251
13170 -354249
13200 -354240
13230 -354240
13260 -354202
13290 -354189
13320 -354188
13350 -354183
13380 -354177
13410 -354166
13440 -354159
13470 -354158
13500 -354059
13530 -354056
13560 -354056
13590 -354047
13620 -354047
13650 -354040
13680 -354040
13710 -354029
13740 -354029
13770 -354022
13800 -354021
13830 -354015
13860 -354015
13890 -354013
13920 -353976
13950 -353968
13980 -353968
14010 -353936
14040 -353926
14070 -353885
14100 -353858
14130 -353832
14160 -353824
14190 -353719
14220 -353713
14250 -353702
14280 -353679
14310 -353679
14340 -353625
14370 -353623
14400 -353623
14430 -353623
14460 -353623
14490 -353620
14520 -353577
14550 -353562
14580 -353416
14610 -353416
14640 -353403
14670 -353393
14700 -353391
14730 -353361
14760 -353325
14790 -353325
14820 -353325
14850 -353325
14880 -353286
14910 -353286
14940 -353280
14970 -353280
15000 -353280
15030 -353278
15060 -353252
15090 -353252
15120 -353252
15150 -353227
15180 -353223
15210 -353201
15240 -353197
15270 -353123
15300 -353096
15330 -353094
15360 -353094
15390 -353087
15420 -353086
15450 -353052
15480 -353052
15510 -352989
15540 -352986
15570 -352939
15600 -352839
15630 -352830
15660 -352827
15690 -352804
15720 -352792
15750 -352792
15780 -352792
15810 -352782
15840 -352781
15870 -352781
15900 -352766
15930 -352766
15960 -352762
15990 -352762
16020 -352762
16050 -352752
16080 -352746
16110 -352746
16140 -352687
16170 -352672
16200 -352672
16230 -352672
16260 -352669
16290 -352660
16320 -352647
16350 -352647
16380 -352647
16410 -352636
16440 -352614
16470 -352614
16500 -352607
16530 -352593
16560 -352562
16590 -352545
16620 -352545
16650 -352515
16680 -352515
16710 -352512
16740 -352512
16770 -352507
16800 -352494
16830 -352409
16860 -352379
16890 -352378
16920 -352366
16950 -352338
16980 -352319
17010 -352313
17040 -352313
17070 -352310
17100 -352310
17130 -352304
17160 -352287
17190 -352244
17220 -352238
17250 -352235
17280 -352232
17310 -352212
17340 -352212
17370 -352202
17400 -352170
17430 -352170
17460 -352144
17490 -352127
17520 -352124
17550 -352124
17580 -352112
17610 -352110
17640 -352109
17670 -352109
17700 -352109
17730 -352109
17760 -352101
17790 -352089
17820 -352049
17850 -352045
17880 -352038
17910 -352023
17940 -352023
17970 -352020
18000 -352007
18030 -352005
18060 -351954
18090 -351925
18120 -351925
18150 -351921
18180 -351921
18210 -351908
18240 -351878
18270 -351878
18300 -351877
18330 -351877
18360 -351859
18390 -351859
18420 -351857
18450 -351836
18480 -351828
18510 -351828
18540 -351806
18570 -351804
18600 -351804
18630 -351749
18660 -351749
18690 -351744
18720 -351744
18750 -351744
18780 -351744
18810 -351744
18840 -351744
18870 -351743
18900 -351742
18930 -351742
18960 -351742
18990 -351721
19020 -351690
19050 -351689
19080 -351681
19110 -351632
19140 -351624
19170 -351623
19200 -351554
19230 -351550
19260 -351547
19290 -351547
19320 -351547
19350 -351520
19380 -351520
19410 -351448
19440 -351444
19470 -351430
19500 -351309
19530 -351307
19560 -351245
19590 -351242
19620 -351164
19650 -351164
19680 -351164
19710 -351142
19740 -351124
19770 -351119
19800 -351119
19830 -351115
19860 -351115
19890 -351114
19920 -351106
19950 -351103
19980 -351062
20010 -351062
20040 -351062
20070 -351062
20100 -351057
20130 -351049
20160 -351037
20190 -350977
20220 -350957
20250 -350954
20280 -350938
20310 -350938
20340 -350918
20370 -350900
20400 -350899
20430 -350899
20460 -350899
20490 -350881
20520 -350881
20550 -350849
20580 -350805
20610 -350801
20640 -350801
20670 -350801
20700 -350801
20730 -350801
20760 -350771
20790 -350768
20820 -350767
20850 -350766
20880 -350766
20910 -350766
20940 -350751
20970 -350750
21000 -350750
21030 -350748
21060 -350737
21090 -350737
21120 -350714
21150 -350702
21180 -350702
21210 -350686
21240 -350681
21270 -350676
21300 -350676
21330 -350646
21360 -350638
21390 -350491
21420 -350486
21450 -350483
21480 -350481
21510 -350473
21540 -350473
21570 -350472
21600 -350365
21630 -350365
21660 -350363
21690 -350363
21720 -350363
21750 -350319
21780 -350319
21810 -350276
21840 -350252
21870 -350246
21900 -350241
21930 -350193
21960 -350192
21990 -350189
22020 -350167
22050 -350145
22080 -350145
22110 -350145
22140 -350145
22170 -350145
22200 -350145
22230 -350087
22260 -350075
22290 -350062
22320 -350006
22350 -350006
22380 -349995
22410 -349992
22440 -349992
22470 -349984
22500 -349981
22530 -349981
22560 -349981
22590 -349977
22620 -349974
22650 -349945
22680 -349934
22710 -349934
22740 -349916
22770 -349893
22800 -349893
22830 -349882
22860 -349871
22890 -349854
22920 -349849
22950 -349849
22980 -349849
23010 -349847
23040 -349847
23070 -349819
23100 -349794
23130 -349784
23160 -349731
23190 -349680
23220 -349678
23250 -349675
23280 -349671
23310 -349664
23340 -349658
23370 -349657
23400 -349657
23430 -349657
23460 -349656
23490 -349648
23520 -349642
23550 -349637
23580 -349619
23610 -349612
23640 -349612
23670 -349612
23700 -349587
23730 -349575
23760 -349575
23790 -349572
23820 -349571
23850 -349568
23880 -349554
23910 -349554
23940 -349554
23970 -349552
24000 -349473
24030 -349460
24060 -349456
24090 -349448
24120 -349423
24150 -349415
24180 -349415
24210 -349411
24240 -349387
24270 -349387
24300 -349386
24330 -349314
24360 -349312
24390 -349300
24420 -349271
24450 -349220
24480 -349198
24510 -349198
24540 -349196
24570 -349143
24600 -349039
24630 -349039
24660 -349039
24690 -349030
24720 -349000
24750 -348981
24780 -348885
24810 -348885
24840 -348885
24870 -348861
24900 -348861
24930 -348860
24960 -348848
24990 -348848
25020 -348829
25050 -348829
25080 -348818
25110 -348818
25140 -348818
25170 -348818
25200 -348807
25230 -348806
25260 -348801
25290 -348800
25320 -348772
25350 -348750
25380 -348733
25410 -348719
25440 -348708
25470 -348689
25500 -348676
25530 -348672
25560 -348647
25590 -348629
25620 -348629
25650 -348599
25680 -348599
25710 -348599
25740 -348599
25770 -348597
25800 -348591
25830 -348586
25860 -348575
25890 -348575
25920 -348575
25950 -348575
25980 -348568
26010 -348551
26040 -348551
26070 -348488
26100 -348487
26130 -348447
26160 -348447
26190 -348429
26220 -348429
26250 -348427
26280 -348421
26310 -348421
26340 -348421
26370 -348420
26400 -348420
26430 -348394
26460 -348388
26490 -348364
26520 -348364
26550 -348364
26580 -348364
26610 -348362
26640 -348325
26670 -348315
26700 -348314
26730 -348296
26760 -348291
26790 -348291
26820 -348281
26850 -348281
26880 -348281
26910 -348281
26940 -348260
26970 -348256
27000 -348252
27030 -348223
27060 -348223
27090 -348223
27120 -348223
27150 -348223
27180 -348221
27210 -348221
27240 -348221
27270 -348221
27300 -348179
27330 -348179
27360 -348175
27390 -348175
27420 -348175
27450 -348174
27480 -348153
27510 -348142
27540 -348131
27570 -348125
27600 -348125
27630 -348123
27660 -348123
27690 -348114
27720 -348080
27750 -348080
27780 -348080
27810 -348080
27840 -348080
27870 -348080
27900 -348052
27930 -348052
27960 -348052
27990 -348050
28020 -348050
28050 -348047
28080 -348047
28110 -348047
28140 -348045
28170 -348045
28200 -348027
28230 -348020
28260 -348016
28290 -348016
28320 -347994
28350 -347987
28380 -347982
28410 -347982
28440 -347982
28470 -347981
28500 -347981
28530 -347965
28560 -347965
28590 -347965
28620 -347961
28650 -347947
28680 -347930
28710 -347928
28740 -347928
28770 -347924
28800 -347883
28830 -347868
28860 -347843
28890 -347839
28920 -347824
28950 -347795
28980 -347772
29010 -347772
29040 -347753
29070 -347753
29100 -347707
29130 -347707
29160 -347707
29190 -347707
29220 -347688
29250 -347661
29280 -347661
29310 -347632
29340 -347595
29370 -347588
29400 -347588
29430 -347576
29460 -347571
29490 -347570
29520 -347565
29550 -347562
29580 -347533
29610 -347533
29640 -347533
29670 -347533
29700 -347525
29730 -347506
29760 -347491
29790 -347474
29820 -347472
29850 -347472
29880 -347472
29910 -347472
29940 -347468
29970 -347468
30000 -347468
30030 -347455
30060 -347427
30090 -347427
30120 -347421
30150 -347421
30180 -347421
30210 -347417
30240 -347376
30270 -347376
30300 -347373
30330 -347364
30360 -347364
30390 -347262
30420 -347260
30450 -347260
30480 -347255
30510 -347255
30540 -347250
30570 -347250
30600 -347220
30630 -347211
30660 -347181
30690 -347172
30720 -347172
30750 -347166
30780 -347164
30810 -347164
30840 -347157
30870 -347157
30900 -347157
30930 -347157
30960 -347157
30990 -347157
31020 -347157
31050 -347154
31080 -347151
31110 -347151
31140 -347146
31170 -347097
31200 -347090
31230 -347089
31260 -347075
31290 -347075
31320 -347072
31350 -347054
31380 -347054
31410 -347052
31440 -347052
31470 -347052
31500 -347052
31530 -347028
31560 -347018
31590 -347013
31620 -347013
31650 -347012
31680 -346988
31710 -346988
31740 -346988
31770 -346956
31800 -346956
31830 -346956
31860 -346955
31890 -346949
31920 -346933
31950 -346933
31980 -346933
32010 -346933
32040 -346927
32070 -346927
32100 -346927
32130 -346927
32160 -346889
32190 -346865
32220 -346858
32250 -346858
32280 -346858
32310 -346844
32340 -346844
32370 -346826
32400 -346818
32430 -346817
32460 -346813
32490 -346813
32520 -346813
32550 -346790
32580 -346790
32610 -346754
32640 -346671
32670 -346671
32700 -346670
32730 -346670
32760 -346670
32790 -346663
32820 -346646
32850 -346646
32880 -346646
32910 -346642
32940 -346633
32970 -346633
33000 -346620
33030 -346620
33060 -346604
33090 -346604
33120 -346604
33150 -346595
33180 -346588
33210 -346586
33240 -346586
33270 -346586
33300 -346579
33330 -346579
33360 -346579
33390 -346550
33420 -346550
33450 -346550
33480 -346543
33510 -346543
33540 -346518
33570 -346513
33600 -346513
33630 -346508
33660 -346508
33690 -346501
33720 -346463
33750 -346460
33780 -346460
33810 -346460
33840 -346435
33870 -346435
33900 -346419
33930 -346419
33960 -346408
33990 -346400
34020 -346376
34050 -346375
34080 -346375
34110 -346375
34140 -346365
34170 -346365
34200 -346344
34230 -346337
34260 -346337
34290 -346337
34320 -346328
34350 -346328
34380 -346328
34410 -346309
34440 -346284
34470 -346284
34500 -346284
34530 -346284
34560 -346282
34590 -346272
34620 -346268
34650 -346251
34680 -346249
34710 -346248
34740 -346245
34770 -346232
34800 -346219
34830 -346219
34860 -346219
34890 -346219
34920 -346219
34950 -346198
34980 -346198
35010 -346198
35040 -346188
35070 -346188
35100 -346171
35130 -346140
35160 -346140
35190 -346126
35220 -346126
35250 -346102
35280 -346102
35310 -346102
35340 -346102
35370 -346100
35400 -346100
35430 -346099
35460 -346095
35490 -346094
35520 -346090
35550 -346090
35580 -346085
35610 -346078
35640 -346077
35670 -346071
35700 -346071
35730 -346071
35760 -346071
35790 -346071
35820 -346069
35850 -346065
35880 -346065
35910 -346056
35940 -346039
35970 -346004
36000 -345992
36030 -345992
36060 -345982
36090 -345982
36120 -345982
36150 -345980
36180 -345977
36210 -345971
36240 -345946
36270 -345946
36300 -345940
36330 -345939
36360 -345928
36390 -345928
36420 -345928
36450 -345926
36480 -345926
36510 -345921
36540 -345921
36570 -345921
36600 -345920
36630 -345906
36660 -345903
36690 -345903
36720 -345895
36750 -345892
36780 -345892
36810 -345892
36840 -345867
36870 -345866
36900 -345863
36930 -345863
36960 -345863
36990 -345862
37020 -345861
37050 -345861
37080 -345861
37110 -345858
37140 -345858
37170 -345844
37200 -345844
37230 -345844
37260 -345844
37290 -345842
37320 -345837
37350 -345825
37380 -345818
37410 -345798
37440 -345798
37470 -345798
37500 -345798
37530 -345798
37560 -345798
37590 -345798
37620 -345792
37650 -345792
37680 -345792
37710 -345784
37740 -345769
37770 -345764
37800 -345764
37830 -345764
37860 -345760
37890 -345740
37920 -345740
37950 -345740
37980 -345737
38010 -345737
38040 -345712
38070 -345710
38100 -345708
38130 -345708
38160 -345708
38190 -345698
38220 -345698
38250 -345693
38280 -345690
38310 -345683
38340 -345683
38370 -345683
38400 -345678
38430 -345678
38460 -345678
38490 -345678
38520 -345678
38550 -345678
38580 -345676
38610 -345676
38640 -345676
38670 -345676
38700 -345676
38730 -345674
38760 -345667
38790 -345667
38820 -345664
38850 -345664
38880 -345664
38910 -345658
38940 -345658
38970 -345652
39000 -345652
39030 -345644
39060 -345632
39090 -345626
39120 -345626
39150 -345626
39180 -345619
39210 -345618
39240 -345618
39270 -345603
39300 -345598
39330 -345592
39360 -345592
39390 -345576
39420 -345576
39450 -345570
39480 -345570
39510 -345566
39540 -345557
39570 -345552
39600 -345552
39630 -345549
39660 -345516
39690 -345514
39720 -345490
39750 -345485
39780 -345485
39810 -345484
39840 -345462
39870 -345462
39900 -345445
39930 -345438
39960 -345435
39990 -345434
40020 -345431
40050 -345431
40080 -345431
40110 -345431
40140 -345431
40170 -345423
40200 -345422
40230 -345422
40260 -345421
40290 -345387
40320 -345387
40350 -345384
40380 -345373
40410 -345368
40440 -345361
40470 -345361
40500 -345359
40530 -345359
40560 -345359
40590 -345359
40620 -345359
40650 -345359
40680 -345359
40710 -345349
40740 -345323
40770 -345323
40800 -345323
40830 -345302
40860 -345299
40890 -345299
40920 -345278
40950 -345250
40980 -345250
41010 -345250
41040 -345250
41070 -345242
41100 -345242
41130 -345236
41160 -345232
41190 -345211
41220 -345208
41250 -345208
41280 -345208
41310 -345208
41340 -345208
41370 -345199
41400 -345199
41430 -345192
41460 -345191
41490 -345182
41520 -345182
41550 -345142
41580 -345142
41610 -345142
41640 -345128
41670 -345106
41700 -345078
41730 -345078
41760 -345076
41790 -345076
41820 -345076
41850 -345076
41880 -345076
41910 -345076
41940 -345076
41970 -345076
42000 -345076
42030 -345067
42060 -345065
42090 -345064
42120 -345064
42150 -345063
42180 -345053
42210 -345053
42240 -345053
42270 -345048
42300 -345046
42330 -345045
42360 -345045
42390 -345045
42420 -345023
42450 -345023
42480 -345023
42510 -345021
42540 -345004
42570 -345004
42600 -344999
42630 -344999
42660 -344992
42690 -344992
42720 -344990
42750 -344979
42780 -344979
42810 -344979
42840 -344979
42870 -344976
42900 -344974
42930 -344973
42960 -344973
42990 -344955
43020 -344949
43050 -344936
43080 -344936
43110 -344936
43140 -344936
43170 -344934
43200 -344931
43230 -344930
43260 -344930
43290 -344915
43320 -344912
43350 -344912
43380 -344912
43410 -344909
43440 -344909
43470 -344894
43500 -344894
43530 -344894
43560 -344894
43590 -344885
43620 -344885
43650 -344864
43680 -344862
43710 -344862
43740 -344862
43770 -344846
43800 -344828
43830 -344827
43860 -344827
43890 -344827
43920 -344824
43950 -344824
43980 -344824
44010 -344824
44040 -344824
44070 -344805
44100 -344805
44130 -344796
44160 -344796
44190 -344784
44220 -344777
44250 -344771
44280 -344764
44310 -344764
44340 -344764
44370 -344764
44400 -344762
44430 -344754
44460 -344734
44490 -344718
44520 -344706
44550 -344702
44580 -344700
44610 -344700
44640 -344700
44670 -344696
44700 -344696
44730 -344693
44760 -344693
44790 -344692
44820 -344688
44850 -344688
44880 -344688
44910 -344688
44940 -344666
44970 -344658
45000 -344645
45030 -344645
45060 -344645
45090 -344645
45120 -344645
45150 -344614
45180 -344614
45210 -344614
45240 -344614
45270 -344605
45300 -344592
45330 -344592
45360 -344592
45390 -344592
45420 -344591
45450 -344589
45480 -344589
45510 -344589
45540 -344589
45570 -344589
45600 -344585
45630 -344585
45660 -344585
45690 -344585
45720 -344583
45750 -344570
45780 -344567
45810 -344567
45840 -344567
45870 -344567
45900 -344560
45930 -344559
45960 -344553
45990 -344544
46020 -344534
46050 -344527
46080 -344521
46110 -344518
46140 -344516
46170 -344516
46200 -344516
46230 -344516
46260 -344516
46290 -344516
46320 -344502
46350 -344502
46380 -344501
46410 -344501
46440 -344495
46470 -344495
46500 -344495
46530 -344494
46560 -344494
46590 -344488
46620 -344488
46650 -344476
46680 -344467
46710 -344462
46740 -344461
46770 -344461
46800 -344458
46830 -344453
46860 -344445
46890 -344445
46920 -344444
46950 -344444
46980 -344443
47010 -344443
47040 -344408
47070 -344393
47100 -344375
47130 -344375
47160 -344375
47190 -344342
47220 -344332
47250 -344301
47280 -344301
47310 -344297
47340 -344297
47370 -344297
47400 -344297
47430 -344297
47460 -344283
47490 -344283
47520 -344283
47550 -344281
47580 -344281
47610 -344272
47640 -344272
47670 -344272
47700 -344269
47730 -344269
47760 -344269
47790 -344259
47820 -344259
47850 -344244
47880 -344244
47910 -344244
47940 -344244
47970 -344239
48000 -344239
48030 -344239
48060 -344238
48090 -344238
48120 -344238
48150 -344238
48180 -344231
48210 -344231
48240 -344231
48270 -344228
48300 -344228
48330 -344228
48360 -344228
48390 -344225
48420 -344219
48450 -344200
48480 -344197
48510 -344182
48540 -344182
48570 -344182
48600 -344181
48630 -344172
48660 -344172
48690 -344172
48720 -344172
48750 -344172
48780 -344155
48810 -344138
48840 -344132
48870 -344126
48900 -344108
48930 -344103
48960 -344103
48990 -344103
49020 -344091
49050 -344090
49080 -344085
49110 -344085
49140 -344085
49170 -344068
49200 -344068
49230 -344068
49260 -344068
49290 -344068
49320 -344067
49350 -344067
49380 -344067
49410 -344060
49440 -344059
49470 -344055
49500 -344052
49530 -344051
49560 -344051
49590 -344051
49620 -344051
49650 -344051
49680 -344020
49710 -344020
49740 -344007
49770 -344007
49800 -344007
49830 -344006
49860 -344006
49890 -344006
49920 -344006
49950 -344006
49980 -344005
50010 -344005
50040 -344005
50070 -343995
50100 -343989
50130 -343989
50160 -343989
50190 -343988
50220 -343988
50250 -343988
50280 -343988
50310 -343988
50340 -343987
50370 -343965
50400 -343959
50430 -343959
50460 -343957
50490 -343947
50520 -343946
50550 -343943
50580 -343943
50610 -343943
50640 -343943
50670 -343940
50700 -343940
50730 -343935
50760 -343935
50790 -343935
50820 -343935
50850 -343933
50880 -343919
50910 -343890
50940 -343890
50970 -343890
51000 -343885
51030 -343885
51060 -343882
51090 -343874
51120 -343874
51150 -343874
51180 -343873
51210 -343870
51240 -343864
51270 -343864
51300 -343864
51330 -343858
51360 -343856
51390 -343846
51420 -343842
51450 -343822
51480 -343814
51510 -343814
51540 -343785
51570 -343773
51600 -343770
51630 -343770
51660 -343770
51690 -343770
51720 -343767
51750 -343767
51780 -343760
51810 -343760
51840 -343751
51870 -343751
51900 -343751
51930 -343751
51960 -343751
51990 -343751
52020 -343742
52050 -343742
52080 -343741
52110 -343741
52140 -343735
52170 -343728
52200 -343719
52230 -343719
52260 -343718
52290 -343714
52320 -343714
52350 -343714
52380 -343714
52410 -343714
52440 -343700
52470 -343700
52500 -343699
52530 -343699
52560 -343699
52590 -343699
52620 -343681
52650 -343680
52680 -343677
52710 -343677
52740 -343667
52770 -343659
52800 -343659
52830 -343659
52860 -343659
52890 -343654
52920 -343649
52950 -343630
52980 -343540
53010 -343540
53040 -343540
53070 -343540
53100 -343516
53130 -343516
53160 -343516
53190 -343437
53220 -343437
53250 -343434
53280 -343434
53310 -343433
53340 -343433
53370 -343433
53400 -343433
53430 -343433
53460 -343433
53490 -343431
53520 -343431
53550 -343431
53580 -343411
53610 -343409
53640 -343409
53670 -343401
53700 -343401
53730 -343401
53760 -343398
53790 -343398
53820 -343398
53850 -343398
53880 -343398
53910 -343395
53940 -343380
53970 -343380
54000 -343373
54030 -343373
54060 -343363
54090 -343363
54120 -343354
54150 -343313
54180 -343313
54210 -343311
54240 -343309
54270 -343308
54300 -343308
54330 -343308
54360 -343308
54390 -343308
54420 -343304
54450 -343303
54480 -343300
54510 -343300
54540 -343291
54570 -343291
54600 -343291
54630 -343291
54660 -343291
54690 -343291
54720 -343289
54750 -343289
54780 -343289
54810 -343289
54840 -343289
54870 -343289
54900 -343284
54930 -343276
54960 -343272
54990 -343272
55020 -343271
55050 -343269
55080 -343269
55110 -343269
55140 -343267
55170 -343266
55200 -343250
55230 -343250
55260 -343250
55290 -343250
55320 -343235
55350 -343235
55380 -343235
55410 -343215
55440 -343215
55470 -343213
55500 -343211
55530 -343205
55560 -343205
55590 -343205
55620 -343205
55650 -343142
55680 -343142
55710 -343142
55740 -343141
55770 -343141
55800 -343141
55830 -343141
55860 -343141
55890 -343117
55920 -343117
55950 -343117
55980 -343117
56010 -343109
56040 -343106
56070 -343106
56100 -343106
56130 -343098
56160 -343077
56190 -343077
56220 -343054
56250 -343052
56280 -343052
56310 -343048
56340 -343041
56370 -343041
56400 -343041
56430 -343041
56460 -343039
56490 -343039
56520 -343039
56550 -343039
56580 -343038
56610 -343036
56640 -343036
56670 -343036
56700 -343036
56730 -343036
56760 -343026
56790 -343004
56820 -343004
56850 -343004
56880 -342998
56910 -342998
56940 -342998
56970 -342998
57000 -342998
57030 -342998
57060 -342998
57090 -342989
57120 -342987
57150 -342987
57180 -342979
57210 -342979
57240 -342976
57270 -342976
57300 -342974
57330 -342974
57360 -342966
57390 -342962
57420 -342962
57450 -342958
57480 -342926
57510 -342926
57540 -342926
57570 -342926
57600 -342926
57630 -342925
57660 -342912
57690 -342911
57720 -342902
57750 -342902
57780 -342897
57810 -342897
57840 -342883
57870 -342876
57900 -342874
57930 -342874
57960 -342854
57990 -342854
58020 -342846
58050 -342846
58080 -342843
58110 -342833
58140 -342833
58170 -342833
58200 -342827
58230 -342817
58260 -342811
58290 -342811
58320 -342811
58350 -342811
58380 -342811
58410 -342811
58440 -342811
58470 -342810
58500 -342810
58530 -342810
58560 -342810
58590 -342806
58620 -342802
58650 -342802
58680 -342802
58710 -342802
58740 -342802
58770 -342798
58800 -342798
58830 -342798
58860 -342796
58890 -342796
58920 -342796
58950 -342796
58980 -342787
59010 -342766
59040 -342766
59070 -342756
59100 -342756
59130 -342756
59160 -342756
59190 -342756
59220 -342756
59250 -342756
59280 -342756
59310 -342756
59340 -342756
59370 -342749
59400 -342749
59430 -342738
59460 -342732
59490 -342726
59520 -342726
59550 -342707
59580 -342707
59610 -342707
59640 -342707
59670 -342707
59700 -342707
59730 -342707
59760 -342707
59790 -342707
59820 -342707
59850 -342707
59880 -342707
59910 -342707
59940 -342690
59970 -342685
60000 -342682
60030 -342681
60060 -342681
60090 -342681
60120 -342675
60150 -342673
60180 -342667
60210 -342667
60240 -342656
60270 -342656
60300 -342649
60330 -342648
60360 -342648
60390 -342648
60420 -342648
60450 -342648
60480 -342648
60510 -342647
60540 -342626
60570 -342614
60600 -342614
60630 -342612
60660 -342612
60690 -342612
60720 -342612
60750 -342612
60780 -342612
60810 -342612
60840 -342612
60870 -342612
60900 -342610
60930 -342605
60960 -342604
60990 -342594
61020 -342594
61050 -342594
61080 -342594
61110 -342594
61140 -342593
61170 -342592
61200 -342592
61230 -342592
61260 -342592
61290 -342592
61320 -342592
61350 -342591
61380 -342591
61410 -342591
61440 -342590
61470 -342590
61500 -342590
61530 -342587
61560 -342580
61590 -342580
61620 -342570
61650 -342562
61680 -342562
61710 -342562
61740 -342560
61770 -342560
61800 -342560
61830 -342558
61860 -342558
61890 -342558
61920 -342558
61950 -342555
61980 -342555
62010 -342554
62040 -342547
62070 -342544
62100 -342542
62130 -342542
62160 -342535
62190 -342519
62220 -342519
62250 -342514
62280 -342501
62310 -342501
62340 -342501
62370 -342492
62400 -342492
62430 -342480
62460 -342479
62490 -342461
62520 -342461
62550 -342461
62580 -342461
62610 -342461
62640 -342461
62670 -342453
62700 -342453
62730 -342451
62760 -342451
62790 -342451
62820 -342450
62850 -342450
62880 -342446
62910 -342446
62940 -342435
62970 -342435
63000 -342432
63030 -342432
63060 -342431
63090 -342431
63120 -342431
63150 -342431
63180 -342431
63210 -342426
63240 -342425
63270 -342425
63300 -342425
63330 -342425
63360 -342424
63390 -342424
63420 -342424
63450 -342424
63480 -342424
63510 -342405
63540 -342405
63570 -342405
63600 -342405
63630 -342403
63660 -342403
63690 -342403
63720 -342403
63750 -342403
63780 -342403
63810 -342403
63840 -342403
63870 -342403
63900 -342396
63930 -342392
63960 -342392
63990 -342387
64020 -342368
64050 -342368
64080 -342364
64110 -342364
64140 -342358
64170 -342348
64200 -342348
64230 -342348
64260 -342348
64290 -342348
64320 -342348
64350 -342346
64380 -342346
64410 -342346
64440 -342346
64470 -342332
64500 -342332
64530 -342324
64560 -342324
64590 -342324
64620 -342276
64650 -342273
64680 -342273
64710 -342273
64740 -342273
64770 -342273
64800 -342273
64830 -342273
64860 -342273
64890 -342273
64920 -342273
64950 -342266
64980 -342266
65010 -342266
65040 -342257
65070 -342257
65100 -342257
65130 -342242
65160 -342241
65190 -342241
65220 -342240
65250 -342234
65280 -342234
65310 -342234
65340 -342234
65370 -342231
65400 -342231
65430 -342230
65460 -342230
65490 -342214
65520 -342214
65550 -342214
65580 -342201
65610 -342201
65640 -342201
65670 -342201
65700 -342198
65730 -342197
65760 -342197
65790 -342143
65820 -342143
65850 -342143
65880 -342143
65910 -342137
65940 -342137
65970 -342133
66000 -342129
66030 -342127
66060 -342127
66090 -342127
66120 -342123
66150 -342123
66180 -342108
66210 -342106
66240 -342091
66270 -342082
66300 -342082
66330 -342080
66360 -342078
66390 -342073
66420 -342073
66450 -342073
66480 -342073
66510 -342073
66540 -342073
66570 -342072
66600 -342072
66630 -342072
66660 -342072
66690 -342066
66720 -342065
66750 -342063
66780 -341968
66810 -341923
66840 -341923
66870 -341900
66900 -341900
66930 -341900
66960 -341900
66990 -341900
67020 -341900
67050 -341899
67080 -341899
67110 -341895
67140 -341873
67170 -341873
67200 -341870
67230 -341870
67260 -341870
67290 -341870
67320 -341858
67350 -341822
67380 -341820
67410 -341820
67440 -341819
67470 -341819
67500 -341788
67530 -341788
67560 -341787
67590 -341787
67620 -341764
67650 -341764
67680 -341764
67710 -341759
67740 -341759
67770 -341759
67800 -341751
67830 -341751
67860 -341751
67890 -341751
67920 -341751
67950 -341751
67980 -341751
68010 -341750
68040 -341750
68070 -341750
68100 -341750
68130 -341746
68160 -341730
68190 -341727
68220 -341726
68250 -341711
68280 -341711
68310 -341711
68340 -341711
68370 -341711
68400 -341711
68430 -341710
68460 -341710
68490 -341679
68520 -341679
68550 -341673
68580 -341671
68610 -341663
68640 -341663
68670 -341663
68700 -341663
68730 -341663
68760 -341663
68790 -341655
68820 -341653
68850 -341653
68880 -341653
68910 -341643
68940 -341641
68970 -341641
69000 -341641
69030 -341629
69060 -341629
69090 -341629
69120 -341622
69150 -341622
69180 -341620
69210 -341616
69240 -341604
69270 -341604
69300 -341604
69330 -341604
69360 -341599
69390 -341480
69420 -341469
69450 -341469
69480 -341448
69510 -341446
69540 -341442
69570 -341429
69600 -341425
69630 -341424
69660 -341424
69690 -341424
69720 -341424
69750 -341424
69780 -341414
69810 -341414
69840 -341411
69870 -341393
69900 -341393
69930 -341393
69960 -341393
69990 -341393
70020 -341388
70050 -341388
70080 -341388
70110 -341388
70140 -341388
70170 -341388
70200 -341387
70230 -341387
70260 -341387
70290 -341387
70320 -341387
70350 -341385
70380 -341385
70410 -341385
70440 -341384
70470 -341380
70500 -341376
70530 -341376
70560 -341374
70590 -341373
70620 -341363
70650 -341363
70680 -341363
70710 -341363
70740 -341363
70770 -341358
70800 -341355
70830 -341355
70860 -341355
70890 -341349
70920 -341330
70950 -341330
70980 -341330
71010 -341330
71040 -341330
71070 -341329
71100 -341315
71130 -341315
71160 -341315
71190 -341315
71220 -341315
71250 -341315
71280 -341315
71310 -341315
71340 -341315
71370 -341295
71400 -341295
71430 -341278
71460 -341267
71490 -341267
71520 -341267
71550 -341264
71580 -341264
71610 -341264
71640 -341259
71670 -341259
71700 -341259
71730 -341254
71760 -341252
71790 -341252
71820 -341246
71850 -341239
71880 -341238
71910 -341238
71940 -341238
71970 -341238
72000 -341238
72030 -341230
72060 -341228
72090 -341228
72120 -341228
72150 -341224
72180 -341221
72210 -341220
72240 -341212
72270 -341196
72300 -341179
72330 -341149
72360 -341142
72390 -341135
72420 -341135
72450 -341135
72480 -341135
72510 -341135
72540 -341135
72570 -341135
72600 -341135
72630 -341135
72660 -341135
72690 -341135
72720 -341133
72750 -341133
72780 -341132
72810 -341132
72840 -341132
72870 -341132
72900 -341108
72930 -341100
72960 -341100
72990 -341100
73020 -341100
73050 -341098
73080 -341098
73110 -341094
73140 -341054
73170 -341054
73200 -341053
73230 -341052
73260 -341046
73290 -341046
73320 -341046
73350 -341039
73380 -341036
73410 -341036
73440 -341030
73470 -341030
73500 -341030
73530 -341029
73560 -341027
73590 -341023
73620 -341022
73650 -341021
73680 -341021
73710 -341021
73740 -341021
73770 -341021
73800 -341021
73830 -341021
73860 -341020
73890 -341020
73920 -341019
73950 -341019
73980 -341019
74010 -341016
74040 -341012
74070 -341012
74100 -341012
74130 -341012
74160 -341012
74190 -341012
74220 -341012
74250 -340972
74280 -340970
74310 -340970
74340 -340970
74370 -340962
74400 -340955
74430 -340955
74460 -340955
74490 -340955
74520 -340955
74550 -340945
74580 -340939
74610 -340939
74640 -340923
74670 -340920
74700 -340920
74730 -340918
74760 -340918
74790 -340918
74820 -340918
74850 -340918
74880 -340918
74910 -340918
74940 -340918
74970 -340914
75000 -340906
75030 -340906
75060 -340906
75090 -340906
75120 -340905
75150 -340905
75180 -340905
75210 -340875
75240 -340864
75270 -340864
75300 -340864
75330 -340858
75360 -340858
75390 -340856
75420 -340856
75450 -340856
75480 -340853
75510 -340831
75540 -340831
75570 -340831
75600 -340831
75630 -340810
75660 -340809
75690 -340804
75720 -340804
75750 -340788
75780 -340788
75810 -340788
75840 -340786
75870 -340768
75900 -340768
75930 -340768
75960 -340768
75990 -340764
76020 -340764
76050 -340764
76080 -340764
76110 -340764
76140 -340764
76170 -340764
76200 -340738
76230 -340738
76260 -340738
76290 -340738
76320 -340738
76350 -340736
76380 -340736
76410 -340729
76440 -340726
76470 -340726
76500 -340726
76530 -340724
76560 -340724
76590 -340724
76620 -340718
76650 -340718
76680 -340718
76710 -340718
76740 -340718
76770 -340697
76800 -340697
76830 -340697
76860 -340697
76890 -340697
76920 -340697
76950 -340696
76980 -340696
77010 -340682
77040 -340682
77070 -340682
77100 -340676
77130 -340676
77160 -340668
77190 -340668
77220 -340668
77250 -340668
77280 -340617
77310 -340617
77340 -340612
77370 -340612
77400 -340612
77430 -340612
77460 -340612
77490 -340599
77520 -340599
77550 -340590
77580 -340590
77610 -340589
77640 -340589
77670 -340578
77700 -340578
77730 -340578
77760 -340577
77790 -340577
77820 -340577
77850 -340577
77880 -340577
77910 -340577
77940 -340577
77970 -340531
78000 -340531
78030 -340527
78060 -340527
78090 -340517
78120 -340517
78150 -340517
78180 -340492
78210 -340489
78240 -340482
78270 -340482
78300 -340482
78330 -340481
78360 -340481
78390 -340476
78420 -340476
78450 -340476
78480 -340476
78510 -340476
78540 -340473
78570 -340473
78600 -340473
78630 -340464
78660 -340464
78690 -340460
78720 -340460
78750 -340460
78780 -340460
78810 -340460
78840 -340460
78870 -340456
78900 -340456
78930 -340456
78960 -340456
78990 -340456
79020 -340456
79050 -340444
79080 -340440
79110 -340440
79140 -340439
79170 -340439
79200 -340439
79230 -340437
79260 -340437
79290 -340437
79320 -340437
79350 -340437
79380 -340437
79410 -340428
79440 -340422
79470 -340421
79500 -340421
79530 -340421
79560 -340421
79590 -340421
79620 -340421
79650 -340412
79680 -340399
79710 -340399
79740 -340399
79770 -340379
79800 -340376
79830 -340376
79860 -340374
79890 -340368
79920 -340346
79950 -340346
79980 -340339
80010 -340332
80040 -340332
80070 -340331
80100 -340331
80130 -340323
80160 -340323
80190 -340323
80220 -340323
80250 -340323
80280 -340323
80310 -340322
80340 -340322
80370 -340320
80400 -340308
80430 -340308
80460 -340308
80490 -340308
80520 -340287
80550 -340287
80580 -340287
80610 -340287
80640 -340286
80670 -340281
80700 -340281
80730 -340281
80760 -340280
80790 -340280
80820 -340280
80850 -340280
80880 -340277
80910 -340276
80940 -340276
80970 -340273
81000 -340273
81030 -340273
81060 -340273
81090 -340244
81120 -340225
81150 -340225
81180 -340225
81210 -340225
81240 -340218
81270 -340216
81300 -340216
81330 -340215
81360 -340211
81390 -340211
81420 -340211
81450 -340211
81480 -340211
81510 -340211
81540 -340211
81570 -340211
81600 -340211
81630 -340211
81660 -340207
81690 -340206
81720 -340206
81750 -340206
81780 -340206
81810 -340206
81840 -340204
81870 -340204
81900 -340204
81930 -340204
81960 -340204
81990 -340204
82020 -340199
82050 -340197
82080 -340197
82110 -340197
82140 -340196
