60 -327221
90 -326503
120 -325931
150 -325103
180 -324438
210 -323587
240 -323099
270 -322798
300 -321652
330 -321341
360 -321088
390 -320126
420 -319498
450 -319082
480 -318689
510 -318263
540 -318082
570 -317531
600 -317457
630 -317211
660 -317014
690 -316851
720 -316488
750 -316135
780 -315933
810 -315871
840 -315771
870 -315771
900 -315309
930 -315118
960 -314781
990 -314704
1020 -314307
1050 -314176
1080 -313960
1110 -313466
1140 -313358
1170 -313048
1200 -312938
1230 -312786
1260 -312499
1290 -312399
1320 -312390
1350 -312072
1380 -311922
1410 -311833
1440 -311736
1470 -311625
1500 -311300
1530 -311131
1560 -310960
1590 -310857
1620 -310752
1650 -310456
1680 -310405
1710 -310258
1740 -310040
1770 -309864
1800 -309635
1830 -309563
1860 -309428
1890 -309351
1920 -309203
1950 -309115
1980 -309084
2010 -308949
2040 -308928
2070 -308862
2100 -308842
2130 -308735
2160 -308661
2190 -308560
2220 -308478
2250 -308390
2280 -308265
2310 -308243
2340 -308230
2370 -308112
2400 -307815
2430 -307778
2460 -307645
2490 -307490
2520 -307441
2550 -307356
2580 -307142
2610 -307107
2640 -307022
2670 -306934
2700 -306817
2730 -306668
2760 -306510
2790 -306462
2820 -306259
2850 -306185
2880 -306167
2910 -306136
2940 -306125
2970 -305941
3000 -305829
3030 -305815
3060 -305640
3090 -305604
3120 -305500
3150 -305414
3180 -305392
3210 -305379
3240 -305264
3270 -305198
3300 -304984
3330 -304964
3360 -304918
3390 -304885
3420 -304855
3450 -304794
3480 -304777
3510 -304758
3540 -304735
3570 -304660
3600 -304590
3630 -304449
3660 -304378
3690 -304199
3720 -304184
3750 -304151
3780 -304146
3810 -304093
3840 -303987
3870 -303967
3900 -303900
3930 -303737
3960 -303730
3990 -303688
4020 -303602
4050 -303473
4080 -303293
4110 -303232
4140 -303180
4170 -303031
4200 -302968
4230 -302922
4260 -302863
4290 -302808
4320 -302784
4350 -302780
4380 -302754
4410 -302753
4440 -302690
4470 -302684
4500 -302648
4530 -302621
4560 -302561
4590 -302536
4620 -302487
4650 -302361
4680 -302305
4710 -302149
4740 -302107
4770 -302056
4800 -302042
4830 -301978
4860 -301871
4890 -301814
4920 -301739
4950 -301653
4980 -301653
5010 -301619
5040 -301583
5070 -301558
5100 -301532
5130 -301515
5160 -301491
5190 -301444
5220 -301429
5250 -301416
5280 -301332
5310 -301331
5340 -301326
5370 -301283
5400 -301268
5430 -301261
5460 -301256
5490 -301158
5520 -301143
5550 -301107
5580 -301069
5610 -301062
5640 -301057
5670 -300961
5700 -300946
5730 -300900
5760 -300838
5790 -300798
5820 -300793
5850 -300769
5880 -300723
5910 -300714
5940 -300603
5970 -300540
6000 -300484
6030 -300464
6060 -300383
6090 -300347
6120 -300328
6150 -300291
6180 -300269
6210 -300211
6240 -300179
6270 -300144
6300 -300141
6330 -300058
6360 -300058
6390 -300000
6420 -300000
6450 -299978
6480 -299933
6510 -299871
6540 -299795
6570 -299795
6600 -299769
6630 -299725
6660 -299704
6690 -299643
6720 -299623
6750 -299585
6780 -299573
6810 -299568
6840 -299509
6870 -299435
6900 -299395
6930 -299392
6960 -299378
6990 -299368
7020 -299366
7050 -299339
7080 -299285
7110 -299246
7140 -299233
7170 -299142
7200 -299053
7230 -299014
7260 -299004
7290 -298905
7320 -298829
7350 -298822
7380 -298795
7410 -298712
7440 -298646
7470 -298555
7500 -298499
7530 -298438
7560 -298405
7590 -298405
7620 -298377
7650 -298371
7680 -298345
7710 -298328
7740 -298328
7770 -298315
7800 -298315
7830 -298312
7860 -298293
7890 -298281
7920 -298278
7950 -298278
7980 -298258
8010 -298210
8040 -298197
8070 -298153
8100 -298149
8130 -298149
8160 -298089
8190 -298045
8220 -298043
8250 -298024
8280 -298002
8310 -297925
8340 -297868
8370 -297851
8400 -297848
8430 -297834
8460 -297818
8490 -297818
8520 -297801
8550 -297793
8580 -297786
8610 -297763
8640 -297761
8670 -297714
8700 -297706
8730 -297694
8760 -297650
8790 -297649
8820 -297643
8850 -297597
8880 -297522
8910 -297492
8940 -297474
8970 -297457
9000 -297419
9030 -297348
9060 -297300
9090 -297201
9120 -297194
9150 -297167
9180 -297153
9210 -297150
9240 -297123
9270 -297119
9300 -297100
9330 -297038
9360 -297000
9390 -296981
9420 -296979
9450 -296952
9480 -296942
9510 -296924
9540 -296894
9570 -296894
9600 -296846
9630 -296777
9660 -296772
9690 -296722
9720 -296719
9750 -296680
9780 -296670
9810 -296649
9840 -296648
9870 -296581
9900 -296542
9930 -296513
9960 -296513
