60 -378845
90 -377771
120 -376153
150 -374960
180 -373599
210 -372394
240 -371759
270 -370888
300 -370229
330 -370013
360 -369379
390 -368854
420 -367904
450 -367392
480 -367007
510 -365933
540 -364863
570 -364572
600 -364012
630 -363763
660 -363714
690 -363676
720 -363385
750 -363323
780 -363081
810 -362894
840 -362806
870 -362608
900 -362036
930 -361818
960 -361300
990 -361251
1020 -361081
1050 -360819
1080 -360545
1110 -360266
1140 -360154
1170 -359548
1200 -359124
1230 -358982
1260 -358532
1290 -358420
1320 -358233
1350 -358001
1380 -357750
1410 -357610
1440 -357375
1470 -357224
1500 -357127
1530 -356899
1560 -356800
1590 -356768
1620 -356688
1650 -356490
1680 -356106
1710 -355785
1740 -355760
1770 -355517
1800 -355315
1830 -355158
1860 -354932
1890 -354877
1920 -354600
1950 -354296
1980 -354293
2010 -354043
2040 -353894
2070 -353808
2100 -353689
2130 -353538
2160 -353427
2190 -353402
2220 -353275
2250 -353176
2280 -353069
2310 -352975
2340 -352860
2370 -352789
2400 -352333
2430 -352283
2460 -352154
2490 -351998
2520 -351934
2550 -351874
2580 -351786
2610 -351544
2640 -351133
2670 -351050
2700 -350951
2730 -350769
2760 -350656
2790 -350548
2820 -350458
2850 -350419
2880 -350409
2910 -350223
2940 -350223
2970 -350110
3000 -350035
3030 -350026
3060 -349911
3090 -349811
3120 -349780
3150 -349671
3180 -349585
3210 -349500
3240 -349454
3270 -349375
3300 -349298
3330 -349173
3360 -349156
3390 -348983
3420 -348884
3450 -348822
3480 -348763
3510 -348696
3540 -348636
3570 -348602
3600 -348571
3630 -348426
3660 -348411
3690 -348239
3720 -348232
3750 -348229
3780 -348198
3810 -348134
3840 -348100
3870 -348091
3900 -347943
3930 -347707
3960 -347706
3990 -347616
4020 -347599
4050 -347545
4080 -347520
4110 -347510
4140 -347486
4170 -347360
4200 -347318
4230 -347276
4260 -347235
4290 -347154
4320 -347044
4350 -346897
4380 -346897
4410 -346836
4440 -346693
4470 -346682
4500 -346630
4530 -346623
4560 -346571
4590 -346508
4620 -346496
4650 -346385
4680 -346373
4710 -346340
4740 -346314
4770 -346291
4800 -346263
4830 -346242
4860 -346128
4890 -346080
4920 -346053
4950 -345820
4980 -345696
5010 -345689
5040 -345659
5070 -345545
5100 -345509
5130 -345505
5160 -345494
5190 -345482
5220 -345438
5250 -345433
5280 -345352
5310 -345246
5340 -345194
5370 -345151
5400 -345145
5430 -345096
5460 -344972
5490 -344942
5520 -344930
5550 -344508
5580 -344439
5610 -344439
5640 -344426
5670 -344422
5700 -344422
5730 -344409
5760 -344389
5790 -344240
5820 -344238
5850 -344238
5880 -344208
5910 -344175
5940 -344175
5970 -344165
6000 -344165
6030 -344159
6060 -344127
6090 -344102
6120 -344092
6150 -344070
6180 -344036
6210 -343988
6240 -343971
6270 -343971
6300 -343712
6330 -343708
6360 -343702
6390 -343528
6420 -343491
6450 -343475
6480 -343472
6510 -343356
6540 -343335
6570 -343212
6600 -343184
6630 -343155
6660 -343152
6690 -343107
6720 -343078
6750 -343077
6780 -343035
6810 -343027
6840 -343017
6870 -343001
6900 -342999
6930 -342947
6960 -342947
6990 -342881
7020 -342878
7050 -342811
7080 -342811
7110 -342753
7140 -342729
7170 -342723
7200 -342668
7230 -342659
7260 -342646
7290 -342628
7320 -342518
7350 -342371
7380 -342352
7410 -342344
7440 -342332
7470 -342326
7500 -342294
7530 -342291
7560 -342268
7590 -342259
7620 -342257
7650 -342241
7680 -342207
7710 -342174
7740 -342141
7770 -342117
7800 -342113
7830 -342081
7860 -341980
7890 -341953
7920 -341947
7950 -341900
7980 -341792
8010 -341766
8040 -341695
8070 -341676
8100 -341656
8130 -341648
8160 -341638
8190 -341625
8220 -341623
8250 -341574
8280 -341570
8310 -341553
8340 -341553
8370 -341527
8400 -341525
8430 -341484
8460 -341478
8490 -341475
8520 -341475
8550 -341466
8580 -341428
8610 -341428
8640 -341390
8670 -341321
8700 -341321
8730 -341292
8760 -341292
8790 -341253
8820 -341253
8850 -341155
8880 -341154
8910 -341031
8940 -341009
8970 -340997
9000 -340973
9030 -340894
9060 -340886
9090 -340886
9120 -340883
9150 -340878
9180 -340873
9210 -340851
9240 -340823
9270 -340823
9300 -340786
9330 -340731
9360 -340687
9390 -340627
9420 -340610
9450 -340602
9480 -340553
9510 -340525
9540 -340489
9570 -340489
9600 -340482
9630 -340473
9660 -340473
9690 -340452
9720 -340440
9750 -340440
9780 -340404
9810 -340387
9840 -340361
9870 -340321
9900 -340286
9930 -340286
9960 -340216
9990 -340216
10020 -340216
10050 -340185
10080 -340174
10110 -340170
10140 -340156
10170 -340091
10200 -340091
10230 -340066
10260 -340066
10290 -340066
10320 -340059
10350 -340048
10380 -340037
10410 -340036
10440 -339996
10470 -339936
10500 -339914
10530 -339914
10560 -339912
10590 -339896
10620 -339896
10650 -339869
10680 -339867
10710 -339837
10740 -339836
10770 -339835
10800 -339835
10830 -339835
10860 -339825
10890 -339819
10920 -339752
10950 -339739
10980 -339735
11010 -339729
11040 -339717
11070 -339590
11100 -339514
11130 -339494
11160 -339488
11190 -339474
11220 -339474
11250 -339453
11280 -339453
11310 -339446
11340 -339435
11370 -339337
11400 -339337
11430 -339289
11460 -339261
11490 -339202
11520 -339202
11550 -339202
11580 -339192
11610 -339191
11640 -339159
11670 -339150
11700 -339128
11730 -339113
11760 -339106
11790 -339101
11820 -339081
11850 -339072
11880 -339065
11910 -339065
11940 -339055
11970 -339041
12000 -339041
12030 -339041
12060 -339033
12090 -339020
12120 -338994
12150 -338984
12180 -338973
12210 -338939
12240 -338936
12270 -338921
12300 -338816
12330 -338810
12360 -338801
12390 -338801
12420 -338795
12450 -338792
12480 -338780
12510 -338712
12540 -338699
12570 -338699
12600 -338697
12630 -338689
12660 -338689
12690 -338689
12720 -338689
12750 -338689
12780 -338682
12810 -338682
12840 -338681
12870 -338649
12900 -338633
12930 -338633
12960 -338602
12990 -338565
13020 -338541
13050 -338510
13080 -338498
13110 -338463
13140 -338431
13170 -338405
13200 -338395
13230 -338383
13260 -338372
13290 -338355
13320 -338355
13350 -338353
13380 -338337
13410 -338279
13440 -338269
13470 -338263
13500 -338247
13530 -338242
13560 -338228
13590 -338218
13620 -338208
13650 -338203
13680 -338184
13710 -338169
13740 -338148
13770 -338148
13800 -338144
13830 -338144
13860 -338143
13890 -338059
13920 -338057
13950 -338057
13980 -338050
14010 -338046
14040 -338046
14070 -338046
14100 -338031
14130 -337967
14160 -337967
14190 -337728
14220 -337714
14250 -337701
14280 -337657
14310 -337657
14340 -337657
14370 -337637
14400 -337583
14430 -337563
14460 -337533
14490 -337530
14520 -337524
14550 -337507
14580 -337507
14610 -337493
14640 -337493
14670 -337473
14700 -337410
14730 -337410
14760 -337392
14790 -337386
14820 -337361
14850 -337359
14880 -337344
14910 -337344
14940 -337319
14970 -337312
15000 -337282
15030 -337282
15060 -337282
15090 -337241
15120 -337206
15150 -337199
15180 -337187
15210 -337187
15240 -337179
15270 -337177
15300 -337159
15330 -337155
15360 -337140
15390 -337138
15420 -337120
15450 -337120
15480 -337102
15510 -337079
15540 -337072
15570 -337026
15600 -337017
15630 -337012
15660 -336988
15690 -336972
15720 -336969
15750 -336957
15780 -336957
15810 -336957
15840 -336950
15870 -336950
15900 -336931
15930 -336919
15960 -336919
15990 -336919
16020 -336918
16050 -336890
16080 -336883
16110 -336881
16140 -336851
16170 -336851
16200 -336848
16230 -336846
16260 -336846
16290 -336846
16320 -336825
16350 -336812
16380 -336801
16410 -336801
16440 -336779
16470 -336771
16500 -336759
16530 -336753
16560 -336752
16590 -336704
16620 -336704
16650 -336704
16680 -336704
16710 -336699
16740 -336664
16770 -336662
16800 -336649
16830 -336649
16860 -336644
16890 -336629
16920 -336629
16950 -336624
16980 -336619
17010 -336591
17040 -336513
17070 -336513
17100 -336443
17130 -336442
17160 -336439
17190 -336422
17220 -336417
17250 -336415
17280 -336390
17310 -336390
17340 -336283
17370 -336257
17400 -336257
17430 -336248
17460 -336248
17490 -336247
17520 -336236
17550 -336220
17580 -336220
17610 -336184
17640 -336170
17670 -336150
17700 -336150
17730 -336078
17760 -335996
17790 -335996
17820 -335986
17850 -335986
17880 -335986
17910 -335986
17940 -335986
17970 -335986
18000 -335969
18030 -335873
18060 -335873
18090 -335866
18120 -335862
18150 -335860
18180 -335853
18210 -335850
18240 -335837
18270 -335834
18300 -335834
18330 -335816
18360 -335816
18390 -335816
18420 -335772
18450 -335772
18480 -335768
18510 -335765
18540 -335765
18570 -335759
18600 -335739
18630 -335732
18660 -335690
18690 -335660
18720 -335651
18750 -335651
18780 -335651
18810 -335640
18840 -335584
18870 -335569
18900 -335569
18930 -335562
18960 -335518
18990 -335505
19020 -335503
19050 -335496
19080 -335482
19110 -335482
19140 -335480
19170 -335453
19200 -335452
19230 -335447
19260 -335446
19290 -335425
19320 -335415
19350 -335365
19380 -335351
19410 -335350
19440 -335339
19470 -335337
19500 -335333
19530 -335333
19560 -335274
19590 -335271
19620 -335258
19650 -335246
19680 -335235
19710 -335235
19740 -335235
19770 -335235
19800 -335234
19830 -335234
19860 -335207
19890 -335184
19920 -335176
19950 -335170
19980 -335166
20010 -335161
20040 -335121
20070 -335106
20100 -335074
20130 -335074
20160 -335031
20190 -335027
20220 -335027
20250 -334993
20280 -334993
20310 -334978
20340 -334978
20370 -334927
20400 -334926
20430 -334926
20460 -334923
20490 -334901
20520 -334872
20550 -334827
20580 -334825
20610 -334825
20640 -334820
20670 -334813
20700 -334799
20730 -334796
20760 -334796
20790 -334788
20820 -334780
20850 -334780
20880 -334749
20910 -334731
20940 -334694
20970 -334693
21000 -334693
21030 -334686
21060 -334676
21090 -334644
21120 -334643
21150 -334643
21180 -334554
21210 -334526
21240 -334526
21270 -334526
21300 -334526
21330 -334507
21360 -334507
21390 -334484
21420 -334484
21450 -334481
21480 -334480
21510 -334480
21540 -334480
21570 -334472
21600 -334469
21630 -334446
21660 -334427
21690 -334427
21720 -334427
21750 -334422
21780 -334411
21810 -334407
21840 -334407
21870 -334405
21900 -334405
21930 -334405
21960 -334325
21990 -334325
22020 -334322
22050 -334311
22080 -334288
22110 -334287
22140 -334286
22170 -334270
22200 -334266
22230 -334262
22260 -334262
22290 -334259
22320 -334252
22350 -334249
22380 -334210
22410 -334210
22440 -334209
22470 -334151
22500 -334121
22530 -334086
22560 -334086
22590 -334086
22620 -334078
22650 -334078
22680 -334075
22710 -334075
22740 -334061
22770 -334039
22800 -334039
22830 -334039
22860 -334037
22890 -334026
22920 -334026
22950 -334021
22980 -334004
23010 -334004
23040 -334004
23070 -334004
23100 -333964
23130 -333931
23160 -333888
23190 -333888
23220 -333882
23250 -333871
23280 -333806
23310 -333799
23340 -333792
23370 -333792
23400 -333784
23430 -333769
23460 -333764
23490 -333758
23520 -333750
23550 -333750
23580 -333750
23610 -333750
23640 -333731
23670 -333725
23700 -333721
23730 -333715
23760 -333714
23790 -333714
23820 -333708
23850 -333701
23880 -333679
23910 -333676
23940 -333657
23970 -333657
24000 -333624
24030 -333620
24060 -333610
24090 -333610
24120 -333610
24150 -333610
24180 -333610
24210 -333605
24240 -333592
24270 -333544
24300 -333536
24330 -333536
24360 -333524
24390 -333496
24420 -333496
24450 -333487
24480 -333484
24510 -333484
24540 -333484
24570 -333450
24600 -333450
24630 -333423
24660 -333423
24690 -333378
24720 -333334
24750 -333334
24780 -333333
24810 -333333
24840 -333333
24870 -333321
24900 -333281
24930 -333281
24960 -333257
24990 -333241
25020 -333241
25050 -333241
25080 -333233
25110 -333208
25140 -333179
25170 -333179
25200 -333178
25230 -333161
25260 -333161
25290 -333151
25320 -333151
25350 -333144
25380 -333144
25410 -333144
25440 -333108
25470 -333108
25500 -333108
25530 -333102
25560 -333101
25590 -333100
25620 -333100
25650 -333088
25680 -333070
25710 -333057
25740 -333054
25770 -333054
25800 -333044
25830 -333044
25860 -333030
25890 -333015
25920 -332991
25950 -332991
25980 -332982
26010 -332976
26040 -332967
26070 -332954
26100 -332954
26130 -332954
26160 -332954
26190 -332954
26220 -332954
26250 -332954
26280 -332954
26310 -332908
26340 -332907
26370 -332904
26400 -332875
26430 -332875
26460 -332864
26490 -332863
26520 -332861
26550 -332855
26580 -332855
26610 -332855
26640 -332845
26670 -332845
26700 -332821
26730 -332783
26760 -332780
26790 -332778
26820 -332776
26850 -332776
26880 -332776
26910 -332773
26940 -332773
26970 -332767
27000 -332765
27030 -332765
27060 -332756
27090 -332754
27120 -332754
27150 -332683
27180 -332679
27210 -332668
27240 -332666
27270 -332664
27300 -332656
27330 -332656
27360 -332656
27390 -332656
27420 -332644
27450 -332625
27480 -332625
27510 -332588
27540 -332588
27570 -332584
27600 -332576
27630 -332571
27660 -332570
27690 -332566
27720 -332554
27750 -332554
27780 -332528
27810 -332496
27840 -332445
27870 -332445
27900 -332421
27930 -332421
27960 -332421
27990 -332418
28020 -332402
28050 -332402
28080 -332398
28110 -332327
28140 -332309
28170 -332306
28200 -332286
28230 -332286
28260 -332254
28290 -332235
28320 -332222
28350 -332214
28380 -332208
28410 -332189
28440 -332169
28470 -332164
28500 -332095
28530 -332088
28560 -332082
28590 -332030
28620 -332020
28650 -332018
28680 -332018
28710 -332018
28740 -332012
28770 -332009
28800 -332009
28830 -332009
28860 -332009
28890 -332009
28920 -331985
28950 -331976
28980 -331971
29010 -331971
29040 -331971
29070 -331971
29100 -331971
29130 -331926
29160 -331904
29190 -331904
29220 -331904
29250 -331904
29280 -331886
29310 -331886
29340 -331886
29370 -331877
29400 -331877
29430 -331877
29460 -331877
29490 -331822
29520 -331773
29550 -331769
29580 -331769
29610 -331768
29640 -331764
29670 -331744
29700 -331682
29730 -331680
29760 -331674
29790 -331668
29820 -331664
29850 -331657
29880 -331657
29910 -331657
29940 -331657
29970 -331657
30000 -331648
30030 -331624
30060 -331609
30090 -331607
30120 -331599
30150 -331496
30180 -331496
30210 -331496
30240 -331495
30270 -331487
30300 -331484
30330 -331484
30360 -331480
30390 -331480
30420 -331477
30450 -331476
30480 -331476
30510 -331471
30540 -331471
30570 -331457
30600 -331457
30630 -331451
30660 -331451
30690 -331445
30720 -331434
30750 -331426
30780 -331426
30810 -331426
30840 -331425
30870 -331423
30900 -331407
30930 -331391
30960 -331382
30990 -331382
31020 -331382
31050 -331382
31080 -331376
31110 -331368
31140 -331368
31170 -331366
31200 -331366
31230 -331366
31260 -331342
31290 -331337
31320 -331324
31350 -331323
31380 -331323
31410 -331321
31440 -331319
31470 -331319
31500 -331302
31530 -331302
31560 -331299
31590 -331291
31620 -331278
31650 -331278
31680 -331277
31710 -331277
31740 -331271
31770 -331129
31800 -331124
31830 -331123
31860 -331119
31890 -331119
31920 -331118
31950 -331118
31980 -331112
32010 -331103
32040 -331096
32070 -331070
32100 -331059
32130 -331059
32160 -331058
32190 -331058
32220 -331058
32250 -331031
32280 -331029
32310 -331015
32340 -330983
32370 -330983
32400 -330982
32430 -330981
32460 -330981
32490 -330976
32520 -330976
32550 -330975
32580 -330969
32610 -330952
32640 -330950
32670 -330939
32700 -330926
32730 -330845
32760 -330845
32790 -330845
32820 -330843
32850 -330843
32880 -330843
32910 -330843
32940 -330843
32970 -330843
33000 -330830
33030 -330802
33060 -330787
33090 -330786
33120 -330757
33150 -330751
33180 -330751
33210 -330751
33240 -330751
33270 -330744
33300 -330744
33330 -330744
33360 -330744
33390 -330742
33420 -330742
33450 -330742
33480 -330740
33510 -330736
33540 -330736
33570 -330736
33600 -330736
33630 -330736
33660 -330736
33690 -330722
33720 -330719
33750 -330719
33780 -330719
33810 -330719
33840 -330719
33870 -330713
33900 -330711
33930 -330711
33960 -330711
33990 -330710
34020 -330677
34050 -330672
34080 -330672
34110 -330671
34140 -330671
34170 -330665
34200 -330645
34230 -330645
34260 -330645
34290 -330642
34320 -330635
34350 -330635
34380 -330635
34410 -330635
34440 -330596
34470 -330590
34500 -330590
34530 -330585
34560 -330572
34590 -330572
34620 -330572
34650 -330572
34680 -330558
34710 -330558
34740 -330558
34770 -330555
34800 -330555
34830 -330555
34860 -330555
34890 -330555
34920 -330555
34950 -330555
34980 -330542
35010 -330534
35040 -330534
35070 -330534
35100 -330534
35130 -330534
35160 -330528
35190 -330528
35220 -330528
35250 -330513
35280 -330513
35310 -330505
35340 -330505
35370 -330483
35400 -330473
35430 -330469
35460 -330469
35490 -330469
35520 -330461
35550 -330461
35580 -330461
35610 -330444
35640 -330439
35670 -330439
35700 -330439
35730 -330439
35760 -330439
35790 -330435
35820 -330435
35850 -330431
35880 -330431
35910 -330431
35940 -330431
35970 -330415
36000 -330412
36030 -330412
36060 -330412
36090 -330408
36120 -330392
36150 -330392
36180 -330381
36210 -330379
36240 -330379
36270 -330378
36300 -330317
36330 -330312
36360 -330312
36390 -330307
36420 -330307
36450 -330307
36480 -330307
36510 -330307
36540 -330307
36570 -330307
36600 -330304
36630 -330265
36660 -330247
36690 -330247
36720 -330247
36750 -330242
36780 -330237
36810 -330237
36840 -330237
36870 -330219
36900 -330219
36930 -330217
36960 -330217
36990 -330192
37020 -330192
37050 -330190
37080 -330190
37110 -330190
37140 -330190
37170 -330190
37200 -330190
37230 -330153
37260 -330153
37290 -330113
37320 -330113
37350 -330106
37380 -330106
37410 -330105
37440 -330105
37470 -330102
37500 -330102
37530 -330102
37560 -330102
37590 -330102
37620 -330095
37650 -330095
37680 -330093
37710 -330089
37740 -330088
37770 -330083
37800 -330075
37830 -330075
37860 -330063
37890 -330040
37920 -330022
37950 -330020
37980 -330020
38010 -330020
38040 -330019
38070 -330019
38100 -330015
38130 -330015
38160 -330011
38190 -330009
38220 -330008
38250 -330000
38280 -330000
38310 -330000
38340 -330000
38370 -330000
38400 -330000
38430 -329989
38460 -329972
38490 -329967
38520 -329960
38550 -329922
38580 -329922
38610 -329920
38640 -329920
38670 -329907
38700 -329907
38730 -329907
38760 -329906
38790 -329906
38820 -329906
38850 -329904
38880 -329904
38910 -329893
38940 -329893
38970 -329873
39000 -329873
39030 -329849
39060 -329806
39090 -329803
39120 -329798
39150 -329798
39180 -329798
39210 -329798
39240 -329798
39270 -329794
39300 -329784
39330 -329778
39360 -329744
39390 -329744
39420 -329744
39450 -329719
39480 -329716
39510 -329716
39540 -329711
39570 -329687
39600 -329687
39630 -329685
39660 -329685
39690 -329673
39720 -329663
39750 -329634
39780 -329632
39810 -329618
39840 -329603
39870 -329600
39900 -329600
39930 -329600
39960 -329599
39990 -329570
40020 -329570
40050 -329567
40080 -329567
40110 -329565
40140 -329565
40170 -329565
40200 -329565
40230 -329565
40260 -329525
40290 -329525
40320 -329525
40350 -329525
40380 -329525
40410 -329525
40440 -329517
40470 -329517
40500 -329501
40530 -329501
40560 -329501
40590 -329501
40620 -329495
40650 -329495
40680 -329495
40710 -329493
40740 -329453
40770 -329453
40800 -329449
40830 -329446
40860 -329446
40890 -329446
40920 -329445
40950 -329445
40980 -329445
41010 -329434
41040 -329431
41070 -329400
41100 -329400
41130 -329400
41160 -329400
41190 -329389
41220 -329389
41250 -329389
41280 -329383
41310 -329379
41340 -329376
41370 -329376
41400 -329332
41430 -329311
41460 -329311
41490 -329302
41520 -329302
41550 -329298
41580 -329294
41610 -329294
41640 -329294
41670 -329294
41700 -329290
41730 -329290
41760 -329290
41790 -329290
41820 -329290
41850 -329290
41880 -329281
41910 -329281
41940 -329280
41970 -329262
42000 -329250
42030 -329246
42060 -329246
42090 -329211
42120 -329206
42150 -329206
42180 -329170
42210 -329158
42240 -329158
42270 -329144
42300 -329143
42330 -329136
42360 -329133
42390 -329132
42420 -329132
42450 -329113
42480 -329102
42510 -329101
42540 -329084
42570 -329065
42600 -329063
42630 -329063
42660 -329059
42690 -329059
42720 -329050
42750 -329031
42780 -329031
42810 -329031
42840 -329028
42870 -329028
42900 -329018
42930 -329018
42960 -328991
42990 -328991
43020 -328991
43050 -328991
43080 -328986
43110 -328986
43140 -328985
43170 -328983
43200 -328983
43230 -328983
43260 -328980
43290 -328970
43320 -328970
43350 -328970
43380 -328970
43410 -328907
43440 -328905
43470 -328905
43500 -328905
43530 -328900
43560 -328899
43590 -328899
43620 -328899
43650 -328882
43680 -328882
43710 -328876
43740 -328876
43770 -328867
43800 -328867
43830 -328866
43860 -328853
43890 -328853
43920 -328845
43950 -328845
43980 -328836
44010 -328831
44040 -328831
44070 -328831
44100 -328831
44130 -328831
44160 -328831
44190 -328812
44220 -328812
44250 -328802
44280 -328797
44310 -328797
44340 -328797
44370 -328794
44400 -328779
44430 -328778
44460 -328773
44490 -328773
44520 -328771
44550 -328771
44580 -328771
44610 -328752
44640 -328752
44670 -328752
44700 -328742
44730 -328740
44760 -328740
44790 -328707
44820 -328706
44850 -328706
44880 -328706
44910 -328706
44940 -328700
44970 -328695
45000 -328686
45030 -328682
45060 -328682
45090 -328682
45120 -328682
45150 -328681
45180 -328681
45210 -328681
45240 -328680
45270 -328680
45300 -328680
45330 -328680
45360 -328680
45390 -328680
45420 -328669
45450 -328600
45480 -328592
45510 -328592
45540 -328584
45570 -328580
45600 -328580
45630 -328580
45660 -328578
45690 -328549
45720 -328512
45750 -328512
45780 -328499
45810 -328495
45840 -328494
45870 -328494
45900 -328494
45930 -328464
45960 -328464
45990 -328436
46020 -328436
46050 -328426
46080 -328421
46110 -328421
46140 -328421
46170 -328416
46200 -328416
46230 -328416
46260 -328415
46290 -328415
46320 -328415
46350 -328393
46380 -328392
46410 -328392
46440 -328388
46470 -328388
46500 -328363
46530 -328355
46560 -328355
46590 -328355
46620 -328355
46650 -328352
46680 -328352
46710 -328352
46740 -328352
46770 -328352
46800 -328352
46830 -328352
46860 -328352
46890 -328352
46920 -328340
46950 -328340
46980 -328317
47010 -328317
47040 -328317
47070 -328317
47100 -328314
47130 -328314
47160 -328314
47190 -328314
47220 -328314
47250 -328314
47280 -328307
47310 -328294
47340 -328294
47370 -328294
47400 -328294
47430 -328291
47460 -328288
47490 -328265
47520 -328265
47550 -328256
47580 -328256
47610 -328256
47640 -328250
47670 -328250
47700 -328250
47730 -328250
47760 -328250
47790 -328230
47820 -328230
47850 -328225
47880 -328225
47910 -328225
47940 -328210
47970 -328210
48000 -328210
48030 -328210
48060 -328210
48090 -328210
48120 -328200
48150 -328200
48180 -328187
48210 -328187
48240 -328187
48270 -328186
48300 -328149
48330 -328149
48360 -328149
48390 -328149
48420 -328148
48450 -328145
48480 -328142
48510 -328142
48540 -328137
48570 -328137
48600 -328124
48630 -328124
48660 -328124
48690 -328124
48720 -328124
48750 -328124
48780 -328124
48810 -328114
48840 -328106
48870 -328106
48900 -328106
48930 -328098
48960 -328095
48990 -328095
49020 -328095
49050 -328095
49080 -328095
49110 -328095
49140 -328095
49170 -328095
49200 -328082
49230 -328080
49260 -328067
49290 -328052
49320 -328051
49350 -328045
49380 -328045
49410 -328038
49440 -328036
49470 -328036
49500 -328036
49530 -328036
49560 -328033
49590 -328033
49620 -328033
49650 -328033
49680 -328033
49710 -328028
49740 -328028
49770 -328028
49800 -328026
49830 -328021
49860 -328014
49890 -328014
49920 -328014
49950 -328014
49980 -328013
50010 -328013
50040 -327994
50070 -327994
50100 -327986
50130 -327986
50160 -327986
50190 -327986
50220 -327986
50250 -327986
50280 -327930
50310 -327930
50340 -327926
50370 -327925
50400 -327925
50430 -327925
50460 -327922
50490 -327922
50520 -327911
50550 -327911
50580 -327911
50610 -327902
50640 -327902
50670 -327902
50700 -327899
50730 -327894
50760 -327894
50790 -327894
50820 -327894
50850 -327894
50880 -327893
50910 -327889
50940 -327889
50970 -327889
51000 -327889
51030 -327889
51060 -327884
51090 -327884
51120 -327879
51150 -327879
51180 -327879
51210 -327859
51240 -327859
51270 -327859
51300 -327858
51330 -327857
51360 -327857
51390 -327852
51420 -327852
51450 -327852
51480 -327852
51510 -327852
51540 -327852
51570 -327833
51600 -327830
51630 -327830
51660 -327830
51690 -327830
51720 -327830
51750 -327827
51780 -327827
51810 -327827
51840 -327827
51870 -327827
51900 -327827
51930 -327824
51960 -327824
51990 -327820
52020 -327820
52050 -327820
52080 -327820
52110 -327820
52140 -327815
52170 -327810
52200 -327810
52230 -327810
52260 -327777
52290 -327776
52320 -327771
52350 -327771
52380 -327771
52410 -327771
52440 -327766
52470 -327766
52500 -327766
52530 -327766
52560 -327757
52590 -327757
52620 -327757
52650 -327757
52680 -327757
52710 -327757
52740 -327757
52770 -327752
52800 -327748
52830 -327748
52860 -327747
52890 -327737
52920 -327737
52950 -327737
52980 -327737
53010 -327737
53040 -327737
53070 -327735
53100 -327735
53130 -327735
53160 -327735
53190 -327735
53220 -327735
53250 -327727
53280 -327725
53310 -327725
53340 -327725
53370 -327725
53400 -327725
53430 -327713
53460 -327713
53490 -327713
53520 -327707
53550 -327707
53580 -327707
53610 -327707
53640 -327707
53670 -327695
53700 -327685
53730 -327685
53760 -327683
53790 -327683
53820 -327683
53850 -327683
53880 -327683
53910 -327683
53940 -327683
53970 -327680
54000 -327680
54030 -327680
54060 -327680
54090 -327662
54120 -327662
54150 -327662
54180 -327662
54210 -327662
54240 -327662
54270 -327661
54300 -327661
54330 -327658
54360 -327654
54390 -327648
54420 -327648
54450 -327648
54480 -327629
54510 -327625
54540 -327609
54570 -327609
54600 -327609
54630 -327609
54660 -327609
54690 -327609
54720 -327609
54750 -327609
54780 -327609
54810 -327609
54840 -327609
54870 -327609
54900 -327607
54930 -327599
54960 -327599
54990 -327599
55020 -327599
55050 -327596
55080 -327595
55110 -327595
55140 -327595
55170 -327595
55200 -327595
55230 -327595
55260 -327595
55290 -327589
55320 -327587
55350 -327587
55380 -327587
55410 -327587
55440 -327587
55470 -327581
55500 -327579
55530 -327575
55560 -327554
55590 -327554
55620 -327554
55650 -327553
55680 -327546
55710 -327541
55740 -327541
55770 -327541
55800 -327541
55830 -327541
55860 -327541
55890 -327541
55920 -327541
55950 -327541
55980 -327541
56010 -327541
56040 -327532
56070 -327529
56100 -327528
56130 -327526
56160 -327526
56190 -327506
56220 -327504
56250 -327504
56280 -327504
56310 -327504
56340 -327504
56370 -327504
56400 -327503
56430 -327503
56460 -327503
56490 -327503
56520 -327503
56550 -327501
56580 -327501
56610 -327495
56640 -327494
56670 -327490
56700 -327486
56730 -327486
56760 -327486
56790 -327486
56820 -327472
56850 -327472
56880 -327461
56910 -327461
56940 -327461
56970 -327416
57000 -327416
57030 -327266
57060 -327266
57090 -327266
57120 -327255
57150 -327255
57180 -327242
57210 -327242
57240 -327242
57270 -327242
57300 -327239
57330 -327233
57360 -327229
57390 -327229
57420 -327229
57450 -327229
57480 -327225
57510 -327225
57540 -327225
57570 -327216
57600 -327216
57630 -327211
57660 -327208
57690 -327185
57720 -327185
57750 -327185
57780 -327185
57810 -327185
57840 -327154
57870 -327154
57900 -327139
57930 -327139
57960 -327120
57990 -327120
58020 -327117
58050 -327117
58080 -327117
58110 -327114
58140 -327114
58170 -327088
58200 -327088
58230 -327088
58260 -327088
58290 -327088
58320 -327088
58350 -327088
58380 -327088
58410 -327087
58440 -327087
58470 -327087
58500 -327087
58530 -327087
58560 -327087
58590 -327084
58620 -327084
58650 -327084
58680 -327084
58710 -327082
58740 -327082
58770 -327082
58800 -327082
58830 -327080
58860 -327077
58890 -327077
58920 -327077
58950 -327059
58980 -327056
59010 -327056
59040 -327056
59070 -327056
59100 -327042
59130 -327042
59160 -327042
59190 -327042
59220 -327042
59250 -327042
59280 -327037
59310 -327037
59340 -327037
59370 -327037
59400 -327036
59430 -327016
59460 -327016
59490 -327014
59520 -327014
59550 -327014
59580 -327014
59610 -327014
59640 -327014
59670 -327014
59700 -327012
59730 -327012
59760 -327008
59790 -327008
59820 -326999
59850 -326950
59880 -326950
59910 -326949
59940 -326948
59970 -326947
60000 -326920
60030 -326920
60060 -326918
60090 -326918
60120 -326917
60150 -326917
60180 -326899
60210 -326885
60240 -326885
60270 -326885
60300 -326885
60330 -326885
60360 -326885
60390 -326885
60420 -326875
60450 -326875
60480 -326871
60510 -326871
60540 -326867
60570 -326866
60600 -326866
60630 -326862
60660 -326859
60690 -326855
60720 -326855
60750 -326855
60780 -326855
60810 -326855
60840 -326855
60870 -326855
60900 -326855
60930 -326855
60960 -326854
60990 -326849
61020 -326849
61050 -326849
61080 -326849
61110 -326849
61140 -326841
61170 -326841
61200 -326837
61230 -326837
61260 -326837
61290 -326837
61320 -326837
61350 -326818
61380 -326818
61410 -326818
61440 -326813
61470 -326813
61500 -326811
61530 -326811
61560 -326811
61590 -326784
61620 -326784
61650 -326784
61680 -326784
61710 -326784
61740 -326767
61770 -326767
61800 -326763
61830 -326763
61860 -326677
61890 -326677
61920 -326677
61950 -326629
61980 -326629
62010 -326629
62040 -326629
62070 -326629
62100 -326629
62130 -326625
62160 -326624
62190 -326624
62220 -326624
62250 -326623
62280 -326623
62310 -326623
62340 -326623
62370 -326601
62400 -326601
62430 -326601
62460 -326601
62490 -326601
62520 -326594
62550 -326592
62580 -326592
62610 -326592
62640 -326592
62670 -326591
62700 -326567
62730 -326561
62760 -326561
62790 -326561
62820 -326559
62850 -326558
62880 -326558
62910 -326555
62940 -326555
62970 -326555
63000 -326555
63030 -326555
63060 -326555
63090 -326555
63120 -326555
63150 -326555
63180 -326555
63210 -326555
63240 -326548
63270 -326548
63300 -326544
63330 -326544
63360 -326539
63390 -326534
63420 -326534
63450 -326534
63480 -326523
63510 -326523
63540 -326523
63570 -326523
63600 -326523
63630 -326523
63660 -326522
63690 -326519
63720 -326503
63750 -326503
63780 -326503
63810 -326503
63840 -326503
63870 -326503
63900 -326503
63930 -326503
63960 -326495
63990 -326495
64020 -326488
64050 -326488
64080 -326488
64110 -326488
64140 -326484
64170 -326484
64200 -326484
64230 -326484
64260 -326484
64290 -326482
64320 -326479
64350 -326479
64380 -326477
64410 -326469
64440 -326468
64470 -326464
64500 -326464
64530 -326461
64560 -326461
64590 -326454
64620 -326454
64650 -326454
64680 -326454
64710 -326448
64740 -326448
64770 -326446
64800 -326446
64830 -326446
64860 -326446
64890 -326446
64920 -326442
64950 -326442
64980 -326426
65010 -326418
65040 -326399
65070 -326399
65100 -326399
65130 -326399
65160 -326373
65190 -326373
65220 -326366
65250 -326366
65280 -326366
65310 -326366
65340 -326366
65370 -326366
65400 -326366
65430 -326366
65460 -326366
65490 -326358
65520 -326342
65550 -326342
65580 -326342
65610 -326340
65640 -326340
65670 -326340
65700 -326340
65730 -326340
65760 -326340
65790 -326339
65820 -326339
65850 -326339
65880 -326316
65910 -326316
65940 -326316
65970 -326316
66000 -326316
66030 -326316
66060 -326316
66090 -326316
66120 -326312
66150 -326312
66180 -326310
66210 -326304
66240 -326289
66270 -326289
66300 -326288
66330 -326288
66360 -326288
66390 -326288
66420 -326275
66450 -326275
66480 -326260
66510 -326260
66540 -326260
66570 -326260
66600 -326260
66630 -326260
66660 -326260
66690 -326260
66720 -326246
66750 -326246
66780 -326200
66810 -326200
66840 -326200
66870 -326199
66900 -326190
66930 -326190
66960 -326190
66990 -326190
67020 -326190
67050 -326190
67080 -326181
67110 -326181
67140 -326181
67170 -326181
67200 -326136
67230 -326136
67260 -326136
67290 -326136
67320 -326136
67350 -326124
67380 -326124
67410 -326119
67440 -326119
67470 -326116
67500 -326115
67530 -326115
67560 -326113
67590 -326113
67620 -326113
67650 -326113
67680 -326105
67710 -326105
67740 -326105
67770 -326105
67800 -326105
67830 -326105
67860 -326105
67890 -326102
67920 -326101
67950 -326101
67980 -326101
68010 -326101
68040 -326100
68070 -326100
68100 -326100
68130 -326080
68160 -326075
68190 -326061
68220 -326057
68250 -326055
68280 -326044
68310 -326039
68340 -326039
68370 -326039
68400 -326039
68430 -326039
68460 -326039
68490 -326039
68520 -326037
68550 -326033
68580 -326031
68610 -326031
68640 -326031
68670 -326031
68700 -326017
68730 -326017
68760 -326017
68790 -326016
68820 -326016
68850 -326016
68880 -326016
68910 -326012
68940 -325990
68970 -325985
69000 -325985
69030 -325976
69060 -325976
69090 -325971
69120 -325971
69150 -325971
69180 -325968
69210 -325968
69240 -325954
69270 -325954
69300 -325940
69330 -325940
69360 -325940
69390 -325940
69420 -325919
69450 -325919
69480 -325919
69510 -325919
69540 -325919
69570 -325919
69600 -325919
69630 -325919
69660 -325919
69690 -325919
69720 -325919
69750 -325914
69780 -325912
69810 -325912
69840 -325909
69870 -325909
69900 -325909
69930 -325908
69960 -325908
69990 -325908
70020 -325908
70050 -325904
70080 -325904
70110 -325890
70140 -325890
70170 -325890
70200 -325890
70230 -325881
70260 -325881
70290 -325881
70320 -325881
70350 -325876
70380 -325875
70410 -325875
70440 -325875
70470 -325875
70500 -325875
70530 -325874
70560 -325872
70590 -325869
70620 -325869
70650 -325869
70680 -325869
70710 -325869
70740 -325861
70770 -325861
70800 -325861
70830 -325861
70860 -325861
70890 -325861
70920 -325861
70950 -325861
70980 -325852
71010 -325852
71040 -325852
71070 -325852
71100 -325852
71130 -325852
71160 -325852
71190 -325852
71220 -325852
71250 -325852
71280 -325852
71310 -325852
71340 -325852
71370 -325851
71400 -325841
71430 -325841
71460 -325841
71490 -325841
71520 -325841
71550 -325840
71580 -325840
71610 -325829
71640 -325816
71670 -325812
71700 -325792
71730 -325718
71760 -325718
71790 -325718
71820 -325700
71850 -325700
71880 -325689
71910 -325653
71940 -325653
71970 -325635
72000 -325633
72030 -325633
72060 -325633
72090 -325633
72120 -325632
72150 -325632
72180 -325632
72210 -325599
72240 -325599
72270 -325596
72300 -325596
72330 -325596
72360 -325595
72390 -325591
72420 -325558
72450 -325558
72480 -325558
72510 -325558
72540 -325555
72570 -325555
72600 -325555
72630 -325535
72660 -325520
72690 -325520
72720 -325520
72750 -325520
72780 -325515
72810 -325495
72840 -325494
72870 -325492
72900 -325492
72930 -325492
72960 -325484
72990 -325484
73020 -325484
73050 -325484
73080 -325484
73110 -325484
73140 -325484
73170 -325484
73200 -325484
73230 -325484
73260 -325484
73290 -325484
73320 -325484
73350 -325483
73380 -325483
73410 -325482
73440 -325422
73470 -325412
73500 -325412
73530 -325412
73560 -325412
73590 -325412
73620 -325404
73650 -325404
73680 -325404
73710 -325404
73740 -325404
73770 -325404
73800 -325404
73830 -325404
73860 -325404
73890 -325404
73920 -325404
73950 -325404
73980 -325404
74010 -325404
74040 -325404
74070 -325392
74100 -325392
74130 -325392
74160 -325382
74190 -325382
74220 -325382
74250 -325382
74280 -325382
74310 -325382
74340 -325382
74370 -325382
74400 -325382
74430 -325377
74460 -325369
74490 -325369
74520 -325369
74550 -325369
74580 -325369
74610 -325359
74640 -325359
74670 -325359
74700 -325359
74730 -325358
74760 -325358
74790 -325357
74820 -325357
74850 -325357
74880 -325357
74910 -325357
74940 -325356
74970 -325356
75000 -325346
75030 -325346
75060 -325337
75090 -325337
75120 -325334
75150 -325334
75180 -325334
75210 -325330
75240 -325326
75270 -325326
75300 -325326
75330 -325326
75360 -325326
75390 -325326
75420 -325326
75450 -325325
75480 -325325
75510 -325325
75540 -325325
75570 -325325
75600 -325325
75630 -325325
75660 -325325
75690 -325325
75720 -325325
75750 -325325
75780 -325325
75810 -325317
75840 -325317
75870 -325313
75900 -325313
75930 -325273
75960 -325270
75990 -325270
76020 -325268
76050 -325266
76080 -325266
76110 -325266
76140 -325265
76170 -325265
76200 -325265
76230 -325265
76260 -325265
76290 -325260
76320 -325260
76350 -325260
76380 -325253
76410 -325253
76440 -325253
76470 -325229
76500 -325229
76530 -325229
76560 -325229
76590 -325229
76620 -325227
76650 -325227
76680 -325225
76710 -325225
76740 -325225
76770 -325225
76800 -325225
76830 -325206
76860 -325206
76890 -325205
76920 -325205
76950 -325204
76980 -325204
77010 -325204
77040 -325204
77070 -325204
77100 -325204
77130 -325196
77160 -325196
77190 -325196
77220 -325196
77250 -325196
77280 -325196
77310 -325194
77340 -325194
77370 -325194
77400 -325194
77430 -325194
77460 -325194
77490 -325180
77520 -325180
77550 -325180
77580 -325180
77610 -325179
77640 -325179
77670 -325179
77700 -325179
77730 -325171
77760 -325171
77790 -325171
77820 -325171
77850 -325171
77880 -325171
77910 -325171
77940 -325171
77970 -325171
78000 -325171
78030 -325171
78060 -325171
78090 -325163
78120 -325163
78150 -325163
78180 -325163
78210 -325163
78240 -325163
78270 -325163
78300 -325163
78330 -325163
78360 -325163
78390 -325163
78420 -325163
78450 -325163
78480 -325160
78510 -325160
78540 -325160
78570 -325160
78600 -325152
78630 -325151
78660 -325151
78690 -325151
78720 -325148
78750 -325146
78780 -325124
78810 -325124
78840 -325120
78870 -325120
78900 -325120
78930 -325120
78960 -325119
78990 -325119
79020 -325119
79050 -325119
79080 -325119
79110 -325117
79140 -325117
79170 -325116
79200 -325116
79230 -325116
79260 -325116
79290 -325105
79320 -325105
79350 -325105
79380 -325105
79410 -325105
79440 -325098
79470 -325098
79500 -325098
79530 -325094
79560 -325094
79590 -325094
79620 -325072
79650 -325070
79680 -325066
79710 -325066
79740 -325066
79770 -325058
79800 -325045
79830 -325045
79860 -325041
79890 -325041
79920 -325041
79950 -325036
79980 -325036
80010 -325036
80040 -325036
80070 -325036
80100 -325036
80130 -325036
80160 -325032
80190 -325032
80220 -325032
80250 -325032
80280 -325032
80310 -325032
80340 -325032
80370 -325032
80400 -325029
80430 -325029
80460 -325029
80490 -325029
80520 -325029
80550 -325027
80580 -325023
80610 -325023
80640 -325023
80670 -325023
80700 -325022
80730 -325022
80760 -325022
80790 -324951
80820 -324951
80850 -324951
80880 -324951
80910 -324950
80940 -324950
80970 -324950
81000 -324950
81030 -324948
81060 -324948
81090 -324948
81120 -324948
81150 -324948
81180 -324948
81210 -324947
81240 -324947
81270 -324947
81300 -324947
81330 -324947
81360 -324947
81390 -324944
81420 -324944
81450 -324944
81480 -324944
81510 -324944
81540 -324941
81570 -324941
81600 -324941
81630 -324941
81660 -324941
81690 -324941
81720 -324941
81750 -324937
81780 -324937
81810 -324937
81840 -324937
81870 -324937
81900 -324937
81930 -324937
81960 -324935
81990 -324934
82020 -324934
82050 -324925
82080 -324919
82110 -324913
82140 -324913
82170 -324910
82200 -324910
82230 -324910
82260 -324909
82290 -324909
82320 -324909
82350 -324909
82380 -324909
82410 -324909
82440 -324909
82470 -324905
82500 -324905
82530 -324904
82560 -324895
82590 -324894
82620 -324877
82650 -324877
82680 -324877
82710 -324867
82740 -324867
82770 -324867
82800 -324858
82830 -324858
82860 -324858
82890 -324813
82920 -324809
82950 -324807
82980 -324807
83010 -324807
83040 -324807
83070 -324807
83100 -324807
83130 -324807
83160 -324807
83190 -324804
83220 -324800
83250 -324793
83280 -324793
83310 -324793
83340 -324790
83370 -324790
83400 -324790
83430 -324790
83460 -324790
83490 -324789
83520 -324789
83550 -324789
83580 -324787
83610 -324786
83640 -324786
83670 -324786
83700 -324786
83730 -324776
83760 -324776
83790 -324776
83820 -324776
83850 -324776
83880 -324776
83910 -324701
83940 -324697
83970 -324697
84000 -324697
84030 -324697
84060 -324697
84090 -324697
84120 -324697
84150 -324697
84180 -324697
84210 -324697
84240 -324697
84270 -324697
84300 -324694
84330 -324694
84360 -324694
84390 -324694
84420 -324692
84450 -324692
84480 -324692
84510 -324692
84540 -324692
84570 -324685
84600 -324684
84630 -324684
84660 -324684
84690 -324684
84720 -324684
84750 -324684
84780 -324678
84810 -324663
84840 -324663
84870 -324662
84900 -324662
84930 -324662
84960 -324661
84990 -324661
85020 -324646
85050 -324645
85080 -324644
85110 -324644
85140 -324644
85170 -324640
85200 -324640
85230 -324640
85260 -324615
85290 -324609
85320 -324609
85350 -324609
85380 -324608
85410 -324592
85440 -324592
85470 -324592
85500 -324592
85530 -324592
85560 -324592
85590 -324592
85620 -324592
85650 -324592
85680 -324592
85710 -324592
85740 -324592
85770 -324592
85800 -324590
85830 -324590
85860 -324590
85890 -324588
85920 -324574
85950 -324574
85980 -324571
86010 -324571
86040 -324571
86070 -324571
86100 -324571
86130 -324571
86160 -324570
86190 -324566
86220 -324564
86250 -324564
86280 -324553
86310 -324553
86340 -324553
86370 -324553
86400 -324553
86430 -324552
86460 -324552
86490 -324552
86520 -324541
86550 -324541
86580 -324541
86610 -324541
86640 -324541
86670 -324541
86700 -324541
86730 -324533
86760 -324532
86790 -324532
86820 -324532
86850 -324530
86880 -324528
86910 -324528
86940 -324528
86970 -324528
87000 -324528
87030 -324528
87060 -324526
87090 -324522
87120 -324490
87150 -324490
87180 -324490
87210 -324489
87240 -324480
87270 -324468
87300 -324467
87330 -324398
87360 -324398
87390 -324398
87420 -324398
87450 -324395
87480 -324389
87510 -324389
87540 -324389
87570 -324388
87600 -324362
87630 -324362
87660 -324361
87690 -324336
87720 -324319
87750 -324319
87780 -324294
87810 -324291
87840 -324291
87870 -324291
87900 -324291
87930 -324288
87960 -324288
87990 -324282
88020 -324269
88050 -324269
88080 -324269
88110 -324269
88140 -324269
88170 -324269
88200 -324268
88230 -324268
88260 -324267
88290 -324265
88320 -324257
88350 -324257
88380 -324257
88410 -324257
88440 -324257
88470 -324257
88500 -324257
88530 -324252
88560 -324252
88590 -324252
88620 -324252
88650 -324252
88680 -324251
88710 -324251
88740 -324242
88770 -324242
88800 -324242
88830 -324242
88860 -324242
88890 -324241
88920 -324239
88950 -324239
88980 -324205
89010 -324205
89040 -324205
89070 -324197
89100 -324197
89130 -324179
89160 -324179
89190 -324174
89220 -324174
89250 -324166
89280 -324166
89310 -324166
89340 -324166
89370 -324166
89400 -324166
89430 -324166
89460 -324166
89490 -324166
89520 -324166
89550 -324166
89580 -324161
89610 -324076
89640 -324076
89670 -324076
89700 -324076
89730 -324076
89760 -324071
89790 -324071
89820 -324043
89850 -324043
89880 -324043
89910 -324043
89940 -324043
89970 -324039
90000 -324018
90030 -324008
90060 -324008
90090 -324007
90120 -324007
90150 -324006
90180 -323998
90210 -323998
90240 -323998
90270 -323998
90300 -323998
90330 -323998
90360 -323998
90390 -323998
90420 -323998
90450 -323991
90480 -323991
90510 -323991
90540 -323990
90570 -323982
90600 -323982
90630 -323982
90660 -323982
90690 -323981
90720 -323981
90750 -323981
90780 -323981
90810 -323981
90840 -323981
90870 -323972
90900 -323972
90930 -323972
90960 -323972
90990 -323972
91020 -323972
91050 -323955
91080 -323954
91110 -323954
91140 -323953
91170 -323953
91200 -323953
91230 -323953
91260 -323953
91290 -323953
91320 -323953
91350 -323953
91380 -323947
91410 -323947
91440 -323920
91470 -323914
91500 -323914
91530 -323903
91560 -323903
91590 -323900
91620 -323898
91650 -323898
91680 -323898
91710 -323898
91740 -323897
91770 -323897
91800 -323896
91830 -323891
91860 -323887
91890 -323887
91920 -323887
91950 -323879
91980 -323879
92010 -323879
92040 -323879
92070 -323879
92100 -323876
92130 -323876
92160 -323876
92190 -323875
92220 -323875
92250 -323863
92280 -323863
92310 -323849
92340 -323840
92370 -323837
92400 -323832
92430 -323829
92460 -323829
92490 -323829
92520 -323829
92550 -323829
92580 -323820
92610 -323820
92640 -323820
92670 -323820
92700 -323820
92730 -323820
92760 -323820
92790 -323820
92820 -323820
92850 -323820
92880 -323816
92910 -323816
92940 -323816
92970 -323816
93000 -323816
93030 -323815
93060 -323815
93090 -323815
93120 -323815
93150 -323815
93180 -323815
93210 -323808
93240 -323808
93270 -323801
93300 -323801
93330 -323798
93360 -323798
93390 -323788
93420 -323788
93450 -323788
93480 -323788
93510 -323784
93540 -323784
93570 -323782
93600 -323782
93630 -323782
93660 -323782
93690 -323782
93720 -323782
93750 -323779
93780 -323779
93810 -323779
93840 -323779
93870 -323773
93900 -323771
93930 -323771
93960 -323759
93990 -323752
94020 -323752
94050 -323752
94080 -323747
94110 -323742
94140 -323742
94170 -323742
94200 -323742
94230 -323742
94260 -323742
94290 -323742
94320 -323742
94350 -323737
94380 -323737
94410 -323737
94440 -323737
94470 -323737
94500 -323737
94530 -323737
94560 -323737
94590 -323737
94620 -323730
94650 -323730
94680 -323730
94710 -323726
94740 -323726
94770 -323723
94800 -323721
94830 -323721
94860 -323721
94890 -323721
94920 -323721
94950 -323718
94980 -323718
95010 -323718
95040 -323718
95070 -323710
95100 -323710
95130 -323710
95160 -323710
95190 -323710
95220 -323710
95250 -323710
95280 -323710
95310 -323710
95340 -323710
95370 -323710
95400 -323709
95430 -323709
95460 -323709
95490 -323709
95520 -323709
95550 -323704
95580 -323704
95610 -323703
95640 -323703
95670 -323703
95700 -323703
95730 -323703
95760 -323703
95790 -323703
95820 -323697
95850 -323674
95880 -323668
95910 -323668
95940 -323666
95970 -323666
96000 -323666
96030 -323666
96060 -323666
96090 -323666
96120 -323666
96150 -323666
96180 -323666
96210 -323660
96240 -323660
96270 -323660
96300 -323623
96330 -323621
96360 -323621
96390 -323621
96420 -323619
96450 -323619
96480 -323619
96510 -323619
96540 -323619
96570 -323619
96600 -323614
96630 -323614
96660 -323614
96690 -323614
96720 -323614
96750 -323614
96780 -323612
96810 -323610
96840 -323607
96870 -323607
96900 -323607
96930 -323602
96960 -323602
96990 -323602
97020 -323602
97050 -323602
97080 -323602
97110 -323602
97140 -323598
97170 -323598
97200 -323597
97230 -323597
97260 -323597
97290 -323597
97320 -323597
97350 -323597
97380 -323595
97410 -323595
97440 -323595
97470 -323595
97500 -323595
97530 -323595
97560 -323595
97590 -323591
97620 -323591
97650 -323591
97680 -323591
97710 -323591
97740 -323591
97770 -323591
97800 -323591
97830 -323591
97860 -323591
97890 -323591
97920 -323591
97950 -323591
97980 -323585
98010 -323585
98040 -323585
98070 -323585
98100 -323585
98130 -323585
98160 -323585
98190 -323584
98220 -323584
98250 -323584
98280 -323584
98310 -323584
98340 -323584
98370 -323584
98400 -323584
98430 -323584
98460 -323584
98490 -323583
98520 -323583
98550 -323583
98580 -323583
98610 -323577
98640 -323577
98670 -323562
98700 -323562
98730 -323560
98760 -323559
98790 -323559
98820 -323553
98850 -323553
98880 -323543
98910 -323543
98940 -323543
98970 -323543
99000 -323540
99030 -323539
99060 -323539
99090 -323539
99120 -323536
99150 -323536
99180 -323536
99210 -323534
99240 -323534
99270 -323534
99300 -323534
99330 -323534
99360 -323534
99390 -323534
99420 -323534
99450 -323529
99480 -323529
99510 -323527
99540 -323527
99570 -323527
99600 -323527
99630 -323527
99660 -323527
99690 -323527
99720 -323527
99750 -323527
99780 -323527
99810 -323527
99840 -323527
99870 -323527
99900 -323527
99930 -323527
99960 -323527
99990 -323527
100020 -323527
100050 -323527
100080 -323527
100110 -323525
100140 -323522
100170 -323522
100200 -323522
100230 -323522
100260 -323522
100290 -323517
100320 -323516
100350 -323516
100380 -323516
100410 -323516
100440 -323510
100470 -323478
100500 -323478
100530 -323477
100560 -323477
100590 -323477
100620 -323477
100650 -323477
100680 -323477
100710 -323463
100740 -323463
100770 -323463
100800 -323460
100830 -323460
100860 -323460
100890 -323457
100920 -323452
100950 -323452
100980 -323452
101010 -323452
101040 -323451
101070 -323451
101100 -323445
101130 -323443
101160 -323443
101190 -323443
101220 -323443
101250 -323441
101280 -323434
101310 -323427
101340 -323427
101370 -323427
101400 -323422
101430 -323421
101460 -323420
101490 -323420
101520 -323417
101550 -323417
101580 -323417
101610 -323417
101640 -323403
101670 -323403
101700 -323389
101730 -323389
101760 -323389
101790 -323389
101820 -323389
101850 -323389
101880 -323389
101910 -323389
101940 -323389
101970 -323389
102000 -323389
102030 -323389
102060 -323380
102090 -323374
102120 -323374
102150 -323364
102180 -323364
102210 -323364
102240 -323364
102270 -323364
102300 -323364
102330 -323355
102360 -323351
102390 -323351
102420 -323351
102450 -323351
102480 -323351
102510 -323351
102540 -323350
102570 -323350
102600 -323350
102630 -323346
102660 -323346
102690 -323346
102720 -323346
102750 -323346
102780 -323346
102810 -323346
102840 -323346
102870 -323346
102900 -323336
102930 -323336
102960 -323336
102990 -323336
103020 -323332
103050 -323332
103080 -323332
103110 -323332
103140 -323320
103170 -323320
103200 -323320
103230 -323320
103260 -323319
103290 -323315
103320 -323311
103350 -323311
103380 -323311
103410 -323310
103440 -323310
103470 -323310
103500 -323310
103530 -323309
103560 -323309
103590 -323304
103620 -323304
103650 -323304
103680 -323304
103710 -323304
103740 -323304
103770 -323303
103800 -323302
103830 -323302
103860 -323302
103890 -323302
103920 -323302
103950 -323302
103980 -323302
104010 -323302
104040 -323302
104070 -323302
104100 -323302
104130 -323302
104160 -323302
104190 -323302
104220 -323302
104250 -323302
104280 -323302
104310 -323296
104340 -323296
104370 -323296
104400 -323294
104430 -323283
104460 -323280
104490 -323280
104520 -323280
104550 -323280
104580 -323280
104610 -323259
104640 -323259
104670 -323259
104700 -323259
104730 -323253
104760 -323253
104790 -323253
104820 -323253
104850 -323252
104880 -323252
104910 -323252
104940 -323252
104970 -323252
105000 -323252
105030 -323252
105060 -323252
105090 -323252
105120 -323252
105150 -323252
105180 -323252
105210 -323252
105240 -323252
105270 -323252
105300 -323239
105330 -323239
105360 -323239
105390 -323217
105420 -323214
105450 -323214
105480 -323213
105510 -323213
105540 -323213
105570 -323213
105600 -323213
105630 -323213
105660 -323213
105690 -323213
105720 -323213
105750 -323213
105780 -323213
105810 -323212
105840 -323212
105870 -323212
105900 -323210
105930 -323210
105960 -323210
105990 -323210
106020 -323210
106050 -323207
106080 -323207
106110 -323207
106140 -323207
106170 -323204
106200 -323200
106230 -323200
106260 -323200
106290 -323193
106320 -323191
106350 -323191
106380 -323191
106410 -323188
106440 -323187
106470 -323187
106500 -323187
106530 -323187
106560 -323187
106590 -323187
106620 -323181
106650 -323181
106680 -323181
106710 -323181
106740 -323181
106770 -323165
106800 -323165
106830 -323165
106860 -323165
106890 -323158
106920 -323158
106950 -323157
106980 -323152
107010 -323152
107040 -323152
107070 -323152
107100 -323152
107130 -323152
107160 -323152
107190 -323152
107220 -323152
107250 -323152
107280 -323152
107310 -323151
107340 -323151
107370 -323149
107400 -323149
107430 -323149
107460 -323143
107490 -323143
107520 -323143
107550 -323143
107580 -323143
107610 -323143
107640 -323143
107670 -323143
107700 -323143
107730 -323142
107760 -323142
107790 -323142
107820 -323135
107850 -323135
107880 -323135
107910 -323135
107940 -323135
107970 -323130
108000 -323130
108030 -323130
108060 -323130
108090 -323130
108120 -323130
108150 -323130
108180 -323082
108210 -323082
108240 -323081
108270 -323081
108300 -323081
108330 -323074
108360 -323074
108390 -323071
108420 -323071
108450 -323071
108480 -323071
108510 -323065
108540 -323065
108570 -323065
108600 -323065
108630 -323065
108660 -323065
108690 -323063
108720 -323056
108750 -323056
108780 -323056
108810 -323056
108840 -323055
108870 -323044
108900 -323044
108930 -323044
108960 -323044
108990 -323044
109020 -323044
109050 -323044
109080 -323044
109110 -323044
109140 -323044
109170 -323044
109200 -323044
109230 -323044
109260 -323044
109290 -323044
109320 -323044
109350 -323035
109380 -323032
109410 -323032
109440 -323019
109470 -323019
109500 -323019
109530 -323019
109560 -323019
109590 -323019
109620 -323019
109650 -323019
109680 -323019
109710 -323019
109740 -323019
109770 -323019
109800 -323019
109830 -323019
109860 -323019
109890 -323016
109920 -323015
109950 -323015
109980 -323015
110010 -323012
110040 -323010
110070 -323010
110100 -323006
110130 -323004
110160 -323004
110190 -323004
110220 -323004
110250 -323004
110280 -323004
110310 -323004
110340 -323004
110370 -323002
110400 -322986
110430 -322986
110460 -322977
110490 -322977
110520 -322972
110550 -322972
110580 -322972
110610 -322972
110640 -322972
110670 -322972
110700 -322972
110730 -322972
110760 -322972
110790 -322972
110820 -322963
110850 -322963
110880 -322963
110910 -322963
110940 -322963
110970 -322963
111000 -322962
111030 -322962
111060 -322962
111090 -322962
111120 -322962
111150 -322962
111180 -322962
111210 -322962
111240 -322954
111270 -322954
111300 -322954
111330 -322954
111360 -322954
111390 -322954
111420 -322954
111450 -322954
111480 -322944
111510 -322933
111540 -322933
111570 -322933
111600 -322925
111630 -322925
111660 -322925
111690 -322925
111720 -322925
111750 -322925
111780 -322925
111810 -322925
111840 -322925
111870 -322925
111900 -322925
111930 -322925
111960 -322925
111990 -322925
112020 -322925
112050 -322925
112080 -322925
112110 -322925
112140 -322925
112170 -322924
112200 -322924
112230 -322924
112260 -322924
112290 -322924
112320 -322924
112350 -322924
112380 -322924
112410 -322924
112440 -322924
112470 -322924
112500 -322924
112530 -322924
112560 -322924
112590 -322916
112620 -322916
112650 -322916
112680 -322916
112710 -322916
112740 -322916
112770 -322916
112800 -322916
112830 -322916
112860 -322912
112890 -322912
112920 -322912
112950 -322912
112980 -322912
113010 -322912
113040 -322910
113070 -322910
113100 -322910
113130 -322910
113160 -322910
113190 -322910
113220 -322910
113250 -322910
113280 -322910
113310 -322904
113340 -322904
113370 -322904
113400 -322904
113430 -322904
113460 -322904
113490 -322904
113520 -322904
113550 -322904
113580 -322903
113610 -322893
113640 -322893
113670 -322893
113700 -322893
113730 -322893
113760 -322893
113790 -322893
113820 -322891
113850 -322891
113880 -322873
113910 -322866
113940 -322864
113970 -322864
114000 -322864
114030 -322864
114060 -322864
114090 -322864
114120 -322864
114150 -322864
114180 -322864
114210 -322864
114240 -322864
114270 -322864
114300 -322864
114330 -322864
114360 -322864
114390 -322860
114420 -322860
114450 -322860
114480 -322860
114510 -322860
114540 -322860
114570 -322855
114600 -322855
114630 -322855
114660 -322855
114690 -322855
114720 -322855
114750 -322855
114780 -322855
114810 -322855
114840 -322855
114870 -322855
114900 -322855
114930 -322830
114960 -322830
114990 -322830
115020 -322828
115050 -322828
115080 -322823
115110 -322800
115140 -322800
115170 -322800
115200 -322800
115230 -322797
115260 -322797
115290 -322797
115320 -322797
115350 -322797
115380 -322797
115410 -322797
115440 -322795
115470 -322790
115500 -322790
115530 -322790
115560 -322790
115590 -322790
115620 -322790
115650 -322790
115680 -322790
115710 -322790
115740 -322790
115770 -322790
115800 -322790
115830 -322790
115860 -322789
115890 -322787
115920 -322787
115950 -322787
115980 -322787
116010 -322784
116040 -322784
116070 -322784
116100 -322784
116130 -322784
116160 -322784
116190 -322784
116220 -322784
116250 -322784
116280 -322784
116310 -322778
116340 -322778
116370 -322775
116400 -322775
116430 -322755
116460 -322755
116490 -322755
116520 -322745
116550 -322745
116580 -322745
116610 -322745
116640 -322745
116670 -322732
116700 -322731
116730 -322731
116760 -322731
116790 -322730
116820 -322730
116850 -322730
116880 -322730
116910 -322730
116940 -322730
116970 -322730
117000 -322730
117030 -322730
117060 -322730
117090 -322728
117120 -322728
117150 -322727
117180 -322727
117210 -322722
117240 -322722
117270 -322721
117300 -322721
117330 -322721
117360 -322721
117390 -322721
117420 -322720
117450 -322720
117480 -322720
117510 -322720
117540 -322720
117570 -322720
117600 -322719
117630 -322719
117660 -322718
117690 -322718
117720 -322718
117750 -322718
117780 -322712
117810 -322712
117840 -322712
117870 -322710
117900 -322710
117930 -322710
117960 -322710
117990 -322710
118020 -322710
118050 -322710
118080 -322688
118110 -322688
118140 -322688
118170 -322688
118200 -322688
118230 -322688
118260 -322688
118290 -322688
118320 -322688
118350 -322682
118380 -322682
118410 -322680
118440 -322679
118470 -322679
118500 -322666
118530 -322666
118560 -322666
118590 -322663
118620 -322654
118650 -322654
118680 -322654
118710 -322653
118740 -322653
118770 -322653
118800 -322652
118830 -322652
118860 -322652
118890 -322649
118920 -322649
118950 -322649
118980 -322645
119010 -322645
119040 -322645
119070 -322645
119100 -322645
119130 -322645
119160 -322645
119190 -322645
119220 -322645
119250 -322643
119280 -322642
119310 -322642
119340 -322642
119370 -322642
119400 -322642
119430 -322642
119460 -322642
119490 -322642
119520 -322642
119550 -322642
119580 -322642
119610 -322642
119640 -322642
119670 -322638
119700 -322638
119730 -322634
119760 -322634
119790 -322634
119820 -322634
119850 -322634
119880 -322634
119910 -322634
119940 -322634
119970 -322634
120000 -322634
120030 -322634
120060 -322634
120090 -322631
120120 -322631
120150 -322631
120180 -322631
120210 -322631
120240 -322631
120270 -322631
120300 -322631
120330 -322631
120360 -322631
120390 -322631
120420 -322631
120450 -322631
120480 -322631
120510 -322621
120540 -322621
120570 -322621
120600 -322615
120630 -322615
120660 -322614
120690 -322614
120720 -322579
120750 -322579
120780 -322559
120810 -322556
120840 -322556
120870 -322556
120900 -322556
120930 -322556
120960 -322556
120990 -322556
121020 -322556
121050 -322556
121080 -322549
121110 -322546
121140 -322526
121170 -322526
121200 -322526
121230 -322517
121260 -322517
121290 -322504
121320 -322503
121350 -322503
121380 -322503
121410 -322496
121440 -322496
121470 -322496
121500 -322496
121530 -322496
121560 -322496
121590 -322496
121620 -322496
121650 -322495
121680 -322495
121710 -322495
121740 -322495
121770 -322495
121800 -322495
121830 -322495
121860 -322491
121890 -322485
121920 -322485
121950 -322485
121980 -322485
122010 -322485
122040 -322485
122070 -322485
122100 -322485
122130 -322484
122160 -322484
122190 -322484
122220 -322484
122250 -322484
122280 -322484
122310 -322483
122340 -322474
122370 -322474
122400 -322474
122430 -322474
122460 -322474
122490 -322474
122520 -322474
122550 -322474
122580 -322474
122610 -322474
122640 -322474
122670 -322466
122700 -322466
122730 -322466
122760 -322466
122790 -322464
122820 -322464
122850 -322464
122880 -322464
122910 -322464
122940 -322463
122970 -322463
123000 -322463
123030 -322463
123060 -322463
123090 -322463
123120 -322463
123150 -322463
123180 -322463
123210 -322463
123240 -322463
123270 -322463
123300 -322463
123330 -322414
123360 -322414
123390 -322414
123420 -322414
123450 -322414
123480 -322414
123510 -322409
123540 -322409
123570 -322409
123600 -322409
123630 -322390
123660 -322390
123690 -322390
123720 -322390
123750 -322390
123780 -322390
123810 -322390
123840 -322390
123870 -322390
123900 -322387
123930 -322387
123960 -322387
123990 -322387
124020 -322387
124050 -322387
124080 -322387
124110 -322387
124140 -322387
124170 -322387
124200 -322387
124230 -322387
124260 -322386
124290 -322380
124320 -322380
124350 -322380
124380 -322380
124410 -322380
124440 -322378
124470 -322378
124500 -322374
124530 -322374
124560 -322374
124590 -322374
124620 -322374
124650 -322374
124680 -322374
124710 -322374
124740 -322374
124770 -322374
124800 -322374
124830 -322374
124860 -322374
124890 -322374
124920 -322374
124950 -322374
124980 -322374
125010 -322374
125040 -322374
125070 -322374
125100 -322374
125130 -322374
125160 -322374
125190 -322374
125220 -322374
125250 -322374
125280 -322374
125310 -322374
125340 -322374
125370 -322371
125400 -322371
125430 -322361
125460 -322361
125490 -322361
125520 -322361
125550 -322361
125580 -322361
125610 -322361
125640 -322361
125670 -322361
125700 -322361
125730 -322361
125760 -322325
125790 -322318
125820 -322318
125850 -322318
125880 -322318
125910 -322304
125940 -322304
125970 -322304
126000 -322300
126030 -322300
126060 -322300
126090 -322297
126120 -322297
126150 -322297
126180 -322297
126210 -322297
126240 -322297
126270 -322297
126300 -322297
126330 -322297
126360 -322297
126390 -322297
126420 -322295
126450 -322295
126480 -322295
126510 -322295
126540 -322295
126570 -322294
126600 -322294
126630 -322294
126660 -322294
126690 -322285
126720 -322285
126750 -322285
126780 -322285
126810 -322283
126840 -322283
126870 -322283
126900 -322283
126930 -322283
126960 -322283
126990 -322283
127020 -322276
127050 -322276
127080 -322276
127110 -322276
127140 -322276
127170 -322264
127200 -322264
127230 -322264
127260 -322264
127290 -322264
127320 -322264
127350 -322264
127380 -322264
127410 -322264
127440 -322262
127470 -322262
127500 -322262
127530 -322261
127560 -322261
127590 -322261
127620 -322261
127650 -322260
127680 -322260
127710 -322260
127740 -322260
127770 -322254
127800 -322254
127830 -322251
127860 -322251
127890 -322247
127920 -322247
127950 -322247
127980 -322247
128010 -322247
128040 -322246
128070 -322246
128100 -322246
128130 -322246
128160 -322246
128190 -322246
128220 -322246
128250 -322246
128280 -322246
128310 -322246
128340 -322246
128370 -322246
128400 -322246
128430 -322246
128460 -322246
128490 -322246
128520 -322246
128550 -322243
128580 -322241
128610 -322239
128640 -322239
128670 -322239
128700 -322239
128730 -322222
128760 -322216
128790 -322216
128820 -322216
128850 -322216
128880 -322216
128910 -322216
128940 -322216
128970 -322216
129000 -322216
129030 -322216
129060 -322216
129090 -322216
129120 -322216
129150 -322216
129180 -322216
129210 -322216
129240 -322216
129270 -322212
129300 -322212
129330 -322212
129360 -322212
129390 -322212
129420 -322212
129450 -322212
129480 -322212
129510 -322212
129540 -322211
129570 -322211
129600 -322211
129630 -322211
129660 -322211
129690 -322211
129720 -322211
129750 -322211
129780 -322211
129810 -322211
129840 -322211
129870 -322207
129900 -322207
129930 -322204
129960 -322204
129990 -322204
130020 -322204
130050 -322204
130080 -322204
130110 -322200
130140 -322191
130170 -322191
130200 -322191
130230 -322190
130260 -322190
130290 -322190
130320 -322190
130350 -322190
130380 -322190
130410 -322190
130440 -322190
130470 -322190
130500 -322190
130530 -322190
130560 -322190
130590 -322189
130620 -322189
130650 -322189
130680 -322189
130710 -322189
130740 -322189
130770 -322189
130800 -322188
130830 -322188
130860 -322178
130890 -322178
130920 -322178
130950 -322171
130980 -322146
131010 -322121
131040 -322121
131070 -322121
131100 -322121
131130 -322121
131160 -322121
131190 -322121
131220 -322121
131250 -322121
131280 -322121
131310 -322121
131340 -322121
131370 -322121
131400 -322121
131430 -322121
131460 -322121
131490 -322108
131520 -322108
131550 -322108
131580 -322107
131610 -322100
131640 -322100
131670 -322100
131700 -322100
131730 -322100
131760 -322100
131790 -322100
131820 -322100
131850 -322100
131880 -322089
131910 -322064
131940 -322064
131970 -322064
132000 -322059
132030 -322059
132060 -322059
132090 -322057
132120 -322057
132150 -322057
132180 -322057
132210 -322057
132240 -322057
132270 -322057
132300 -322056
132330 -322056
132360 -322056
132390 -322056
132420 -322056
132450 -322056
132480 -322056
132510 -322056
132540 -322056
132570 -322056
132600 -322056
132630 -322056
132660 -322056
132690 -322056
132720 -322056
132750 -322056
132780 -322056
132810 -322056
132840 -322056
132870 -322054
132900 -322054
132930 -322054
132960 -322054
132990 -322054
133020 -322053
133050 -322053
133080 -322053
133110 -322053
133140 -322053
133170 -322053
133200 -322046
133230 -322046
133260 -322046
133290 -322046
133320 -322046
133350 -322045
133380 -322045
133410 -322045
133440 -322036
133470 -322036
133500 -322036
133530 -322036
133560 -322036
133590 -322036
133620 -322036
133650 -322036
133680 -322036
133710 -322036
133740 -322036
133770 -322036
133800 -322036
133830 -322036
133860 -322036
133890 -322029
133920 -322029
133950 -322029
133980 -322029
134010 -322029
134040 -322027
134070 -322025
134100 -322023
134130 -322023
134160 -322018
134190 -322018
134220 -322018
134250 -322018
134280 -322018
134310 -322018
134340 -322018
134370 -322018
134400 -322018
134430 -322018
134460 -322018
134490 -322018
134520 -322018
134550 -322018
134580 -322018
134610 -322018
134640 -322018
134670 -322018
134700 -322018
134730 -322018
134760 -322018
134790 -322015
134820 -322015
134850 -322015
134880 -322015
134910 -322015
134940 -322008
134970 -322008
135000 -322008
135030 -322008
135060 -322008
135090 -322008
135120 -322008
135150 -322008
135180 -322008
135210 -322008
135240 -322008
135270 -322008
135300 -322006
135330 -321994
135360 -321994
135390 -321994
135420 -321994
135450 -321994
135480 -321994
135510 -321994
135540 -321994
135570 -321994
135600 -321994
135630 -321994
135660 -321994
135690 -321994
135720 -321994
135750 -321994
135780 -321994
135810 -321994
135840 -321994
135870 -321994
135900 -321986
135930 -321986
135960 -321986
135990 -321986
136020 -321986
136050 -321986
136080 -321986
136110 -321983
136140 -321968
136170 -321968
136200 -321967
136230 -321967
136260 -321967
136290 -321967
136320 -321967
136350 -321965
136380 -321965
136410 -321965
136440 -321965
136470 -321965
136500 -321965
136530 -321962
136560 -321962
136590 -321962
136620 -321962
136650 -321962
136680 -321962
136710 -321962
136740 -321962
136770 -321962
136800 -321962
136830 -321962
136860 -321962
136890 -321962
136920 -321962
136950 -321962
136980 -321962
137010 -321962
137040 -321962
137070 -321962
137100 -321962
137130 -321947
137160 -321947
137190 -321947
137220 -321947
137250 -321947
137280 -321947
137310 -321947
137340 -321941
137370 -321941
137400 -321940
137430 -321924
137460 -321924
137490 -321924
137520 -321924
137550 -321923
137580 -321922
137610 -321922
137640 -321917
137670 -321917
137700 -321916
137730 -321916
137760 -321916
137790 -321914
137820 -321914
137850 -321914
137880 -321914
137910 -321914
137940 -321914
137970 -321914
138000 -321914
138030 -321914
138060 -321914
138090 -321888
138120 -321888
138150 -321888
138180 -321883
138210 -321883
138240 -321883
138270 -321883
138300 -321883
138330 -321883
138360 -321883
138390 -321883
138420 -321882
138450 -321876
138480 -321876
138510 -321871
138540 -321871
138570 -321871
138600 -321871
138630 -321871
138660 -321871
138690 -321871
138720 -321871
138750 -321871
138780 -321871
138810 -321871
138840 -321871
138870 -321871
138900 -321871
138930 -321871
138960 -321871
138990 -321871
139020 -321871
139050 -321871
139080 -321871
139110 -321871
139140 -321871
139170 -321871
139200 -321871
139230 -321871
139260 -321871
139290 -321871
139320 -321871
139350 -321871
139380 -321871
139410 -321871
139440 -321871
139470 -321871
139500 -321871
139530 -321871
139560 -321871
139590 -321861
139620 -321860
139650 -321860
139680 -321858
139710 -321857
139740 -321857
139770 -321857
139800 -321855
139830 -321855
139860 -321855
139890 -321855
139920 -321851
139950 -321851
139980 -321851
140010 -321851
140040 -321851
140070 -321851
140100 -321851
140130 -321851
140160 -321851
140190 -321851
140220 -321851
140250 -321847
140280 -321847
140310 -321847
140340 -321826
140370 -321826
140400 -321826
140430 -321826
140460 -321825
140490 -321825
140520 -321825
140550 -321825
140580 -321825
140610 -321825
140640 -321825
140670 -321825
140700 -321825
140730 -321825
140760 -321825
140790 -321825
140820 -321825
140850 -321825
140880 -321825
140910 -321825
140940 -321825
140970 -321825
141000 -321825
141030 -321825
141060 -321825
141090 -321821
141120 -321821
141150 -321821
141180 -321821
141210 -321821
141240 -321821
141270 -321821
141300 -321821
141330 -321821
141360 -321821
141390 -321821
141420 -321818
141450 -321818
141480 -321818
141510 -321818
141540 -321818
141570 -321818
141600 -321818
141630 -321818
141660 -321818
141690 -321811
141720 -321811
141750 -321808
141780 -321808
141810 -321796
141840 -321794
141870 -321794
141900 -321794
141930 -321792
141960 -321792
141990 -321772
142020 -321772
142050 -321772
142080 -321764
142110 -321764
142140 -321762
142170 -321762
142200 -321762
142230 -321762
142260 -321762
142290 -321762
142320 -321762
142350 -321762
142380 -321756
142410 -321756
142440 -321756
142470 -321756
142500 -321756
142530 -321756
142560 -321756
142590 -321756
142620 -321756
142650 -321756
142680 -321756
142710 -321756
142740 -321756
142770 -321756
142800 -321756
142830 -321756
142860 -321756
142890 -321749
142920 -321749
142950 -321747
142980 -321747
143010 -321747
143040 -321747
143070 -321747
143100 -321747
143130 -321747
143160 -321747
143190 -321747
143220 -321747
143250 -321747
143280 -321747
143310 -321747
143340 -321746
143370 -321746
143400 -321744
143430 -321744
143460 -321744
143490 -321744
143520 -321727
143550 -321727
143580 -321727
143610 -321727
143640 -321725
143670 -321725
143700 -321725
143730 -321719
143760 -321719
143790 -321719
143820 -321689
143850 -321689
143880 -321689
143910 -321686
143940 -321686
143970 -321683
144000 -321683
144030 -321683
144060 -321683
144090 -321683
144120 -321683
144150 -321683
144180 -321683
144210 -321683
144240 -321683
144270 -321683
144300 -321683
144330 -321683
144360 -321665
144390 -321665
144420 -321665
144450 -321665
144480 -321665
144510 -321664
144540 -321664
144570 -321664
144600 -321664
144630 -321664
144660 -321664
144690 -321664
144720 -321664
144750 -321661
144780 -321661
144810 -321660
144840 -321660
144870 -321660
144900 -321660
144930 -321660
144960 -321660
144990 -321655
145020 -321646
145050 -321643
145080 -321643
145110 -321643
145140 -321643
145170 -321643
145200 -321643
145230 -321643
145260 -321643
145290 -321640
145320 -321640
145350 -321640
145380 -321640
145410 -321640
145440 -321640
145470 -321640
145500 -321640
145530 -321635
145560 -321625
145590 -321625
145620 -321625
145650 -321625
145680 -321625
145710 -321625
145740 -321596
145770 -321596
145800 -321596
145830 -321596
145860 -321596
145890 -321596
145920 -321596
145950 -321596
145980 -321596
146010 -321594
146040 -321594
146070 -321594
146100 -321594
146130 -321592
146160 -321592
146190 -321592
146220 -321592
146250 -321592
146280 -321592
146310 -321592
146340 -321592
146370 -321592
146400 -321586
146430 -321586
146460 -321586
146490 -321586
146520 -321586
146550 -321583
146580 -321583
146610 -321583
146640 -321583
146670 -321583
146700 -321583
146730 -321583
146760 -321574
146790 -321574
146820 -321572
146850 -321572
146880 -321572
146910 -321571
146940 -321571
146970 -321571
147000 -321571
147030 -321571
147060 -321571
147090 -321571
147120 -321571
147150 -321559
147180 -321559
147210 -321559
147240 -321559
147270 -321558
147300 -321553
147330 -321553
147360 -321552
147390 -321552
147420 -321552
147450 -321552
147480 -321551
147510 -321550
147540 -321550
147570 -321550
147600 -321548
147630 -321548
147660 -321548
147690 -321548
147720 -321548
147750 -321548
147780 -321548
147810 -321548
147840 -321548
147870 -321548
147900 -321548
147930 -321548
147960 -321548
147990 -321548
148020 -321548
148050 -321548
148080 -321548
148110 -321548
148140 -321548
148170 -321548
148200 -321546
148230 -321546
148260 -321546
148290 -321546
148320 -321546
148350 -321546
148380 -321541
148410 -321523
148440 -321519
148470 -321519
148500 -321517
148530 -321517
148560 -321517
148590 -321517
148620 -321517
148650 -321517
148680 -321517
148710 -321517
148740 -321517
148770 -321517
148800 -321517
148830 -321517
148860 -321505
148890 -321505
148920 -321504
148950 -321500
148980 -321500
149010 -321500
149040 -321500
149070 -321500
149100 -321500
149130 -321500
149160 -321500
149190 -321492
149220 -321492
149250 -321491
149280 -321489
149310 -321489
149340 -321489
149370 -321489
149400 -321487
149430 -321487
149460 -321487
149490 -321487
149520 -321487
149550 -321487
149580 -321487
149610 -321487
149640 -321487
149670 -321481
149700 -321481
149730 -321475
149760 -321475
149790 -321475
149820 -321475
149850 -321475
149880 -321473
149910 -321473
149940 -321471
149970 -321471
150000 -321471
150030 -321467
150060 -321467
150090 -321467
150120 -321462
150150 -321462
150180 -321462
150210 -321462
150240 -321462
150270 -321453
150300 -321453
150330 -321453
150360 -321453
150390 -321453
150420 -321453
150450 -321453
150480 -321453
150510 -321453
150540 -321453
150570 -321453
150600 -321453
150630 -321453
150660 -321452
150690 -321452
150720 -321447
150750 -321447
150780 -321447
150810 -321447
150840 -321447
150870 -321447
150900 -321447
150930 -321447
150960 -321447
150990 -321441
151020 -321441
151050 -321441
151080 -321441
151110 -321440
151140 -321413
151170 -321413
151200 -321413
151230 -321413
151260 -321413
151290 -321413
151320 -321413
151350 -321413
151380 -321413
151410 -321405
151440 -321405
151470 -321405
151500 -321405
151530 -321405
151560 -321405
151590 -321405
151620 -321405
151650 -321405
151680 -321392
151710 -321392
151740 -321392
151770 -321392
151800 -321392
151830 -321392
151860 -321392
151890 -321390
151920 -321381
151950 -321381
151980 -321381
152010 -321381
152040 -321381
152070 -321381
152100 -321381
152130 -321380
152160 -321380
152190 -321380
152220 -321380
152250 -321319
152280 -321319
152310 -321319
152340 -321319
152370 -321319
152400 -321319
152430 -321319
152460 -321319
152490 -321319
152520 -321319
152550 -321319
152580 -321319
152610 -321319
152640 -321319
152670 -321319
152700 -321319
152730 -321319
152760 -321313
152790 -321310
152820 -321310
152850 -321310
152880 -321309
152910 -321309
152940 -321309
152970 -321309
153000 -321309
153030 -321309
153060 -321309
153090 -321309
153120 -321309
153150 -321309
153180 -321309
153210 -321309
153240 -321309
153270 -321309
153300 -321309
153330 -321307
153360 -321307
153390 -321307
153420 -321307
153450 -321305
153480 -321305
153510 -321304
153540 -321294
153570 -321294
153600 -321294
153630 -321294
153660 -321294
153690 -321294
153720 -321294
153750 -321294
153780 -321289
153810 -321289
153840 -321289
153870 -321289
153900 -321283
153930 -321283
153960 -321283
153990 -321283
154020 -321283
154050 -321283
154080 -321283
154110 -321283
154140 -321283
154170 -321283
154200 -321283
154230 -321283
154260 -321283
154290 -321283
154320 -321283
154350 -321283
154380 -321283
154410 -321283
154440 -321283
154470 -321276
154500 -321276
154530 -321268
154560 -321268
154590 -321268
154620 -321268
154650 -321268
154680 -321268
154710 -321262
154740 -321252
154770 -321251
154800 -321251
154830 -321251
154860 -321251
154890 -321251
154920 -321251
154950 -321251
154980 -321243
155010 -321234
155040 -321234
155070 -321234
155100 -321234
155130 -321234
155160 -321234
155190 -321233
155220 -321233
155250 -321223
155280 -321223
155310 -321223
155340 -321223
155370 -321207
155400 -321192
155430 -321192
155460 -321192
155490 -321192
155520 -321180
155550 -321180
155580 -321177
155610 -321177
155640 -321177
155670 -321177
155700 -321177
155730 -321177
155760 -321177
155790 -321177
155820 -321177
155850 -321177
155880 -321174
155910 -321173
155940 -321173
155970 -321173
156000 -321173
156030 -321173
156060 -321173
156090 -321173
156120 -321173
156150 -321171
156180 -321171
156210 -321171
156240 -321171
156270 -321171
156300 -321171
156330 -321164
156360 -321164
156390 -321164
156420 -321164
156450 -321160
156480 -321160
156510 -321160
156540 -321160
156570 -321160
156600 -321160
156630 -321160
156660 -321160
156690 -321160
156720 -321160
156750 -321160
156780 -321160
156810 -321160
156840 -321160
156870 -321160
156900 -321160
156930 -321160
156960 -321154
156990 -321154
157020 -321154
157050 -321154
157080 -321154
157110 -321154
157140 -321154
157170 -321154
157200 -321154
157230 -321154
157260 -321154
157290 -321154
157320 -321147
157350 -321147
157380 -321147
157410 -321147
157440 -321147
157470 -321147
157500 -321147
157530 -321145
157560 -321145
157590 -321145
157620 -321142
157650 -321142
157680 -321142
157710 -321142
157740 -321135
157770 -321135
157800 -321135
157830 -321135
157860 -321135
157890 -321110
157920 -321110
157950 -321110
157980 -321110
158010 -321110
158040 -321110
158070 -321110
158100 -321110
158130 -321110
158160 -321110
158190 -321110
158220 -321110
158250 -321110
158280 -321110
158310 -321108
158340 -321108
158370 -321108
158400 -321108
158430 -321108
158460 -321106
158490 -321105
158520 -321105
158550 -321105
158580 -321105
158610 -321105
158640 -321105
158670 -321105
158700 -321105
158730 -321105
158760 -321105
158790 -321105
158820 -321097
158850 -321097
158880 -321097
158910 -321096
158940 -321096
158970 -321096
159000 -321096
159030 -321096
159060 -321096
159090 -321096
159120 -321096
159150 -321096
159180 -321095
159210 -321095
159240 -321095
159270 -321095
159300 -321095
159330 -321095
159360 -321095
159390 -321095
159420 -321095
159450 -321087
159480 -321087
159510 -321087
159540 -321087
159570 -321087
159600 -321087
159630 -321087
159660 -321087
159690 -321087
159720 -321087
159750 -321087
159780 -321087
159810 -321080
159840 -321080
159870 -321080
159900 -321080
159930 -321080
159960 -321080
159990 -321080
160020 -321080
160050 -321080
160080 -321080
160110 -321080
160140 -321080
160170 -321080
160200 -321080
160230 -321080
160260 -321080
160290 -321080
160320 -321080
160350 -321080
160380 -321080
160410 -321077
160440 -321077
160470 -321077
160500 -321077
160530 -321077
160560 -321077
160590 -321071
160620 -321066
160650 -321066
160680 -321066
160710 -321066
160740 -321066
160770 -321066
160800 -321066
160830 -321066
160860 -321066
160890 -321066
160920 -321061
160950 -321061
160980 -321061
161010 -321057
161040 -321057
161070 -321055
161100 -321055
161130 -321055
161160 -321055
161190 -321055
161220 -321055
161250 -321055
161280 -321055
161310 -321055
161340 -321055
161370 -321055
161400 -321055
161430 -321055
161460 -321055
161490 -321055
161520 -321055
161550 -321055
161580 -321055
161610 -321055
161640 -321055
161670 -321055
161700 -321055
161730 -321055
161760 -321055
161790 -321055
161820 -321049
161850 -321045
161880 -321044
161910 -321044
161940 -321044
161970 -321044
162000 -321044
162030 -321044
162060 -321044
162090 -321044
162120 -321044
162150 -321044
162180 -321044
162210 -321044
162240 -321044
162270 -321044
162300 -321040
162330 -321034
162360 -321034
162390 -321034
162420 -321034
162450 -321034
162480 -321034
162510 -321033
162540 -321033
162570 -321023
162600 -321023
162630 -321023
162660 -321023
162690 -321023
162720 -321023
162750 -321023
162780 -321023
162810 -321022
162840 -321022
162870 -321022
162900 -321018
162930 -321012
162960 -321012
162990 -321012
163020 -321012
163050 -321012
163080 -321012
163110 -321012
163140 -321012
163170 -321012
163200 -321010
163230 -321010
163260 -321010
163290 -321010
163320 -321010
163350 -321010
163380 -321010
163410 -321010
163440 -321009
163470 -321007
163500 -321007
163530 -321005
163560 -321005
163590 -321005
163620 -321005
163650 -321001
163680 -321001
163710 -321001
163740 -321001
163770 -321001
163800 -321001
163830 -321001
163860 -321001
163890 -321001
163920 -321001
163950 -321001
163980 -321001
164010 -321001
164040 -321001
164070 -321001
