60 -314739
90 -313034
120 -311974
150 -310897
180 -309501
210 -308812
240 -308333
270 -307938
300 -307813
330 -307105
360 -306395
390 -305965
420 -305385
450 -304471
480 -303595
510 -303382
540 -302849
570 -302517
600 -302258
630 -301817
660 -301474
690 -301206
720 -301139
750 -300772
780 -300331
810 -299991
840 -299561
870 -299361
900 -299225
930 -298999
960 -298814
990 -298744
1020 -298443
1050 -298032
1080 -297642
1110 -297510
1140 -297459
1170 -297226
1200 -297094
1230 -296933
1260 -296848
1290 -296301
1320 -295715
1350 -295595
1380 -295459
1410 -295307
1440 -295265
1470 -295239
1500 -295166
1530 -294865
1560 -294662
1590 -294607
1620 -294055
1650 -293755
1680 -293619
1710 -293574
1740 -293534
1770 -293381
1800 -293050
1830 -292842
1860 -292760
1890 -292635
1920 -292499
1950 -292277
1980 -291993
2010 -291932
2040 -291908
2070 -291833
2100 -291686
2130 -291559
2160 -291468
2190 -291242
2220 -291106
2250 -291008
2280 -290911
2310 -290802
2340 -290755
2370 -290749
2400 -290712
2430 -290469
2460 -290438
2490 -290365
2520 -290246
2550 -290143
2580 -290096
2610 -290011
2640 -289917
2670 -289892
2700 -289856
2730 -289844
2760 -289826
2790 -289740
2820 -289657
2850 -289554
2880 -289310
2910 -289237
2940 -289173
2970 -289063
3000 -288934
3030 -288845
3060 -288774
3090 -288700
3120 -288681
3150 -288579
3180 -288380
3210 -288290
3240 -288125
3270 -288010
3300 -287990
3330 -287736
3360 -287675
3390 -287630
3420 -287544
3450 -287366
3480 -287335
3510 -287288
3540 -287214
3570 -287149
3600 -287103
3630 -287051
3660 -287032
3690 -286967
3720 -286925
3750 -286913
3780 -286896
3810 -286881
3840 -286777
3870 -286777
3900 -286698
3930 -286597
3960 -286550
3990 -286449
4020 -286413
4050 -286398
4080 -286338
4110 -286312
4140 -286237
4170 -286177
4200 -286066
4230 -285981
4260 -285944
4290 -285923
4320 -285904
4350 -285900
4380 -285787
4410 -285782
4440 -285762
4470 -285680
4500 -285673
4530 -285641
4560 -285621
4590 -285321
4620 -285321
4650 -285217
4680 -284995
4710 -284944
4740 -284937
4770 -284908
4800 -284902
4830 -284832
4860 -284804
4890 -284770
4920 -284758
4950 -284729
4980 -284620
5010 -284569
5040 -284565
5070 -284473
5100 -284459
5130 -284422
5160 -284404
5190 -284390
5220 -284382
5250 -284368
5280 -284334
5310 -284298
5340 -284285
5370 -284279
5400 -284204
5430 -284104
5460 -284086
5490 -284081
5520 -283962
5550 -283911
5580 -283820
5610 -283679
5640 -283629
5670 -283622
5700 -283619
5730 -283536
5760 -283511
5790 -283511
5820 -283503
5850 -283495
5880 -283476
5910 -283462
5940 -283454
5970 -283346
6000 -283246
6030 -283214
6060 -283149
6090 -283054
6120 -282997
6150 -282922
6180 -282829
6210 -282820
6240 -282798
6270 -282720
6300 -282708
6330 -282708
6360 -282696
6390 -282660
6420 -282477
6450 -282449
6480 -282366
6510 -282327
6540 -282323
6570 -282319
6600 -282249
6630 -282205
6660 -282185
6690 -282126
6720 -282122
6750 -282086
6780 -282076
6810 -282043
6840 -282026
6870 -281976
6900 -281953
6930 -281930
6960 -281884
6990 -281829
7020 -281812
7050 -281674
7080 -281625
7110 -281595
7140 -281593
7170 -281528
7200 -281484
7230 -281422
7260 -281418
7290 -281417
7320 -281320
7350 -281302
7380 -281300
7410 -281266
7440 -281247
7470 -281212
7500 -281121
7530 -281091
7560 -280994
7590 -280969
7620 -280952
7650 -280950
7680 -280876
7710 -280862
7740 -280835
7770 -280835
7800 -280786
7830 -280724
7860 -280717
7890 -280692
7920 -280687
7950 -280656
7980 -280647
8010 -280609
8040 -280604
8070 -280593
8100 -280591
8130 -280552
8160 -280545
8190 -280496
8220 -280460
8250 -280448
8280 -280381
8310 -280366
8340 -280347
8370 -280331
8400 -280309
8430 -280278
8460 -280276
8490 -280264
8520 -280251
8550 -280217
8580 -280192
8610 -280191
8640 -280166
8670 -280065
8700 -280051
8730 -280041
8760 -280013
8790 -280008
8820 -279907
8850 -279890
8880 -279879
8910 -279867
8940 -279862
8970 -279862
9000 -279861
9030 -279851
9060 -279809
9090 -279802
9120 -279796
9150 -279793
9180 -279730
9210 -279722
9240 -279684
9270 -279679
9300 -279651
9330 -279648
9360 -279636
9390 -279598
9420 -279598
9450 -279581
9480 -279560
9510 -279519
9540 -279471
9570 -279464
9600 -279433
9630 -279416
9660 -279369
9690 -279315
9720 -279262
9750 -279217
9780 -279202
9810 -279155
9840 -279136
9870 -279116
9900 -279093
9930 -279093
9960 -279090
9990 -279063
10020 -279018
10050 -279010
10080 -278980
10110 -278980
10140 -278918
10170 -278866
10200 -278866
10230 -278804
10260 -278804
10290 -278786
10320 -278770
10350 -278716
10380 -278689
10410 -278664
10440 -278656
10470 -278649
10500 -278605
10530 -278554
10560 -278438
10590 -278389
10620 -278369
10650 -278361
10680 -278200
10710 -278193
10740 -278159
10770 -278134
10800 -278128
10830 -278100
10860 -278093
10890 -278081
10920 -278079
10950 -278055
10980 -278039
11010 -277843
11040 -277801
11070 -277801
11100 -277797
11130 -277794
11160 -277785
11190 -277757
11220 -277736
11250 -277695
11280 -277678
11310 -277657
11340 -277656
11370 -277656
11400 -277651
11430 -277618
11460 -277612
11490 -277597
11520 -277577
11550 -277543
11580 -277528
11610 -277525
11640 -277513
11670 -277465
11700 -277413
11730 -277374
11760 -277374
11790 -277371
11820 -277358
11850 -277330
11880 -277317
11910 -277307
11940 -277293
11970 -277293
12000 -277268
12030 -277260
12060 -277200
12090 -277193
12120 -277167
12150 -277167
12180 -277160
12210 -277157
12240 -277117
12270 -277087
12300 -277076
12330 -277065
12360 -277065
12390 -277055
12420 -277053
12450 -277049
12480 -277049
12510 -276983
12540 -276983
12570 -276972
12600 -276963
12630 -276963
12660 -276933
12690 -276920
12720 -276906
12750 -276895
12780 -276856
12810 -276845
12840 -276831
12870 -276831
12900 -276795
12930 -276752
12960 -276738
12990 -276728
13020 -276728
13050 -276722
13080 -276714
13110 -276700
13140 -276676
13170 -276639
13200 -276572
13230 -276570
13260 -276559
13290 -276464
13320 -276445
13350 -276427
13380 -276427
13410 -276406
13440 -276401
13470 -276331
13500 -276331
13530 -276272
13560 -276245
13590 -276214
13620 -276198
13650 -276185
13680 -276181
13710 -276142
13740 -276120
13770 -276099
13800 -276085
13830 -276079
13860 -276064
13890 -276038
13920 -276029
13950 -276025
13980 -276004
14010 -275997
14040 -275997
14070 -275991
14100 -275950
14130 -275918
14160 -275910
14190 -275910
14220 -275896
14250 -275864
14280 -275810
14310 -275800
14340 -275790
14370 -275726
14400 -275722
14430 -275719
14460 -275717
14490 -275716
14520 -275709
14550 -275688
14580 -275665
14610 -275637
14640 -275627
14670 -275611
14700 -275608
14730 -275594
14760 -275580
14790 -275557
14820 -275557
14850 -275557
14880 -275540
14910 -275534
14940 -275529
14970 -275513
15000 -275500
15030 -275500
15060 -275439
15090 -275415
15120 -275368
15150 -275358
15180 -275328
15210 -275311
15240 -275297
15270 -275296
15300 -275282
15330 -275273
15360 -275273
15390 -275265
15420 -275263
15450 -275262
15480 -275225
15510 -275206
15540 -275198
15570 -275169
15600 -275168
15630 -275163
15660 -275140
15690 -275140
15720 -275140
15750 -275140
15780 -275132
15810 -275086
15840 -275052
15870 -275047
15900 -275042
15930 -275042
15960 -275011
15990 -274999
16020 -274997
16050 -274994
16080 -274990
16110 -274983
16140 -274973
16170 -274973
16200 -274963
16230 -274955
16260 -274944
16290 -274933
16320 -274933
16350 -274933
16380 -274930
16410 -274924
16440 -274876
16470 -274868
16500 -274853
16530 -274815
16560 -274796
16590 -274754
16620 -274737
16650 -274726
16680 -274719
16710 -274719
16740 -274713
16770 -274706
16800 -274680
16830 -274675
16860 -274648
16890 -274648
16920 -274646
16950 -274607
16980 -274583
17010 -274573
17040 -274569
17070 -274567
17100 -274562
17130 -274562
17160 -274555
17190 -274548
17220 -274464
17250 -274457
17280 -274457
17310 -274457
17340 -274438
17370 -274379
17400 -274367
17430 -274365
17460 -274365
17490 -274362
17520 -274359
17550 -274355
17580 -274353
17610 -274353
17640 -274312
17670 -274312
17700 -274311
17730 -274305
17760 -274286
17790 -274286
17820 -274286
17850 -274286
17880 -274267
17910 -274260
17940 -274244
17970 -274244
18000 -274239
18030 -274238
18060 -274238
18090 -274206
18120 -274179
18150 -274138
18180 -274126
18210 -274112
18240 -274107
18270 -274107
18300 -274103
18330 -274096
18360 -274087
18390 -274075
18420 -274067
18450 -274067
18480 -274067
18510 -274057
18540 -274039
18570 -274027
18600 -273984
18630 -273983
18660 -273983
18690 -273971
18720 -273970
18750 -273961
18780 -273929
18810 -273925
18840 -273785
18870 -273785
18900 -273764
18930 -273760
18960 -273751
18990 -273750
19020 -273750
19050 -273735
19080 -273722
19110 -273694
19140 -273689
19170 -273680
19200 -273629
19230 -273629
19260 -273629
19290 -273629
19320 -273629
19350 -273565
19380 -273556
19410 -273488
19440 -273487
19470 -273462
19500 -273453
19530 -273449
19560 -273438
19590 -273438
19620 -273430
19650 -273395
19680 -273395
19710 -273389
19740 -273338
19770 -273338
19800 -273333
19830 -273316
19860 -273296
19890 -273294
19920 -273294
19950 -273293
19980 -273279
20010 -273270
20040 -273264
20070 -273264
20100 -273256
20130 -273256
20160 -273239
20190 -273239
20220 -273239
20250 -273238
20280 -273238
20310 -273222
20340 -273222
20370 -273206
20400 -273201
20430 -273191
20460 -273190
20490 -273184
20520 -273162
20550 -273155
20580 -273155
20610 -273130
20640 -273129
20670 -273127
20700 -273127
20730 -273126
20760 -273122
20790 -273119
20820 -273106
20850 -273097
20880 -273094
20910 -273094
20940 -273030
20970 -273030
21000 -273028
21030 -273022
21060 -273018
21090 -273010
21120 -273007
21150 -273005
21180 -273000
21210 -272997
21240 -272995
21270 -272992
21300 -272981
21330 -272974
21360 -272963
21390 -272949
21420 -272949
21450 -272929
21480 -272925
21510 -272905
21540 -272872
21570 -272865
21600 -272839
21630 -272839
21660 -272812
21690 -272812
21720 -272805
21750 -272791
21780 -272785
21810 -272785
21840 -272772
21870 -272766
21900 -272759
21930 -272759
21960 -272739
21990 -272731
22020 -272731
22050 -272731
22080 -272716
22110 -272710
22140 -272687
22170 -272666
22200 -272661
22230 -272641
22260 -272632
22290 -272592
22320 -272591
22350 -272568
22380 -272565
22410 -272564
22440 -272548
22470 -272521
22500 -272511
22530 -272511
22560 -272511
22590 -272483
22620 -272483
22650 -272465
22680 -272439
22710 -272426
22740 -272425
22770 -272414
22800 -272381
22830 -272365
22860 -272360
22890 -272334
22920 -272329
22950 -272319
22980 -272264
23010 -272260
23040 -272194
23070 -272194
23100 -272186
23130 -272180
23160 -272148
23190 -272105
23220 -272086
23250 -272086
23280 -272068
23310 -272065
23340 -272061
23370 -272029
23400 -272021
23430 -272019
23460 -272019
23490 -272015
23520 -272008
23550 -272008
23580 -272008
23610 -271976
23640 -271972
23670 -271962
23700 -271938
23730 -271932
23760 -271930
23790 -271910
23820 -271892
23850 -271884
23880 -271884
23910 -271871
23940 -271850
23970 -271850
24000 -271830
24030 -271829
24060 -271826
24090 -271794
24120 -271782
24150 -271780
24180 -271776
24210 -271775
24240 -271775
24270 -271775
24300 -271775
24330 -271761
24360 -271759
24390 -271748
24420 -271745
24450 -271742
24480 -271742
24510 -271735
24540 -271731
24570 -271718
24600 -271713
24630 -271701
24660 -271687
24690 -271687
24720 -271684
24750 -271654
24780 -271654
24810 -271654
24840 -271650
24870 -271650
24900 -271635
24930 -271628
24960 -271622
24990 -271620
25020 -271619
25050 -271610
25080 -271610
25110 -271593
25140 -271592
25170 -271580
25200 -271579
25230 -271578
25260 -271534
25290 -271531
25320 -271513
25350 -271482
25380 -271458
25410 -271426
25440 -271414
25470 -271348
25500 -271342
25530 -271341
25560 -271329
25590 -271307
25620 -271296
25650 -271291
25680 -271281
25710 -271272
25740 -271272
25770 -271259
25800 -271248
25830 -271247
25860 -271233
25890 -271233
25920 -271207
25950 -271207
25980 -271207
26010 -271174
26040 -271173
26070 -271167
26100 -271137
26130 -271107
26160 -271107
26190 -271098
26220 -271091
26250 -271085
26280 -271085
26310 -271085
26340 -271046
26370 -271042
26400 -271034
26430 -271034
26460 -271034
26490 -271028
26520 -271018
26550 -271003
26580 -270994
26610 -270994
26640 -270980
26670 -270963
26700 -270957
26730 -270957
26760 -270955
26790 -270955
26820 -270944
26850 -270941
26880 -270941
26910 -270941
26940 -270940
26970 -270938
27000 -270931
27030 -270930
27060 -270927
27090 -270910
27120 -270893
27150 -270883
27180 -270883
27210 -270883
27240 -270878
27270 -270878
27300 -270875
27330 -270872
27360 -270841
27390 -270838
27420 -270837
27450 -270830
27480 -270830
27510 -270830
27540 -270796
27570 -270796
27600 -270778
27630 -270777
27660 -270754
27690 -270754
27720 -270749
27750 -270745
27780 -270745
27810 -270738
27840 -270738
27870 -270738
27900 -270738
27930 -270725
27960 -270717
27990 -270684
28020 -270682
28050 -270682
28080 -270681
28110 -270673
28140 -270673
28170 -270667
28200 -270667
28230 -270662
28260 -270660
28290 -270660
28320 -270651
28350 -270648
28380 -270628
28410 -270628
28440 -270626
28470 -270622
28500 -270595
28530 -270554
28560 -270549
28590 -270526
28620 -270526
28650 -270521
28680 -270521
28710 -270505
28740 -270502
28770 -270499
28800 -270492
28830 -270454
28860 -270445
28890 -270424
28920 -270415
28950 -270411
28980 -270407
29010 -270398
29040 -270397
29070 -270380
29100 -270380
29130 -270367
29160 -270346
29190 -270342
29220 -270328
29250 -270328
29280 -270328
29310 -270306
29340 -270291
29370 -270290
29400 -270223
29430 -270216
29460 -270202
29490 -270202
29520 -270147
29550 -270138
29580 -270127
29610 -270127
29640 -270127
29670 -270108
29700 -270104
29730 -270104
29760 -270104
29790 -270097
29820 -270084
29850 -270070
29880 -270058
29910 -270036
29940 -270036
29970 -270035
30000 -270031
30030 -270013
30060 -270005
30090 -270000
30120 -269996
30150 -269994
30180 -269994
30210 -269994
30240 -269984
30270 -269983
30300 -269982
30330 -269977
30360 -269977
30390 -269970
30420 -269966
30450 -269931
30480 -269930
30510 -269925
30540 -269894
30570 -269892
30600 -269879
30630 -269879
30660 -269879
30690 -269877
30720 -269873
30750 -269873
30780 -269853
30810 -269849
30840 -269829
30870 -269829
30900 -269805
30930 -269781
30960 -269765
30990 -269761
31020 -269750
31050 -269749
31080 -269739
31110 -269739
31140 -269739
31170 -269738
31200 -269730
31230 -269730
31260 -269730
31290 -269713
31320 -269701
31350 -269695
31380 -269692
31410 -269686
31440 -269685
31470 -269677
31500 -269677
31530 -269677
31560 -269673
31590 -269664
31620 -269663
31650 -269647
31680 -269647
31710 -269616
31740 -269591
31770 -269581
31800 -269581
31830 -269580
31860 -269577
31890 -269564
31920 -269560
31950 -269560
31980 -269548
32010 -269533
32040 -269533
32070 -269496
32100 -269484
32130 -269470
32160 -269456
32190 -269456
32220 -269413
32250 -269403
32280 -269351
32310 -269332
32340 -269327
32370 -269300
32400 -269300
32430 -269300
32460 -269300
32490 -269299
32520 -269299
32550 -269289
32580 -269264
32610 -269252
32640 -269238
32670 -269168
32700 -269168
32730 -269166
32760 -269156
32790 -269141
32820 -269141
32850 -269141
32880 -269108
32910 -269108
32940 -269106
32970 -269105
33000 -269097
33030 -269092
33060 -269092
33090 -269045
33120 -269029
33150 -269026
33180 -269011
33210 -269009
33240 -268987
33270 -268983
33300 -268975
33330 -268973
33360 -268963
33390 -268963
33420 -268926
33450 -268923
33480 -268917
33510 -268913
33540 -268912
33570 -268877
33600 -268843
33630 -268840
33660 -268840
33690 -268833
33720 -268806
33750 -268787
33780 -268786
33810 -268773
33840 -268770
33870 -268751
33900 -268750
33930 -268746
33960 -268733
33990 -268731
34020 -268731
34050 -268729
34080 -268722
34110 -268722
34140 -268722
34170 -268722
34200 -268696
34230 -268680
34260 -268680
34290 -268680
34320 -268678
34350 -268668
34380 -268659
34410 -268589
34440 -268585
34470 -268585
34500 -268582
34530 -268573
34560 -268568
34590 -268568
34620 -268566
34650 -268560
34680 -268560
34710 -268560
34740 -268556
34770 -268550
34800 -268550
34830 -268544
34860 -268534
34890 -268514
34920 -268512
34950 -268511
34980 -268506
35010 -268502
35040 -268474
35070 -268472
35100 -268470
35130 -268469
35160 -268468
35190 -268467
35220 -268465
35250 -268461
35280 -268445
35310 -268397
35340 -268386
35370 -268341
35400 -268330
35430 -268329
35460 -268329
35490 -268304
35520 -268304
35550 -268304
35580 -268296
35610 -268296
35640 -268296
35670 -268286
35700 -268273
35730 -268243
35760 -268222
35790 -268222
35820 -268196
35850 -268189
35880 -268189
35910 -268178
35940 -268172
35970 -268170
36000 -268143
36030 -268134
36060 -268125
36090 -268125
36120 -268121
36150 -268118
36180 -268114
36210 -268111
36240 -268111
36270 -268111
36300 -268111
36330 -268108
36360 -268103
36390 -268103
36420 -268099
36450 -268098
36480 -268098
36510 -268095
36540 -268095
36570 -268082
36600 -268082
36630 -268061
36660 -268061
36690 -268061
36720 -268060
36750 -268056
36780 -268039
36810 -268039
36840 -268039
36870 -268021
36900 -268000
36930 -268000
36960 -267999
36990 -267999
37020 -267999
37050 -267994
37080 -267990
37110 -267990
37140 -267986
37170 -267961
37200 -267961
37230 -267952
37260 -267919
37290 -267901
37320 -267886
37350 -267886
37380 -267886
37410 -267873
37440 -267862
37470 -267862
37500 -267862
37530 -267847
37560 -267846
37590 -267846
37620 -267846
37650 -267846
37680 -267846
37710 -267842
37740 -267842
37770 -267826
37800 -267826
37830 -267826
37860 -267819
37890 -267816
37920 -267816
37950 -267816
37980 -267813
38010 -267809
38040 -267802
38070 -267799
38100 -267797
38130 -267797
38160 -267786
38190 -267786
38220 -267774
38250 -267756
38280 -267756
38310 -267741
38340 -267612
38370 -267599
38400 -267599
38430 -267599
38460 -267566
38490 -267561
38520 -267534
38550 -267531
38580 -267531
38610 -267513
38640 -267485
38670 -267482
38700 -267482
38730 -267474
38760 -267474
38790 -267474
38820 -267458
38850 -267454
38880 -267453
38910 -267447
38940 -267447
38970 -267447
39000 -267445
39030 -267445
39060 -267445
39090 -267435
39120 -267435
39150 -267429
39180 -267412
39210 -267405
39240 -267399
39270 -267396
39300 -267371
39330 -267361
39360 -267353
39390 -267353
39420 -267351
39450 -267339
39480 -267286
39510 -267283
39540 -267272
39570 -267268
39600 -267268
39630 -267266
39660 -267253
39690 -267237
39720 -267237
39750 -267224
39780 -267224
39810 -267212
39840 -267212
39870 -267212
39900 -267211
39930 -267121
39960 -267112
39990 -267112
40020 -267112
40050 -267108
40080 -267101
40110 -267101
40140 -267100
40170 -267100
40200 -267096
40230 -267096
40260 -267091
40290 -267086
40320 -267072
40350 -267070
40380 -267057
40410 -267049
40440 -267041
40470 -267041
40500 -267041
40530 -267041
40560 -267037
40590 -267017
40620 -267017
40650 -267002
40680 -267001
40710 -267001
40740 -266999
40770 -266999
40800 -266991
40830 -266981
40860 -266977
40890 -266971
40920 -266970
40950 -266935
40980 -266935
41010 -266932
41040 -266930
41070 -266925
41100 -266922
41130 -266918
41160 -266905
41190 -266903
41220 -266897
41250 -266897
41280 -266897
41310 -266897
41340 -266889
41370 -266878
41400 -266871
41430 -266835
41460 -266831
41490 -266831
41520 -266829
41550 -266828
41580 -266826
41610 -266826
41640 -266826
41670 -266821
41700 -266817
41730 -266815
41760 -266815
41790 -266815
41820 -266813
41850 -266804
41880 -266795
41910 -266788
41940 -266785
41970 -266785
42000 -266785
42030 -266784
42060 -266784
42090 -266782
42120 -266780
42150 -266780
42180 -266780
42210 -266780
42240 -266763
42270 -266763
42300 -266763
42330 -266763
42360 -266761
42390 -266752
42420 -266724
42450 -266722
42480 -266721
42510 -266706
42540 -266699
42570 -266694
42600 -266694
42630 -266685
42660 -266678
42690 -266678
42720 -266678
42750 -266658
42780 -266657
42810 -266657
42840 -266643
42870 -266638
42900 -266638
42930 -266638
42960 -266637
42990 -266637
43020 -266636
43050 -266636
43080 -266635
43110 -266634
43140 -266634
43170 -266632
43200 -266632
43230 -266625
43260 -266616
43290 -266616
43320 -266610
43350 -266610
43380 -266606
43410 -266602
43440 -266602
43470 -266599
43500 -266590
43530 -266589
43560 -266586
43590 -266586
43620 -266582
43650 -266572
43680 -266571
43710 -266571
43740 -266566
43770 -266555
43800 -266509
43830 -266509
43860 -266507
43890 -266497
43920 -266497
43950 -266497
43980 -266488
44010 -266481
44040 -266473
44070 -266467
44100 -266452
44130 -266446
44160 -266436
44190 -266436
44220 -266434
44250 -266417
44280 -266412
44310 -266412
44340 -266389
44370 -266377
44400 -266377
44430 -266361
44460 -266356
44490 -266352
44520 -266344
44550 -266334
44580 -266334
44610 -266332
44640 -266332
44670 -266332
44700 -266325
44730 -266325
44760 -266312
44790 -266312
44820 -266308
44850 -266308
44880 -266308
44910 -266284
44940 -266276
44970 -266272
45000 -266264
45030 -266238
45060 -266238
45090 -266231
45120 -266224
45150 -266224
45180 -266214
45210 -266208
45240 -266207
45270 -266206
45300 -266206
45330 -266198
45360 -266187
45390 -266187
45420 -266187
45450 -266178
45480 -266178
45510 -266164
45540 -266164
45570 -266148
45600 -266146
45630 -266146
45660 -266142
45690 -266142
45720 -266141
45750 -266114
45780 -266114
45810 -266114
45840 -266114
45870 -266114
45900 -266114
45930 -266114
45960 -266108
45990 -266105
46020 -266095
46050 -266085
46080 -266082
46110 -266076
46140 -266051
46170 -266030
46200 -266028
46230 -266028
46260 -266020
46290 -266011
46320 -266007
46350 -266007
46380 -266005
46410 -265966
46440 -265966
46470 -265964
46500 -265961
46530 -265956
46560 -265956
46590 -265956
46620 -265951
46650 -265951
46680 -265931
46710 -265927
46740 -265912
46770 -265912
46800 -265904
46830 -265904
46860 -265900
46890 -265898
46920 -265898
46950 -265895
46980 -265890
47010 -265885
47040 -265885
47070 -265871
47100 -265870
47130 -265870
47160 -265866
47190 -265866
47220 -265862
47250 -265862
47280 -265860
47310 -265860
47340 -265860
47370 -265859
47400 -265859
47430 -265859
47460 -265856
47490 -265856
47520 -265856
47550 -265851
47580 -265849
47610 -265849
47640 -265834
47670 -265834
47700 -265834
47730 -265830
47760 -265824
47790 -265812
47820 -265812
47850 -265812
47880 -265812
47910 -265805
47940 -265772
47970 -265762
48000 -265756
48030 -265756
48060 -265749
48090 -265747
48120 -265746
48150 -265743
48180 -265743
48210 -265743
48240 -265740
48270 -265737
48300 -265728
48330 -265728
48360 -265723
48390 -265723
48420 -265723
48450 -265719
48480 -265719
48510 -265719
48540 -265719
48570 -265708
48600 -265706
48630 -265706
48660 -265705
48690 -265704
48720 -265704
48750 -265702
48780 -265700
48810 -265698
48840 -265677
48870 -265664
48900 -265654
48930 -265653
48960 -265653
48990 -265653
49020 -265652
49050 -265646
49080 -265646
49110 -265612
49140 -265595
49170 -265595
49200 -265595
49230 -265594
49260 -265580
49290 -265538
49320 -265538
49350 -265532
49380 -265524
49410 -265517
49440 -265515
49470 -265513
49500 -265512
49530 -265509
49560 -265505
49590 -265505
49620 -265496
49650 -265496
49680 -265496
49710 -265495
49740 -265482
49770 -265482
49800 -265475
49830 -265475
49860 -265475
49890 -265472
49920 -265472
49950 -265453
49980 -265439
50010 -265439
50040 -265439
50070 -265417
50100 -265415
50130 -265415
50160 -265413
50190 -265413
50220 -265406
50250 -265403
50280 -265403
50310 -265403
50340 -265402
50370 -265399
50400 -265399
50430 -265399
50460 -265398
50490 -265395
50520 -265393
50550 -265393
50580 -265384
50610 -265382
50640 -265382
50670 -265382
50700 -265382
50730 -265382
50760 -265379
50790 -265369
50820 -265369
50850 -265368
50880 -265366
50910 -265366
50940 -265353
50970 -265340
51000 -265329
51030 -265328
51060 -265317
51090 -265317
51120 -265314
51150 -265307
51180 -265273
51210 -265267
51240 -265267
51270 -265266
51300 -265266
51330 -265266
51360 -265266
51390 -265255
51420 -265250
51450 -265244
51480 -265240
51510 -265217
51540 -265214
51570 -265209
51600 -265176
51630 -265176
51660 -265172
51690 -265172
51720 -265172
51750 -265167
51780 -265167
51810 -265167
51840 -265167
51870 -265167
51900 -265164
51930 -265163
51960 -265163
51990 -265163
52020 -265163
52050 -265163
52080 -265140
52110 -265137
52140 -265131
52170 -265124
52200 -265122
52230 -265122
52260 -265112
52290 -265112
52320 -265112
52350 -265112
52380 -265031
52410 -265027
52440 -265006
52470 -265005
52500 -265005
52530 -265005
52560 -265005
52590 -265004
52620 -265004
52650 -264991
52680 -264989
52710 -264979
52740 -264973
52770 -264973
52800 -264969
52830 -264965
52860 -264959
52890 -264953
52920 -264953
52950 -264953
52980 -264953
53010 -264930
53040 -264929
53070 -264929
53100 -264927
53130 -264917
53160 -264884
53190 -264882
53220 -264881
53250 -264881
53280 -264879
53310 -264877
53340 -264866
53370 -264857
53400 -264844
53430 -264844
53460 -264844
53490 -264823
53520 -264822
53550 -264822
53580 -264817
53610 -264765
53640 -264763
53670 -264762
53700 -264758
53730 -264758
53760 -264754
53790 -264748
53820 -264741
53850 -264733
53880 -264730
53910 -264730
53940 -264729
53970 -264729
54000 -264699
54030 -264694
54060 -264694
54090 -264686
54120 -264685
54150 -264684
54180 -264669
54210 -264664
54240 -264648
54270 -264634
54300 -264634
54330 -264631
54360 -264621
54390 -264619
54420 -264619
54450 -264619
54480 -264619
54510 -264618
54540 -264614
54570 -264606
54600 -264606
54630 -264579
54660 -264577
54690 -264577
54720 -264577
54750 -264571
54780 -264571
54810 -264563
54840 -264563
54870 -264550
54900 -264550
54930 -264550
54960 -264550
54990 -264545
55020 -264542
55050 -264542
55080 -264542
55110 -264534
55140 -264533
55170 -264533
55200 -264529
55230 -264529
55260 -264529
55290 -264525
55320 -264509
55350 -264501
55380 -264501
55410 -264501
55440 -264493
55470 -264490
55500 -264482
55530 -264467
55560 -264467
55590 -264465
55620 -264457
55650 -264457
55680 -264446
55710 -264446
55740 -264434
55770 -264433
55800 -264432
55830 -264429
55860 -264429
55890 -264420
55920 -264420
55950 -264416
55980 -264416
56010 -264402
56040 -264348
56070 -264347
56100 -264347
56130 -264343
56160 -264343
56190 -264337
56220 -264311
56250 -264311
56280 -264308
56310 -264299
56340 -264299
56370 -264298
56400 -264292
56430 -264292
56460 -264288
56490 -264287
56520 -264262
56550 -264260
56580 -264244
56610 -264243
56640 -264243
56670 -264241
56700 -264227
56730 -264227
56760 -264227
56790 -264227
56820 -264226
56850 -264226
56880 -264219
56910 -264212
56940 -264210
56970 -264210
57000 -264208
57030 -264208
57060 -264181
57090 -264178
57120 -264170
57150 -264170
57180 -264163
57210 -264159
57240 -264158
57270 -264158
57300 -264151
57330 -264150
57360 -264150
57390 -264147
57420 -264147
57450 -264147
57480 -264135
57510 -264130
57540 -264130
57570 -264117
57600 -264107
57630 -264107
57660 -264095
57690 -264094
57720 -264094
57750 -264086
57780 -264086
57810 -264085
57840 -264085
57870 -264085
57900 -264081
57930 -264075
57960 -264070
57990 -264069
58020 -264060
58050 -264060
58080 -264060
58110 -264057
58140 -264056
58170 -264056
58200 -264056
58230 -264045
58260 -264045
58290 -264040
58320 -264040
58350 -264033
58380 -264033
58410 -264026
58440 -264023
58470 -264010
58500 -264010
58530 -264010
58560 -264010
58590 -264005
58620 -264004
58650 -264004
58680 -264004
58710 -264004
58740 -264002
58770 -264002
58800 -263999
58830 -263998
58860 -263998
58890 -263998
58920 -263998
58950 -263998
58980 -263996
59010 -263996
59040 -263993
59070 -263993
59100 -263985
59130 -263985
59160 -263985
59190 -263981
59220 -263981
59250 -263977
59280 -263977
59310 -263966
59340 -263964
59370 -263958
59400 -263954
59430 -263949
59460 -263949
59490 -263949
59520 -263944
59550 -263944
59580 -263944
59610 -263938
59640 -263932
59670 -263932
59700 -263932
59730 -263932
59760 -263913
59790 -263912
59820 -263892
59850 -263891
59880 -263888
59910 -263888
59940 -263886
59970 -263886
60000 -263886
60030 -263886
60060 -263886
60090 -263885
60120 -263879
60150 -263879
60180 -263878
60210 -263878
60240 -263866
60270 -263866
60300 -263860
60330 -263860
60360 -263860
60390 -263858
60420 -263849
60450 -263848
60480 -263772
60510 -263772
60540 -263772
60570 -263770
60600 -263765
60630 -263765
60660 -263765
60690 -263752
60720 -263743
60750 -263743
60780 -263743
60810 -263741
60840 -263739
60870 -263735
60900 -263735
60930 -263735
60960 -263734
60990 -263734
61020 -263734
61050 -263734
61080 -263734
61110 -263734
61140 -263733
61170 -263733
61200 -263733
61230 -263733
61260 -263733
61290 -263732
61320 -263731
61350 -263731
61380 -263729
61410 -263725
61440 -263715
61470 -263712
61500 -263712
61530 -263711
61560 -263711
61590 -263694
61620 -263674
61650 -263670
61680 -263670
61710 -263663
61740 -263663
61770 -263656
61800 -263646
61830 -263646
61860 -263646
61890 -263644
61920 -263644
61950 -263632
61980 -263632
62010 -263630
62040 -263630
62070 -263630
62100 -263627
62130 -263627
62160 -263626
62190 -263626
62220 -263616
62250 -263605
62280 -263585
62310 -263585
62340 -263579
62370 -263579
62400 -263579
62430 -263574
62460 -263573
62490 -263572
62520 -263572
62550 -263572
62580 -263572
62610 -263572
62640 -263571
62670 -263569
62700 -263564
62730 -263562
62760 -263556
62790 -263556
62820 -263556
62850 -263554
62880 -263551
62910 -263542
62940 -263539
62970 -263539
63000 -263539
63030 -263539
63060 -263527
63090 -263527
63120 -263527
63150 -263527
63180 -263527
63210 -263527
63240 -263526
63270 -263525
63300 -263525
63330 -263512
63360 -263512
63390 -263512
63420 -263512
63450 -263512
63480 -263512
63510 -263512
63540 -263512
63570 -263507
63600 -263505
63630 -263505
63660 -263503
63690 -263503
63720 -263503
63750 -263501
63780 -263501
63810 -263500
63840 -263500
63870 -263499
63900 -263435
63930 -263429
63960 -263428
63990 -263423
64020 -263423
64050 -263413
64080 -263410
64110 -263410
64140 -263409
64170 -263408
64200 -263405
64230 -263376
64260 -263374
64290 -263371
64320 -263352
64350 -263348
64380 -263338
64410 -263333
64440 -263333
64470 -263326
64500 -263326
64530 -263324
64560 -263324
64590 -263323
64620 -263320
64650 -263315
64680 -263310
64710 -263294
64740 -263292
64770 -263285
64800 -263285
64830 -263285
64860 -263285
64890 -263257
64920 -263257
64950 -263257
64980 -263257
65010 -263255
65040 -263254
65070 -263253
65100 -263251
65130 -263251
65160 -263251
65190 -263249
65220 -263248
65250 -263247
65280 -263247
65310 -263247
65340 -263247
65370 -263245
65400 -263245
65430 -263244
65460 -263221
65490 -263221
65520 -263219
65550 -263219
65580 -263219
65610 -263219
65640 -263218
65670 -263208
65700 -263204
65730 -263188
65760 -263180
65790 -263180
65820 -263180
65850 -263173
65880 -263173
65910 -263173
65940 -263165
65970 -263165
66000 -263165
66030 -263155
66060 -263155
66090 -263155
66120 -263155
66150 -263155
66180 -263155
66210 -263142
66240 -263141
66270 -263138
66300 -263138
66330 -263136
66360 -263136
66390 -263136
66420 -263136
66450 -263124
66480 -263116
66510 -263116
66540 -263116
66570 -263116
66600 -263109
66630 -263107
66660 -263107
66690 -263104
66720 -263104
66750 -263104
66780 -263104
66810 -263104
66840 -263104
66870 -263103
66900 -263103
66930 -263098
66960 -263090
66990 -263086
67020 -263084
67050 -263077
67080 -263077
67110 -263076
67140 -263069
67170 -263064
67200 -263058
67230 -263055
67260 -263055
67290 -263055
67320 -263055
67350 -263055
67380 -263055
67410 -263055
67440 -263048
67470 -263048
67500 -263043
67530 -263040
67560 -263040
67590 -263036
67620 -263031
67650 -263022
67680 -263022
67710 -263022
67740 -263021
67770 -263020
67800 -263010
67830 -263010
67860 -263006
67890 -263006
67920 -263006
67950 -263006
67980 -262977
68010 -262977
68040 -262963
68070 -262961
68100 -262961
68130 -262959
68160 -262957
68190 -262943
68220 -262943
68250 -262936
68280 -262936
68310 -262932
68340 -262931
68370 -262931
68400 -262931
68430 -262929
68460 -262924
68490 -262924
68520 -262918
68550 -262906
68580 -262906
68610 -262905
68640 -262880
68670 -262859
68700 -262851
68730 -262842
68760 -262842
68790 -262833
68820 -262833
68850 -262832
68880 -262829
68910 -262829
68940 -262823
68970 -262823
69000 -262800
69030 -262798
69060 -262796
69090 -262782
69120 -262781
69150 -262781
69180 -262781
69210 -262781
69240 -262781
69270 -262774
69300 -262768
69330 -262767
69360 -262767
69390 -262762
69420 -262762
69450 -262756
69480 -262756
69510 -262752
69540 -262752
69570 -262747
69600 -262745
69630 -262745
69660 -262745
69690 -262745
69720 -262745
69750 -262738
69780 -262738
69810 -262728
69840 -262723
69870 -262720
69900 -262720
69930 -262720
69960 -262713
69990 -262713
70020 -262713
70050 -262708
70080 -262708
70110 -262707
70140 -262667
70170 -262667
70200 -262667
70230 -262667
70260 -262667
70290 -262665
70320 -262659
70350 -262646
70380 -262643
70410 -262639
70440 -262626
70470 -262619
70500 -262619
70530 -262619
70560 -262617
70590 -262617
70620 -262616
70650 -262614
70680 -262614
70710 -262610
70740 -262607
70770 -262598
70800 -262598
70830 -262597
70860 -262597
70890 -262591
70920 -262591
70950 -262580
70980 -262580
71010 -262576
71040 -262576
71070 -262576
71100 -262576
71130 -262569
71160 -262569
71190 -262568
71220 -262566
71250 -262565
71280 -262563
71310 -262562
71340 -262562
71370 -262562
71400 -262560
71430 -262560
71460 -262557
71490 -262557
71520 -262551
71550 -262547
71580 -262530
71610 -262526
71640 -262522
71670 -262522
71700 -262498
71730 -262462
71760 -262462
71790 -262462
71820 -262462
71850 -262453
71880 -262448
71910 -262448
71940 -262441
71970 -262441
72000 -262434
72030 -262434
72060 -262434
72090 -262421
72120 -262421
72150 -262421
72180 -262420
72210 -262416
72240 -262414
72270 -262405
72300 -262398
72330 -262387
72360 -262387
72390 -262387
72420 -262379
72450 -262362
72480 -262361
72510 -262359
72540 -262343
72570 -262343
72600 -262343
72630 -262343
72660 -262343
72690 -262340
72720 -262340
72750 -262340
72780 -262340
72810 -262339
72840 -262339
72870 -262335
72900 -262335
72930 -262335
72960 -262335
72990 -262328
73020 -262327
73050 -262327
73080 -262322
73110 -262322
73140 -262322
73170 -262317
73200 -262315
73230 -262315
73260 -262314
73290 -262314
73320 -262311
73350 -262311
73380 -262311
73410 -262311
73440 -262311
73470 -262311
73500 -262311
73530 -262308
73560 -262285
73590 -262280
73620 -262280
73650 -262277
73680 -262271
73710 -262271
73740 -262266
73770 -262266
73800 -262266
73830 -262265
73860 -262264
73890 -262264
73920 -262264
73950 -262262
73980 -262211
74010 -262211
74040 -262211
74070 -262197
74100 -262197
74130 -262197
74160 -262194
74190 -262189
74220 -262187
74250 -262179
74280 -262152
74310 -262150
74340 -262139
74370 -262138
74400 -262138
74430 -262138
74460 -262138
74490 -262102
74520 -262091
74550 -262090
74580 -262090
74610 -262090
74640 -262090
74670 -262090
74700 -262089
74730 -262089
74760 -262085
74790 -262082
74820 -262070
74850 -262065
74880 -262060
74910 -262057
74940 -262057
74970 -262057
75000 -262054
75030 -262054
75060 -262054
75090 -262052
75120 -262036
75150 -262036
75180 -262029
75210 -262029
75240 -262029
75270 -262028
75300 -262028
75330 -262025
75360 -262024
75390 -262008
75420 -262001
75450 -261974
75480 -261972
75510 -261969
75540 -261969
75570 -261966
75600 -261966
75630 -261966
75660 -261966
75690 -261966
75720 -261948
75750 -261924
75780 -261872
75810 -261872
75840 -261865
75870 -261865
75900 -261865
75930 -261860
75960 -261821
75990 -261814
76020 -261814
76050 -261814
76080 -261811
76110 -261811
76140 -261808
76170 -261808
76200 -261808
76230 -261805
76260 -261805
76290 -261805
76320 -261805
76350 -261805
