60 -465621
90 -464421
120 -463153
150 -462317
180 -460742
210 -460270
240 -459623
270 -459462
300 -458576
330 -458206
360 -457802
390 -457638
420 -457495
450 -456627
480 -456560
510 -455818
540 -455407
570 -454774
600 -454443
630 -453680
660 -453330
690 -453261
720 -453028
750 -452627
780 -452295
810 -451947
840 -451653
870 -451141
900 -450793
930 -450509
960 -450063
990 -449953
1020 -449608
1050 -449167
1080 -449077
1110 -448890
1140 -448600
1170 -448107
1200 -447902
1230 -447823
1260 -447331
1290 -447252
1320 -447205
1350 -446664
1380 -446210
1410 -446069
1440 -446058
1470 -446039
1500 -445994
1530 -445708
1560 -445554
1590 -445424
1620 -445128
1650 -445062
1680 -445007
1710 -444789
1740 -444508
1770 -444169
1800 -444025
1830 -443911
1860 -443902
1890 -443830
1920 -443773
1950 -443738
1980 -443634
2010 -443546
2040 -443328
2070 -443114
2100 -443064
2130 -442967
2160 -442869
2190 -442822
2220 -442621
2250 -442472
2280 -442384
2310 -442268
2340 -442267
2370 -442175
2400 -441681
2430 -441636
2460 -441614
2490 -441356
2520 -441342
2550 -441115
2580 -441074
2610 -441037
2640 -440911
2670 -440824
2700 -440824
2730 -440727
2760 -440563
2790 -440540
2820 -440436
2850 -440429
2880 -440305
2910 -440112
2940 -440049
2970 -440042
3000 -439946
3030 -439882
3060 -439858
3090 -439788
3120 -439691
3150 -439637
3180 -439551
3210 -439508
3240 -439503
3270 -439383
3300 -439375
3330 -439233
3360 -439108
3390 -439088
3420 -438875
3450 -438742
3480 -438725
3510 -438678
3540 -438455
3570 -438433
3600 -438423
3630 -438369
3660 -438291
3690 -438207
3720 -438180
3750 -438164
3780 -438126
3810 -438100
3840 -438100
3870 -438002
3900 -437934
3930 -437873
3960 -437804
3990 -437785
4020 -437759
4050 -437693
4080 -437559
4110 -437523
4140 -437457
4170 -437448
4200 -437446
4230 -437401
4260 -437202
4290 -437075
4320 -436956
4350 -436891
4380 -436853
4410 -436821
4440 -436763
4470 -436714
4500 -436685
4530 -436652
4560 -436652
4590 -436577
4620 -436574
4650 -436547
4680 -436365
4710 -436286
4740 -436266
4770 -436234
4800 -436232
4830 -436227
4860 -436217
4890 -436126
4920 -435993
4950 -435990
4980 -435953
5010 -435911
5040 -435825
5070 -435663
5100 -435663
5130 -435626
5160 -435626
5190 -435626
5220 -435597
5250 -435553
5280 -435549
5310 -435549
5340 -435526
5370 -435475
5400 -435469
5430 -435397
5460 -435390
5490 -435362
5520 -435318
5550 -435279
5580 -435191
5610 -435086
5640 -435077
5670 -435008
5700 -435008
5730 -434965
5760 -434888
5790 -434850
5820 -434801
5850 -434741
5880 -434707
5910 -434668
5940 -434651
5970 -434615
6000 -434603
6030 -434520
6060 -434478
6090 -434436
6120 -434405
6150 -434400
6180 -434400
6210 -434125
6240 -434059
6270 -433937
6300 -433933
6330 -433914
6360 -433866
6390 -433863
6420 -433842
6450 -433842
6480 -433776
6510 -433758
6540 -433709
6570 -433669
6600 -433669
6630 -433666
6660 -433660
6690 -433592
6720 -433561
6750 -433367
6780 -433298
6810 -433282
6840 -433173
6870 -433169
6900 -433134
6930 -433123
6960 -433113
6990 -433112
7020 -433058
7050 -433045
7080 -433012
7110 -432984
7140 -432977
7170 -432952
7200 -432936
7230 -432906
7260 -432906
7290 -432906
7320 -432906
7350 -432899
7380 -432873
7410 -432869
7440 -432753
7470 -432667
7500 -432646
7530 -432616
7560 -432592
7590 -432579
7620 -432519
7650 -432465
7680 -432441
7710 -432429
7740 -432422
7770 -432408
7800 -432372
7830 -432363
7860 -432363
7890 -432330
7920 -432301
7950 -432273
7980 -432269
8010 -432238
8040 -432157
8070 -432143
8100 -432063
8130 -432012
8160 -431980
8190 -431948
8220 -431749
8250 -431684
8280 -431594
8310 -431594
8340 -431584
8370 -431584
8400 -431582
8430 -431533
8460 -431515
8490 -431492
8520 -431492
8550 -431492
8580 -431424
8610 -431403
8640 -431398
8670 -431398
8700 -431332
8730 -431310
8760 -431301
8790 -431252
8820 -431241
8850 -431241
8880 -431154
8910 -431052
8940 -431026
8970 -431023
9000 -431023
9030 -430982
9060 -430947
9090 -430935
9120 -430851
9150 -430813
9180 -430673
9210 -430666
9240 -430654
9270 -430629
9300 -430617
9330 -430354
9360 -430354
9390 -430328
9420 -430271
9450 -430240
9480 -430240
9510 -430235
9540 -430168
9570 -430160
9600 -430117
9630 -430117
9660 -430096
9690 -430096
9720 -430068
9750 -430068
9780 -430065
9810 -430023
9840 -430017
9870 -430004
9900 -430004
9930 -429994
9960 -429992
9990 -429975
10020 -429960
10050 -429951
10080 -429945
10110 -429927
10140 -429915
10170 -429915
10200 -429899
10230 -429860
10260 -429860
10290 -429852
10320 -429852
10350 -429847
10380 -429839
10410 -429748
10440 -429748
10470 -429748
10500 -429735
10530 -429653
10560 -429649
10590 -429600
10620 -429581
10650 -429560
10680 -429551
10710 -429544
10740 -429544
10770 -429460
10800 -429453
10830 -429384
10860 -429369
10890 -429362
10920 -429287
10950 -429287
10980 -429250
11010 -429206
11040 -429205
11070 -429204
11100 -429190
11130 -429177
11160 -429177
11190 -429176
11220 -429156
11250 -429132
11280 -429052
11310 -429051
11340 -429039
11370 -429035
11400 -429032
11430 -429032
11460 -429028
11490 -428942
11520 -428942
11550 -428936
11580 -428935
11610 -428927
11640 -428900
11670 -428859
11700 -428845
11730 -428777
11760 -428751
11790 -428744
11820 -428743
11850 -428639
11880 -428594
11910 -428560
11940 -428530
11970 -428530
12000 -428530
12030 -428500
12060 -428500
12090 -428500
12120 -428497
12150 -428495
12180 -428454
12210 -428374
12240 -428360
12270 -428357
12300 -428327
12330 -428327
12360 -428316
12390 -428316
12420 -428272
12450 -428203
12480 -428197
12510 -428093
12540 -428092
12570 -428017
12600 -428003
12630 -428002
12660 -428002
12690 -427982
12720 -427979
12750 -427963
12780 -427963
12810 -427963
12840 -427963
12870 -427937
12900 -427927
12930 -427919
12960 -427919
12990 -427919
13020 -427919
13050 -427881
13080 -427878
13110 -427878
13140 -427878
13170 -427878
13200 -427849
13230 -427821
13260 -427816
13290 -427755
13320 -427737
13350 -427724
13380 -427697
13410 -427688
13440 -427673
13470 -427663
13500 -427663
13530 -427633
13560 -427621
13590 -427621
13620 -427613
13650 -427602
13680 -427601
13710 -427542
13740 -427530
13770 -427530
13800 -427518
13830 -427518
13860 -427457
13890 -427414
13920 -427414
13950 -427414
13980 -427391
14010 -427391
14040 -427362
14070 -427338
14100 -427333
14130 -427333
14160 -427326
14190 -427318
14220 -427318
14250 -427303
14280 -427299
14310 -427268
14340 -427267
14370 -427267
14400 -427261
14430 -427258
14460 -427132
14490 -427132
14520 -427075
14550 -427074
14580 -427072
14610 -427068
14640 -427029
14670 -426961
14700 -426954
14730 -426954
14760 -426925
14790 -426902
14820 -426898
14850 -426898
14880 -426897
14910 -426897
14940 -426897
14970 -426870
15000 -426840
15030 -426836
15060 -426833
15090 -426833
15120 -426807
15150 -426760
15180 -426744
15210 -426733
15240 -426729
15270 -426729
15300 -426729
15330 -426729
15360 -426709
15390 -426637
15420 -426607
15450 -426606
15480 -426606
15510 -426575
15540 -426456
15570 -426442
15600 -426403
15630 -426403
15660 -426340
15690 -426339
15720 -426339
15750 -426318
15780 -426317
15810 -426311
15840 -426311
15870 -426300
15900 -426300
15930 -426300
15960 -426300
15990 -426251
16020 -426229
16050 -426224
16080 -426224
16110 -426217
16140 -426217
16170 -426214
16200 -426126
16230 -426062
16260 -426056
16290 -425943
16320 -425943
16350 -425912
16380 -425884
16410 -425873
16440 -425872
16470 -425872
16500 -425872
16530 -425872
16560 -425872
16590 -425804
16620 -425793
16650 -425788
16680 -425788
16710 -425786
16740 -425786
16770 -425772
16800 -425772
16830 -425768
16860 -425743
16890 -425735
16920 -425735
16950 -425727
16980 -425689
17010 -425689
17040 -425683
17070 -425683
17100 -425681
17130 -425681
17160 -425659
17190 -425655
17220 -425641
17250 -425641
17280 -425576
17310 -425576
17340 -425542
17370 -425509
17400 -425509
17430 -425509
17460 -425509
17490 -425460
17520 -425445
17550 -425431
17580 -425412
17610 -425412
17640 -425376
17670 -425376
17700 -425376
17730 -425373
17760 -425373
17790 -425360
17820 -425357
17850 -425337
17880 -425337
17910 -425337
17940 -425332
17970 -425332
18000 -425318
18030 -425284
18060 -425284
18090 -425282
18120 -425267
18150 -425244
18180 -425204
18210 -425204
18240 -425195
18270 -425195
18300 -425195
18330 -425195
18360 -425195
18390 -425190
18420 -425180
18450 -425180
18480 -425168
18510 -425165
18540 -425165
18570 -425150
18600 -425150
18630 -425139
18660 -425138
18690 -425138
18720 -425138
18750 -425121
18780 -425121
18810 -425121
18840 -425096
18870 -425091
18900 -425090
18930 -425083
18960 -425083
18990 -425082
19020 -425082
19050 -425066
19080 -425066
19110 -425059
19140 -425058
19170 -425055
19200 -425015
19230 -425005
19260 -425005
19290 -424981
19320 -424981
19350 -424965
19380 -424944
19410 -424935
19440 -424935
19470 -424909
19500 -424897
19530 -424879
19560 -424879
19590 -424866
19620 -424866
19650 -424866
19680 -424857
19710 -424857
19740 -424848
19770 -424802
19800 -424779
19830 -424771
19860 -424742
19890 -424742
19920 -424741
19950 -424741
19980 -424735
20010 -424694
20040 -424673
20070 -424672
20100 -424672
20130 -424672
20160 -424639
20190 -424634
20220 -424628
20250 -424571
20280 -424535
20310 -424535
20340 -424531
20370 -424530
20400 -424526
20430 -424486
20460 -424484
20490 -424471
20520 -424446
20550 -424446
20580 -424422
20610 -424422
20640 -424371
20670 -424331
20700 -424319
20730 -424211
20760 -424200
20790 -424188
20820 -424166
20850 -424143
20880 -424113
20910 -424093
20940 -424089
20970 -424051
21000 -424051
21030 -424038
21060 -424038
21090 -424038
21120 -424001
21150 -424001
21180 -423998
21210 -423968
21240 -423968
21270 -423968
21300 -423968
21330 -423958
21360 -423958
21390 -423951
21420 -423951
21450 -423951
21480 -423951
21510 -423949
21540 -423933
21570 -423931
21600 -423931
21630 -423931
21660 -423931
21690 -423894
21720 -423883
21750 -423883
21780 -423883
21810 -423870
21840 -423870
21870 -423869
21900 -423869
21930 -423869
21960 -423857
21990 -423852
22020 -423836
22050 -423825
22080 -423816
22110 -423806
22140 -423780
22170 -423745
22200 -423722
22230 -423722
22260 -423722
22290 -423718
22320 -423718
22350 -423718
22380 -423718
22410 -423718
22440 -423713
22470 -423713
22500 -423713
22530 -423713
22560 -423713
22590 -423713
22620 -423705
22650 -423705
22680 -423705
22710 -423705
22740 -423695
22770 -423695
22800 -423687
22830 -423662
22860 -423662
22890 -423642
22920 -423642
22950 -423642
22980 -423638
23010 -423638
23040 -423638
23070 -423632
23100 -423632
23130 -423631
23160 -423631
23190 -423611
23220 -423611
23250 -423611
23280 -423605
23310 -423599
23340 -423599
23370 -423587
23400 -423570
23430 -423567
23460 -423552
23490 -423551
23520 -423551
23550 -423542
23580 -423538
23610 -423498
23640 -423492
23670 -423492
23700 -423492
23730 -423492
23760 -423488
23790 -423488
23820 -423482
23850 -423482
23880 -423427
23910 -423424
23940 -423420
23970 -423420
24000 -423420
24030 -423419
24060 -423419
24090 -423415
24120 -423415
24150 -423415
24180 -423415
24210 -423405
24240 -423398
24270 -423398
24300 -423390
24330 -423378
24360 -423377
24390 -423377
24420 -423374
24450 -423374
24480 -423374
24510 -423371
24540 -423371
24570 -423369
24600 -423358
24630 -423358
24660 -423356
24690 -423356
24720 -423356
24750 -423356
24780 -423348
24810 -423339
24840 -423339
24870 -423339
24900 -423339
24930 -423339
24960 -423339
24990 -423339
25020 -423333
25050 -423332
25080 -423332
25110 -423332
25140 -423297
25170 -423297
25200 -423297
25230 -423297
25260 -423261
25290 -423256
25320 -423256
25350 -423256
25380 -423225
25410 -423225
25440 -423218
25470 -423216
25500 -423214
25530 -423214
25560 -423214
25590 -423212
25620 -423198
25650 -423153
25680 -423153
25710 -423153
25740 -423153
25770 -423132
25800 -423132
25830 -423122
25860 -423122
25890 -423122
25920 -423122
25950 -423122
25980 -423122
26010 -423109
26040 -423100
26070 -423100
26100 -423056
26130 -423056
26160 -423056
26190 -423056
26220 -423056
26250 -423024
26280 -423024
26310 -423024
26340 -423019
26370 -423019
26400 -423019
26430 -423018
26460 -423018
26490 -422996
26520 -422996
26550 -422992
26580 -422975
26610 -422973
26640 -422973
26670 -422970
26700 -422970
26730 -422970
26760 -422970
26790 -422951
26820 -422951
26850 -422931
26880 -422931
26910 -422931
26940 -422931
26970 -422931
27000 -422931
27030 -422921
27060 -422917
27090 -422914
27120 -422880
27150 -422863
27180 -422863
27210 -422863
27240 -422861
27270 -422861
27300 -422861
27330 -422861
27360 -422861
27390 -422820
27420 -422811
27450 -422790
27480 -422788
27510 -422788
27540 -422785
27570 -422784
27600 -422784
27630 -422706
27660 -422679
27690 -422669
27720 -422669
27750 -422644
27780 -422644
27810 -422556
27840 -422543
27870 -422543
27900 -422543
27930 -422540
27960 -422540
27990 -422540
28020 -422540
28050 -422536
28080 -422529
28110 -422525
28140 -422503
28170 -422503
28200 -422503
28230 -422503
28260 -422448
28290 -422430
28320 -422429
28350 -422426
28380 -422410
28410 -422403
28440 -422402
28470 -422402
28500 -422400
28530 -422398
28560 -422398
28590 -422387
28620 -422387
28650 -422387
28680 -422387
28710 -422387
28740 -422385
28770 -422382
28800 -422373
28830 -422373
28860 -422373
28890 -422373
28920 -422373
28950 -422373
28980 -422365
29010 -422365
29040 -422365
29070 -422365
29100 -422365
29130 -422365
29160 -422332
29190 -422321
29220 -422321
29250 -422321
29280 -422320
29310 -422319
29340 -422319
29370 -422319
29400 -422302
29430 -422281
29460 -422261
29490 -422251
29520 -422251
29550 -422249
29580 -422249
29610 -422248
29640 -422246
29670 -422217
29700 -422192
29730 -422192
29760 -422071
29790 -422071
29820 -422049
29850 -422049
29880 -422049
29910 -422036
29940 -422032
29970 -422032
30000 -422030
30030 -422030
30060 -422030
30090 -422028
30120 -422028
30150 -422028
30180 -422026
30210 -422026
30240 -422025
30270 -422025
30300 -422005
30330 -422005
30360 -421967
30390 -421967
30420 -421967
30450 -421967
30480 -421959
30510 -421952
30540 -421952
30570 -421952
30600 -421952
30630 -421945
30660 -421945
30690 -421938
30720 -421938
30750 -421938
30780 -421924
30810 -421924
30840 -421924
30870 -421924
30900 -421924
30930 -421923
30960 -421923
30990 -421922
31020 -421922
31050 -421918
31080 -421897
31110 -421862
31140 -421862
31170 -421849
31200 -421849
31230 -421849
31260 -421846
31290 -421846
31320 -421846
31350 -421845
31380 -421814
31410 -421814
31440 -421814
31470 -421814
31500 -421811
31530 -421788
31560 -421752
31590 -421749
31620 -421749
31650 -421749
31680 -421749
31710 -421749
31740 -421727
31770 -421711
31800 -421711
31830 -421711
31860 -421685
31890 -421681
31920 -421681
31950 -421678
31980 -421655
32010 -421655
32040 -421655
32070 -421655
32100 -421655
32130 -421655
32160 -421639
32190 -421639
32220 -421639
32250 -421638
32280 -421638
32310 -421638
32340 -421602
32370 -421602
32400 -421585
32430 -421585
32460 -421585
32490 -421585
32520 -421585
32550 -421585
32580 -421571
32610 -421571
32640 -421571
32670 -421555
32700 -421512
32730 -421512
32760 -421512
32790 -421512
32820 -421466
32850 -421464
32880 -421464
32910 -421464
32940 -421450
32970 -421450
33000 -421445
33030 -421445
33060 -421439
33090 -421439
33120 -421408
33150 -421405
33180 -421399
33210 -421374
33240 -421374
33270 -421371
33300 -421371
33330 -421361
33360 -421361
33390 -421361
33420 -421361
33450 -421361
33480 -421352
33510 -421352
33540 -421352
33570 -421345
33600 -421312
33630 -421312
33660 -421306
33690 -421306
33720 -421306
33750 -421304
33780 -421269
33810 -421269
33840 -421269
33870 -421269
33900 -421269
33930 -421269
33960 -421241
33990 -421241
34020 -421220
34050 -421208
34080 -421208
34110 -421175
34140 -421175
34170 -421175
34200 -421158
34230 -421158
34260 -421023
34290 -421023
34320 -421022
34350 -421020
34380 -421020
34410 -421020
34440 -421020
34470 -420986
34500 -420982
34530 -420982
34560 -420976
34590 -420976
34620 -420976
34650 -420960
34680 -420960
34710 -420960
34740 -420960
34770 -420960
34800 -420913
34830 -420908
34860 -420908
34890 -420908
34920 -420908
34950 -420904
34980 -420904
35010 -420899
35040 -420891
35070 -420884
35100 -420884
35130 -420884
35160 -420884
35190 -420883
35220 -420873
35250 -420873
35280 -420873
35310 -420836
35340 -420836
35370 -420830
35400 -420829
35430 -420821
35460 -420804
35490 -420804
35520 -420804
35550 -420804
35580 -420804
35610 -420804
35640 -420804
35670 -420802
35700 -420801
35730 -420795
35760 -420795
35790 -420795
35820 -420795
35850 -420795
35880 -420795
35910 -420795
35940 -420753
35970 -420753
36000 -420736
36030 -420736
36060 -420736
36090 -420736
36120 -420736
36150 -420736
36180 -420736
36210 -420697
36240 -420697
36270 -420697
36300 -420697
36330 -420674
36360 -420674
36390 -420674
36420 -420614
36450 -420614
36480 -420614
36510 -420588
36540 -420588
36570 -420588
36600 -420588
36630 -420588
36660 -420585
36690 -420584
36720 -420584
36750 -420584
36780 -420584
36810 -420584
36840 -420568
36870 -420568
36900 -420553
36930 -420551
36960 -420551
36990 -420551
37020 -420544
37050 -420538
37080 -420538
37110 -420538
37140 -420537
37170 -420535
37200 -420534
37230 -420534
37260 -420534
37290 -420523
37320 -420519
37350 -420519
37380 -420519
37410 -420516
37440 -420505
37470 -420467
37500 -420467
37530 -420467
37560 -420467
37590 -420467
37620 -420460
37650 -420460
37680 -420460
37710 -420460
37740 -420460
37770 -420449
37800 -420449
37830 -420431
37860 -420431
37890 -420431
37920 -420425
37950 -420399
37980 -420396
38010 -420396
38040 -420371
38070 -420341
38100 -420341
38130 -420340
38160 -420319
38190 -420319
38220 -420313
38250 -420313
38280 -420310
38310 -420310
38340 -420310
38370 -420310
38400 -420307
38430 -420274
38460 -420213
38490 -420198
38520 -420198
38550 -420169
38580 -420169
38610 -420169
38640 -420169
38670 -420169
38700 -420161
38730 -420158
38760 -420157
38790 -420152
38820 -420131
38850 -420131
38880 -420131
38910 -420131
38940 -420131
38970 -420121
39000 -420085
39030 -420085
39060 -420050
39090 -419977
39120 -419977
39150 -419977
39180 -419971
39210 -419971
39240 -419971
39270 -419970
39300 -419970
39330 -419970
39360 -419950
39390 -419950
39420 -419950
39450 -419883
39480 -419883
39510 -419883
39540 -419883
39570 -419875
39600 -419860
39630 -419860
39660 -419850
39690 -419850
39720 -419850
39750 -419850
39780 -419850
39810 -419846
39840 -419844
39870 -419822
39900 -419819
39930 -419818
39960 -419818
39990 -419813
40020 -419813
40050 -419813
40080 -419813
40110 -419813
40140 -419813
40170 -419813
40200 -419813
40230 -419813
40260 -419806
40290 -419781
40320 -419781
40350 -419781
40380 -419781
40410 -419780
40440 -419772
40470 -419772
40500 -419772
40530 -419768
40560 -419768
40590 -419768
40620 -419759
40650 -419759
40680 -419758
40710 -419755
40740 -419755
40770 -419740
40800 -419736
40830 -419735
40860 -419735
40890 -419735
40920 -419735
40950 -419735
40980 -419735
41010 -419724
41040 -419717
41070 -419717
41100 -419698
41130 -419698
41160 -419695
41190 -419695
41220 -419695
41250 -419695
41280 -419692
41310 -419692
41340 -419691
41370 -419665
41400 -419659
41430 -419659
41460 -419659
41490 -419659
41520 -419659
41550 -419659
41580 -419617
41610 -419617
41640 -419617
41670 -419617
41700 -419617
41730 -419617
41760 -419617
41790 -419610
41820 -419610
