60 -467322
90 -466310
120 -464972
150 -463361
180 -462640
210 -461423
240 -460716
270 -460019
300 -459445
330 -458918
360 -458295
390 -457662
420 -457537
450 -457010
480 -456713
510 -456102
540 -455289
570 -455223
600 -455107
630 -454649
660 -454199
690 -454156
720 -453511
750 -453124
780 -452576
810 -452118
840 -451973
870 -451792
900 -451348
930 -451189
960 -450996
990 -450895
1020 -450880
1050 -450202
1080 -450100
1110 -449943
1140 -449719
1170 -449598
1200 -449349
1230 -449180
1260 -449095
1290 -449010
1320 -448976
1350 -448881
1380 -448777
1410 -448722
1440 -448300
1470 -447969
1500 -447761
1530 -447290
1560 -447003
1590 -446667
1620 -446481
1650 -446312
1680 -446288
1710 -446201
1740 -446061
1770 -445925
1800 -445839
1830 -445662
1860 -445560
1890 -445449
1920 -445194
1950 -445030
1980 -444997
2010 -444835
2040 -444743
2070 -444683
2100 -444415
2130 -444036
2160 -443918
2190 -443885
2220 -443814
2250 -443646
2280 -443574
2310 -443560
2340 -443516
2370 -443499
2400 -443453
2430 -443450
2460 -443368
2490 -443145
2520 -443091
2550 -442969
2580 -442747
2610 -442716
2640 -442698
2670 -442666
2700 -442612
2730 -442437
2760 -442135
2790 -442075
2820 -441917
2850 -441908
2880 -441890
2910 -441558
2940 -441505
2970 -441488
3000 -441434
3030 -441429
3060 -441401
3090 -441346
3120 -441310
3150 -441290
3180 -441224
3210 -441206
3240 -441032
3270 -441006
3300 -440873
3330 -440613
3360 -440569
3390 -440434
3420 -440379
3450 -440198
3480 -440106
3510 -440096
3540 -440081
3570 -439812
3600 -439776
3630 -439618
3660 -439562
3690 -439449
3720 -439369
3750 -439351
3780 -439321
3810 -439312
3840 -439236
3870 -439236
3900 -439201
3930 -439103
3960 -439091
3990 -439087
4020 -438983
4050 -438982
4080 -438856
4110 -438832
4140 -438792
4170 -438763
4200 -438720
4230 -438650
4260 -438601
4290 -438583
4320 -438523
4350 -438318
4380 -438219
4410 -438198
4440 -438152
4470 -438131
4500 -438096
4530 -437994
4560 -437948
4590 -437888
4620 -437698
4650 -437613
4680 -437613
4710 -437572
4740 -437553
4770 -437254
4800 -437217
4830 -437145
4860 -437081
4890 -436859
4920 -436793
4950 -436793
4980 -436758
5010 -436726
5040 -436688
5070 -436632
5100 -436594
5130 -436465
5160 -436413
5190 -436401
5220 -436285
5250 -436199
5280 -436183
5310 -436128
5340 -436128
5370 -436104
5400 -436058
5430 -436014
5460 -435948
5490 -435862
5520 -435742
5550 -435702
5580 -435689
5610 -435649
5640 -435620
5670 -435620
5700 -435597
5730 -435571
5760 -435536
5790 -435472
5820 -435467
5850 -435467
5880 -435340
5910 -435340
5940 -435227
5970 -435209
6000 -435167
6030 -435136
6060 -435094
