60 -468240
90 -467032
120 -465113
150 -464751
180 -463359
210 -462630
240 -462333
270 -461164
300 -460734
330 -459690
360 -459197
390 -458408
420 -457925
450 -457834
480 -457096
510 -456706
540 -456440
570 -456215
600 -455771
630 -455359
660 -455166
690 -454944
720 -454822
750 -454616
780 -454403
810 -454264
840 -453872
870 -453821
900 -453622
930 -453377
960 -452926
990 -452615
1020 -452420
1050 -452247
1080 -452045
1110 -451883
1140 -451803
1170 -451406
1200 -451324
1230 -451296
1260 -451166
1290 -451075
1320 -451036
1350 -450463
1380 -450273
1410 -449921
1440 -449856
1470 -449634
1500 -449406
1530 -449233
1560 -448980
1590 -448852
1620 -448732
1650 -448528
1680 -448276
1710 -448031
1740 -447991
1770 -447681
1800 -447644
1830 -447592
1860 -447574
1890 -447420
1920 -447331
1950 -447331
1980 -447175
2010 -447172
2040 -447061
2070 -446627
2100 -446040
2130 -446023
2160 -445994
2190 -445594
2220 -445551
2250 -445505
2280 -445421
2310 -445401
2340 -445350
2370 -445255
2400 -445176
2430 -445155
2460 -444992
2490 -444780
2520 -444759
2550 -444705
2580 -444474
2610 -444407
2640 -444398
2670 -444340
2700 -444160
2730 -444136
2760 -444099
2790 -444070
2820 -443965
2850 -443948
2880 -443889
2910 -443839
2940 -443722
2970 -443716
3000 -443584
3030 -443303
3060 -443244
3090 -443174
3120 -443161
3150 -443138
3180 -443122
3210 -443032
3240 -442977
3270 -442720
3300 -442714
3330 -442668
3360 -442617
3390 -442495
3420 -442468
3450 -442417
3480 -442316
3510 -442292
3540 -442223
3570 -442223
3600 -442167
3630 -442122
3660 -441999
3690 -441921
3720 -441751
3750 -441572
3780 -441534
3810 -441534
3840 -441437
3870 -441355
3900 -441280
3930 -441243
3960 -441198
3990 -441172
4020 -441117
4050 -441109
4080 -441067
4110 -440858
4140 -440825
4170 -440802
4200 -440774
4230 -440774
4260 -440703
4290 -440693
4320 -440648
4350 -440612
4380 -440591
4410 -440574
4440 -440501
4470 -440459
4500 -440412
4530 -440411
4560 -440357
4590 -440350
4620 -440336
4650 -440281
4680 -440280
4710 -440253
4740 -440243
4770 -440139
4800 -440104
4830 -440056
4860 -440041
4890 -440030
4920 -439979
4950 -439946
4980 -439933
5010 -439930
5040 -439898
5070 -439874
5100 -439870
5130 -439851
5160 -439833
5190 -439687
5220 -439674
5250 -439549
5280 -439527
5310 -439410
5340 -439382
5370 -439364
5400 -439364
5430 -439364
5460 -439108
5490 -439108
5520 -439108
5550 -439063
5580 -438992
5610 -438969
5640 -438897
5670 -438884
5700 -438794
5730 -438785
5760 -438780
5790 -438775
5820 -438775
5850 -438770
5880 -438738
5910 -438714
5940 -438666
5970 -438649
6000 -438591
6030 -438587
6060 -438560
6090 -438452
6120 -438400
6150 -438384
6180 -438384
6210 -438383
6240 -438383
6270 -438307
6300 -438299
6330 -438294
6360 -438200
6390 -438183
6420 -438117
6450 -438109
6480 -438088
6510 -438086
6540 -438036
6570 -438026
6600 -438019
6630 -438003
6660 -437969
6690 -437800
6720 -437753
6750 -437693
6780 -437693
6810 -437676
6840 -437671
6870 -437671
6900 -437657
6930 -437655
6960 -437593
6990 -437564
7020 -437504
7050 -437444
7080 -437431
7110 -437375
7140 -437290
7170 -437272
7200 -437116
7230 -437116
7260 -437116
7290 -436950
7320 -436930
7350 -436865
7380 -436850
7410 -436806
7440 -436704
7470 -436655
7500 -436649
7530 -436649
7560 -436610
7590 -436596
7620 -436591
7650 -436579
7680 -436550
7710 -436455
7740 -436451
7770 -436451
7800 -436447
7830 -436384
7860 -436369
7890 -436339
7920 -436233
7950 -436210
7980 -436197
8010 -436095
8040 -436081
8070 -436080
8100 -436064
8130 -435997
8160 -435924
8190 -435902
8220 -435896
8250 -435857
8280 -435820
8310 -435755
8340 -435744
8370 -435742
8400 -435742
8430 -435739
8460 -435733
8490 -435733
8520 -435733
8550 -435709
8580 -435709
8610 -435668
8640 -435560
8670 -435560
8700 -435500
8730 -435484
8760 -435428
8790 -435424
8820 -435316
8850 -435280
8880 -435254
8910 -435182
8940 -435180
8970 -435088
9000 -435065
9030 -435065
9060 -434999
9090 -434996
9120 -434929
9150 -434919
9180 -434918
9210 -434907
9240 -434907
9270 -434795
9300 -434791
9330 -434790
9360 -434790
9390 -434722
9420 -434722
9450 -434602
9480 -434581
9510 -434567
9540 -434567
9570 -434450
9600 -434394
9630 -434388
9660 -434354
9690 -434335
9720 -434335
9750 -434335
9780 -434307
9810 -434294
9840 -434294
9870 -434240
9900 -434222
9930 -434212
9960 -434212
9990 -434188
10020 -434185
10050 -434185
10080 -434146
10110 -434146
10140 -434144
10170 -434142
10200 -434127
10230 -434127
10260 -434050
10290 -434033
10320 -433989
10350 -433983
10380 -433956
10410 -433947
10440 -433933
10470 -433883
10500 -433883
10530 -433866
10560 -433866
10590 -433770
10620 -433763
10650 -433733
10680 -433656
10710 -433651
10740 -433633
10770 -433633
10800 -433557
10830 -433557
10860 -433557
10890 -433544
10920 -433527
10950 -433515
10980 -433515
11010 -433515
11040 -433510
11070 -433510
11100 -433505
11130 -433484
11160 -433454
11190 -433428
11220 -433428
11250 -433404
11280 -433404
11310 -433404
11340 -433404
11370 -433388
11400 -433382
11430 -433382
11460 -433382
11490 -433374
11520 -433344
11550 -433339
11580 -433333
11610 -433331
11640 -433330
11670 -433296
11700 -433285
11730 -433285
11760 -433260
11790 -433234
11820 -433227
11850 -433221
11880 -433165
11910 -433145
11940 -433077
11970 -433013
12000 -432958
12030 -432940
12060 -432932
12090 -432932
12120 -432918
12150 -432913
12180 -432913
12210 -432913
12240 -432887
12270 -432881
12300 -432881
12330 -432870
12360 -432845
12390 -432836
12420 -432782
12450 -432782
12480 -432766
12510 -432736
12540 -432736
12570 -432712
12600 -432712
12630 -432685
12660 -432680
12690 -432680
12720 -432666
12750 -432614
12780 -432609
12810 -432609
12840 -432568
12870 -432547
12900 -432547
12930 -432544
12960 -432544
12990 -432536
13020 -432474
13050 -432472
13080 -432442
13110 -432442
13140 -432430
13170 -432430
13200 -432430
13230 -432420
13260 -432416
13290 -432406
13320 -432337
13350 -432335
13380 -432327
13410 -432319
13440 -432285
13470 -432269
13500 -432269
13530 -432235
13560 -432235
13590 -432148
13620 -432148
13650 -432148
13680 -432020
13710 -432020
13740 -432020
13770 -432015
13800 -431856
13830 -431856
13860 -431803
13890 -431714
13920 -431714
13950 -431701
13980 -431688
14010 -431677
14040 -431674
14070 -431649
14100 -431649
14130 -431638
14160 -431627
14190 -431615
14220 -431615
14250 -431607
14280 -431560
14310 -431539
14340 -431539
14370 -431539
14400 -431539
14430 -431539
14460 -431539
14490 -431531
14520 -431481
14550 -431475
14580 -431434
14610 -431419
14640 -431419
14670 -431410
14700 -431399
14730 -431382
14760 -431382
14790 -431379
14820 -431379
14850 -431362
14880 -431356
14910 -431356
14940 -431314
14970 -431314
15000 -431311
15030 -431267
15060 -431250
15090 -431250
15120 -431248
15150 -431245
15180 -431183
15210 -431149
15240 -431079
15270 -431057
15300 -431040
15330 -431021
15360 -431013
15390 -431006
15420 -430995
15450 -430995
15480 -430994
15510 -430994
15540 -430968
15570 -430942
15600 -430942
15630 -430939
15660 -430937
15690 -430811
15720 -430799
15750 -430799
15780 -430799
15810 -430794
15840 -430794
15870 -430794
15900 -430794
15930 -430791
15960 -430785
15990 -430785
16020 -430785
16050 -430785
16080 -430785
16110 -430783
16140 -430777
16170 -430706
16200 -430704
16230 -430630
16260 -430620
16290 -430620
16320 -430620
16350 -430608
16380 -430608
16410 -430608
16440 -430528
16470 -430528
16500 -430488
16530 -430488
16560 -430452
16590 -430446
16620 -430434
16650 -430381
16680 -430369
16710 -430319
16740 -430319
16770 -430319
16800 -430319
16830 -430312
16860 -430306
16890 -430290
16920 -430275
16950 -430271
16980 -430271
17010 -430259
17040 -430259
17070 -430248
17100 -430193
17130 -430133
17160 -430133
17190 -430130
17220 -430126
17250 -430064
17280 -430064
17310 -430064
17340 -430050
17370 -430050
17400 -429994
17430 -429994
17460 -429993
17490 -429979
17520 -429975
17550 -429975
17580 -429975
17610 -429782
17640 -429779
17670 -429779
17700 -429748
17730 -429738
17760 -429738
17790 -429737
17820 -429717
17850 -429671
17880 -429671
17910 -429671
17940 -429630
17970 -429630
18000 -429629
18030 -429625
18060 -429581
18090 -429581
18120 -429581
18150 -429565
18180 -429542
18210 -429530
18240 -429483
18270 -429453
18300 -429451
18330 -429451
18360 -429412
18390 -429410
18420 -429408
18450 -429408
18480 -429404
18510 -429404
18540 -429404
18570 -429404
18600 -429385
18630 -429365
18660 -429312
18690 -429295
18720 -429283
18750 -429283
18780 -429263
18810 -429256
18840 -429256
18870 -429246
18900 -429230
18930 -429230
18960 -429230
18990 -429220
19020 -429218
19050 -429199
19080 -429198
19110 -429186
19140 -429186
19170 -429149
19200 -429147
19230 -429146
19260 -429136
19290 -429134
19320 -429134
19350 -429134
19380 -429134
19410 -429134
19440 -429131
19470 -429131
19500 -429067
19530 -429026
19560 -429026
19590 -428989
19620 -428896
19650 -428879
19680 -428877
19710 -428870
19740 -428870
19770 -428870
19800 -428868
19830 -428861
19860 -428861
19890 -428854
19920 -428853
19950 -428849
19980 -428849
20010 -428845
20040 -428822
20070 -428822
20100 -428822
20130 -428816
20160 -428816
20190 -428809
20220 -428809
20250 -428800
20280 -428788
20310 -428785
20340 -428765
20370 -428762
20400 -428710
20430 -428692
20460 -428692
20490 -428651
20520 -428625
20550 -428625
20580 -428625
20610 -428623
20640 -428623
20670 -428611
20700 -428608
20730 -428553
20760 -428540
20790 -428540
20820 -428540
20850 -428539
20880 -428523
20910 -428516
20940 -428516
20970 -428514
21000 -428486
21030 -428486
21060 -428484
21090 -428484
21120 -428453
21150 -428453
21180 -428453
21210 -428453
21240 -428453
21270 -428437
21300 -428437
21330 -428437
21360 -428428
21390 -428424
21420 -428418
21450 -428393
21480 -428315
21510 -428269
21540 -428266
21570 -428266
21600 -428260
21630 -428233
21660 -428230
21690 -428229
21720 -428229
21750 -428229
21780 -428199
21810 -428199
21840 -428155
21870 -428107
21900 -428099
21930 -428066
21960 -428050
21990 -428021
22020 -427999
22050 -427981
22080 -427967
22110 -427941
22140 -427912
22170 -427912
22200 -427903
22230 -427889
22260 -427889
22290 -427889
22320 -427886
22350 -427883
22380 -427883
22410 -427882
22440 -427867
22470 -427855
22500 -427843
22530 -427829
22560 -427826
22590 -427741
22620 -427730
22650 -427730
22680 -427730
22710 -427730
22740 -427730
22770 -427728
22800 -427676
22830 -427672
22860 -427664
22890 -427655
22920 -427655
22950 -427596
22980 -427596
23010 -427596
23040 -427590
23070 -427567
23100 -427567
23130 -427567
23160 -427567
23190 -427560
23220 -427555
23250 -427555
23280 -427553
23310 -427528
23340 -427517
23370 -427517
23400 -427511
23430 -427511
23460 -427511
23490 -427507
23520 -427507
23550 -427507
23580 -427507
23610 -427487
23640 -427487
23670 -427487
23700 -427475
23730 -427463
23760 -427449
23790 -427449
23820 -427449
23850 -427392
23880 -427392
23910 -427388
23940 -427372
23970 -427372
24000 -427372
24030 -427372
24060 -427372
24090 -427372
24120 -427356
24150 -427356
24180 -427356
24210 -427356
24240 -427347
24270 -427347
24300 -427337
24330 -427337
24360 -427337
24390 -427306
24420 -427290
24450 -427290
24480 -427290
24510 -427277
24540 -427277
24570 -427240
24600 -427240
24630 -427238
24660 -427236
24690 -427236
24720 -427202
24750 -427202
24780 -427192
24810 -427192
24840 -427192
24870 -427187
24900 -427187
24930 -427187
24960 -427184
24990 -427184
25020 -427174
25050 -427174
25080 -427169
25110 -427167
25140 -427167
25170 -427167
25200 -427111
25230 -427109
25260 -427096
25290 -427085
25320 -427078
25350 -427078
25380 -427078
25410 -427078
25440 -427078
25470 -427076
25500 -427076
25530 -427074
25560 -427054
25590 -427040
25620 -427031
25650 -427026
25680 -426991
25710 -426987
25740 -426985
25770 -426985
25800 -426980
25830 -426979
25860 -426979
25890 -426974
25920 -426974
25950 -426961
25980 -426943
26010 -426943
26040 -426940
26070 -426933
26100 -426933
26130 -426933
26160 -426931
26190 -426931
26220 -426931
26250 -426922
26280 -426920
26310 -426920
26340 -426920
26370 -426877
26400 -426877
26430 -426877
26460 -426857
26490 -426857
26520 -426853
26550 -426853
26580 -426843
26610 -426784
26640 -426782
26670 -426730
26700 -426730
26730 -426646
26760 -426637
26790 -426607
26820 -426607
26850 -426607
26880 -426601
26910 -426601
26940 -426601
26970 -426594
27000 -426594
27030 -426587
27060 -426587
27090 -426587
27120 -426587
27150 -426582
27180 -426582
27210 -426582
27240 -426571
27270 -426557
27300 -426552
27330 -426552
27360 -426533
27390 -426530
27420 -426525
27450 -426525
27480 -426525
27510 -426525
27540 -426518
27570 -426507
27600 -426489
27630 -426484
27660 -426468
27690 -426468
27720 -426468
27750 -426468
27780 -426468
27810 -426468
27840 -426468
27870 -426467
27900 -426441
27930 -426441
27960 -426441
27990 -426441
28020 -426441
28050 -426399
28080 -426399
28110 -426399
28140 -426383
28170 -426379
28200 -426379
28230 -426373
28260 -426373
28290 -426373
28320 -426366
28350 -426360
28380 -426360
28410 -426360
28440 -426360
28470 -426356
28500 -426356
28530 -426356
28560 -426356
28590 -426356
28620 -426356
28650 -426356
28680 -426338
28710 -426338
28740 -426338
28770 -426330
28800 -426330
28830 -426330
28860 -426330
28890 -426329
28920 -426329
28950 -426329
28980 -426329
29010 -426329
29040 -426315
29070 -426315
29100 -426315
29130 -426309
29160 -426304
29190 -426266
29220 -426263
29250 -426257
29280 -426234
29310 -426224
29340 -426221
29370 -426193
29400 -426193
29430 -426186
29460 -426186
29490 -426172
29520 -426169
29550 -426169
29580 -426162
29610 -426162
29640 -426162
29670 -426158
29700 -426118
29730 -426095
29760 -426095
29790 -426095
29820 -426089
29850 -426089
29880 -426089
29910 -426089
29940 -426086
29970 -426075
30000 -426075
30030 -426055
30060 -426040
30090 -426040
30120 -426037
30150 -426036
30180 -426036
30210 -426036
30240 -426027
30270 -426005
30300 -425991
30330 -425974
30360 -425972
30390 -425970
30420 -425970
30450 -425970
30480 -425970
30510 -425970
30540 -425970
30570 -425970
30600 -425967
30630 -425964
30660 -425963
30690 -425961
30720 -425961
30750 -425961
30780 -425961
30810 -425961
30840 -425955
30870 -425955
30900 -425955
30930 -425955
30960 -425921
30990 -425917
31020 -425910
31050 -425899
31080 -425896
31110 -425896
31140 -425896
31170 -425895
31200 -425895
31230 -425895
31260 -425895
31290 -425886
31320 -425886
31350 -425886
31380 -425885
31410 -425880
31440 -425866
31470 -425866
31500 -425865
31530 -425862
31560 -425861
31590 -425851
31620 -425851
31650 -425849
31680 -425843
31710 -425843
31740 -425842
31770 -425842
31800 -425842
31830 -425842
31860 -425842
31890 -425839
31920 -425820
31950 -425820
31980 -425820
32010 -425818
32040 -425818
32070 -425806
32100 -425806
32130 -425806
32160 -425806
32190 -425806
32220 -425803
32250 -425803
32280 -425803
32310 -425778
32340 -425769
32370 -425769
32400 -425769
32430 -425769
32460 -425769
32490 -425769
32520 -425755
32550 -425751
32580 -425736
32610 -425736
32640 -425720
32670 -425720
32700 -425699
32730 -425679
32760 -425679
32790 -425679
32820 -425679
32850 -425679
32880 -425679
32910 -425679
32940 -425679
32970 -425670
33000 -425669
33030 -425669
33060 -425621
33090 -425621
33120 -425621
33150 -425621
33180 -425619
33210 -425612
33240 -425612
33270 -425611
33300 -425611
33330 -425611
33360 -425611
33390 -425611
33420 -425611
33450 -425584
33480 -425584
33510 -425582
33540 -425581
33570 -425580
33600 -425580
33630 -425580
33660 -425580
33690 -425580
33720 -425580
33750 -425578
33780 -425572
33810 -425571
33840 -425571
33870 -425538
33900 -425536
33930 -425536
33960 -425522
33990 -425522
34020 -425522
34050 -425507
34080 -425506
34110 -425486
34140 -425486
34170 -425479
34200 -425461
34230 -425461
34260 -425461
34290 -425448
34320 -425431
34350 -425431
34380 -425431
34410 -425431
34440 -425407
34470 -425407
34500 -425407
34530 -425400
34560 -425400
34590 -425400
34620 -425400
34650 -425395
34680 -425393
34710 -425379
34740 -425379
34770 -425379
34800 -425378
34830 -425376
34860 -425376
34890 -425376
34920 -425338
34950 -425338
34980 -425338
35010 -425329
35040 -425327
35070 -425321
35100 -425321
35130 -425321
35160 -425321
35190 -425318
35220 -425311
35250 -425311
35280 -425300
35310 -425300
35340 -425300
35370 -425300
35400 -425300
35430 -425300
35460 -425300
35490 -425300
35520 -425300
35550 -425300
35580 -425300
35610 -425300
35640 -425300
35670 -425300
35700 -425300
35730 -425300
35760 -425300
35790 -425270
35820 -425270
35850 -425270
35880 -425270
35910 -425270
35940 -425267
35970 -425267
36000 -425267
36030 -425263
36060 -425263
36090 -425263
36120 -425263
36150 -425263
36180 -425261
36210 -425261
36240 -425257
36270 -425245
36300 -425245
36330 -425245
36360 -425243
36390 -425123
36420 -425123
36450 -425123
36480 -425123
36510 -425109
36540 -425109
36570 -425109
36600 -425109
36630 -425109
36660 -425104
36690 -425104
36720 -425098
36750 -425087
36780 -425087
36810 -425087
36840 -425087
36870 -425087
36900 -425072
36930 -425044
36960 -425019
36990 -425019
37020 -425016
37050 -425004
37080 -425004
37110 -425004
37140 -425004
37170 -425004
37200 -424991
37230 -424991
37260 -424991
37290 -424979
37320 -424970
37350 -424928
37380 -424914
37410 -424908
37440 -424894
37470 -424894
37500 -424861
37530 -424852
37560 -424852
37590 -424852
37620 -424851
37650 -424848
37680 -424848
37710 -424848
37740 -424813
37770 -424804
37800 -424804
37830 -424804
37860 -424801
37890 -424801
37920 -424801
37950 -424801
37980 -424790
38010 -424766
38040 -424744
38070 -424733
38100 -424718
38130 -424707
38160 -424697
38190 -424697
38220 -424697
38250 -424697
38280 -424680
38310 -424680
38340 -424676
38370 -424676
38400 -424655
38430 -424655
38460 -424655
38490 -424653
38520 -424653
38550 -424653
38580 -424653
38610 -424653
38640 -424650
38670 -424650
38700 -424650
38730 -424618
38760 -424618
38790 -424618
38820 -424605
38850 -424605
38880 -424605
38910 -424605
38940 -424605
38970 -424605
39000 -424605
39030 -424605
39060 -424605
39090 -424602
39120 -424602
39150 -424580
39180 -424580
39210 -424580
39240 -424580
39270 -424580
39300 -424580
39330 -424580
39360 -424576
39390 -424576
39420 -424576
39450 -424568
39480 -424567
39510 -424567
39540 -424552
39570 -424541
39600 -424537
39630 -424537
39660 -424535
39690 -424535
39720 -424535
39750 -424535
39780 -424535
39810 -424534
39840 -424534
39870 -424523
39900 -424523
39930 -424521
39960 -424510
39990 -424510
40020 -424506
40050 -424506
40080 -424506
40110 -424506
40140 -424506
40170 -424500
40200 -424470
40230 -424468
40260 -424468
40290 -424445
40320 -424445
40350 -424437
40380 -424437
40410 -424437
40440 -424437
40470 -424437
40500 -424431
40530 -424431
40560 -424430
40590 -424414
40620 -424414
40650 -424402
40680 -424402
40710 -424402
40740 -424402
40770 -424402
40800 -424402
40830 -424402
40860 -424402
40890 -424402
40920 -424399
40950 -424387
40980 -424387
41010 -424387
41040 -424384
41070 -424378
41100 -424378
41130 -424378
41160 -424378
41190 -424377
41220 -424377
41250 -424366
41280 -424356
41310 -424356
41340 -424351
41370 -424351
41400 -424351
41430 -424350
41460 -424349
41490 -424346
41520 -424346
41550 -424346
41580 -424346
41610 -424344
41640 -424337
41670 -424329
41700 -424329
41730 -424329
41760 -424317
41790 -424313
41820 -424313
41850 -424313
41880 -424313
41910 -424303
41940 -424303
41970 -424296
42000 -424296
42030 -424264
42060 -424264
42090 -424252
42120 -424252
42150 -424252
42180 -424252
42210 -424252
42240 -424252
42270 -424250
42300 -424233
42330 -424233
42360 -424233
42390 -424233
42420 -424233
42450 -424212
42480 -424212
42510 -424212
42540 -424212
42570 -424196
42600 -424196
42630 -424196
42660 -424194
42690 -424191
42720 -424191
42750 -424188
42780 -424188
42810 -424188
42840 -424188
42870 -424188
42900 -424188
42930 -424179
42960 -424179
42990 -424179
43020 -424179
43050 -424176
43080 -424169
43110 -424169
43140 -424169
43170 -424169
43200 -424167
43230 -424167
43260 -424167
43290 -424167
43320 -424167
43350 -424167
43380 -424167
43410 -424167
43440 -424167
43470 -424151
43500 -424089
43530 -424089
43560 -424089
43590 -424089
43620 -424082
43650 -424082
43680 -424065
43710 -424063
43740 -424063
43770 -424063
43800 -424063
43830 -424063
43860 -424063
43890 -424062
43920 -424058
43950 -424058
43980 -424058
44010 -424058
44040 -424058
44070 -424058
44100 -424058
44130 -424058
44160 -424058
44190 -424058
44220 -424052
44250 -424017
44280 -423988
44310 -423966
44340 -423966
44370 -423955
44400 -423955
44430 -423950
44460 -423950
44490 -423950
44520 -423950
44550 -423949
44580 -423949
44610 -423949
44640 -423949
44670 -423949
44700 -423949
44730 -423949
44760 -423949
44790 -423949
44820 -423949
44850 -423947
44880 -423946
44910 -423888
44940 -423888
44970 -423884
45000 -423884
45030 -423884
45060 -423884
45090 -423884
45120 -423884
45150 -423883
45180 -423868
45210 -423868
45240 -423868
45270 -423868
45300 -423868
45330 -423868
45360 -423868
45390 -423865
45420 -423857
45450 -423857
45480 -423857
45510 -423857
45540 -423857
45570 -423857
45600 -423857
45630 -423855
45660 -423855
45690 -423842
45720 -423842
45750 -423842
45780 -423842
45810 -423842
45840 -423842
45870 -423832
45900 -423832
45930 -423806
45960 -423806
45990 -423805
46020 -423805
46050 -423805
46080 -423789
46110 -423776
46140 -423769
46170 -423716
46200 -423674
46230 -423674
46260 -423674
46290 -423674
46320 -423670
46350 -423670
46380 -423670
46410 -423670
46440 -423667
46470 -423667
46500 -423666
46530 -423661
46560 -423661
46590 -423661
46620 -423634
46650 -423634
46680 -423634
46710 -423634
46740 -423634
46770 -423634
46800 -423633
46830 -423629
46860 -423606
46890 -423606
46920 -423606
46950 -423602
46980 -423602
47010 -423601
47040 -423601
47070 -423601
47100 -423601
47130 -423600
47160 -423600
47190 -423589
47220 -423566
47250 -423566
47280 -423565
47310 -423556
47340 -423556
47370 -423556
47400 -423556
47430 -423556
47460 -423556
47490 -423556
47520 -423554
47550 -423554
47580 -423554
47610 -423540
47640 -423538
47670 -423538
47700 -423538
47730 -423538
47760 -423538
47790 -423524
47820 -423524
47850 -423524
47880 -423524
47910 -423524
47940 -423524
47970 -423524
48000 -423524
48030 -423515
48060 -423515
48090 -423515
48120 -423515
48150 -423514
48180 -423514
48210 -423512
48240 -423509
48270 -423499
48300 -423498
48330 -423498
48360 -423498
48390 -423498
48420 -423498
48450 -423498
48480 -423498
48510 -423475
48540 -423475
48570 -423475
48600 -423475
48630 -423473
48660 -423473
48690 -423456
48720 -423456
48750 -423456
48780 -423455
48810 -423384
48840 -423364
48870 -423364
48900 -423363
48930 -423363
48960 -423363
48990 -423363
49020 -423363
49050 -423363
49080 -423363
49110 -423363
49140 -423359
49170 -423354
49200 -423354
49230 -423338
49260 -423338
49290 -423338
49320 -423338
49350 -423338
49380 -423338
49410 -423338
49440 -423320
49470 -423320
49500 -423320
49530 -423320
49560 -423320
49590 -423300
49620 -423300
49650 -423300
49680 -423270
49710 -423270
49740 -423270
49770 -423263
49800 -423263
49830 -423263
49860 -423263
49890 -423263
49920 -423263
49950 -423263
49980 -423262
50010 -423262
50040 -423262
50070 -423262
50100 -423262
50130 -423262
50160 -423221
50190 -423221
50220 -423221
50250 -423221
50280 -423202
50310 -423202
50340 -423197
50370 -423197
50400 -423197
50430 -423190
50460 -423190
50490 -423190
50520 -423130
50550 -423130
50580 -423130
50610 -423130
50640 -423120
50670 -423117
50700 -423115
50730 -423115
50760 -423115
50790 -423107
50820 -423107
50850 -423107
50880 -423107
50910 -423107
50940 -423107
50970 -423107
51000 -423107
51030 -423107
51060 -423107
51090 -423107
51120 -423107
51150 -423100
51180 -423084
51210 -423083
51240 -423083
51270 -423083
51300 -423072
51330 -423058
51360 -423058
51390 -423058
51420 -423058
51450 -423056
51480 -423056
51510 -423056
51540 -423055
51570 -423051
51600 -423044
51630 -423044
51660 -423044
51690 -423044
51720 -423044
51750 -423043
51780 -423034
51810 -423034
51840 -423034
51870 -423029
51900 -423027
51930 -423027
51960 -423027
51990 -423021
52020 -423021
52050 -423021
52080 -423021
52110 -423021
52140 -423021
52170 -423021
52200 -423011
52230 -423006
52260 -423006
52290 -423003
52320 -423003
52350 -423003
52380 -422997
52410 -422995
52440 -422995
52470 -422993
52500 -422992
52530 -422992
52560 -422992
52590 -422992
52620 -422992
52650 -422991
52680 -422991
52710 -422989
52740 -422959
52770 -422959
52800 -422955
52830 -422955
52860 -422943
52890 -422943
52920 -422943
52950 -422943
52980 -422914
53010 -422914
53040 -422914
53070 -422913
53100 -422913
53130 -422913
53160 -422905
53190 -422905
53220 -422905
53250 -422905
53280 -422905
53310 -422905
53340 -422905
53370 -422858
53400 -422858
53430 -422858
53460 -422847
53490 -422847
53520 -422842
53550 -422842
53580 -422842
53610 -422842
53640 -422842
53670 -422838
53700 -422838
53730 -422838
53760 -422838
53790 -422838
53820 -422838
53850 -422838
53880 -422832
53910 -422832
53940 -422832
53970 -422826
54000 -422826
54030 -422826
54060 -422826
54090 -422821
54120 -422821
54150 -422821
54180 -422821
54210 -422819
54240 -422817
54270 -422817
54300 -422812
54330 -422732
54360 -422732
54390 -422732
54420 -422732
54450 -422729
54480 -422729
54510 -422729
54540 -422729
54570 -422729
54600 -422719
54630 -422719
54660 -422719
54690 -422719
54720 -422719
54750 -422719
54780 -422719
54810 -422719
54840 -422719
54870 -422698
54900 -422698
54930 -422690
54960 -422690
54990 -422690
55020 -422690
55050 -422690
55080 -422690
55110 -422690
55140 -422683
55170 -422683
55200 -422680
55230 -422674
55260 -422674
55290 -422669
55320 -422669
55350 -422669
55380 -422669
55410 -422669
55440 -422668
55470 -422668
55500 -422668
55530 -422668
55560 -422668
55590 -422668
55620 -422668
55650 -422668
55680 -422668
55710 -422655
55740 -422655
55770 -422655
55800 -422655
55830 -422655
55860 -422655
55890 -422655
55920 -422655
55950 -422655
55980 -422651
56010 -422626
56040 -422626
56070 -422619
56100 -422608
56130 -422607
56160 -422607
56190 -422598
56220 -422595
56250 -422595
56280 -422595
56310 -422595
56340 -422594
56370 -422594
56400 -422594
56430 -422594
56460 -422594
56490 -422594
56520 -422594
56550 -422578
56580 -422577
56610 -422577
56640 -422577
56670 -422577
56700 -422577
56730 -422572
56760 -422531
56790 -422524
56820 -422524
56850 -422520
56880 -422518
56910 -422518
56940 -422518
56970 -422512
57000 -422512
57030 -422483
57060 -422483
57090 -422474
57120 -422473
57150 -422473
57180 -422454
57210 -422454
57240 -422454
57270 -422451
57300 -422445
57330 -422444
57360 -422444
57390 -422443
57420 -422443
57450 -422442
57480 -422436
57510 -422435
57540 -422431
57570 -422431
57600 -422431
57630 -422429
57660 -422429
57690 -422426
57720 -422426
57750 -422426
57780 -422426
57810 -422426
57840 -422426
57870 -422416
57900 -422416
57930 -422416
57960 -422413
57990 -422403
58020 -422398
58050 -422367
58080 -422367
58110 -422367
58140 -422367
58170 -422355
58200 -422355
58230 -422355
58260 -422355
58290 -422355
58320 -422355
58350 -422351
58380 -422351
58410 -422351
58440 -422351
58470 -422349
58500 -422349
58530 -422349
58560 -422349
58590 -422347
58620 -422347
58650 -422347
58680 -422347
58710 -422347
58740 -422347
58770 -422347
58800 -422340
58830 -422334
58860 -422334
58890 -422331
58920 -422331
58950 -422210
58980 -422208
59010 -422208
59040 -422208
59070 -422208
59100 -422208
59130 -422208
59160 -422208
59190 -422208
59220 -422208
59250 -422208
59280 -422206
59310 -422206
59340 -422205
59370 -422205
59400 -422204
59430 -422204
59460 -422204
59490 -422171
59520 -422171
59550 -422171
59580 -422171
59610 -422165
59640 -422165
59670 -422165
59700 -422165
59730 -422165
59760 -422165
59790 -422152
59820 -422123
59850 -422123
59880 -422121
59910 -422099
59940 -422090
59970 -422090
60000 -422088
60030 -422088
60060 -422085
60090 -422085
60120 -422067
60150 -422067
60180 -422067
60210 -422064
60240 -422057
60270 -422050
60300 -422050
60330 -422050
60360 -422048
60390 -422048
60420 -422043
60450 -422038
60480 -422038
60510 -422020
60540 -422020
60570 -422017
60600 -421998
60630 -421996
60660 -421996
60690 -421996
60720 -421996
60750 -421996
60780 -421996
60810 -421992
60840 -421984
60870 -421984
60900 -421984
60930 -421983
60960 -421983
60990 -421983
61020 -421961
61050 -421961
61080 -421961
61110 -421961
61140 -421961
61170 -421960
61200 -421960
61230 -421960
61260 -421959
61290 -421959
61320 -421959
61350 -421944
61380 -421944
61410 -421944
61440 -421944
61470 -421944
61500 -421944
61530 -421944
61560 -421939
61590 -421937
61620 -421937
61650 -421936
61680 -421936
61710 -421935
61740 -421932
61770 -421932
61800 -421931
61830 -421931
61860 -421931
61890 -421930
61920 -421930
61950 -421930
61980 -421930
62010 -421930
62040 -421917
62070 -421916
62100 -421913
62130 -421913
62160 -421908
62190 -421908
62220 -421902
62250 -421902
62280 -421902
62310 -421902
62340 -421902
62370 -421884
62400 -421884
62430 -421884
62460 -421884
62490 -421884
62520 -421882
62550 -421861
62580 -421857
62610 -421857
62640 -421847
62670 -421847
62700 -421847
62730 -421847
62760 -421847
62790 -421847
62820 -421847
62850 -421847
62880 -421847
62910 -421847
62940 -421847
62970 -421841
63000 -421841
63030 -421841
63060 -421836
63090 -421835
63120 -421835
63150 -421835
63180 -421835
63210 -421835
63240 -421823
63270 -421823
63300 -421823
63330 -421823
63360 -421823
63390 -421823
63420 -421814
63450 -421814
63480 -421814
63510 -421796
63540 -421796
63570 -421796
63600 -421796
63630 -421768
63660 -421767
63690 -421748
63720 -421748
63750 -421748
63780 -421748
63810 -421748
63840 -421741
63870 -421740
63900 -421740
63930 -421740
63960 -421740
63990 -421650
64020 -421650
64050 -421640
64080 -421640
64110 -421639
64140 -421639
64170 -421639
64200 -421639
64230 -421638
64260 -421638
64290 -421637
64320 -421637
64350 -421637
64380 -421637
64410 -421637
64440 -421633
64470 -421633
64500 -421633
64530 -421633
64560 -421633
64590 -421622
64620 -421622
64650 -421620
64680 -421620
64710 -421619
64740 -421618
64770 -421618
64800 -421614
64830 -421575
64860 -421575
64890 -421570
64920 -421570
64950 -421564
64980 -421557
65010 -421557
65040 -421557
65070 -421557
65100 -421557
65130 -421494
65160 -421494
65190 -421494
65220 -421494
65250 -421494
65280 -421494
65310 -421494
65340 -421494
65370 -421494
65400 -421494
65430 -421494
65460 -421494
65490 -421489
65520 -421489
65550 -421489
65580 -421489
65610 -421489
65640 -421489
65670 -421489
65700 -421489
65730 -421489
65760 -421489
65790 -421489
65820 -421489
65850 -421489
65880 -421489
65910 -421478
65940 -421478
65970 -421478
66000 -421478
66030 -421478
66060 -421457
66090 -421457
66120 -421457
66150 -421456
66180 -421456
66210 -421452
66240 -421448
66270 -421448
66300 -421447
66330 -421447
66360 -421447
66390 -421447
66420 -421447
66450 -421447
66480 -421447
66510 -421447
66540 -421447
66570 -421447
66600 -421447
66630 -421423
66660 -421420
66690 -421419
66720 -421419
66750 -421419
66780 -421419
66810 -421419
66840 -421410
66870 -421410
66900 -421410
66930 -421410
66960 -421408
66990 -421403
67020 -421403
67050 -421394
67080 -421390
67110 -421390
67140 -421388
67170 -421388
67200 -421386
67230 -421386
67260 -421386
67290 -421386
67320 -421369
67350 -421369
67380 -421369
67410 -421352
67440 -421351
67470 -421351
67500 -421351
67530 -421349
67560 -421303
67590 -421303
67620 -421303
67650 -421303
67680 -421303
67710 -421303
67740 -421303
67770 -421303
67800 -421303
67830 -421303
67860 -421303
67890 -421303
67920 -421303
67950 -421303
67980 -421303
68010 -421303
68040 -421300
68070 -421299
68100 -421299
68130 -421299
68160 -421295
68190 -421295
68220 -421288
68250 -421288
68280 -421288
68310 -421215
68340 -421215
68370 -421215
68400 -421208
68430 -421208
68460 -421208
68490 -421208
68520 -421208
68550 -421208
68580 -421208
68610 -421208
68640 -421208
68670 -421200
68700 -421194
68730 -421194
68760 -421192
68790 -421192
68820 -421190
68850 -421190
68880 -421190
68910 -421190
68940 -421190
68970 -421188
69000 -421184
69030 -421159
69060 -421159
69090 -421159
69120 -421159
69150 -421144
69180 -421144
69210 -421144
69240 -421144
69270 -421144
69300 -421144
69330 -421140
69360 -421140
69390 -421140
69420 -421108
69450 -421106
69480 -421106
69510 -421106
69540 -421106
69570 -421106
69600 -421106
69630 -421106
69660 -421095
69690 -421095
69720 -421095
69750 -421095
69780 -421095
69810 -421095
69840 -421094
69870 -421092
69900 -421092
69930 -421092
69960 -421082
69990 -421082
70020 -421082
70050 -421082
70080 -421080
70110 -421080
70140 -421080
70170 -421080
70200 -421080
70230 -421080
70260 -421077
70290 -421077
70320 -421075
70350 -421075
70380 -421075
70410 -421075
70440 -421072
70470 -421067
70500 -421067
70530 -421067
70560 -421067
70590 -421067
70620 -421047
70650 -421047
70680 -421047
70710 -421047
70740 -421046
70770 -421046
70800 -421046
70830 -421046
70860 -421046
70890 -421026
70920 -421026
70950 -421026
70980 -421026
71010 -421026
71040 -421026
71070 -421026
71100 -421026
71130 -421026
71160 -421026
71190 -421026
71220 -421025
71250 -421023
71280 -421023
71310 -421023
71340 -421023
71370 -421015
71400 -421015
71430 -421015
71460 -421015
71490 -421015
71520 -421015
71550 -421014
71580 -421012
71610 -421012
71640 -421012
71670 -421012
71700 -421007
71730 -421007
71760 -421007
71790 -421007
71820 -421004
71850 -421004
71880 -421004
71910 -421004
71940 -421004
71970 -421004
72000 -421004
72030 -421004
72060 -421000
72090 -421000
72120 -420997
72150 -420997
72180 -420997
72210 -420997
72240 -420997
72270 -420997
72300 -420993
72330 -420993
72360 -420985
72390 -420982
72420 -420982
72450 -420982
72480 -420975
72510 -420975
72540 -420975
72570 -420975
72600 -420975
72630 -420975
72660 -420974
72690 -420971
72720 -420969
72750 -420969
72780 -420969
72810 -420969
72840 -420969
72870 -420969
72900 -420969
72930 -420969
72960 -420969
72990 -420969
73020 -420969
73050 -420969
73080 -420968
73110 -420968
73140 -420968
73170 -420968
73200 -420968
73230 -420968
73260 -420963
73290 -420963
73320 -420961
73350 -420961
73380 -420943
73410 -420943
73440 -420943
73470 -420943
73500 -420943
73530 -420928
73560 -420928
73590 -420928
73620 -420928
73650 -420928
73680 -420928
73710 -420928
73740 -420928
73770 -420928
73800 -420928
73830 -420928
73860 -420928
73890 -420928
73920 -420928
73950 -420928
73980 -420927
74010 -420927
74040 -420926
74070 -420926
74100 -420905
74130 -420905
74160 -420905
74190 -420905
74220 -420905
74250 -420905
74280 -420882
74310 -420879
74340 -420879
74370 -420879
74400 -420879
74430 -420879
74460 -420879
74490 -420879
74520 -420877
74550 -420875
74580 -420875
74610 -420875
74640 -420875
74670 -420852
74700 -420812
74730 -420808
74760 -420803
74790 -420803
74820 -420803
74850 -420803
74880 -420803
74910 -420803
74940 -420803
74970 -420803
75000 -420788
75030 -420788
75060 -420788
75090 -420787
75120 -420787
75150 -420787
75180 -420787
75210 -420787
75240 -420787
75270 -420787
75300 -420787
75330 -420787
75360 -420787
75390 -420787
75420 -420787
75450 -420786
75480 -420786
75510 -420767
75540 -420767
75570 -420767
75600 -420767
75630 -420767
75660 -420751
75690 -420726
75720 -420726
75750 -420726
75780 -420726
75810 -420726
75840 -420722
75870 -420721
75900 -420721
75930 -420721
75960 -420721
75990 -420721
76020 -420721
76050 -420721
76080 -420721
76110 -420721
76140 -420715
76170 -420705
76200 -420705
76230 -420705
76260 -420700
76290 -420700
76320 -420700
76350 -420695
76380 -420695
76410 -420695
76440 -420695
76470 -420695
76500 -420695
76530 -420693
76560 -420693
76590 -420692
76620 -420692
76650 -420692
76680 -420654
76710 -420654
76740 -420654
76770 -420654
76800 -420654
76830 -420646
76860 -420645
76890 -420645
76920 -420629
76950 -420629
76980 -420629
77010 -420626
77040 -420626
77070 -420626
77100 -420626
77130 -420613
77160 -420613
77190 -420613
77220 -420607
77250 -420607
77280 -420604
77310 -420603
77340 -420603
77370 -420603
77400 -420598
77430 -420598
77460 -420598
77490 -420596
77520 -420596
77550 -420596
77580 -420590
77610 -420590
77640 -420590
77670 -420569
77700 -420569
77730 -420567
77760 -420567
77790 -420561
77820 -420561
77850 -420561
77880 -420561
77910 -420561
77940 -420552
77970 -420552
78000 -420552
78030 -420540
78060 -420540
78090 -420538
78120 -420538
78150 -420538
78180 -420538
78210 -420538
78240 -420538
78270 -420538
78300 -420538
78330 -420532
78360 -420532
78390 -420532
78420 -420527
78450 -420490
78480 -420480
78510 -420480
78540 -420480
78570 -420480
78600 -420480
78630 -420471
78660 -420471
78690 -420471
78720 -420450
78750 -420450
78780 -420450
78810 -420450
78840 -420450
78870 -420450
78900 -420450
78930 -420450
78960 -420435
78990 -420435
79020 -420429
79050 -420279
79080 -420279
79110 -420279
79140 -420279
79170 -420279
79200 -420279
79230 -420279
79260 -420279
79290 -420279
79320 -420279
79350 -420279
79380 -420279
79410 -420279
79440 -420279
79470 -420279
79500 -420279
79530 -420254
79560 -420254
79590 -420254
79620 -420254
79650 -420243
79680 -420243
79710 -420243
79740 -420243
79770 -420237
79800 -420237
79830 -420237
79860 -420234
79890 -420234
79920 -420226
79950 -420226
79980 -420226
80010 -420226
80040 -420226
80070 -420226
80100 -420226
80130 -420226
80160 -420220
80190 -420220
80220 -420220
80250 -420220
80280 -420220
80310 -420193
80340 -420193
80370 -420193
80400 -420193
80430 -420193
80460 -420193
80490 -420193
80520 -420193
80550 -420185
80580 -420185
80610 -420185
80640 -420185
80670 -420185
80700 -420185
80730 -420185
80760 -420085
80790 -420085
80820 -420085
80850 -420083
80880 -420083
80910 -420083
80940 -420023
80970 -420009
81000 -420004
81030 -420004
81060 -420004
81090 -420004
81120 -420004
81150 -420004
81180 -420004
81210 -420004
81240 -420004
81270 -419998
81300 -419998
81330 -419995
81360 -419995
81390 -419995
81420 -419969
81450 -419969
81480 -419969
81510 -419969
81540 -419969
81570 -419965
81600 -419965
81630 -419961
81660 -419959
81690 -419959
81720 -419958
81750 -419958
81780 -419958
81810 -419958
81840 -419952
81870 -419952
81900 -419950
81930 -419950
81960 -419950
81990 -419950
82020 -419918
82050 -419918
82080 -419914
82110 -419914
82140 -419914
82170 -419914
82200 -419914
82230 -419914
82260 -419895
82290 -419895
82320 -419895
82350 -419887
82380 -419887
82410 -419887
82440 -419887
82470 -419887
82500 -419887
82530 -419887
82560 -419887
82590 -419887
82620 -419881
82650 -419881
82680 -419879
82710 -419879
82740 -419871
82770 -419869
82800 -419869
82830 -419839
82860 -419839
82890 -419839
82920 -419839
82950 -419837
82980 -419837
83010 -419837
83040 -419837
83070 -419837
83100 -419837
83130 -419837
83160 -419837
83190 -419837
83220 -419837
83250 -419837
83280 -419836
83310 -419828
83340 -419828
83370 -419828
83400 -419828
83430 -419828
83460 -419828
83490 -419827
83520 -419827
83550 -419827
83580 -419814
83610 -419814
83640 -419814
83670 -419814
83700 -419814
83730 -419814
83760 -419808
83790 -419808
83820 -419808
83850 -419808
83880 -419808
83910 -419808
83940 -419808
83970 -419808
84000 -419808
84030 -419800
84060 -419754
84090 -419754
84120 -419740
84150 -419739
84180 -419739
84210 -419739
84240 -419739
84270 -419732
84300 -419721
84330 -419719
84360 -419719
84390 -419719
84420 -419718
84450 -419718
84480 -419718
84510 -419704
84540 -419704
84570 -419704
84600 -419704
84630 -419703
84660 -419703
84690 -419703
84720 -419699
84750 -419699
84780 -419699
84810 -419699
84840 -419699
84870 -419699
84900 -419699
84930 -419683
84960 -419683
84990 -419683
85020 -419683
85050 -419683
85080 -419683
85110 -419683
85140 -419683
85170 -419683
85200 -419683
85230 -419683
85260 -419683
85290 -419678
85320 -419678
85350 -419678
85380 -419678
85410 -419678
85440 -419678
85470 -419678
85500 -419678
85530 -419678
85560 -419678
85590 -419678
85620 -419667
85650 -419667
85680 -419667
85710 -419665
85740 -419665
85770 -419663
85800 -419663
85830 -419663
85860 -419663
85890 -419663
85920 -419663
85950 -419663
85980 -419663
86010 -419663
86040 -419659
86070 -419608
86100 -419608
86130 -419608
86160 -419608
86190 -419608
86220 -419591
86250 -419591
86280 -419591
86310 -419591
86340 -419591
86370 -419591
86400 -419591
86430 -419588
86460 -419588
86490 -419588
86520 -419588
86550 -419588
86580 -419588
86610 -419588
86640 -419588
86670 -419588
86700 -419588
86730 -419588
86760 -419588
86790 -419588
86820 -419588
86850 -419563
86880 -419563
86910 -419563
86940 -419563
86970 -419563
87000 -419563
87030 -419563
87060 -419561
87090 -419561
87120 -419561
87150 -419561
87180 -419561
87210 -419561
87240 -419561
87270 -419559
87300 -419559
87330 -419559
87360 -419559
87390 -419559
87420 -419546
87450 -419546
87480 -419546
87510 -419546
87540 -419546
87570 -419546
87600 -419546
87630 -419546
87660 -419543
87690 -419543
87720 -419543
87750 -419539
87780 -419538
87810 -419538
87840 -419538
87870 -419538
87900 -419538
87930 -419538
87960 -419538
87990 -419538
88020 -419538
88050 -419538
88080 -419538
88110 -419538
88140 -419538
88170 -419538
88200 -419538
88230 -419538
88260 -419538
88290 -419538
88320 -419538
88350 -419538
88380 -419538
88410 -419529
88440 -419529
88470 -419529
88500 -419529
88530 -419529
88560 -419529
88590 -419529
88620 -419529
88650 -419529
88680 -419529
88710 -419529
88740 -419495
88770 -419495
88800 -419495
88830 -419492
88860 -419492
88890 -419492
88920 -419492
88950 -419492
88980 -419492
89010 -419485
89040 -419485
89070 -419485
89100 -419485
89130 -419485
89160 -419483
89190 -419483
89220 -419483
89250 -419483
89280 -419483
89310 -419483
89340 -419483
89370 -419483
89400 -419483
89430 -419483
89460 -419483
89490 -419483
89520 -419483
89550 -419483
89580 -419483
89610 -419483
89640 -419483
89670 -419483
89700 -419483
89730 -419465
89760 -419465
89790 -419454
89820 -419454
89850 -419454
89880 -419454
89910 -419454
89940 -419454
89970 -419454
90000 -419450
90030 -419441
90060 -419441
90090 -419441
90120 -419435
90150 -419419
90180 -419412
90210 -419412
90240 -419412
90270 -419412
90300 -419411
90330 -419411
90360 -419411
90390 -419411
90420 -419388
90450 -419374
90480 -419374
90510 -419369
90540 -419369
90570 -419369
90600 -419369
90630 -419364
90660 -419361
90690 -419361
90720 -419360
90750 -419360
90780 -419360
90810 -419354
90840 -419354
90870 -419354
90900 -419354
90930 -419353
90960 -419353
90990 -419353
91020 -419353
91050 -419353
91080 -419309
91110 -419302
91140 -419302
91170 -419302
91200 -419302
91230 -419302
91260 -419302
91290 -419302
91320 -419302
91350 -419302
91380 -419302
91410 -419302
91440 -419302
91470 -419302
91500 -419302
91530 -419288
91560 -419286
91590 -419286
91620 -419286
91650 -419286
91680 -419284
91710 -419284
91740 -419284
91770 -419284
91800 -419281
91830 -419281
91860 -419281
91890 -419279
91920 -419278
91950 -419278
91980 -419278
92010 -419278
92040 -419278
92070 -419278
92100 -419268
92130 -419268
92160 -419264
92190 -419264
92220 -419264
92250 -419263
92280 -419256
92310 -419256
92340 -419256
92370 -419256
92400 -419256
92430 -419256
92460 -419256
92490 -419256
92520 -419256
92550 -419256
92580 -419256
92610 -419256
92640 -419256
92670 -419256
92700 -419256
92730 -419256
92760 -419256
92790 -419256
92820 -419253
92850 -419253
92880 -419249
92910 -419249
92940 -419249
92970 -419249
93000 -419249
93030 -419249
93060 -419249
93090 -419249
93120 -419246
93150 -419246
93180 -419246
93210 -419246
93240 -419237
93270 -419209
93300 -419209
93330 -419209
93360 -419209
93390 -419208
93420 -419208
93450 -419208
93480 -419183
93510 -419183
93540 -419183
93570 -419183
93600 -419183
93630 -419183
93660 -419183
93690 -419183
93720 -419182
93750 -419182
93780 -419178
93810 -419178
93840 -419178
93870 -419166
93900 -419166
93930 -419166
93960 -419166
93990 -419166
94020 -419166
94050 -419166
94080 -419166
94110 -419166
94140 -419166
94170 -419166
94200 -419166
94230 -419166
94260 -419166
94290 -419166
94320 -419166
94350 -419166
94380 -419166
94410 -419166
94440 -419166
94470 -419166
94500 -419166
94530 -419165
94560 -419163
94590 -419163
94620 -419163
94650 -419163
94680 -419163
94710 -419163
94740 -419163
94770 -419163
94800 -419163
94830 -419163
94860 -419163
94890 -419162
94920 -419162
94950 -419162
94980 -419152
95010 -419152
95040 -419152
95070 -419152
95100 -419152
95130 -419152
95160 -419152
95190 -419152
95220 -419152
95250 -419152
95280 -419152
95310 -419151
95340 -419151
95370 -419151
95400 -419151
95430 -419151
95460 -419151
95490 -419151
95520 -419147
95550 -419145
95580 -419145
95610 -419145
95640 -419145
95670 -419145
95700 -419145
95730 -419145
95760 -419145
95790 -419145
95820 -419145
95850 -419145
95880 -419133
95910 -419126
95940 -419126
95970 -419126
96000 -419126
96030 -419126
96060 -419119
96090 -419119
96120 -419119
96150 -419117
96180 -419116
96210 -419116
96240 -419116
96270 -419116
96300 -419116
96330 -419116
96360 -419116
96390 -419116
96420 -419116
96450 -419116
96480 -419116
96510 -419116
96540 -419116
96570 -419116
96600 -419113
96630 -419097
96660 -419097
96690 -419097
96720 -419097
96750 -419097
96780 -419097
96810 -419097
96840 -419097
96870 -419097
96900 -419097
96930 -419097
96960 -419097
96990 -419093
97020 -419093
97050 -419093
97080 -419093
97110 -419093
97140 -419093
97170 -419093
97200 -419091
97230 -419091
97260 -419091
97290 -419088
97320 -419088
97350 -419088
97380 -419088
97410 -419088
97440 -419088
97470 -419088
97500 -419088
97530 -419088
97560 -419088
97590 -419070
97620 -419070
97650 -419070
97680 -419060
97710 -419060
97740 -419060
97770 -419060
97800 -419056
97830 -419056
97860 -419054
97890 -419054
97920 -419054
97950 -419054
97980 -419054
98010 -419054
98040 -419054
98070 -419054
98100 -419054
98130 -419054
98160 -419054
98190 -419054
98220 -419052
98250 -419052
98280 -419052
98310 -419052
98340 -419043
98370 -419043
98400 -419043
98430 -419043
98460 -419028
98490 -419028
98520 -419028
98550 -419028
98580 -419028
98610 -419028
98640 -419028
98670 -419028
98700 -419028
98730 -419028
98760 -419028
98790 -419026
98820 -419026
98850 -419026
98880 -419026
98910 -419026
98940 -419026
98970 -419026
99000 -419026
99030 -419023
99060 -419023
99090 -419023
99120 -419023
99150 -418985
99180 -418981
99210 -418981
99240 -418981
99270 -418981
99300 -418981
99330 -418981
99360 -418981
99390 -418981
99420 -418981
99450 -418981
99480 -418981
99510 -418981
99540 -418981
99570 -418969
99600 -418969
99630 -418969
99660 -418957
99690 -418934
99720 -418934
99750 -418934
99780 -418934
99810 -418934
99840 -418934
99870 -418934
99900 -418934
99930 -418934
99960 -418934
99990 -418931
100020 -418931
100050 -418931
100080 -418931
100110 -418931
100140 -418929
100170 -418929
100200 -418929
100230 -418929
100260 -418929
100290 -418922
100320 -418920
100350 -418920
100380 -418920
100410 -418916
100440 -418915
100470 -418915
100500 -418915
100530 -418909
100560 -418909
100590 -418909
100620 -418909
100650 -418909
100680 -418909
100710 -418909
100740 -418909
100770 -418909
100800 -418909
100830 -418909
100860 -418909
100890 -418909
100920 -418909
100950 -418909
100980 -418909
101010 -418909
101040 -418909
101070 -418909
101100 -418909
101130 -418909
101160 -418909
101190 -418909
101220 -418909
101250 -418909
101280 -418909
101310 -418909
101340 -418909
101370 -418909
101400 -418909
101430 -418867
101460 -418858
101490 -418858
101520 -418857
101550 -418857
101580 -418857
101610 -418857
101640 -418857
101670 -418857
101700 -418857
101730 -418857
101760 -418857
101790 -418835
101820 -418835
101850 -418835
101880 -418835
101910 -418835
101940 -418835
101970 -418787
102000 -418787
102030 -418783
102060 -418783
102090 -418783
102120 -418783
102150 -418756
102180 -418756
102210 -418756
102240 -418756
102270 -418756
102300 -418730
102330 -418730
102360 -418730
102390 -418730
102420 -418730
102450 -418730
102480 -418730
102510 -418730
102540 -418701
102570 -418701
102600 -418701
102630 -418701
102660 -418701
102690 -418701
102720 -418701
102750 -418701
102780 -418701
102810 -418701
102840 -418701
102870 -418701
102900 -418701
102930 -418701
102960 -418701
102990 -418701
103020 -418701
103050 -418701
103080 -418701
103110 -418701
103140 -418701
103170 -418701
103200 -418692
103230 -418681
103260 -418681
103290 -418681
103320 -418679
103350 -418674
103380 -418674
103410 -418674
103440 -418674
103470 -418674
103500 -418674
103530 -418674
103560 -418670
103590 -418669
103620 -418669
103650 -418669
103680 -418669
103710 -418669
103740 -418668
103770 -418668
103800 -418668
103830 -418668
103860 -418666
103890 -418666
103920 -418666
103950 -418666
103980 -418656
104010 -418656
104040 -418656
104070 -418656
104100 -418654
104130 -418654
104160 -418654
104190 -418654
104220 -418654
104250 -418598
104280 -418598
104310 -418588
104340 -418588
104370 -418588
104400 -418588
104430 -418588
104460 -418588
104490 -418588
104520 -418588
104550 -418588
104580 -418588
104610 -418575
104640 -418575
104670 -418575
104700 -418574
104730 -418574
104760 -418574
104790 -418573
104820 -418573
104850 -418573
104880 -418573
104910 -418573
104940 -418573
104970 -418573
105000 -418573
105030 -418573
105060 -418573
105090 -418573
105120 -418573
105150 -418573
105180 -418573
105210 -418569
105240 -418569
105270 -418569
105300 -418534
105330 -418506
105360 -418506
105390 -418506
105420 -418506
105450 -418506
105480 -418506
105510 -418506
105540 -418506
105570 -418506
105600 -418506
105630 -418506
105660 -418506
105690 -418506
105720 -418506
105750 -418506
105780 -418496
105810 -418496
105840 -418496
105870 -418496
105900 -418496
105930 -418490
105960 -418490
105990 -418490
106020 -418489
106050 -418489
106080 -418489
106110 -418489
106140 -418489
106170 -418489
106200 -418489
106230 -418489
106260 -418488
106290 -418488
106320 -418488
106350 -418488
106380 -418485
106410 -418485
106440 -418485
106470 -418449
106500 -418449
106530 -418449
106560 -418449
106590 -418449
106620 -418449
106650 -418449
106680 -418449
106710 -418449
106740 -418449
106770 -418449
106800 -418449
106830 -418449
106860 -418449
106890 -418444
106920 -418444
106950 -418444
106980 -418439
107010 -418439
107040 -418439
107070 -418439
107100 -418437
107130 -418399
107160 -418393
107190 -418393
107220 -418393
107250 -418393
107280 -418393
107310 -418393
107340 -418383
107370 -418383
107400 -418383
107430 -418379
107460 -418379
107490 -418379
107520 -418370
107550 -418359
107580 -418359
107610 -418359
107640 -418359
107670 -418359
107700 -418359
107730 -418359
107760 -418317
107790 -418317
107820 -418317
107850 -418317
107880 -418317
107910 -418317
107940 -418317
107970 -418317
108000 -418317
108030 -418262
108060 -418262
108090 -418262
108120 -418262
108150 -418262
108180 -418262
108210 -418262
108240 -418262
108270 -418262
108300 -418262
108330 -418262
108360 -418261
108390 -418246
108420 -418240
108450 -418240
108480 -418240
108510 -418240
108540 -418240
108570 -418240
108600 -418240
108630 -418240
108660 -418240
108690 -418233
108720 -418233
108750 -418233
108780 -418233
108810 -418220
108840 -418220
108870 -418220
108900 -418220
108930 -418217
108960 -418217
108990 -418217
109020 -418217
109050 -418217
109080 -418217
109110 -418217
109140 -418217
109170 -418217
109200 -418217
109230 -418217
109260 -418217
109290 -418217
109320 -418217
109350 -418217
109380 -418215
109410 -418215
109440 -418215
109470 -418215
109500 -418211
109530 -418211
109560 -418211
109590 -418207
109620 -418207
109650 -418207
109680 -418207
109710 -418207
109740 -418207
109770 -418207
109800 -418207
109830 -418207
109860 -418207
109890 -418207
109920 -418207
109950 -418207
109980 -418206
110010 -418206
110040 -418203
110070 -418203
110100 -418203
110130 -418203
110160 -418203
110190 -418203
110220 -418203
110250 -418203
110280 -418203
110310 -418203
110340 -418199
110370 -418199
110400 -418199
110430 -418199
110460 -418199
110490 -418194
110520 -418194
110550 -418194
110580 -418194
110610 -418194
110640 -418194
110670 -418194
110700 -418194
110730 -418194
110760 -418194
110790 -418166
110820 -418166
110850 -418166
110880 -418166
110910 -418160
110940 -418160
110970 -418160
111000 -418160
111030 -418160
111060 -418160
111090 -418160
111120 -418159
111150 -418159
111180 -418159
111210 -418159
111240 -418159
111270 -418159
111300 -418159
111330 -418159
111360 -418159
111390 -418159
111420 -418154
111450 -418154
111480 -418154
111510 -418154
111540 -418154
111570 -418154
111600 -418154
111630 -418154
111660 -418154
111690 -418154
111720 -418154
111750 -418154
111780 -418154
111810 -418154
111840 -418154
111870 -418154
111900 -418154
111930 -418151
111960 -418151
111990 -418151
112020 -418151
112050 -418151
112080 -418151
112110 -418151
112140 -418151
112170 -418151
112200 -418151
112230 -418151
112260 -418151
112290 -418151
112320 -418150
112350 -418141
112380 -418128
112410 -418128
112440 -418128
112470 -418128
112500 -418127
112530 -418127
112560 -418127
112590 -418127
112620 -418127
112650 -418127
112680 -418127
112710 -418126
112740 -418126
112770 -418126
112800 -418116
112830 -418116
112860 -418116
112890 -418116
112920 -418116
112950 -418116
112980 -418116
113010 -418116
113040 -418116
113070 -418116
113100 -418116
113130 -418116
113160 -418116
113190 -418116
113220 -418116
113250 -418116
113280 -418116
113310 -418116
113340 -418116
113370 -418115
113400 -418112
113430 -418112
113460 -418112
113490 -418111
113520 -418111
113550 -418111
113580 -418111
113610 -418111
113640 -418111
113670 -418111
113700 -418111
113730 -418111
113760 -418111
113790 -418111
113820 -418111
113850 -418096
113880 -418096
113910 -418090
113940 -418089
113970 -418089
114000 -418089
114030 -418089
114060 -418089
114090 -418089
114120 -418089
114150 -418089
114180 -418089
114210 -418089
114240 -418089
114270 -418089
114300 -418089
114330 -418089
114360 -418089
114390 -418089
114420 -418089
114450 -418089
114480 -418089
114510 -418089
114540 -418089
114570 -418089
114600 -418089
114630 -418089
114660 -418089
114690 -418089
114720 -418089
114750 -418089
114780 -418089
114810 -418089
114840 -418089
114870 -418089
114900 -418083
114930 -418083
114960 -418082
114990 -418082
115020 -418082
115050 -418082
115080 -418082
115110 -418082
115140 -418082
115170 -418082
115200 -418082
115230 -418082
115260 -418082
115290 -418082
115320 -418082
115350 -418082
115380 -418082
115410 -418082
115440 -418082
115470 -418082
115500 -418082
115530 -418082
115560 -418082
115590 -418082
115620 -418082
115650 -418082
115680 -418082
115710 -418078
115740 -418078
115770 -418078
115800 -418078
115830 -418078
115860 -418077
115890 -418077
115920 -418077
115950 -418076
115980 -418076
116010 -418076
116040 -418076
116070 -418076
116100 -418076
116130 -418076
116160 -418076
116190 -418076
116220 -418076
116250 -418075
116280 -418075
116310 -418075
116340 -418075
116370 -418075
116400 -418075
116430 -418075
116460 -418075
116490 -418075
116520 -418075
116550 -418075
116580 -418075
116610 -418075
116640 -418075
116670 -418075
116700 -418075
116730 -418075
116760 -418075
116790 -418075
116820 -418075
116850 -418075
116880 -418064
116910 -418064
116940 -418048
116970 -418048
117000 -418048
117030 -418048
117060 -418048
117090 -418048
117120 -418048
117150 -418048
117180 -418048
117210 -418047
117240 -418047
117270 -418047
117300 -418047
117330 -418047
117360 -418047
117390 -418047
117420 -418047
117450 -418047
117480 -418047
117510 -418047
117540 -418047
117570 -418025
117600 -418018
117630 -418018
117660 -418011
117690 -418011
117720 -418011
117750 -418011
117780 -418011
117810 -418011
117840 -418011
117870 -418011
117900 -418011
117930 -418011
117960 -418000
117990 -418000
118020 -418000
118050 -418000
118080 -418000
118110 -418000
118140 -417995
118170 -417995
118200 -417995
118230 -417995
118260 -417995
118290 -417995
118320 -417995
118350 -417995
118380 -417995
118410 -417995
118440 -417995
118470 -417994
118500 -417994
118530 -417972
118560 -417972
118590 -417972
118620 -417972
118650 -417972
118680 -417972
118710 -417972
118740 -417972
118770 -417972
118800 -417969
118830 -417969
118860 -417969
118890 -417969
118920 -417964
118950 -417964
118980 -417964
119010 -417964
119040 -417964
119070 -417964
119100 -417964
119130 -417952
119160 -417951
119190 -417951
119220 -417951
119250 -417947
119280 -417947
119310 -417947
119340 -417947
119370 -417947
119400 -417947
119430 -417947
119460 -417947
119490 -417947
119520 -417947
119550 -417947
119580 -417939
119610 -417933
119640 -417933
119670 -417933
119700 -417933
119730 -417929
119760 -417907
119790 -417907
119820 -417907
119850 -417907
119880 -417907
119910 -417907
119940 -417907
119970 -417907
120000 -417907
120030 -417907
120060 -417907
120090 -417907
120120 -417907
120150 -417907
120180 -417907
120210 -417907
120240 -417907
120270 -417907
120300 -417907
120330 -417907
120360 -417906
120390 -417886
120420 -417877
120450 -417877
120480 -417877
120510 -417877
120540 -417875
120570 -417875
120600 -417875
120630 -417875
120660 -417875
120690 -417875
120720 -417875
120750 -417875
120780 -417875
120810 -417875
120840 -417875
120870 -417870
120900 -417870
120930 -417870
120960 -417870
120990 -417870
121020 -417870
121050 -417870
121080 -417870
121110 -417870
121140 -417870
121170 -417870
121200 -417865
121230 -417865
121260 -417865
121290 -417865
121320 -417865
121350 -417865
121380 -417865
121410 -417855
121440 -417855
121470 -417847
121500 -417847
121530 -417847
121560 -417847
121590 -417847
121620 -417847
121650 -417847
121680 -417847
121710 -417847
121740 -417847
121770 -417847
121800 -417847
121830 -417847
121860 -417847
121890 -417847
121920 -417847
121950 -417847
121980 -417847
122010 -417847
122040 -417847
122070 -417847
122100 -417847
122130 -417847
122160 -417820
122190 -417820
122220 -417820
122250 -417820
122280 -417820
122310 -417820
122340 -417820
122370 -417820
122400 -417820
122430 -417820
122460 -417820
122490 -417820
122520 -417820
122550 -417820
122580 -417820
122610 -417820
122640 -417820
122670 -417820
122700 -417820
122730 -417820
122760 -417817
122790 -417817
122820 -417817
122850 -417817
122880 -417817
122910 -417816
122940 -417816
122970 -417816
123000 -417816
123030 -417816
123060 -417816
123090 -417816
123120 -417816
123150 -417816
123180 -417816
123210 -417816
123240 -417816
123270 -417815
123300 -417815
123330 -417815
123360 -417778
123390 -417778
123420 -417778
123450 -417778
123480 -417778
123510 -417778
123540 -417764
123570 -417756
123600 -417756
123630 -417756
123660 -417756
123690 -417756
123720 -417755
123750 -417755
123780 -417754
123810 -417754
123840 -417754
123870 -417754
123900 -417754
123930 -417754
123960 -417754
123990 -417754
124020 -417747
124050 -417747
124080 -417747
124110 -417747
124140 -417747
124170 -417747
124200 -417739
124230 -417739
124260 -417735
124290 -417735
124320 -417735
124350 -417734
124380 -417734
124410 -417734
124440 -417734
124470 -417734
124500 -417725
124530 -417725
124560 -417725
124590 -417725
124620 -417725
124650 -417725
124680 -417725
124710 -417725
124740 -417725
124770 -417725
124800 -417725
124830 -417725
124860 -417725
124890 -417725
124920 -417725
124950 -417725
124980 -417725
125010 -417725
125040 -417725
125070 -417725
125100 -417725
125130 -417725
125160 -417725
125190 -417725
125220 -417725
125250 -417725
125280 -417725
125310 -417725
125340 -417725
125370 -417725
125400 -417725
125430 -417725
125460 -417725
125490 -417725
125520 -417725
125550 -417725
125580 -417725
125610 -417725
125640 -417725
125670 -417723
125700 -417723
125730 -417723
125760 -417723
125790 -417723
125820 -417723
125850 -417723
125880 -417709
125910 -417709
125940 -417709
125970 -417709
126000 -417709
126030 -417709
126060 -417709
126090 -417709
126120 -417708
126150 -417708
126180 -417708
126210 -417708
126240 -417708
126270 -417708
126300 -417708
126330 -417708
126360 -417708
126390 -417703
126420 -417703
126450 -417703
126480 -417703
126510 -417703
126540 -417703
126570 -417703
126600 -417703
126630 -417703
126660 -417703
126690 -417703
126720 -417703
126750 -417703
126780 -417703
126810 -417703
126840 -417703
126870 -417703
126900 -417703
126930 -417703
126960 -417703
126990 -417703
127020 -417698
127050 -417698
127080 -417698
127110 -417698
127140 -417698
127170 -417698
127200 -417698
127230 -417698
127260 -417698
127290 -417696
127320 -417696
127350 -417696
127380 -417696
127410 -417696
127440 -417696
127470 -417696
127500 -417696
127530 -417696
127560 -417696
127590 -417696
127620 -417696
127650 -417696
127680 -417696
127710 -417696
127740 -417696
127770 -417696
127800 -417696
127830 -417696
127860 -417696
127890 -417696
127920 -417696
127950 -417696
127980 -417696
128010 -417696
128040 -417696
128070 -417687
128100 -417659
128130 -417659
128160 -417659
128190 -417659
128220 -417659
128250 -417659
128280 -417659
128310 -417659
128340 -417659
128370 -417659
128400 -417659
128430 -417659
128460 -417659
128490 -417659
128520 -417659
128550 -417656
128580 -417656
128610 -417656
128640 -417656
128670 -417656
128700 -417656
128730 -417656
128760 -417656
128790 -417656
128820 -417656
128850 -417656
128880 -417656
128910 -417656
128940 -417656
128970 -417656
129000 -417656
129030 -417656
129060 -417656
129090 -417656
129120 -417650
129150 -417650
129180 -417650
129210 -417650
129240 -417650
129270 -417650
129300 -417650
129330 -417650
129360 -417643
129390 -417629
129420 -417626
129450 -417626
129480 -417626
129510 -417626
129540 -417626
129570 -417626
129600 -417626
129630 -417626
129660 -417626
129690 -417626
129720 -417626
129750 -417626
129780 -417626
129810 -417626
129840 -417626
129870 -417626
129900 -417617
129930 -417617
129960 -417617
129990 -417617
130020 -417617
130050 -417617
130080 -417617
130110 -417617
130140 -417617
130170 -417617
130200 -417617
130230 -417612
130260 -417612
130290 -417612
130320 -417612
130350 -417612
130380 -417612
130410 -417612
130440 -417612
130470 -417605
130500 -417605
130530 -417605
130560 -417605
130590 -417605
130620 -417605
130650 -417605
130680 -417605
130710 -417605
130740 -417605
130770 -417605
130800 -417600
130830 -417600
130860 -417600
130890 -417600
130920 -417600
130950 -417599
130980 -417599
131010 -417599
131040 -417599
131070 -417599
131100 -417599
131130 -417597
131160 -417597
131190 -417597
131220 -417597
131250 -417596
131280 -417590
131310 -417590
131340 -417590
131370 -417588
131400 -417588
131430 -417588
131460 -417588
131490 -417588
131520 -417588
131550 -417588
131580 -417588
131610 -417542
131640 -417542
131670 -417542
131700 -417542
131730 -417542
131760 -417542
131790 -417542
131820 -417540
131850 -417540
131880 -417524
131910 -417524
131940 -417518
131970 -417515
132000 -417508
132030 -417508
132060 -417508
132090 -417508
132120 -417508
132150 -417508
132180 -417508
132210 -417508
132240 -417508
132270 -417508
132300 -417508
132330 -417508
132360 -417508
132390 -417508
132420 -417498
132450 -417498
132480 -417498
132510 -417498
132540 -417483
132570 -417483
132600 -417483
132630 -417483
132660 -417483
132690 -417483
132720 -417483
132750 -417483
132780 -417480
132810 -417480
132840 -417480
132870 -417480
132900 -417480
132930 -417480
132960 -417480
132990 -417480
133020 -417480
133050 -417478
133080 -417478
133110 -417478
133140 -417469
133170 -417469
133200 -417469
133230 -417469
133260 -417469
133290 -417466
133320 -417466
133350 -417466
133380 -417466
133410 -417466
133440 -417466
133470 -417466
133500 -417466
133530 -417466
133560 -417464
133590 -417464
133620 -417464
133650 -417464
133680 -417464
133710 -417464
133740 -417464
133770 -417464
133800 -417464
133830 -417464
133860 -417463
133890 -417463
133920 -417463
133950 -417463
133980 -417458
134010 -417458
134040 -417406
134070 -417406
134100 -417402
134130 -417400
134160 -417400
134190 -417400
134220 -417400
134250 -417368
134280 -417368
134310 -417368
134340 -417368
134370 -417368
134400 -417368
134430 -417368
134460 -417368
134490 -417368
134520 -417368
134550 -417368
134580 -417368
134610 -417368
134640 -417368
134670 -417368
134700 -417365
134730 -417365
134760 -417345
134790 -417345
134820 -417345
134850 -417345
134880 -417345
134910 -417345
134940 -417344
134970 -417342
135000 -417342
135030 -417342
135060 -417342
135090 -417342
135120 -417342
135150 -417342
135180 -417342
135210 -417340
135240 -417340
135270 -417340
135300 -417340
135330 -417340
135360 -417340
135390 -417340
135420 -417340
135450 -417340
135480 -417340
135510 -417340
135540 -417340
135570 -417334
135600 -417334
135630 -417334
135660 -417334
135690 -417334
135720 -417334
135750 -417334
135780 -417334
135810 -417334
135840 -417332
135870 -417332
135900 -417332
135930 -417332
135960 -417332
135990 -417330
136020 -417330
136050 -417330
136080 -417330
136110 -417330
136140 -417330
136170 -417330
136200 -417330
136230 -417327
136260 -417327
136290 -417327
136320 -417327
136350 -417327
136380 -417327
136410 -417319
136440 -417319
136470 -417319
136500 -417319
136530 -417318
136560 -417318
136590 -417315
136620 -417315
136650 -417314
