60 -478982
90 -477436
120 -476475
150 -475999
180 -474536
210 -473769
240 -473206
270 -472610
300 -471278
330 -470619
360 -469681
390 -469332
420 -468986
450 -468581
480 -467987
510 -467350
540 -467048
570 -466755
600 -466390
630 -466086
660 -465740
690 -465520
720 -465398
750 -465072
780 -465041
810 -464024
840 -463955
870 -463698
900 -463165
930 -463117
960 -462881
990 -462668
1020 -462393
1050 -462172
1080 -461594
1110 -461282
1140 -461167
1170 -461074
1200 -461044
1230 -460818
1260 -460582
1290 -460370
1320 -460260
1350 -460054
1380 -460035
1410 -459950
1440 -459874
1470 -459768
1500 -459666
1530 -459483
1560 -459308
1590 -459191
1620 -458992
1650 -458935
1680 -458497
1710 -458368
1740 -458272
1770 -458076
1800 -458037
1830 -457911
1860 -457633
1890 -457553
1920 -457500
1950 -457378
1980 -457223
2010 -457222
2040 -457156
2070 -457134
2100 -456849
2130 -456812
2160 -456758
2190 -456679
2220 -456527
2250 -456443
2280 -456345
2310 -456332
2340 -456281
2370 -456124
2400 -455997
2430 -455981
2460 -455973
2490 -455813
2520 -455753
2550 -455728
2580 -455712
2610 -455613
2640 -455531
2670 -455447
2700 -455348
2730 -455256
2760 -455079
2790 -454966
2820 -454888
2850 -454861
2880 -454856
2910 -454717
2940 -454717
2970 -454596
3000 -454429
3030 -454401
3060 -454357
3090 -454260
3120 -454121
3150 -454023
3180 -453980
3210 -453970
3240 -453908
3270 -453888
3300 -453816
3330 -453784
3360 -453674
3390 -453605
3420 -453391
3450 -453320
3480 -453273
3510 -453187
3540 -453115
3570 -452967
3600 -452900
3630 -452840
3660 -452574
3690 -452264
3720 -452240
3750 -452226
3780 -451972
3810 -451972
3840 -451818
3870 -451811
3900 -451705
3930 -451694
3960 -451654
3990 -451453
4020 -451453
4050 -451329
4080 -451244
4110 -451200
4140 -451072
4170 -451041
4200 -451041
4230 -451006
4260 -450988
4290 -450852
4320 -450794
4350 -450767
4380 -450735
4410 -450714
4440 -450649
4470 -450619
4500 -450619
4530 -450524
4560 -450482
4590 -450350
4620 -450314
4650 -450314
4680 -450238
4710 -449945
4740 -449896
4770 -449883
4800 -449800
4830 -449759
4860 -449759
4890 -449733
4920 -449732
4950 -449713
4980 -449633
5010 -449631
5040 -449465
5070 -449425
5100 -449425
5130 -449392
5160 -449282
5190 -449218
5220 -449208
5250 -449156
5280 -449147
5310 -449107
5340 -449027
5370 -448956
5400 -448830
5430 -448830
5460 -448793
5490 -448773
5520 -448694
5550 -448648
5580 -448467
5610 -448463
5640 -448380
5670 -448355
5700 -448290
5730 -448286
5760 -448255
5790 -448225
5820 -448147
5850 -448085
5880 -448075
5910 -448075
5940 -448064
5970 -448064
6000 -448023
6030 -447983
6060 -447945
6090 -447924
6120 -447924
6150 -447910
6180 -447872
6210 -447872
6240 -447790
6270 -447790
6300 -447787
6330 -447736
6360 -447700
6390 -447686
6420 -447686
6450 -447626
6480 -447618
6510 -447609
6540 -447587
6570 -447583
6600 -447558
6630 -447541
6660 -447526
6690 -447515
6720 -447476
6750 -447476
6780 -447388
6810 -447365
6840 -447363
6870 -447337
6900 -447298
6930 -447263
6960 -447242
6990 -447104
7020 -447087
7050 -447042
7080 -447038
7110 -447037
7140 -447032
7170 -446901
7200 -446897
7230 -446762
7260 -446695
7290 -446610
7320 -446403
7350 -446382
7380 -446382
7410 -446374
7440 -446347
7470 -446347
7500 -446346
7530 -446346
7560 -446325
7590 -446308
7620 -446308
7650 -446308
7680 -446287
7710 -446278
7740 -446277
7770 -446242
7800 -446228
7830 -446228
7860 -446226
7890 -446195
7920 -446188
7950 -446154
7980 -446144
8010 -446062
8040 -446060
8070 -446060
8100 -446039
8130 -446017
8160 -446011
8190 -445955
8220 -445943
8250 -445750
8280 -445686
8310 -445681
8340 -445659
8370 -445633
8400 -445546
8430 -445532
8460 -445509
8490 -445483
8520 -445426
8550 -445410
8580 -445399
8610 -445367
8640 -445354
8670 -445346
8700 -445346
8730 -445345
8760 -445344
8790 -445256
8820 -445256
8850 -445255
8880 -445232
8910 -445109
8940 -445108
8970 -445084
9000 -445078
9030 -445078
9060 -445072
9090 -444851
9120 -444843
9150 -444834
9180 -444833
9210 -444833
9240 -444822
9270 -444822
9300 -444817
9330 -444803
9360 -444797
9390 -444787
9420 -444778
9450 -444778
9480 -444689
9510 -444636
9540 -444631
9570 -444631
9600 -444621
9630 -444592
9660 -444581
9690 -444581
9720 -444559
9750 -444553
9780 -444512
9810 -444504
9840 -444471
9870 -444471
9900 -444404
9930 -444383
9960 -444372
9990 -444364
10020 -444265
10050 -444265
10080 -444265
10110 -444256
10140 -444138
10170 -444131
10200 -444119
10230 -444119
10260 -444112
10290 -444082
10320 -444037
10350 -444018
10380 -444013
10410 -443983
10440 -443958
10470 -443958
10500 -443868
10530 -443854
10560 -443849
10590 -443849
10620 -443847
10650 -443847
10680 -443834
10710 -443766
10740 -443765
10770 -443765
10800 -443756
10830 -443692
10860 -443692
10890 -443629
10920 -443582
10950 -443569
10980 -443547
11010 -443527
11040 -443507
11070 -443462
11100 -443462
11130 -443364
11160 -443364
11190 -443361
11220 -443361
11250 -443328
11280 -443321
11310 -443302
11340 -443259
11370 -443259
11400 -443245
11430 -443245
11460 -443245
11490 -443238
11520 -443160
11550 -443115
11580 -443076
11610 -443064
11640 -443062
11670 -443061
11700 -443003
11730 -443003
11760 -443000
11790 -442986
11820 -442986
11850 -442902
11880 -442902
11910 -442781
11940 -442764
11970 -442762
12000 -442673
12030 -442628
12060 -442555
12090 -442553
12120 -442534
12150 -442516
12180 -442513
12210 -442513
12240 -442483
12270 -442469
12300 -442433
12330 -442392
12360 -442392
12390 -442298
12420 -442286
12450 -442272
12480 -442262
12510 -442262
12540 -442177
12570 -442127
12600 -442072
12630 -442072
12660 -442037
12690 -442032
12720 -442031
12750 -441997
12780 -441990
12810 -441959
12840 -441951
12870 -441949
12900 -441939
12930 -441926
12960 -441926
12990 -441912
13020 -441904
13050 -441877
13080 -441877
13110 -441872
13140 -441862
13170 -441854
13200 -441849
13230 -441846
13260 -441846
13290 -441846
13320 -441822
13350 -441816
13380 -441816
13410 -441804
13440 -441804
13470 -441794
13500 -441794
13530 -441755
13560 -441667
13590 -441665
13620 -441631
13650 -441625
13680 -441613
13710 -441539
13740 -441534
13770 -441488
13800 -441487
13830 -441449
13860 -441440
13890 -441420
13920 -441405
13950 -441405
13980 -441373
14010 -441369
14040 -441369
14070 -441364
14100 -441326
14130 -441326
14160 -441325
14190 -441313
14220 -441308
14250 -441293
14280 -441255
14310 -441255
14340 -441255
14370 -441144
14400 -441121
14430 -441109
14460 -441101
14490 -441101
14520 -441101
14550 -441034
14580 -441029
14610 -441010
14640 -441006
14670 -441003
14700 -440998
14730 -440964
14760 -440964
14790 -440958
14820 -440949
14850 -440883
14880 -440883
14910 -440857
14940 -440857
14970 -440857
15000 -440828
15030 -440828
15060 -440826
15090 -440826
15120 -440826
15150 -440806
15180 -440790
15210 -440764
15240 -440670
15270 -440660
15300 -440660
15330 -440642
15360 -440630
15390 -440630
15420 -440630
15450 -440630
15480 -440618
15510 -440607
15540 -440506
15570 -440506
15600 -440506
15630 -440506
15660 -440502
15690 -440475
15720 -440475
15750 -440434
15780 -440397
15810 -440374
15840 -440374
15870 -440364
15900 -440343
15930 -440340
15960 -440340
15990 -440282
16020 -440279
16050 -440279
16080 -440279
16110 -440265
16140 -440253
16170 -440225
16200 -440225
16230 -440224
16260 -440221
16290 -440219
16320 -440219
16350 -440200
16380 -440200
16410 -440200
16440 -440196
16470 -440196
16500 -440196
16530 -440196
16560 -440178
16590 -440172
16620 -440135
16650 -440087
16680 -440087
16710 -440072
16740 -440043
16770 -440009
16800 -439912
16830 -439911
16860 -439889
16890 -439835
16920 -439834
16950 -439774
16980 -439774
17010 -439774
17040 -439774
17070 -439766
17100 -439731
17130 -439728
17160 -439728
17190 -439713
17220 -439713
17250 -439713
17280 -439713
17310 -439709
17340 -439709
17370 -439701
17400 -439692
17430 -439692
17460 -439684
17490 -439656
17520 -439647
17550 -439609
17580 -439609
17610 -439594
17640 -439578
17670 -439577
17700 -439572
17730 -439572
17760 -439572
17790 -439572
17820 -439546
17850 -439542
17880 -439542
17910 -439490
17940 -439480
17970 -439473
18000 -439473
18030 -439473
18060 -439473
18090 -439413
18120 -439412
18150 -439412
18180 -439412
18210 -439400
18240 -439392
18270 -439392
18300 -439387
18330 -439387
18360 -439372
18390 -439372
18420 -439309
18450 -439309
18480 -439309
18510 -439309
18540 -439309
18570 -439290
18600 -439257
18630 -439257
18660 -439230
18690 -439214
18720 -439211
18750 -439201
18780 -439201
18810 -439197
18840 -439197
18870 -439187
18900 -439180
18930 -439180
18960 -439180
18990 -439174
19020 -439174
19050 -439173
19080 -439113
19110 -439113
19140 -439094
19170 -439094
19200 -439094
19230 -439094
19260 -439094
19290 -439051
19320 -439046
19350 -439037
19380 -439037
19410 -439037
19440 -439024
19470 -439024
19500 -439024
19530 -439022
19560 -439022
19590 -439014
19620 -439014
19650 -439014
19680 -438994
19710 -438994
19740 -438993
19770 -438950
19800 -438950
19830 -438935
19860 -438931
19890 -438931
19920 -438924
19950 -438917
19980 -438908
20010 -438908
20040 -438908
20070 -438908
20100 -438896
20130 -438896
20160 -438883
20190 -438883
20220 -438864
20250 -438793
20280 -438763
20310 -438763
20340 -438763
20370 -438750
20400 -438737
20430 -438704
20460 -438704
20490 -438683
20520 -438683
20550 -438682
20580 -438682
20610 -438682
20640 -438682
20670 -438682
20700 -438682
20730 -438681
20760 -438681
20790 -438673
20820 -438673
20850 -438673
20880 -438672
20910 -438672
20940 -438672
20970 -438672
21000 -438668
21030 -438668
21060 -438667
21090 -438656
21120 -438648
21150 -438648
21180 -438648
21210 -438648
21240 -438648
21270 -438648
21300 -438648
21330 -438647
21360 -438627
21390 -438627
21420 -438627
21450 -438627
21480 -438622
21510 -438620
21540 -438620
21570 -438617
21600 -438577
21630 -438563
21660 -438552
21690 -438513
21720 -438493
21750 -438493
21780 -438490
21810 -438490
21840 -438490
21870 -438469
21900 -438462
21930 -438457
21960 -438457
21990 -438457
22020 -438426
22050 -438426
22080 -438422
22110 -438411
22140 -438411
22170 -438381
22200 -438378
22230 -438378
22260 -438375
22290 -438334
22320 -438334
22350 -438314
22380 -438304
22410 -438301
22440 -438301
22470 -438301
22500 -438252
22530 -438248
22560 -438203
22590 -438191
22620 -438191
22650 -438182
22680 -438022
22710 -438022
22740 -438022
22770 -438022
22800 -438012
22830 -438012
22860 -438012
22890 -437977
22920 -437945
22950 -437945
22980 -437922
23010 -437922
23040 -437916
23070 -437909
23100 -437890
23130 -437890
23160 -437888
23190 -437856
23220 -437856
23250 -437830
23280 -437830
23310 -437824
23340 -437806
23370 -437804
23400 -437804
23430 -437793
23460 -437771
23490 -437722
23520 -437703
23550 -437674
23580 -437626
23610 -437626
23640 -437604
23670 -437604
23700 -437598
23730 -437582
23760 -437582
23790 -437576
23820 -437554
23850 -437554
23880 -437483
23910 -437483
23940 -437483
23970 -437453
24000 -437453
24030 -437453
24060 -437438
24090 -437430
24120 -437430
24150 -437400
24180 -437373
24210 -437373
24240 -437373
24270 -437368
24300 -437364
24330 -437347
24360 -437347
24390 -437343
24420 -437343
24450 -437335
24480 -437331
24510 -437331
24540 -437320
24570 -437293
24600 -437289
24630 -437281
24660 -437258
24690 -437255
24720 -437255
24750 -437244
24780 -437244
24810 -437244
24840 -437244
24870 -437222
24900 -437218
24930 -437218
24960 -437193
24990 -437193
25020 -437193
25050 -437193
25080 -437193
25110 -437193
25140 -437192
25170 -437192
25200 -437192
25230 -437187
25260 -437186
25290 -437167
25320 -437132
25350 -437132
25380 -437111
25410 -437111
25440 -437107
25470 -437107
25500 -437107
25530 -437103
25560 -437103
25590 -437103
25620 -437093
25650 -437091
25680 -437091
25710 -437084
25740 -437084
25770 -437084
25800 -437084
25830 -437067
25860 -437065
25890 -437065
25920 -437065
25950 -437060
25980 -437043
26010 -437040
26040 -437040
26070 -437020
26100 -437020
26130 -436937
26160 -436937
26190 -436936
26220 -436936
26250 -436922
26280 -436922
26310 -436910
26340 -436910
26370 -436910
26400 -436910
26430 -436897
26460 -436891
26490 -436885
26520 -436885
26550 -436858
26580 -436858
26610 -436858
26640 -436858
26670 -436838
26700 -436821
26730 -436821
26760 -436821
26790 -436821
26820 -436814
26850 -436808
26880 -436803
26910 -436803
26940 -436784
26970 -436782
27000 -436729
27030 -436728
27060 -436724
27090 -436707
27120 -436700
27150 -436700
27180 -436700
27210 -436697
27240 -436697
27270 -436697
27300 -436697
27330 -436697
27360 -436692
27390 -436673
27420 -436671
27450 -436668
27480 -436668
27510 -436668
27540 -436668
27570 -436655
27600 -436655
27630 -436655
27660 -436655
27690 -436655
27720 -436631
27750 -436617
27780 -436573
27810 -436573
27840 -436573
27870 -436573
27900 -436573
27930 -436573
27960 -436573
27990 -436559
28020 -436553
28050 -436553
28080 -436534
28110 -436515
28140 -436505
28170 -436505
28200 -436505
28230 -436476
28260 -436476
28290 -436476
28320 -436476
28350 -436472
28380 -436472
28410 -436471
28440 -436471
28470 -436402
28500 -436394
28530 -436389
28560 -436375
28590 -436374
28620 -436367
28650 -436357
28680 -436355
28710 -436355
28740 -436355
28770 -436331
28800 -436327
28830 -436318
28860 -436318
28890 -436311
28920 -436310
28950 -436310
28980 -436304
29010 -436304
29040 -436304
29070 -436292
29100 -436292
29130 -436273
29160 -436273
29190 -436273
29220 -436224
29250 -436220
29280 -436220
29310 -436183
29340 -436172
29370 -436172
29400 -436154
29430 -436154
29460 -436117
29490 -436110
29520 -436110
29550 -436099
29580 -436099
29610 -436055
29640 -436055
29670 -436055
29700 -436055
29730 -436055
29760 -436049
29790 -436049
29820 -436038
29850 -436034
29880 -436034
29910 -436014
29940 -436014
29970 -436014
30000 -436010
30030 -436010
30060 -435984
30090 -435961
30120 -435958
30150 -435958
30180 -435948
30210 -435924
30240 -435924
30270 -435924
30300 -435924
30330 -435891
30360 -435891
30390 -435891
30420 -435890
30450 -435881
30480 -435881
30510 -435881
30540 -435867
30570 -435856
30600 -435856
30630 -435856
30660 -435828
30690 -435828
30720 -435828
30750 -435828
30780 -435828
30810 -435828
30840 -435817
30870 -435817
30900 -435813
30930 -435813
30960 -435813
30990 -435813
31020 -435811
31050 -435793
31080 -435793
31110 -435786
31140 -435786
31170 -435786
31200 -435786
31230 -435772
31260 -435772
31290 -435763
31320 -435763
31350 -435753
31380 -435753
31410 -435753
31440 -435753
31470 -435743
31500 -435737
31530 -435736
31560 -435683
31590 -435645
31620 -435645
31650 -435632
31680 -435632
31710 -435632
31740 -435632
31770 -435632
31800 -435632
31830 -435632
31860 -435625
31890 -435625
31920 -435625
31950 -435625
31980 -435613
32010 -435589
32040 -435560
32070 -435560
32100 -435560
32130 -435560
32160 -435560
32190 -435560
32220 -435557
32250 -435557
32280 -435542
32310 -435542
32340 -435542
32370 -435526
32400 -435521
32430 -435521
32460 -435478
32490 -435462
32520 -435448
32550 -435433
32580 -435432
32610 -435432
32640 -435432
32670 -435431
32700 -435431
32730 -435397
32760 -435397
32790 -435397
32820 -435397
32850 -435397
32880 -435397
32910 -435397
32940 -435397
32970 -435394
33000 -435394
33030 -435365
33060 -435365
33090 -435365
33120 -435359
33150 -435359
33180 -435359
33210 -435320
33240 -435320
33270 -435320
33300 -435312
33330 -435308
33360 -435308
33390 -435308
33420 -435305
33450 -435298
33480 -435298
33510 -435287
33540 -435287
33570 -435287
33600 -435283
33630 -435282
33660 -435282
33690 -435282
33720 -435234
33750 -435234
33780 -435231
33810 -435214
33840 -435164
33870 -435164
33900 -435164
33930 -435153
33960 -435153
33990 -435153
34020 -435153
34050 -435153
34080 -435143
34110 -435143
34140 -435143
34170 -435143
34200 -435143
34230 -435134
34260 -435111
34290 -435111
34320 -435108
34350 -435084
34380 -435084
34410 -435084
34440 -435084
34470 -435084
34500 -435066
34530 -435066
34560 -435066
34590 -435055
34620 -435049
34650 -435047
34680 -435047
34710 -435031
34740 -435017
34770 -435009
34800 -435009
34830 -435003
34860 -435003
34890 -435003
34920 -435003
34950 -434985
34980 -434976
35010 -434944
35040 -434944
35070 -434944
35100 -434933
35130 -434933
35160 -434931
35190 -434907
35220 -434907
35250 -434907
35280 -434907
35310 -434907
35340 -434907
35370 -434907
35400 -434903
35430 -434898
35460 -434887
35490 -434887
35520 -434833
35550 -434832
35580 -434825
35610 -434825
35640 -434819
35670 -434819
35700 -434819
35730 -434819
35760 -434807
35790 -434807
35820 -434807
35850 -434807
35880 -434806
35910 -434806
35940 -434806
35970 -434806
36000 -434779
36030 -434766
36060 -434761
36090 -434748
36120 -434748
36150 -434746
36180 -434727
36210 -434727
36240 -434705
36270 -434705
36300 -434705
36330 -434705
36360 -434705
36390 -434684
36420 -434684
36450 -434684
36480 -434649
36510 -434645
36540 -434630
36570 -434620
36600 -434604
36630 -434604
36660 -434604
36690 -434600
36720 -434600
36750 -434566
36780 -434566
36810 -434566
36840 -434566
36870 -434566
36900 -434566
36930 -434563
36960 -434543
36990 -434543
37020 -434543
37050 -434542
37080 -434540
37110 -434540
37140 -434536
37170 -434536
37200 -434536
37230 -434531
37260 -434514
37290 -434514
37320 -434514
37350 -434514
37380 -434512
37410 -434512
37440 -434512
37470 -434512
37500 -434512
37530 -434512
37560 -434510
37590 -434510
37620 -434504
37650 -434504
37680 -434503
37710 -434503
37740 -434499
37770 -434499
37800 -434496
37830 -434495
37860 -434495
37890 -434488
37920 -434480
37950 -434480
37980 -434480
38010 -434480
38040 -434475
38070 -434468
38100 -434468
38130 -434468
38160 -434439
38190 -434405
38220 -434405
38250 -434405
38280 -434401
38310 -434401
38340 -434399
38370 -434399
38400 -434393
38430 -434381
38460 -434366
38490 -434355
38520 -434347
38550 -434341
38580 -434341
38610 -434341
38640 -434235
38670 -434231
38700 -434218
38730 -434218
38760 -434204
38790 -434204
38820 -434203
38850 -434203
38880 -434203
38910 -434203
38940 -434203
38970 -434203
39000 -434203
39030 -434190
39060 -434186
39090 -434164
39120 -434164
39150 -434159
39180 -434159
39210 -434159
39240 -434159
39270 -434143
39300 -434143
39330 -434142
39360 -434142
39390 -434142
39420 -434142
39450 -434142
39480 -434142
39510 -434142
39540 -434142
39570 -434138
39600 -434138
39630 -434138
39660 -434138
39690 -434138
39720 -434137
39750 -434137
39780 -434137
39810 -434132
39840 -434131
39870 -434131
39900 -434131
39930 -434121
39960 -434121
39990 -434121
40020 -434098
40050 -434098
40080 -434098
40110 -434098
40140 -434098
40170 -434098
40200 -434098
40230 -434098
40260 -434098
40290 -434095
40320 -434095
40350 -434095
40380 -434095
40410 -434086
40440 -434086
40470 -434086
40500 -434086
40530 -434086
40560 -434079
40590 -434079
40620 -434079
40650 -434079
40680 -434079
40710 -434079
40740 -434077
40770 -434077
40800 -434077
40830 -434077
40860 -434077
40890 -434053
40920 -434005
40950 -434005
40980 -434005
41010 -434005
41040 -434005
41070 -434004
41100 -433958
41130 -433954
41160 -433954
41190 -433948
41220 -433945
41250 -433939
41280 -433939
41310 -433939
41340 -433931
41370 -433931
41400 -433931
41430 -433931
41460 -433891
41490 -433891
41520 -433891
41550 -433891
41580 -433891
41610 -433885
41640 -433885
41670 -433885
41700 -433885
41730 -433878
41760 -433878
41790 -433878
41820 -433873
41850 -433873
41880 -433873
41910 -433873
41940 -433873
41970 -433866
42000 -433866
42030 -433866
42060 -433836
42090 -433836
42120 -433836
42150 -433829
42180 -433829
42210 -433828
42240 -433828
42270 -433828
42300 -433828
42330 -433828
42360 -433828
42390 -433828
42420 -433824
42450 -433824
42480 -433824
42510 -433824
42540 -433823
42570 -433818
42600 -433810
42630 -433809
42660 -433804
42690 -433799
42720 -433799
42750 -433799
42780 -433791
42810 -433791
42840 -433785
42870 -433785
42900 -433785
42930 -433785
42960 -433754
42990 -433754
43020 -433754
43050 -433753
43080 -433751
43110 -433751
43140 -433747
43170 -433747
43200 -433747
43230 -433747
43260 -433747
43290 -433740
43320 -433740
43350 -433740
43380 -433740
43410 -433738
43440 -433738
43470 -433738
43500 -433738
43530 -433738
43560 -433738
43590 -433738
43620 -433738
43650 -433738
43680 -433738
43710 -433738
43740 -433725
43770 -433725
43800 -433689
43830 -433689
43860 -433657
43890 -433655
43920 -433650
43950 -433597
43980 -433597
44010 -433597
44040 -433597
44070 -433597
44100 -433597
44130 -433597
44160 -433588
44190 -433588
44220 -433588
44250 -433588
44280 -433588
44310 -433588
44340 -433588
44370 -433588
44400 -433588
44430 -433588
44460 -433588
44490 -433588
44520 -433588
44550 -433588
44580 -433588
44610 -433583
44640 -433579
44670 -433579
44700 -433579
44730 -433579
44760 -433572
44790 -433572
44820 -433572
44850 -433572
44880 -433570
44910 -433522
44940 -433522
44970 -433522
45000 -433522
45030 -433507
45060 -433507
45090 -433497
45120 -433497
45150 -433497
45180 -433497
45210 -433490
45240 -433488
45270 -433488
45300 -433488
45330 -433488
45360 -433488
45390 -433481
45420 -433481
45450 -433453
45480 -433453
45510 -433453
45540 -433442
45570 -433442
45600 -433442
45630 -433442
45660 -433432
45690 -433426
45720 -433426
45750 -433425
45780 -433425
45810 -433424
45840 -433424
45870 -433424
45900 -433424
45930 -433424
45960 -433424
45990 -433424
46020 -433417
46050 -433417
46080 -433409
46110 -433409
46140 -433399
46170 -433399
46200 -433395
46230 -433395
46260 -433391
46290 -433391
46320 -433391
46350 -433391
46380 -433391
46410 -433357
46440 -433357
46470 -433357
46500 -433357
46530 -433357
46560 -433357
46590 -433346
46620 -433346
46650 -433336
46680 -433314
46710 -433314
46740 -433296
46770 -433288
46800 -433244
46830 -433244
46860 -433234
46890 -433234
46920 -433234
46950 -433195
46980 -433191
47010 -433183
47040 -433183
47070 -433183
47100 -433183
47130 -433183
47160 -433179
47190 -433179
47220 -433179
47250 -433148
47280 -433148
47310 -433148
47340 -433148
47370 -433139
47400 -433137
47430 -433137
47460 -433137
47490 -433137
47520 -433137
47550 -433137
47580 -433137
47610 -433137
47640 -433099
47670 -433097
47700 -433097
47730 -433093
47760 -433090
47790 -433080
47820 -433080
47850 -433070
47880 -433070
47910 -433070
47940 -433070
47970 -433058
48000 -433039
48030 -433039
48060 -433039
48090 -433028
48120 -433028
48150 -433028
48180 -433021
48210 -433020
48240 -433020
48270 -433017
48300 -433017
48330 -433017
48360 -433006
48390 -433006
48420 -432988
48450 -432988
48480 -432988
48510 -432988
48540 -432979
48570 -432979
48600 -432979
48630 -432969
48660 -432969
48690 -432969
48720 -432959
48750 -432959
48780 -432959
48810 -432959
48840 -432959
48870 -432959
48900 -432959
48930 -432958
48960 -432958
48990 -432958
49020 -432958
49050 -432958
49080 -432958
49110 -432958
49140 -432958
49170 -432958
49200 -432958
49230 -432958
49260 -432945
49290 -432945
49320 -432945
49350 -432945
49380 -432938
49410 -432938
49440 -432926
49470 -432926
49500 -432915
49530 -432915
49560 -432915
49590 -432915
49620 -432915
49650 -432913
49680 -432913
49710 -432913
49740 -432896
49770 -432896
49800 -432879
49830 -432879
49860 -432869
49890 -432869
49920 -432869
49950 -432869
49980 -432869
50010 -432869
50040 -432869
50070 -432869
50100 -432869
50130 -432869
50160 -432869
50190 -432869
50220 -432868
50250 -432868
50280 -432868
50310 -432865
50340 -432852
50370 -432852
50400 -432852
50430 -432850
50460 -432826
50490 -432826
50520 -432826
50550 -432792
50580 -432792
50610 -432786
50640 -432786
50670 -432771
50700 -432770
50730 -432766
50760 -432766
50790 -432766
50820 -432766
50850 -432766
50880 -432766
50910 -432766
50940 -432763
50970 -432763
51000 -432753
51030 -432753
51060 -432753
51090 -432753
51120 -432752
51150 -432752
51180 -432752
51210 -432752
51240 -432752
51270 -432752
51300 -432751
51330 -432747
51360 -432747
51390 -432747
51420 -432745
51450 -432741
51480 -432741
51510 -432741
51540 -432741
51570 -432734
51600 -432734
51630 -432733
51660 -432733
51690 -432733
51720 -432733
51750 -432732
51780 -432732
51810 -432732
51840 -432732
51870 -432730
51900 -432730
51930 -432730
51960 -432730
51990 -432730
52020 -432730
52050 -432730
52080 -432730
52110 -432730
52140 -432711
52170 -432711
52200 -432711
52230 -432711
52260 -432711
52290 -432710
52320 -432686
52350 -432686
52380 -432681
52410 -432677
52440 -432677
52470 -432677
52500 -432677
52530 -432677
52560 -432677
52590 -432677
52620 -432677
52650 -432677
52680 -432677
52710 -432677
52740 -432677
52770 -432677
52800 -432677
52830 -432672
52860 -432672
52890 -432672
52920 -432672
52950 -432661
52980 -432657
53010 -432657
53040 -432657
53070 -432656
53100 -432656
53130 -432656
53160 -432652
53190 -432652
53220 -432650
53250 -432650
53280 -432650
53310 -432650
53340 -432650
53370 -432648
53400 -432648
53430 -432648
53460 -432648
53490 -432648
53520 -432640
53550 -432640
53580 -432640
53610 -432640
53640 -432630
53670 -432630
53700 -432628
53730 -432625
53760 -432625
53790 -432625
53820 -432575
53850 -432572
53880 -432572
53910 -432572
53940 -432572
53970 -432555
54000 -432555
54030 -432555
54060 -432555
54090 -432555
54120 -432555
54150 -432555
54180 -432547
54210 -432546
54240 -432546
54270 -432546
54300 -432546
54330 -432546
54360 -432543
54390 -432542
54420 -432542
54450 -432525
54480 -432525
54510 -432520
54540 -432520
54570 -432520
54600 -432520
54630 -432520
54660 -432518
54690 -432518
54720 -432516
54750 -432516
54780 -432516
54810 -432516
54840 -432516
54870 -432516
54900 -432514
54930 -432514
54960 -432514
54990 -432514
55020 -432514
55050 -432514
55080 -432507
55110 -432507
55140 -432507
55170 -432506
55200 -432506
55230 -432506
55260 -432505
55290 -432505
55320 -432501
55350 -432501
55380 -432498
55410 -432498
55440 -432498
55470 -432498
55500 -432498
55530 -432498
55560 -432498
55590 -432498
55620 -432498
55650 -432495
55680 -432495
55710 -432491
55740 -432491
55770 -432491
55800 -432488
55830 -432488
55860 -432488
55890 -432475
55920 -432437
55950 -432437
55980 -432437
56010 -432437
56040 -432437
56070 -432437
56100 -432437
56130 -432437
56160 -432437
56190 -432437
56220 -432437
56250 -432437
56280 -432428
56310 -432428
56340 -432420
56370 -432420
56400 -432418
56430 -432418
56460 -432418
56490 -432418
56520 -432418
56550 -432418
56580 -432408
56610 -432408
56640 -432408
56670 -432382
56700 -432378
56730 -432378
56760 -432378
56790 -432378
56820 -432378
56850 -432359
56880 -432359
56910 -432359
56940 -432359
56970 -432359
57000 -432359
57030 -432357
57060 -432357
57090 -432357
57120 -432351
57150 -432347
57180 -432347
57210 -432347
57240 -432347
57270 -432337
57300 -432337
57330 -432337
57360 -432337
57390 -432332
57420 -432308
57450 -432308
57480 -432308
57510 -432308
57540 -432308
57570 -432308
57600 -432308
57630 -432305
57660 -432305
57690 -432305
57720 -432305
57750 -432305
57780 -432305
57810 -432299
57840 -432299
57870 -432299
57900 -432299
57930 -432299
57960 -432299
57990 -432299
58020 -432299
58050 -432295
58080 -432295
58110 -432295
58140 -432295
58170 -432294
58200 -432294
58230 -432293
58260 -432293
58290 -432293
58320 -432293
58350 -432293
58380 -432293
58410 -432292
58440 -432292
58470 -432292
58500 -432292
58530 -432290
58560 -432290
58590 -432204
58620 -432204
58650 -432204
58680 -432183
58710 -432183
58740 -432183
58770 -432183
58800 -432183
58830 -432183
58860 -432183
58890 -432183
58920 -432183
58950 -432183
58980 -432181
59010 -432179
59040 -432179
59070 -432179
59100 -432179
59130 -432179
59160 -432179
59190 -432175
59220 -432175
59250 -432175
59280 -432175
59310 -432175
59340 -432173
59370 -432166
59400 -432166
59430 -432166
59460 -432166
59490 -432166
59520 -432166
59550 -432166
59580 -432162
59610 -432162
59640 -432162
59670 -432162
59700 -432162
59730 -432162
59760 -432162
59790 -432162
59820 -432162
59850 -432162
59880 -432162
59910 -432162
59940 -432160
59970 -432160
60000 -432160
60030 -432160
60060 -432160
60090 -432158
60120 -432150
60150 -432150
60180 -432125
60210 -432125
60240 -432125
60270 -432124
60300 -432124
60330 -432124
60360 -432124
60390 -432124
60420 -432124
60450 -432124
60480 -431998
60510 -431995
60540 -431995
60570 -431995
60600 -431995
60630 -431995
60660 -431995
60690 -431995
60720 -431995
60750 -431995
60780 -431995
60810 -431995
60840 -431995
60870 -431993
60900 -431993
60930 -431993
60960 -431991
60990 -431991
61020 -431991
61050 -431991
61080 -431991
61110 -431991
61140 -431978
61170 -431978
61200 -431978
61230 -431978
61260 -431978
61290 -431956
61320 -431956
61350 -431956
61380 -431956
61410 -431956
61440 -431946
61470 -431946
61500 -431946
61530 -431946
61560 -431946
61590 -431946
61620 -431940
61650 -431940
61680 -431940
61710 -431940
61740 -431940
61770 -431930
61800 -431930
61830 -431911
61860 -431911
61890 -431911
61920 -431911
61950 -431911
61980 -431911
62010 -431911
62040 -431911
62070 -431911
62100 -431911
62130 -431911
62160 -431907
62190 -431907
62220 -431884
62250 -431884
62280 -431884
62310 -431879
62340 -431879
62370 -431879
62400 -431879
62430 -431879
62460 -431879
62490 -431879
62520 -431879
62550 -431879
62580 -431879
62610 -431879
62640 -431879
62670 -431879
62700 -431879
62730 -431879
62760 -431877
62790 -431877
62820 -431877
62850 -431877
62880 -431873
62910 -431872
62940 -431872
62970 -431872
63000 -431872
63030 -431872
63060 -431872
63090 -431872
63120 -431872
63150 -431872
63180 -431872
63210 -431870
63240 -431870
63270 -431870
63300 -431862
63330 -431862
63360 -431862
63390 -431849
63420 -431849
63450 -431849
63480 -431849
63510 -431821
63540 -431820
63570 -431814
63600 -431814
63630 -431814
63660 -431808
63690 -431808
63720 -431808
63750 -431808
63780 -431808
63810 -431808
63840 -431808
63870 -431808
63900 -431808
63930 -431808
63960 -431808
63990 -431808
64020 -431808
64050 -431808
64080 -431808
64110 -431808
64140 -431796
64170 -431796
64200 -431796
64230 -431760
64260 -431760
64290 -431760
64320 -431760
64350 -431757
64380 -431757
64410 -431738
64440 -431731
64470 -431731
64500 -431731
64530 -431728
64560 -431728
64590 -431728
64620 -431728
64650 -431728
64680 -431728
64710 -431728
64740 -431718
64770 -431690
64800 -431686
64830 -431686
64860 -431686
64890 -431686
64920 -431686
64950 -431686
64980 -431686
65010 -431686
65040 -431686
65070 -431686
65100 -431686
65130 -431686
65160 -431686
65190 -431686
65220 -431686
65250 -431686
65280 -431686
65310 -431684
65340 -431671
65370 -431671
65400 -431671
65430 -431671
65460 -431671
65490 -431652
65520 -431652
65550 -431652
65580 -431652
65610 -431652
65640 -431652
65670 -431651
65700 -431649
65730 -431649
65760 -431647
65790 -431647
65820 -431647
65850 -431647
65880 -431647
65910 -431647
65940 -431641
65970 -431641
66000 -431641
66030 -431641
66060 -431641
66090 -431635
66120 -431635
66150 -431635
66180 -431635
66210 -431635
66240 -431513
66270 -431513
66300 -431513
66330 -431513
66360 -431513
66390 -431513
66420 -431497
66450 -431497
66480 -431494
66510 -431490
66540 -431490
66570 -431490
66600 -431490
66630 -431442
66660 -431437
66690 -431435
66720 -431430
66750 -431427
66780 -431427
66810 -431426
66840 -431426
66870 -431426
66900 -431423
66930 -431423
66960 -431423
66990 -431423
67020 -431423
67050 -431423
67080 -431420
67110 -431420
67140 -431420
67170 -431420
67200 -431420
67230 -431420
67260 -431420
67290 -431416
67320 -431403
67350 -431403
67380 -431403
67410 -431403
67440 -431403
67470 -431403
67500 -431403
67530 -431392
67560 -431392
67590 -431392
67620 -431392
67650 -431392
67680 -431392
67710 -431382
67740 -431374
67770 -431374
67800 -431374
67830 -431374
67860 -431374
67890 -431374
67920 -431374
67950 -431374
67980 -431374
68010 -431374
68040 -431368
68070 -431368
68100 -431329
68130 -431329
68160 -431328
68190 -431328
68220 -431328
68250 -431328
68280 -431328
68310 -431313
68340 -431313
68370 -431313
68400 -431313
68430 -431312
68460 -431300
68490 -431297
68520 -431297
68550 -431297
68580 -431297
68610 -431278
68640 -431278
68670 -431272
68700 -431272
68730 -431272
68760 -431272
68790 -431245
68820 -431245
68850 -431245
68880 -431223
68910 -431223
68940 -431223
68970 -431223
69000 -431223
69030 -431223
69060 -431223
69090 -431222
69120 -431222
69150 -431222
69180 -431222
69210 -431206
69240 -431206
69270 -431206
69300 -431206
69330 -431195
69360 -431195
69390 -431195
69420 -431180
69450 -431180
69480 -431180
69510 -431180
69540 -431180
69570 -431149
69600 -431149
69630 -431149
69660 -431139
69690 -431137
69720 -431137
69750 -431130
69780 -431130
69810 -431118
69840 -431117
69870 -431117
69900 -431117
69930 -431117
69960 -431117
69990 -431117
70020 -431117
70050 -431099
70080 -431091
70110 -431091
70140 -431091
70170 -431091
70200 -431091
70230 -431091
70260 -431091
70290 -431091
70320 -431069
70350 -431066
70380 -431027
70410 -431027
70440 -431027
70470 -431024
70500 -431024
70530 -431024
70560 -431024
70590 -431024
70620 -431024
70650 -431024
70680 -431024
70710 -431024
70740 -431024
70770 -431023
70800 -431018
70830 -431018
70860 -431018
70890 -431018
70920 -431018
70950 -431007
70980 -431007
71010 -431007
71040 -430999
71070 -430999
71100 -430992
71130 -430992
71160 -430992
71190 -430992
71220 -430992
71250 -430991
71280 -430989
71310 -430989
71340 -430989
71370 -430973
71400 -430973
71430 -430973
71460 -430973
71490 -430973
71520 -430969
71550 -430952
71580 -430952
71610 -430952
71640 -430948
71670 -430948
71700 -430939
71730 -430939
71760 -430934
71790 -430929
71820 -430929
71850 -430929
71880 -430928
71910 -430928
71940 -430928
71970 -430907
72000 -430907
72030 -430907
72060 -430907
72090 -430907
72120 -430907
72150 -430907
72180 -430907
72210 -430895
72240 -430891
72270 -430877
72300 -430877
72330 -430877
72360 -430877
72390 -430877
72420 -430877
72450 -430873
72480 -430873
72510 -430873
72540 -430860
72570 -430857
72600 -430857
72630 -430857
72660 -430857
72690 -430857
72720 -430845
72750 -430845
72780 -430845
72810 -430842
72840 -430842
72870 -430842
72900 -430842
72930 -430842
72960 -430842
72990 -430842
73020 -430842
73050 -430842
73080 -430842
73110 -430842
73140 -430842
73170 -430833
73200 -430831
73230 -430831
73260 -430831
73290 -430828
73320 -430828
73350 -430820
73380 -430820
73410 -430820
73440 -430811
73470 -430811
73500 -430811
73530 -430811
73560 -430811
73590 -430811
73620 -430806
73650 -430806
73680 -430806
73710 -430806
73740 -430806
73770 -430806
73800 -430785
73830 -430785
73860 -430785
73890 -430767
73920 -430767
73950 -430767
73980 -430767
74010 -430767
74040 -430767
74070 -430767
74100 -430766
74130 -430766
74160 -430766
74190 -430755
74220 -430754
74250 -430754
74280 -430754
74310 -430753
74340 -430753
74370 -430751
74400 -430751
74430 -430751
74460 -430751
74490 -430751
74520 -430749
74550 -430749
74580 -430749
74610 -430745
74640 -430745
74670 -430745
74700 -430745
74730 -430745
74760 -430730
74790 -430729
74820 -430729
74850 -430728
74880 -430727
74910 -430727
74940 -430727
74970 -430727
75000 -430727
75030 -430727
75060 -430727
75090 -430727
75120 -430727
75150 -430727
75180 -430727
75210 -430727
75240 -430699
75270 -430699
75300 -430699
75330 -430695
75360 -430695
75390 -430695
75420 -430695
75450 -430683
75480 -430683
75510 -430655
75540 -430655
75570 -430647
75600 -430647
75630 -430647
75660 -430647
75690 -430646
75720 -430646
75750 -430646
75780 -430646
75810 -430637
75840 -430637
75870 -430637
75900 -430637
75930 -430637
75960 -430637
75990 -430637
76020 -430637
76050 -430637
76080 -430637
76110 -430637
76140 -430629
76170 -430625
76200 -430625
76230 -430616
76260 -430616
76290 -430616
76320 -430616
76350 -430616
76380 -430616
76410 -430616
76440 -430616
76470 -430616
76500 -430616
76530 -430616
76560 -430616
76590 -430587
76620 -430587
76650 -430586
76680 -430582
76710 -430582
76740 -430582
76770 -430565
76800 -430565
76830 -430565
76860 -430565
76890 -430565
76920 -430565
76950 -430561
76980 -430561
77010 -430561
77040 -430561
77070 -430561
77100 -430556
77130 -430556
77160 -430556
77190 -430536
77220 -430522
77250 -430512
77280 -430512
77310 -430512
77340 -430504
77370 -430504
77400 -430504
77430 -430501
77460 -430501
77490 -430501
77520 -430501
77550 -430494
77580 -430494
77610 -430494
77640 -430494
77670 -430489
77700 -430489
77730 -430479
77760 -430478
77790 -430478
77820 -430472
77850 -430472
77880 -430471
77910 -430468
77940 -430468
77970 -430468
78000 -430468
78030 -430468
78060 -430468
78090 -430468
78120 -430468
78150 -430468
78180 -430432
78210 -430416
78240 -430416
78270 -430409
78300 -430405
78330 -430405
78360 -430405
78390 -430405
78420 -430400
78450 -430400
78480 -430400
78510 -430395
78540 -430395
78570 -430395
78600 -430395
78630 -430395
78660 -430395
78690 -430342
78720 -430332
78750 -430332
78780 -430332
78810 -430332
78840 -430323
78870 -430323
78900 -430323
78930 -430323
78960 -430323
78990 -430323
79020 -430323
79050 -430323
79080 -430323
79110 -430323
79140 -430323
79170 -430319
79200 -430315
79230 -430311
79260 -430311
79290 -430311
79320 -430306
79350 -430296
79380 -430296
79410 -430295
79440 -430292
79470 -430292
79500 -430292
79530 -430292
79560 -430292
79590 -430292
79620 -430292
79650 -430292
79680 -430292
79710 -430292
79740 -430292
79770 -430292
79800 -430292
79830 -430292
79860 -430292
79890 -430292
79920 -430292
79950 -430284
79980 -430284
80010 -430284
80040 -430283
80070 -430283
80100 -430283
80130 -430283
80160 -430283
80190 -430283
80220 -430274
80250 -430274
80280 -430254
80310 -430254
80340 -430254
80370 -430254
80400 -430245
80430 -430245
80460 -430245
80490 -430245
80520 -430245
80550 -430237
80580 -430237
80610 -430237
80640 -430237
80670 -430237
80700 -430237
80730 -430237
80760 -430237
80790 -430237
80820 -430237
80850 -430237
80880 -430237
80910 -430227
80940 -430227
80970 -430220
81000 -430219
81030 -430219
81060 -430219
81090 -430217
81120 -430217
81150 -430217
81180 -430217
81210 -430217
81240 -430210
81270 -430210
81300 -430210
81330 -430210
81360 -430210
81390 -430210
81420 -430210
81450 -430210
81480 -430210
81510 -430206
81540 -430206
81570 -430206
81600 -430206
81630 -430206
81660 -430206
81690 -430206
81720 -430206
81750 -430206
81780 -430206
81810 -430206
81840 -430204
81870 -430204
81900 -430204
81930 -430185
81960 -430182
81990 -430182
82020 -430182
82050 -430182
82080 -430182
82110 -430182
82140 -430177
82170 -430177
82200 -430177
82230 -430134
82260 -430134
82290 -430080
82320 -430080
82350 -430080
82380 -430080
82410 -430080
82440 -430076
82470 -430076
82500 -430076
82530 -430073
82560 -430073
82590 -430073
82620 -430067
82650 -430063
82680 -430063
82710 -430063
82740 -430063
82770 -430042
82800 -430042
82830 -430038
82860 -430038
82890 -430038
82920 -430038
82950 -430038
82980 -430038
83010 -430035
83040 -430005
83070 -429994
83100 -429994
83130 -429994
83160 -429976
83190 -429976
83220 -429976
83250 -429976
83280 -429971
83310 -429971
83340 -429971
83370 -429971
83400 -429971
83430 -429971
83460 -429971
83490 -429958
83520 -429958
83550 -429958
83580 -429958
83610 -429958
83640 -429958
83670 -429958
83700 -429958
83730 -429958
83760 -429958
83790 -429956
83820 -429956
83850 -429951
83880 -429951
83910 -429951
83940 -429951
83970 -429951
84000 -429951
84030 -429951
84060 -429951
84090 -429945
84120 -429945
84150 -429945
84180 -429945
84210 -429945
84240 -429945
84270 -429945
84300 -429945
84330 -429941
84360 -429932
84390 -429932
84420 -429926
84450 -429926
84480 -429926
84510 -429920
84540 -429920
84570 -429920
84600 -429920
84630 -429920
84660 -429920
84690 -429920
84720 -429920
84750 -429920
84780 -429920
84810 -429920
84840 -429920
84870 -429920
84900 -429920
84930 -429920
84960 -429920
84990 -429908
85020 -429907
85050 -429907
85080 -429907
85110 -429907
85140 -429907
85170 -429898
85200 -429898
85230 -429898
85260 -429898
85290 -429898
85320 -429898
85350 -429892
85380 -429892
85410 -429892
85440 -429861
85470 -429861
85500 -429861
85530 -429861
85560 -429861
85590 -429861
85620 -429861
85650 -429861
85680 -429861
85710 -429861
85740 -429861
85770 -429858
85800 -429858
85830 -429858
85860 -429858
85890 -429858
85920 -429858
85950 -429858
85980 -429858
86010 -429858
86040 -429858
86070 -429858
86100 -429858
86130 -429858
86160 -429858
86190 -429858
86220 -429858
86250 -429858
86280 -429858
86310 -429858
86340 -429849
86370 -429808
86400 -429808
86430 -429808
86460 -429808
86490 -429808
86520 -429808
86550 -429798
86580 -429798
86610 -429798
86640 -429789
86670 -429789
86700 -429789
86730 -429786
86760 -429786
86790 -429786
86820 -429786
86850 -429786
86880 -429786
86910 -429786
86940 -429786
86970 -429786
87000 -429786
87030 -429774
87060 -429774
87090 -429774
87120 -429774
87150 -429774
87180 -429774
87210 -429774
87240 -429774
87270 -429774
87300 -429719
87330 -429719
87360 -429719
87390 -429719
87420 -429719
87450 -429707
87480 -429706
87510 -429706
87540 -429706
87570 -429685
87600 -429685
87630 -429685
87660 -429685
87690 -429685
87720 -429685
87750 -429685
87780 -429670
87810 -429670
87840 -429670
87870 -429670
87900 -429668
87930 -429668
87960 -429668
87990 -429668
88020 -429668
88050 -429668
88080 -429668
88110 -429668
88140 -429668
88170 -429667
88200 -429667
88230 -429667
88260 -429667
88290 -429667
88320 -429665
88350 -429665
88380 -429665
88410 -429653
88440 -429653
88470 -429653
88500 -429653
88530 -429653
88560 -429653
88590 -429653
88620 -429649
88650 -429649
88680 -429649
88710 -429634
88740 -429634
88770 -429634
88800 -429628
88830 -429627
88860 -429627
88890 -429626
88920 -429626
88950 -429626
88980 -429626
89010 -429616
89040 -429616
89070 -429616
89100 -429616
89130 -429610
89160 -429606
89190 -429606
89220 -429606
89250 -429606
89280 -429605
89310 -429605
89340 -429605
89370 -429599
89400 -429599
89430 -429599
89460 -429599
89490 -429599
89520 -429599
89550 -429599
89580 -429599
89610 -429599
89640 -429599
89670 -429593
89700 -429593
89730 -429593
89760 -429593
89790 -429592
89820 -429582
89850 -429582
89880 -429582
89910 -429582
89940 -429582
89970 -429582
90000 -429582
90030 -429582
90060 -429582
90090 -429569
90120 -429567
90150 -429565
90180 -429565
90210 -429565
90240 -429565
90270 -429565
90300 -429565
90330 -429565
90360 -429565
90390 -429565
90420 -429565
90450 -429564
90480 -429564
90510 -429564
90540 -429557
90570 -429557
90600 -429557
90630 -429557
90660 -429557
90690 -429557
90720 -429557
90750 -429557
90780 -429557
90810 -429557
90840 -429557
90870 -429557
90900 -429557
90930 -429519
90960 -429519
90990 -429510
91020 -429510
91050 -429510
91080 -429510
91110 -429510
91140 -429510
91170 -429510
91200 -429510
91230 -429510
91260 -429510
91290 -429485
91320 -429468
91350 -429468
91380 -429468
91410 -429458
91440 -429451
91470 -429449
91500 -429449
91530 -429449
91560 -429449
91590 -429441
91620 -429438
91650 -429438
91680 -429438
91710 -429438
91740 -429438
91770 -429430
91800 -429430
91830 -429430
91860 -429428
91890 -429427
91920 -429427
91950 -429425
91980 -429417
92010 -429417
92040 -429417
92070 -429417
92100 -429387
92130 -429387
92160 -429387
92190 -429387
92220 -429387
92250 -429354
92280 -429346
92310 -429346
92340 -429346
92370 -429346
92400 -429346
92430 -429346
92460 -429339
92490 -429339
92520 -429339
92550 -429339
92580 -429339
92610 -429339
92640 -429316
92670 -429316
92700 -429316
92730 -429311
92760 -429311
92790 -429311
92820 -429311
92850 -429311
92880 -429311
92910 -429311
92940 -429311
92970 -429311
93000 -429311
93030 -429311
93060 -429311
93090 -429311
93120 -429306
93150 -429306
93180 -429306
93210 -429306
93240 -429305
93270 -429305
93300 -429305
93330 -429305
93360 -429305
93390 -429291
93420 -429288
93450 -429288
93480 -429288
93510 -429288
93540 -429288
93570 -429288
93600 -429285
93630 -429285
93660 -429282
93690 -429282
93720 -429282
93750 -429282
93780 -429282
93810 -429282
93840 -429282
93870 -429282
93900 -429282
93930 -429282
93960 -429282
93990 -429282
94020 -429282
94050 -429282
94080 -429282
94110 -429282
94140 -429282
94170 -429279
94200 -429279
94230 -429279
94260 -429251
94290 -429251
94320 -429242
94350 -429242
94380 -429242
94410 -429242
94440 -429242
94470 -429242
94500 -429242
94530 -429242
94560 -429242
94590 -429242
94620 -429242
94650 -429241
94680 -429237
94710 -429237
94740 -429237
94770 -429237
94800 -429237
94830 -429237
94860 -429235
94890 -429233
94920 -429233
94950 -429233
94980 -429226
95010 -429226
95040 -429226
95070 -429226
95100 -429226
95130 -429224
95160 -429224
95190 -429224
95220 -429224
95250 -429224
95280 -429224
95310 -429221
95340 -429221
95370 -429221
95400 -429221
95430 -429221
95460 -429211
95490 -429193
95520 -429191
95550 -429191
95580 -429191
95610 -429191
95640 -429191
95670 -429190
95700 -429190
95730 -429190
95760 -429190
95790 -429190
95820 -429190
95850 -429190
95880 -429190
95910 -429190
95940 -429190
95970 -429190
96000 -429190
96030 -429190
96060 -429190
96090 -429190
96120 -429190
96150 -429190
96180 -429190
96210 -429190
96240 -429190
96270 -429189
96300 -429189
96330 -429189
96360 -429189
96390 -429172
96420 -429172
96450 -429171
96480 -429171
96510 -429171
96540 -429171
96570 -429171
96600 -429152
96630 -429152
96660 -429152
96690 -429135
96720 -429127
96750 -429127
96780 -429127
96810 -429127
96840 -429127
96870 -429127
96900 -429127
96930 -429127
96960 -429127
96990 -429127
97020 -429127
97050 -429127
97080 -429127
97110 -429127
97140 -429127
97170 -429127
97200 -429127
97230 -429127
97260 -429127
97290 -429127
97320 -429127
97350 -429127
97380 -429127
97410 -429127
97440 -429127
97470 -429123
97500 -429122
97530 -429122
97560 -429122
97590 -429120
97620 -429120
97650 -429120
97680 -429120
97710 -429120
97740 -429120
97770 -429120
97800 -429120
97830 -429120
97860 -429120
97890 -429119
97920 -429119
97950 -429119
97980 -429119
98010 -429119
98040 -429119
98070 -429119
98100 -429119
98130 -429119
98160 -429119
98190 -429119
98220 -429119
98250 -429119
98280 -429119
98310 -429118
98340 -429118
98370 -429118
98400 -429118
98430 -429118
98460 -429109
98490 -429109
98520 -429109
98550 -429109
98580 -429109
98610 -429109
98640 -429109
98670 -429109
98700 -429109
98730 -429108
98760 -429108
98790 -429108
98820 -429108
98850 -429108
98880 -429108
98910 -429108
98940 -429108
98970 -429071
99000 -429071
99030 -429071
99060 -429071
99090 -429071
99120 -429071
99150 -429071
99180 -429071
99210 -429071
99240 -429071
99270 -429067
99300 -429067
99330 -429067
99360 -429067
99390 -429064
99420 -429064
99450 -429064
99480 -429064
99510 -429064
99540 -429064
99570 -429064
99600 -429062
99630 -429062
99660 -429062
99690 -429050
99720 -429050
99750 -429050
99780 -429050
99810 -429050
99840 -429050
99870 -429046
99900 -429046
99930 -429046
99960 -429046
99990 -429046
100020 -429046
100050 -429046
100080 -429046
100110 -429046
100140 -429046
100170 -429046
100200 -429031
100230 -429004
100260 -429004
100290 -428962
100320 -428962
100350 -428962
100380 -428962
100410 -428962
100440 -428962
100470 -428962
100500 -428962
100530 -428958
100560 -428958
100590 -428958
100620 -428958
100650 -428958
100680 -428958
100710 -428958
100740 -428958
100770 -428958
100800 -428958
100830 -428958
100860 -428958
100890 -428958
100920 -428958
100950 -428958
100980 -428958
101010 -428958
101040 -428958
101070 -428958
101100 -428958
101130 -428958
101160 -428958
101190 -428958
101220 -428952
101250 -428952
101280 -428952
101310 -428952
101340 -428952
101370 -428952
101400 -428952
101430 -428952
101460 -428952
101490 -428952
101520 -428952
101550 -428952
101580 -428950
101610 -428950
101640 -428950
101670 -428936
101700 -428936
101730 -428936
101760 -428936
101790 -428903
101820 -428901
101850 -428900
101880 -428900
101910 -428900
101940 -428900
101970 -428900
102000 -428893
102030 -428893
102060 -428893
102090 -428893
102120 -428886
102150 -428886
102180 -428886
102210 -428886
102240 -428886
102270 -428886
102300 -428882
102330 -428882
102360 -428882
102390 -428881
102420 -428881
102450 -428881
102480 -428881
102510 -428881
102540 -428881
102570 -428881
102600 -428881
102630 -428881
102660 -428881
102690 -428881
102720 -428878
102750 -428878
102780 -428878
102810 -428878
102840 -428857
102870 -428857
102900 -428857
102930 -428857
102960 -428857
102990 -428814
103020 -428814
103050 -428814
103080 -428814
103110 -428814
103140 -428812
103170 -428809
103200 -428809
103230 -428803
103260 -428803
103290 -428803
103320 -428803
103350 -428803
103380 -428803
103410 -428803
103440 -428803
103470 -428803
103500 -428803
103530 -428803
103560 -428803
103590 -428803
103620 -428803
103650 -428803
103680 -428803
103710 -428770
103740 -428770
103770 -428770
103800 -428764
103830 -428764
103860 -428752
103890 -428752
103920 -428752
103950 -428751
103980 -428744
104010 -428744
104040 -428744
104070 -428744
104100 -428744
104130 -428744
104160 -428744
104190 -428744
104220 -428726
104250 -428726
104280 -428726
104310 -428726
104340 -428721
104370 -428718
104400 -428718
104430 -428718
104460 -428718
104490 -428718
104520 -428712
104550 -428712
104580 -428712
104610 -428712
104640 -428712
104670 -428712
104700 -428712
104730 -428712
104760 -428712
104790 -428712
104820 -428711
104850 -428711
104880 -428711
104910 -428711
104940 -428711
104970 -428711
105000 -428711
105030 -428711
105060 -428711
105090 -428711
105120 -428711
105150 -428711
105180 -428711
105210 -428711
105240 -428711
105270 -428711
105300 -428710
105330 -428710
105360 -428710
105390 -428710
105420 -428710
105450 -428710
105480 -428710
105510 -428691
105540 -428691
105570 -428691
105600 -428691
105630 -428691
105660 -428691
105690 -428691
105720 -428691
105750 -428691
105780 -428691
105810 -428652
105840 -428644
105870 -428643
105900 -428643
105930 -428643
105960 -428643
105990 -428643
106020 -428642
106050 -428642
106080 -428642
106110 -428642
106140 -428642
106170 -428642
106200 -428641
106230 -428641
106260 -428641
106290 -428641
106320 -428641
106350 -428641
106380 -428641
106410 -428641
106440 -428633
106470 -428633
106500 -428633
106530 -428632
106560 -428632
106590 -428618
106620 -428618
106650 -428613
106680 -428613
106710 -428613
106740 -428613
106770 -428610
106800 -428610
106830 -428610
106860 -428610
106890 -428610
106920 -428610
106950 -428610
106980 -428609
107010 -428609
107040 -428609
107070 -428609
107100 -428604
107130 -428604
107160 -428604
107190 -428601
107220 -428601
107250 -428601
107280 -428601
107310 -428601
107340 -428601
107370 -428601
107400 -428599
107430 -428599
107460 -428599
107490 -428599
107520 -428599
107550 -428599
107580 -428599
107610 -428599
107640 -428599
107670 -428598
107700 -428598
107730 -428598
107760 -428598
107790 -428596
107820 -428596
107850 -428591
107880 -428591
107910 -428591
107940 -428591
107970 -428591
108000 -428577
108030 -428577
108060 -428577
108090 -428577
108120 -428577
108150 -428577
108180 -428577
108210 -428577
108240 -428577
108270 -428577
108300 -428577
108330 -428577
108360 -428577
108390 -428577
108420 -428577
108450 -428574
108480 -428574
108510 -428574
108540 -428574
108570 -428574
108600 -428574
108630 -428574
108660 -428574
108690 -428574
108720 -428574
108750 -428574
108780 -428574
108810 -428574
108840 -428574
108870 -428574
108900 -428574
108930 -428574
108960 -428574
108990 -428574
109020 -428570
109050 -428570
109080 -428570
109110 -428560
109140 -428551
109170 -428551
109200 -428551
109230 -428551
109260 -428551
109290 -428551
109320 -428550
109350 -428550
109380 -428550
109410 -428550
109440 -428550
109470 -428550
109500 -428550
109530 -428550
109560 -428542
109590 -428542
109620 -428542
109650 -428542
109680 -428542
109710 -428541
109740 -428541
109770 -428535
109800 -428535
109830 -428535
109860 -428535
109890 -428535
109920 -428535
109950 -428535
109980 -428535
110010 -428504
110040 -428504
110070 -428504
110100 -428502
110130 -428500
110160 -428500
110190 -428500
110220 -428500
110250 -428492
110280 -428487
110310 -428487
110340 -428487
110370 -428487
110400 -428487
110430 -428487
110460 -428487
110490 -428487
110520 -428487
110550 -428487
110580 -428487
110610 -428487
110640 -428487
110670 -428487
110700 -428486
110730 -428486
110760 -428486
110790 -428482
110820 -428482
110850 -428481
110880 -428481
110910 -428481
110940 -428478
110970 -428478
111000 -428477
111030 -428477
111060 -428477
111090 -428477
111120 -428476
111150 -428476
111180 -428476
111210 -428476
111240 -428476
111270 -428476
111300 -428476
111330 -428476
111360 -428476
111390 -428476
111420 -428476
111450 -428476
111480 -428476
111510 -428475
111540 -428475
111570 -428475
111600 -428468
111630 -428468
111660 -428468
111690 -428464
111720 -428464
111750 -428464
111780 -428464
111810 -428464
111840 -428464
111870 -428463
111900 -428463
111930 -428463
111960 -428431
111990 -428431
112020 -428427
112050 -428427
112080 -428427
112110 -428423
112140 -428415
112170 -428415
112200 -428415
112230 -428415
112260 -428415
112290 -428415
112320 -428405
112350 -428405
112380 -428405
112410 -428405
112440 -428405
112470 -428405
112500 -428405
112530 -428382
112560 -428382
112590 -428382
112620 -428382
112650 -428382
112680 -428382
112710 -428382
112740 -428382
112770 -428382
112800 -428382
112830 -428382
112860 -428382
112890 -428382
112920 -428382
112950 -428382
112980 -428382
113010 -428382
113040 -428382
113070 -428382
113100 -428382
113130 -428382
113160 -428382
113190 -428382
113220 -428382
113250 -428380
113280 -428380
113310 -428380
113340 -428380
113370 -428380
113400 -428380
113430 -428380
113460 -428379
113490 -428379
113520 -428377
113550 -428377
113580 -428377
113610 -428373
113640 -428373
113670 -428373
113700 -428373
113730 -428373
113760 -428373
113790 -428373
113820 -428373
113850 -428373
113880 -428373
113910 -428373
113940 -428373
113970 -428373
114000 -428373
114030 -428373
114060 -428373
114090 -428373
114120 -428373
114150 -428373
114180 -428373
114210 -428373
114240 -428373
114270 -428336
114300 -428336
114330 -428336
114360 -428336
114390 -428336
114420 -428336
114450 -428336
114480 -428336
114510 -428336
114540 -428336
114570 -428336
114600 -428336
114630 -428333
114660 -428333
114690 -428333
114720 -428332
114750 -428332
114780 -428331
114810 -428331
114840 -428331
114870 -428331
114900 -428331
114930 -428331
114960 -428331
114990 -428331
115020 -428331
115050 -428331
115080 -428330
115110 -428330
115140 -428330
115170 -428318
115200 -428298
115230 -428298
115260 -428298
115290 -428298
115320 -428298
115350 -428298
115380 -428298
115410 -428297
115440 -428297
115470 -428297
115500 -428295
115530 -428295
115560 -428295
115590 -428295
115620 -428295
115650 -428295
115680 -428294
115710 -428294
115740 -428294
115770 -428294
115800 -428294
115830 -428294
115860 -428294
115890 -428294
115920 -428294
115950 -428294
115980 -428293
116010 -428293
116040 -428292
116070 -428292
116100 -428283
116130 -428283
116160 -428277
116190 -428277
116220 -428277
116250 -428276
116280 -428276
116310 -428271
116340 -428270
116370 -428270
116400 -428270
116430 -428270
116460 -428270
116490 -428270
116520 -428270
116550 -428270
116580 -428267
116610 -428267
116640 -428265
116670 -428265
116700 -428265
116730 -428249
116760 -428249
116790 -428244
116820 -428244
116850 -428244
116880 -428242
116910 -428242
116940 -428235
116970 -428235
117000 -428235
117030 -428234
117060 -428234
117090 -428234
117120 -428234
117150 -428230
117180 -428230
117210 -428230
117240 -428230
117270 -428230
117300 -428230
117330 -428230
117360 -428230
117390 -428230
117420 -428230
117450 -428227
117480 -428227
117510 -428227
117540 -428227
117570 -428227
117600 -428227
117630 -428222
117660 -428222
117690 -428222
117720 -428222
117750 -428222
117780 -428211
117810 -428211
117840 -428211
117870 -428211
117900 -428211
117930 -428211
117960 -428211
117990 -428211
118020 -428208
118050 -428208
118080 -428208
118110 -428208
118140 -428208
118170 -428208
118200 -428208
118230 -428207
118260 -428207
118290 -428207
118320 -428207
118350 -428207
118380 -428207
118410 -428169
118440 -428169
118470 -428168
118500 -428166
118530 -428166
118560 -428166
118590 -428166
118620 -428166
118650 -428166
118680 -428166
118710 -428166
118740 -428166
118770 -428166
118800 -428166
118830 -428166
118860 -428166
118890 -428166
118920 -428166
118950 -428166
118980 -428166
119010 -428166
119040 -428166
119070 -428166
119100 -428166
119130 -428165
119160 -428164
119190 -428164
119220 -428164
119250 -428164
119280 -428164
119310 -428164
119340 -428164
119370 -428164
119400 -428164
119430 -428164
119460 -428164
119490 -428159
119520 -428159
119550 -428159
119580 -428159
119610 -428159
119640 -428159
119670 -428159
119700 -428159
119730 -428159
119760 -428159
119790 -428159
119820 -428159
119850 -428159
119880 -428159
119910 -428159
119940 -428159
119970 -428159
120000 -428159
120030 -428159
120060 -428159
120090 -428159
120120 -428159
120150 -428159
120180 -428159
120210 -428159
120240 -428159
120270 -428159
120300 -428159
120330 -428159
120360 -428159
120390 -428159
120420 -428159
120450 -428159
120480 -428159
120510 -428159
120540 -428159
120570 -428158
120600 -428158
120630 -428158
120660 -428158
120690 -428158
120720 -428158
120750 -428158
120780 -428158
120810 -428158
120840 -428158
120870 -428158
120900 -428158
120930 -428158
120960 -428158
120990 -428158
121020 -428158
121050 -428158
121080 -428158
121110 -428158
121140 -428158
121170 -428142
121200 -428142
121230 -428142
121260 -428142
121290 -428142
121320 -428142
121350 -428142
121380 -428142
121410 -428142
121440 -428142
121470 -428142
121500 -428142
121530 -428142
121560 -428142
121590 -428142
121620 -428142
121650 -428142
121680 -428142
121710 -428142
121740 -428142
121770 -428142
121800 -428141
121830 -428141
121860 -428141
121890 -428141
121920 -428141
121950 -428136
121980 -428136
122010 -428134
122040 -428134
122070 -428134
122100 -428134
122130 -428134
122160 -428134
122190 -428134
122220 -428129
122250 -428129
122280 -428118
122310 -428118
122340 -428111
122370 -428111
122400 -428111
122430 -428107
122460 -428107
122490 -428077
122520 -428077
122550 -428077
122580 -428072
122610 -428072
122640 -428072
122670 -428072
122700 -428072
122730 -428072
122760 -428072
122790 -428069
122820 -428064
122850 -428064
122880 -428035
122910 -428014
122940 -428014
122970 -428014
123000 -428014
123030 -428010
123060 -428010
123090 -428010
123120 -428010
123150 -428010
123180 -428010
123210 -428010
123240 -428010
123270 -428010
123300 -428010
123330 -428010
123360 -428010
123390 -428010
123420 -428010
123450 -428010
123480 -428003
123510 -428003
123540 -428003
123570 -428003
123600 -428003
123630 -428003
123660 -427985
123690 -427985
123720 -427985
123750 -427985
123780 -427985
123810 -427985
123840 -427985
123870 -427985
123900 -427974
123930 -427974
123960 -427974
123990 -427974
124020 -427974
124050 -427974
124080 -427972
124110 -427972
124140 -427972
124170 -427972
124200 -427972
124230 -427972
124260 -427972
124290 -427972
124320 -427972
124350 -427972
124380 -427972
124410 -427971
124440 -427971
124470 -427971
124500 -427971
124530 -427971
124560 -427971
124590 -427971
124620 -427971
124650 -427971
124680 -427971
124710 -427971
124740 -427956
124770 -427956
124800 -427956
124830 -427944
124860 -427944
124890 -427944
124920 -427944
124950 -427944
124980 -427944
125010 -427944
125040 -427935
125070 -427935
125100 -427935
125130 -427935
125160 -427935
125190 -427935
125220 -427935
125250 -427935
125280 -427928
125310 -427928
125340 -427928
125370 -427928
125400 -427928
125430 -427928
125460 -427928
125490 -427928
125520 -427928
125550 -427928
125580 -427928
125610 -427928
125640 -427928
125670 -427925
125700 -427918
125730 -427918
125760 -427918
125790 -427918
125820 -427916
125850 -427916
125880 -427916
125910 -427913
125940 -427913
125970 -427912
126000 -427910
126030 -427910
126060 -427910
126090 -427910
126120 -427910
126150 -427910
126180 -427909
126210 -427909
126240 -427909
126270 -427909
126300 -427909
126330 -427909
126360 -427909
126390 -427909
126420 -427909
126450 -427909
126480 -427909
126510 -427909
126540 -427909
126570 -427909
126600 -427901
126630 -427901
126660 -427901
126690 -427901
126720 -427901
126750 -427901
126780 -427901
126810 -427901
126840 -427896
126870 -427896
126900 -427896
126930 -427896
126960 -427896
126990 -427896
127020 -427895
127050 -427895
127080 -427895
127110 -427895
127140 -427895
127170 -427895
127200 -427895
127230 -427895
127260 -427895
127290 -427872
127320 -427872
127350 -427872
127380 -427872
127410 -427872
127440 -427872
127470 -427872
127500 -427871
127530 -427871
127560 -427871
127590 -427871
127620 -427867
127650 -427867
127680 -427867
127710 -427867
127740 -427857
127770 -427857
127800 -427857
127830 -427857
127860 -427857
127890 -427857
127920 -427857
127950 -427857
127980 -427829
128010 -427829
128040 -427829
128070 -427827
128100 -427827
128130 -427827
128160 -427827
128190 -427825
128220 -427825
128250 -427825
128280 -427816
128310 -427816
128340 -427816
128370 -427816
128400 -427816
128430 -427816
128460 -427816
128490 -427810
128520 -427810
128550 -427798
128580 -427798
128610 -427798
128640 -427798
128670 -427798
128700 -427798
128730 -427798
128760 -427798
128790 -427798
128820 -427798
128850 -427796
128880 -427796
128910 -427796
128940 -427793
128970 -427793
129000 -427793
129030 -427793
129060 -427793
129090 -427793
129120 -427793
129150 -427793
129180 -427783
129210 -427756
129240 -427756
129270 -427756
129300 -427754
129330 -427754
129360 -427754
129390 -427754
129420 -427754
129450 -427754
129480 -427750
129510 -427750
129540 -427750
129570 -427750
129600 -427745
129630 -427745
129660 -427745
129690 -427732
129720 -427732
129750 -427732
129780 -427732
129810 -427732
129840 -427732
129870 -427732
129900 -427732
129930 -427732
129960 -427732
129990 -427732
130020 -427732
130050 -427732
130080 -427707
130110 -427707
130140 -427707
130170 -427707
130200 -427707
130230 -427707
130260 -427707
130290 -427688
130320 -427686
130350 -427686
130380 -427681
130410 -427680
130440 -427680
130470 -427680
130500 -427680
130530 -427680
130560 -427680
130590 -427680
130620 -427680
130650 -427680
130680 -427680
130710 -427680
130740 -427680
130770 -427680
130800 -427680
130830 -427680
130860 -427680
130890 -427680
130920 -427671
130950 -427664
130980 -427664
131010 -427664
131040 -427664
131070 -427664
131100 -427664
131130 -427664
131160 -427649
131190 -427643
131220 -427643
131250 -427643
131280 -427643
131310 -427643
131340 -427643
131370 -427643
131400 -427631
131430 -427631
131460 -427631
131490 -427631
131520 -427624
131550 -427624
131580 -427624
131610 -427624
131640 -427624
131670 -427624
131700 -427624
131730 -427624
131760 -427624
131790 -427624
131820 -427624
131850 -427624
131880 -427620
131910 -427618
131940 -427618
131970 -427618
132000 -427618
132030 -427611
132060 -427611
132090 -427611
132120 -427603
132150 -427595
132180 -427535
132210 -427535
132240 -427535
132270 -427535
132300 -427535
132330 -427535
132360 -427535
132390 -427535
132420 -427535
132450 -427535
132480 -427535
132510 -427529
132540 -427529
132570 -427529
132600 -427529
132630 -427528
132660 -427520
132690 -427520
132720 -427520
132750 -427520
132780 -427520
132810 -427520
132840 -427520
132870 -427520
132900 -427520
132930 -427518
132960 -427518
132990 -427518
133020 -427507
133050 -427507
133080 -427507
133110 -427507
133140 -427506
133170 -427506
133200 -427506
133230 -427506
133260 -427506
133290 -427506
133320 -427503
133350 -427503
133380 -427503
133410 -427503
133440 -427503
133470 -427503
133500 -427503
133530 -427503
133560 -427496
133590 -427496
133620 -427494
133650 -427494
133680 -427494
133710 -427494
133740 -427494
133770 -427494
133800 -427492
133830 -427492
133860 -427492
133890 -427486
133920 -427486
133950 -427486
133980 -427486
134010 -427486
134040 -427486
134070 -427486
134100 -427486
134130 -427486
134160 -427486
134190 -427486
134220 -427486
134250 -427486
134280 -427486
134310 -427486
134340 -427486
134370 -427486
134400 -427486
134430 -427486
134460 -427486
134490 -427486
134520 -427486
134550 -427486
134580 -427486
134610 -427486
134640 -427486
134670 -427486
134700 -427486
134730 -427472
134760 -427472
134790 -427463
134820 -427463
134850 -427463
134880 -427463
134910 -427463
134940 -427463
134970 -427463
135000 -427463
135030 -427463
135060 -427463
135090 -427463
135120 -427463
135150 -427463
135180 -427463
135210 -427463
135240 -427463
135270 -427463
135300 -427463
135330 -427463
135360 -427463
135390 -427462
135420 -427462
135450 -427462
135480 -427462
135510 -427462
135540 -427462
135570 -427462
135600 -427462
135630 -427462
135660 -427462
135690 -427462
135720 -427462
135750 -427459
135780 -427458
135810 -427458
135840 -427458
135870 -427458
135900 -427458
135930 -427458
135960 -427458
135990 -427458
136020 -427437
136050 -427437
136080 -427437
136110 -427437
136140 -427437
136170 -427437
136200 -427437
136230 -427437
136260 -427437
136290 -427437
136320 -427437
136350 -427437
136380 -427437
136410 -427437
136440 -427437
136470 -427437
136500 -427437
136530 -427432
136560 -427432
136590 -427432
136620 -427432
136650 -427426
136680 -427426
136710 -427426
136740 -427426
136770 -427426
136800 -427426
136830 -427426
136860 -427426
136890 -427426
136920 -427426
136950 -427426
136980 -427423
137010 -427423
137040 -427423
137070 -427407
137100 -427407
137130 -427407
137160 -427405
137190 -427405
137220 -427405
137250 -427401
137280 -427401
137310 -427383
137340 -427383
137370 -427376
137400 -427376
137430 -427376
137460 -427376
137490 -427376
137520 -427376
137550 -427349
137580 -427349
137610 -427349
137640 -427349
137670 -427349
137700 -427349
137730 -427349
137760 -427346
137790 -427346
137820 -427346
137850 -427346
137880 -427346
137910 -427316
137940 -427316
137970 -427316
138000 -427316
138030 -427316
138060 -427316
138090 -427294
138120 -427294
138150 -427287
138180 -427287
138210 -427287
138240 -427285
138270 -427285
138300 -427285
138330 -427285
138360 -427285
138390 -427285
138420 -427276
138450 -427276
138480 -427276
138510 -427276
138540 -427276
138570 -427276
138600 -427276
138630 -427276
138660 -427276
138690 -427273
138720 -427273
138750 -427273
138780 -427273
138810 -427273
138840 -427273
138870 -427265
138900 -427265
138930 -427265
138960 -427263
138990 -427263
139020 -427263
139050 -427263
139080 -427263
139110 -427263
139140 -427263
139170 -427263
139200 -427263
139230 -427263
139260 -427263
139290 -427263
139320 -427261
139350 -427255
139380 -427255
139410 -427245
139440 -427245
139470 -427245
139500 -427243
139530 -427243
139560 -427243
139590 -427243
139620 -427243
139650 -427243
139680 -427220
139710 -427219
139740 -427219
139770 -427213
139800 -427213
139830 -427213
139860 -427213
139890 -427213
139920 -427213
139950 -427212
139980 -427212
140010 -427212
140040 -427212
140070 -427212
140100 -427212
140130 -427212
140160 -427212
140190 -427212
140220 -427212
140250 -427212
140280 -427212
140310 -427212
140340 -427212
140370 -427212
140400 -427212
140430 -427212
140460 -427212
140490 -427212
140520 -427212
140550 -427199
140580 -427199
140610 -427170
140640 -427165
140670 -427153
140700 -427130
140730 -427130
140760 -427130
140790 -427130
140820 -427130
140850 -427130
140880 -427130
140910 -427130
140940 -427130
140970 -427130
141000 -427130
141030 -427130
141060 -427130
141090 -427130
141120 -427130
141150 -427130
141180 -427130
141210 -427130
141240 -427130
141270 -427130
141300 -427129
141330 -427129
141360 -427129
141390 -427129
141420 -427129
141450 -427120
141480 -427120
141510 -427120
141540 -427120
141570 -427120
141600 -427120
141630 -427120
141660 -427120
141690 -427120
141720 -427120
141750 -427120
141780 -427120
141810 -427120
141840 -427120
141870 -427120
141900 -427120
141930 -427118
141960 -427118
141990 -427118
142020 -427116
142050 -427116
142080 -427116
142110 -427115
142140 -427115
142170 -427113
142200 -427113
142230 -427104
142260 -427104
142290 -427100
142320 -427100
142350 -427100
142380 -427100
142410 -427100
142440 -427100
142470 -427100
142500 -427100
142530 -427100
142560 -427100
142590 -427100
142620 -427100
142650 -427100
142680 -427100
142710 -427100
142740 -427100
142770 -427100
142800 -427090
142830 -427090
142860 -427090
142890 -427090
142920 -427090
142950 -427090
142980 -427090
143010 -427090
143040 -427090
143070 -427090
143100 -427090
143130 -427090
143160 -427090
143190 -427090
143220 -427090
143250 -427090
143280 -427090
143310 -427090
143340 -427090
143370 -427090
143400 -427090
143430 -427090
143460 -427090
143490 -427090
143520 -427089
143550 -427089
143580 -427089
143610 -427089
143640 -427089
143670 -427085
143700 -427085
143730 -427085
143760 -427085
143790 -427085
143820 -427085
143850 -427085
143880 -427085
143910 -427085
143940 -427085
143970 -427085
144000 -427085
144030 -427085
144060 -427085
144090 -427085
144120 -427085
144150 -427085
144180 -427074
144210 -427074
144240 -427074
144270 -427065
144300 -427065
144330 -427065
144360 -427065
144390 -427065
144420 -427065
144450 -427065
144480 -427065
144510 -427065
144540 -427065
144570 -427065
144600 -427065
144630 -427065
144660 -427065
144690 -427065
144720 -427065
144750 -427065
144780 -427065
144810 -427065
144840 -427065
144870 -427065
144900 -427065
144930 -427065
144960 -427065
144990 -427065
145020 -427003
145050 -427003
145080 -427003
145110 -427003
145140 -427003
145170 -427003
145200 -427003
145230 -427003
145260 -427003
145290 -426994
145320 -426994
145350 -426994
145380 -426994
145410 -426994
145440 -426994
145470 -426994
145500 -426992
145530 -426992
145560 -426992
145590 -426992
145620 -426992
145650 -426992
145680 -426992
145710 -426992
145740 -426992
145770 -426992
145800 -426992
145830 -426992
145860 -426991
145890 -426991
145920 -426991
145950 -426991
145980 -426991
146010 -426991
146040 -426991
146070 -426991
146100 -426991
146130 -426991
146160 -426991
146190 -426991
146220 -426991
146250 -426991
146280 -426980
146310 -426980
146340 -426980
146370 -426980
146400 -426977
146430 -426977
146460 -426976
146490 -426976
146520 -426976
146550 -426976
146580 -426972
146610 -426972
146640 -426972
146670 -426972
146700 -426972
146730 -426968
146760 -426968
146790 -426961
146820 -426961
146850 -426961
146880 -426961
146910 -426961
146940 -426961
146970 -426961
147000 -426961
147030 -426952
147060 -426952
147090 -426952
147120 -426952
147150 -426952
147180 -426952
147210 -426951
147240 -426951
147270 -426951
147300 -426951
147330 -426951
147360 -426943
147390 -426943
147420 -426943
147450 -426943
147480 -426941
147510 -426941
147540 -426938
147570 -426938
147600 -426932
147630 -426932
147660 -426932
147690 -426932
147720 -426932
147750 -426932
147780 -426932
147810 -426932
147840 -426932
147870 -426932
147900 -426932
147930 -426932
147960 -426927
147990 -426927
148020 -426927
148050 -426927
148080 -426927
148110 -426927
148140 -426927
148170 -426927
148200 -426927
148230 -426927
148260 -426927
148290 -426927
148320 -426927
148350 -426924
148380 -426921
148410 -426921
148440 -426921
148470 -426921
148500 -426921
148530 -426921
148560 -426921
148590 -426921
148620 -426921
148650 -426921
148680 -426921
148710 -426919
148740 -426919
148770 -426919
148800 -426919
148830 -426919
148860 -426919
148890 -426919
148920 -426919
148950 -426919
148980 -426919
149010 -426919
149040 -426919
149070 -426918
149100 -426918
149130 -426918
149160 -426918
149190 -426918
149220 -426918
149250 -426918
149280 -426918
149310 -426918
149340 -426918
149370 -426918
149400 -426911
149430 -426911
149460 -426911
149490 -426911
149520 -426911
149550 -426911
149580 -426911
149610 -426911
149640 -426911
149670 -426911
149700 -426911
149730 -426911
149760 -426911
149790 -426911
149820 -426910
149850 -426910
149880 -426910
149910 -426910
149940 -426901
149970 -426901
150000 -426901
150030 -426901
150060 -426901
150090 -426855
150120 -426855
150150 -426855
150180 -426855
150210 -426855
150240 -426855
150270 -426855
150300 -426855
150330 -426855
150360 -426855
150390 -426855
150420 -426855
150450 -426855
150480 -426855
150510 -426855
150540 -426855
150570 -426850
150600 -426840
150630 -426840
150660 -426840
150690 -426832
150720 -426832
150750 -426832
150780 -426832
150810 -426832
150840 -426832
150870 -426832
150900 -426832
150930 -426832
150960 -426831
150990 -426828
151020 -426828
151050 -426826
151080 -426826
151110 -426826
151140 -426826
151170 -426826
151200 -426826
151230 -426826
151260 -426816
151290 -426816
151320 -426816
151350 -426816
151380 -426816
151410 -426816
151440 -426788
151470 -426788
151500 -426788
151530 -426788
151560 -426788
151590 -426788
151620 -426781
151650 -426781
151680 -426781
151710 -426776
151740 -426776
151770 -426776
151800 -426776
151830 -426776
151860 -426776
151890 -426776
151920 -426776
151950 -426776
151980 -426776
152010 -426776
152040 -426776
152070 -426776
152100 -426769
152130 -426769
152160 -426769
152190 -426769
152220 -426769
152250 -426769
152280 -426769
152310 -426769
152340 -426769
152370 -426769
152400 -426769
152430 -426769
152460 -426769
152490 -426769
152520 -426763
152550 -426763
152580 -426763
152610 -426763
152640 -426763
152670 -426763
152700 -426763
152730 -426763
152760 -426763
152790 -426763
152820 -426763
152850 -426763
152880 -426756
152910 -426756
152940 -426756
152970 -426754
153000 -426754
153030 -426754
153060 -426754
153090 -426754
153120 -426754
153150 -426754
153180 -426754
153210 -426754
153240 -426754
153270 -426754
153300 -426754
153330 -426754
153360 -426754
153390 -426751
153420 -426751
153450 -426751
153480 -426751
153510 -426751
153540 -426751
153570 -426751
153600 -426751
153630 -426751
153660 -426751
153690 -426751
153720 -426751
153750 -426751
153780 -426751
153810 -426748
153840 -426748
153870 -426744
153900 -426744
153930 -426744
153960 -426744
153990 -426744
154020 -426744
154050 -426744
154080 -426744
154110 -426744
154140 -426744
154170 -426743
154200 -426743
154230 -426743
154260 -426743
154290 -426743
154320 -426743
154350 -426743
154380 -426743
154410 -426743
154440 -426743
154470 -426743
154500 -426730
154530 -426730
154560 -426730
154590 -426730
154620 -426730
154650 -426714
154680 -426714
154710 -426714
154740 -426714
154770 -426714
154800 -426714
154830 -426714
154860 -426708
154890 -426708
154920 -426705
154950 -426705
154980 -426705
155010 -426705
155040 -426705
155070 -426705
155100 -426705
155130 -426692
155160 -426692
155190 -426692
155220 -426691
155250 -426691
155280 -426691
155310 -426691
155340 -426691
155370 -426691
155400 -426691
155430 -426691
155460 -426691
155490 -426691
155520 -426691
155550 -426691
155580 -426691
155610 -426691
155640 -426691
155670 -426691
155700 -426691
155730 -426691
155760 -426691
155790 -426669
155820 -426669
155850 -426669
155880 -426669
155910 -426669
155940 -426669
155970 -426669
156000 -426669
156030 -426669
156060 -426669
156090 -426669
156120 -426669
156150 -426669
156180 -426669
156210 -426667
156240 -426667
156270 -426667
156300 -426665
156330 -426665
156360 -426664
156390 -426664
156420 -426664
156450 -426664
156480 -426664
156510 -426664
156540 -426664
156570 -426664
156600 -426664
156630 -426664
156660 -426664
156690 -426664
156720 -426664
156750 -426664
156780 -426664
156810 -426664
156840 -426664
156870 -426664
156900 -426664
156930 -426664
156960 -426664
156990 -426608
157020 -426608
157050 -426608
157080 -426608
157110 -426606
157140 -426606
157170 -426606
157200 -426606
157230 -426606
157260 -426606
157290 -426606
157320 -426606
157350 -426606
157380 -426606
157410 -426606
157440 -426601
157470 -426601
157500 -426601
157530 -426601
157560 -426601
157590 -426601
157620 -426601
157650 -426601
157680 -426601
157710 -426601
157740 -426601
157770 -426601
157800 -426601
157830 -426601
157860 -426601
157890 -426601
157920 -426593
157950 -426593
157980 -426593
158010 -426593
158040 -426582
158070 -426582
158100 -426582
158130 -426582
158160 -426582
158190 -426582
158220 -426582
158250 -426582
158280 -426582
158310 -426582
158340 -426581
158370 -426581
158400 -426581
158430 -426581
158460 -426581
158490 -426581
158520 -426581
158550 -426581
158580 -426581
158610 -426581
158640 -426581
158670 -426581
158700 -426581
158730 -426581
158760 -426581
158790 -426581
158820 -426581
158850 -426581
158880 -426581
158910 -426580
158940 -426580
158970 -426574
159000 -426574
159030 -426574
159060 -426574
159090 -426574
159120 -426574
159150 -426574
159180 -426574
159210 -426573
159240 -426569
159270 -426564
159300 -426564
159330 -426564
159360 -426556
159390 -426556
159420 -426556
159450 -426556
159480 -426556
159510 -426556
159540 -426556
159570 -426556
159600 -426556
159630 -426556
159660 -426556
159690 -426556
159720 -426556
159750 -426556
159780 -426549
159810 -426549
159840 -426549
159870 -426549
159900 -426549
159930 -426549
159960 -426549
159990 -426549
160020 -426543
160050 -426540
160080 -426540
160110 -426540
160140 -426540
160170 -426540
160200 -426540
160230 -426540
160260 -426540
160290 -426540
160320 -426540
160350 -426540
160380 -426540
160410 -426530
160440 -426530
160470 -426530
160500 -426530
160530 -426530
160560 -426530
160590 -426530
160620 -426530
160650 -426528
160680 -426528
160710 -426528
160740 -426528
160770 -426528
160800 -426528
160830 -426528
160860 -426528
160890 -426528
160920 -426528
160950 -426528
160980 -426528
161010 -426528
161040 -426528
161070 -426528
161100 -426528
161130 -426528
161160 -426528
161190 -426527
161220 -426527
161250 -426527
161280 -426527
161310 -426527
161340 -426527
161370 -426527
161400 -426527
161430 -426527
161460 -426527
161490 -426527
161520 -426527
161550 -426527
161580 -426527
161610 -426527
161640 -426527
161670 -426527
161700 -426527
161730 -426526
161760 -426526
161790 -426526
161820 -426526
161850 -426526
161880 -426526
161910 -426526
161940 -426526
161970 -426521
162000 -426521
162030 -426520
162060 -426520
162090 -426520
162120 -426520
162150 -426520
162180 -426520
162210 -426520
162240 -426520
162270 -426513
162300 -426513
162330 -426513
162360 -426513
162390 -426512
162420 -426496
162450 -426496
162480 -426488
162510 -426438
162540 -426438
162570 -426438
162600 -426438
162630 -426438
162660 -426438
162690 -426438
162720 -426438
162750 -426438
162780 -426438
162810 -426438
162840 -426438
162870 -426438
162900 -426438
162930 -426438
162960 -426438
162990 -426438
163020 -426438
163050 -426438
163080 -426438
163110 -426438
163140 -426438
163170 -426438
163200 -426438
163230 -426438
163260 -426437
163290 -426435
163320 -426435
163350 -426435
163380 -426435
163410 -426435
163440 -426435
163470 -426435
163500 -426425
163530 -426425
163560 -426425
163590 -426425
163620 -426425
163650 -426425
163680 -426425
163710 -426425
163740 -426425
163770 -426425
163800 -426425
163830 -426425
163860 -426421
163890 -426421
163920 -426418
163950 -426418
163980 -426418
164010 -426418
164040 -426418
164070 -426418
164100 -426418
164130 -426418
164160 -426418
164190 -426418
164220 -426418
164250 -426418
164280 -426418
164310 -426359
164340 -426359
164370 -426356
164400 -426356
164430 -426356
164460 -426356
164490 -426356
164520 -426356
164550 -426356
164580 -426356
164610 -426356
164640 -426356
164670 -426356
164700 -426356
164730 -426356
164760 -426356
164790 -426356
164820 -426356
164850 -426356
164880 -426356
164910 -426356
164940 -426355
164970 -426355
165000 -426355
165030 -426355
165060 -426355
165090 -426355
165120 -426355
165150 -426355
165180 -426355
165210 -426355
165240 -426355
165270 -426355
165300 -426355
165330 -426355
165360 -426355
165390 -426355
165420 -426355
165450 -426355
165480 -426355
165510 -426355
165540 -426355
165570 -426355
165600 -426355
165630 -426347
165660 -426347
165690 -426347
165720 -426347
165750 -426347
165780 -426347
165810 -426339
165840 -426339
165870 -426339
165900 -426339
165930 -426339
165960 -426339
165990 -426339
166020 -426339
166050 -426339
166080 -426339
166110 -426339
166140 -426338
166170 -426338
166200 -426337
166230 -426337
166260 -426337
166290 -426337
166320 -426337
166350 -426337
166380 -426337
166410 -426337
166440 -426334
166470 -426328
166500 -426328
166530 -426328
166560 -426328
166590 -426328
166620 -426328
166650 -426328
166680 -426328
166710 -426328
166740 -426328
166770 -426328
166800 -426328
166830 -426328
166860 -426328
166890 -426315
166920 -426315
166950 -426315
166980 -426315
167010 -426315
167040 -426315
167070 -426315
167100 -426315
167130 -426315
167160 -426315
167190 -426311
167220 -426311
167250 -426311
167280 -426311
167310 -426311
167340 -426311
167370 -426311
167400 -426311
167430 -426311
167460 -426311
167490 -426311
167520 -426309
167550 -426309
167580 -426309
167610 -426309
167640 -426309
167670 -426309
167700 -426309
167730 -426309
167760 -426308
167790 -426308
167820 -426308
167850 -426308
167880 -426308
167910 -426308
167940 -426308
167970 -426308
168000 -426308
168030 -426308
168060 -426308
168090 -426307
168120 -426307
168150 -426307
168180 -426307
168210 -426307
168240 -426304
168270 -426304
168300 -426304
168330 -426304
168360 -426304
168390 -426304
168420 -426304
168450 -426304
168480 -426304
168510 -426304
168540 -426304
168570 -426304
168600 -426304
168630 -426304
168660 -426304
168690 -426304
168720 -426304
168750 -426304
168780 -426304
168810 -426304
168840 -426304
168870 -426304
168900 -426304
168930 -426304
168960 -426304
168990 -426304
169020 -426304
169050 -426304
169080 -426304
169110 -426301
169140 -426301
169170 -426301
169200 -426301
169230 -426294
169260 -426294
169290 -426294
169320 -426294
169350 -426294
169380 -426294
169410 -426294
169440 -426294
169470 -426294
169500 -426294
169530 -426294
169560 -426294
169590 -426294
169620 -426294
169650 -426294
169680 -426294
169710 -426288
169740 -426288
169770 -426288
169800 -426288
169830 -426288
169860 -426288
169890 -426288
169920 -426288
169950 -426285
169980 -426285
170010 -426285
170040 -426285
170070 -426285
170100 -426285
170130 -426285
170160 -426285
170190 -426285
170220 -426285
170250 -426285
170280 -426285
170310 -426285
170340 -426285
170370 -426285
170400 -426285
170430 -426284
170460 -426284
170490 -426284
170520 -426276
170550 -426275
170580 -426275
170610 -426275
170640 -426275
170670 -426275
170700 -426275
170730 -426275
170760 -426275
170790 -426275
170820 -426275
170850 -426275
170880 -426274
170910 -426274
170940 -426274
170970 -426268
171000 -426268
171030 -426268
171060 -426268
171090 -426268
171120 -426268
171150 -426268
171180 -426268
171210 -426268
171240 -426268
171270 -426268
171300 -426268
171330 -426268
171360 -426268
171390 -426268
171420 -426268
171450 -426251
171480 -426251
171510 -426251
171540 -426251
171570 -426251
171600 -426251
171630 -426251
171660 -426251
171690 -426251
171720 -426238
171750 -426238
171780 -426238
171810 -426238
171840 -426238
171870 -426238
171900 -426238
171930 -426238
171960 -426238
171990 -426238
172020 -426238
172050 -426238
172080 -426238
172110 -426238
172140 -426238
172170 -426238
172200 -426238
172230 -426238
172260 -426238
172290 -426235
172320 -426235
172350 -426235
172380 -426235
172410 -426235
172440 -426235
172470 -426235
172500 -426234
172530 -426234
172560 -426234
172590 -426234
172620 -426234
172650 -426234
172680 -426232
172710 -426228
172740 -426228
172770 -426228
172800 -426227
172830 -426227
172860 -426227
172890 -426227
172920 -426225
172950 -426225
172980 -426225
173010 -426225
173040 -426225
173070 -426225
173100 -426225
173130 -426225
173160 -426225
173190 -426225
173220 -426225
173250 -426225
173280 -426225
173310 -426223
173340 -426223
173370 -426193
173400 -426193
173430 -426193
173460 -426193
173490 -426193
173520 -426193
173550 -426193
173580 -426193
173610 -426193
173640 -426193
173670 -426193
173700 -426193
173730 -426193
173760 -426193
173790 -426193
173820 -426193
173850 -426193
173880 -426193
173910 -426192
173940 -426192
173970 -426192
174000 -426192
174030 -426192
174060 -426192
174090 -426192
174120 -426192
174150 -426192
174180 -426191
174210 -426191
174240 -426191
174270 -426191
174300 -426191
174330 -426191
174360 -426191
174390 -426191
174420 -426191
174450 -426191
174480 -426191
174510 -426191
174540 -426191
174570 -426191
174600 -426191
174630 -426179
174660 -426176
174690 -426176
174720 -426176
174750 -426176
174780 -426166
174810 -426162
174840 -426162
174870 -426162
174900 -426162
174930 -426162
174960 -426158
174990 -426158
175020 -426158
175050 -426158
175080 -426158
175110 -426158
175140 -426158
175170 -426158
175200 -426158
175230 -426158
175260 -426158
175290 -426158
175320 -426158
175350 -426158
175380 -426158
175410 -426158
175440 -426158
175470 -426158
175500 -426158
175530 -426158
175560 -426158
175590 -426158
175620 -426158
175650 -426158
175680 -426158
175710 -426158
175740 -426158
175770 -426158
175800 -426158
175830 -426152
175860 -426152
175890 -426152
175920 -426152
175950 -426152
175980 -426152
176010 -426152
176040 -426152
176070 -426152
176100 -426152
176130 -426152
176160 -426152
176190 -426152
176220 -426152
176250 -426152
176280 -426152
176310 -426152
176340 -426152
176370 -426152
176400 -426152
176430 -426152
176460 -426142
176490 -426142
176520 -426142
176550 -426142
176580 -426142
176610 -426140
176640 -426140
176670 -426140
176700 -426140
176730 -426140
176760 -426140
176790 -426140
176820 -426140
176850 -426140
176880 -426140
176910 -426140
176940 -426140
176970 -426140
177000 -426140
177030 -426140
177060 -426140
177090 -426140
177120 -426137
177150 -426137
177180 -426137
177210 -426134
177240 -426134
177270 -426134
177300 -426134
177330 -426134
177360 -426134
177390 -426134
177420 -426129
177450 -426129
177480 -426129
177510 -426129
177540 -426129
177570 -426129
177600 -426129
177630 -426116
177660 -426116
177690 -426116
177720 -426116
177750 -426114
177780 -426114
177810 -426114
177840 -426088
177870 -426088
177900 -426082
177930 -426082
177960 -426082
177990 -426082
178020 -426082
178050 -426082
178080 -426082
178110 -426082
178140 -426082
178170 -426080
178200 -426080
178230 -426080
178260 -426079
178290 -426079
178320 -426079
178350 -426079
178380 -426078
178410 -426077
178440 -426077
178470 -426077
178500 -426077
178530 -426077
178560 -426077
178590 -426076
178620 -426076
178650 -426076
178680 -426076
178710 -426073
178740 -426073
178770 -426073
178800 -426073
178830 -426073
178860 -426073
178890 -426073
178920 -426073
178950 -426073
178980 -426073
179010 -426073
179040 -426073
179070 -426073
179100 -426073
179130 -426073
179160 -426073
179190 -426073
179220 -426066
179250 -426066
179280 -426066
179310 -426066
179340 -426066
179370 -426061
179400 -426061
179430 -426061
179460 -426061
179490 -426061
179520 -426061
179550 -426054
179580 -426054
179610 -426054
179640 -426050
179670 -426050
179700 -426050
179730 -426050
179760 -426050
179790 -426050
179820 -426050
179850 -426050
179880 -426050
179910 -426050
179940 -426050
179970 -426050
180000 -426050
180030 -426050
180060 -426050
180090 -426043
180120 -426043
180150 -426043
180180 -426043
180210 -426043
180240 -426043
180270 -426043
180300 -426043
180330 -426043
180360 -426043
180390 -426043
180420 -426043
180450 -426043
180480 -426043
180510 -426043
180540 -426042
180570 -426042
180600 -426042
180630 -426042
180660 -426042
180690 -426042
180720 -426041
180750 -426041
180780 -426041
180810 -426041
180840 -426041
180870 -426041
180900 -426041
180930 -426041
180960 -426041
180990 -426041
181020 -426041
181050 -426041
181080 -426041
181110 -426030
181140 -426030
181170 -426030
181200 -426030
181230 -426030
181260 -426030
181290 -426030
181320 -426030
181350 -426030
181380 -426030
181410 -426030
181440 -426030
181470 -426030
181500 -426030
181530 -426030
181560 -426030
181590 -426029
181620 -426029
181650 -426029
181680 -426029
181710 -426029
181740 -426029
181770 -426029
181800 -426029
