60 -472528
90 -471615
120 -469638
150 -467360
180 -466799
210 -466496
240 -465623
270 -465103
300 -464259
330 -463169
360 -462304
390 -461788
420 -461176
450 -460881
480 -460742
510 -460088
540 -459745
570 -459193
600 -458743
630 -458385
660 -457915
690 -457658
720 -457431
750 -457328
780 -456874
810 -456688
840 -456566
870 -456492
900 -456443
930 -456259
960 -455965
990 -455717
1020 -455416
1050 -455168
1080 -455142
1110 -455050
1140 -454989
1170 -454922
1200 -454567
1230 -454356
1260 -454234
1290 -454022
1320 -453904
1350 -453839
1380 -453611
1410 -453463
1440 -453350
1470 -453271
1500 -453154
1530 -452929
1560 -452848
1590 -452373
1620 -452340
1650 -452264
1680 -452117
1710 -451942
1740 -451829
1770 -451701
1800 -451655
1830 -451422
1860 -451041
1890 -450866
1920 -450601
1950 -450392
1980 -450337
2010 -450318
2040 -450271
2070 -450195
2100 -450027
2130 -449780
2160 -449725
2190 -449619
2220 -449391
2250 -449382
2280 -449194
2310 -449108
2340 -449065
2370 -448881
2400 -448849
2430 -448740
2460 -448478
2490 -448465
2520 -448415
2550 -448316
2580 -448260
2610 -448207
2640 -447903
2670 -447827
2700 -447813
2730 -447682
2760 -447545
2790 -447514
2820 -447488
2850 -447460
2880 -447289
2910 -447145
2940 -447108
2970 -447092
3000 -446893
3030 -446819
3060 -446755
3090 -446744
3120 -446682
3150 -446650
3180 -446647
3210 -446533
3240 -446468
3270 -446468
3300 -446322
3330 -446318
3360 -446305
3390 -446254
3420 -446183
3450 -446179
3480 -446142
3510 -446049
3540 -446048
3570 -445699
3600 -445561
3630 -445561
3660 -445542
3690 -445498
3720 -445401
3750 -445233
3780 -445198
3810 -445118
3840 -445108
3870 -445015
3900 -444936
3930 -444800
3960 -444800
3990 -444794
4020 -444733
4050 -444433
4080 -444416
4110 -444391
4140 -444369
4170 -444349
4200 -444197
4230 -444142
4260 -444056
4290 -444039
4320 -443966
4350 -443835
4380 -443808
4410 -443782
4440 -443768
4470 -443747
4500 -443704
4530 -443671
4560 -443671
4590 -443631
4620 -443588
4650 -443588
4680 -443490
4710 -443425
4740 -443356
4770 -443331
4800 -443242
4830 -443110
4860 -443090
4890 -443090
4920 -443050
4950 -443048
4980 -442951
5010 -442881
5040 -442859
5070 -442859
5100 -442808
5130 -442788
5160 -442719
5190 -442682
5220 -442584
5250 -442555
5280 -442533
5310 -442463
5340 -442437
5370 -442428
5400 -442407
5430 -442346
5460 -442346
5490 -442230
5520 -442230
5550 -442199
5580 -442188
5610 -442172
5640 -442082
5670 -442021
5700 -442019
5730 -441818
5760 -441790
5790 -441782
5820 -441774
5850 -441751
5880 -441677
5910 -441650
5940 -441625
5970 -441553
6000 -441471
6030 -441419
6060 -441344
6090 -441339
6120 -441278
6150 -441214
6180 -441186
6210 -441166
6240 -441117
6270 -441104
6300 -441104
6330 -441059
6360 -440997
6390 -440976
6420 -440943
6450 -440943
6480 -440917
6510 -440917
6540 -440909
6570 -440894
6600 -440888
6630 -440818
6660 -440754
6690 -440718
6720 -440705
6750 -440612
6780 -440604
6810 -440604
6840 -440511
6870 -440467
6900 -440449
6930 -440408
6960 -440391
6990 -440323
7020 -440310
7050 -440310
7080 -440308
7110 -440281
7140 -440278
7170 -440278
7200 -440278
7230 -440164
7260 -440120
7290 -440114
7320 -440096
7350 -440071
7380 -440057
7410 -440032
7440 -440000
7470 -440000
7500 -440000
7530 -439958
7560 -439955
7590 -439913
7620 -439913
7650 -439864
7680 -439821
7710 -439821
7740 -439811
7770 -439807
7800 -439769
7830 -439756
7860 -439718
7890 -439716
7920 -439707
7950 -439682
7980 -439566
8010 -439565
8040 -439529
8070 -439529
8100 -439457
8130 -439443
8160 -439443
8190 -439426
8220 -439388
8250 -439370
8280 -439370
8310 -439328
8340 -439320
8370 -439196
8400 -439196
8430 -439138
8460 -439125
8490 -439061
8520 -439015
8550 -439002
8580 -439001
8610 -438984
8640 -438895
8670 -438881
8700 -438853
8730 -438805
8760 -438790
8790 -438790
8820 -438781
8850 -438725
8880 -438707
8910 -438706
8940 -438690
8970 -438676
9000 -438630
9030 -438602
9060 -438553
9090 -438553
9120 -438522
9150 -438476
9180 -438476
9210 -438394
9240 -438378
9270 -438325
9300 -438299
9330 -438258
9360 -438251
9390 -438232
9420 -438232
9450 -438208
9480 -438168
9510 -438160
9540 -438133
9570 -438108
9600 -438108
9630 -438082
9660 -438070
9690 -438040
9720 -438003
9750 -438003
9780 -437991
9810 -437951
9840 -437943
9870 -437938
9900 -437909
9930 -437903
9960 -437903
9990 -437839
10020 -437805
10050 -437790
10080 -437753
10110 -437744
10140 -437743
10170 -437710
10200 -437681
10230 -437681
10260 -437659
10290 -437654
10320 -437645
10350 -437522
10380 -437510
10410 -437489
10440 -437486
10470 -437486
10500 -437475
10530 -437367
10560 -437367
10590 -437320
10620 -437320
10650 -437314
10680 -437240
10710 -437240
10740 -437240
10770 -437212
10800 -437211
10830 -437211
10860 -437211
10890 -437211
10920 -437198
10950 -437192
10980 -437192
11010 -437186
11040 -437164
11070 -437164
11100 -437164
11130 -437163
11160 -437154
11190 -437126
11220 -437109
11250 -437109
11280 -437109
11310 -437088
11340 -437075
11370 -437075
11400 -437071
11430 -436949
11460 -436943
11490 -436943
11520 -436913
11550 -436900
11580 -436898
11610 -436844
11640 -436844
11670 -436833
11700 -436828
11730 -436790
11760 -436790
11790 -436716
11820 -436716
11850 -436702
11880 -436656
11910 -436489
11940 -436472
11970 -436461
12000 -436461
12030 -436405
12060 -436387
12090 -436387
12120 -436387
12150 -436387
12180 -436379
12210 -436379
12240 -436378
12270 -436378
12300 -436377
12330 -436377
12360 -436377
12390 -436361
12420 -436169
12450 -436169
12480 -436169
12510 -436146
12540 -436142
12570 -436142
12600 -436142
12630 -436125
12660 -436125
12690 -436110
12720 -436042
12750 -436007
12780 -436006
12810 -436006
12840 -436006
12870 -435993
12900 -435849
12930 -435678
12960 -435575
12990 -435575
13020 -435572
13050 -435550
13080 -435550
13110 -435537
13140 -435498
13170 -435433
13200 -435433
13230 -435423
13260 -435423
13290 -435422
13320 -435377
13350 -435290
13380 -435244
13410 -435244
13440 -435241
13470 -435231
13500 -435228
13530 -435228
13560 -435207
13590 -435207
13620 -435205
13650 -435119
13680 -435119
13710 -435097
13740 -435097
13770 -435097
13800 -435092
13830 -435092
13860 -435075
13890 -435075
13920 -435073
13950 -435059
13980 -435044
14010 -435044
14040 -435004
14070 -435001
14100 -434999
14130 -434999
14160 -434976
14190 -434913
14220 -434898
14250 -434830
14280 -434830
14310 -434830
14340 -434794
14370 -434709
14400 -434704
14430 -434660
14460 -434649
14490 -434643
14520 -434643
14550 -434643
14580 -434625
14610 -434625
14640 -434625
14670 -434553
14700 -434553
14730 -434540
14760 -434538
14790 -434507
14820 -434498
14850 -434498
14880 -434490
14910 -434445
14940 -434443
14970 -434430
15000 -434402
15030 -434393
15060 -434383
15090 -434383
15120 -434356
15150 -434346
15180 -434346
15210 -434339
15240 -434310
15270 -434298
15300 -434298
15330 -434275
15360 -434269
15390 -434259
15420 -434248
15450 -434248
15480 -434248
15510 -434228
15540 -434203
15570 -434124
15600 -434124
15630 -434106
15660 -434069
15690 -433917
15720 -433915
15750 -433881
15780 -433870
15810 -433867
15840 -433867
15870 -433832
15900 -433832
15930 -433813
15960 -433813
15990 -433811
16020 -433776
16050 -433759
16080 -433759
16110 -433753
16140 -433753
16170 -433741
16200 -433676
16230 -433669
16260 -433654
16290 -433623
16320 -433616
16350 -433600
16380 -433593
16410 -433588
16440 -433572
16470 -433552
16500 -433552
16530 -433524
16560 -433522
16590 -433520
16620 -433520
16650 -433504
16680 -433430
16710 -433430
16740 -433393
16770 -433375
16800 -433375
16830 -433345
16860 -433325
16890 -433316
16920 -433275
16950 -433270
16980 -433268
17010 -433268
17040 -433268
17070 -433254
17100 -433254
17130 -433227
17160 -433205
17190 -433196
17220 -433196
17250 -433174
17280 -433174
17310 -433174
17340 -433150
17370 -433139
17400 -433114
17430 -433108
17460 -433101
17490 -433085
17520 -433071
17550 -433071
17580 -433071
17610 -433071
17640 -433054
17670 -433052
17700 -433052
17730 -433047
17760 -433033
17790 -433033
17820 -432987
17850 -432980
17880 -432936
17910 -432905
17940 -432905
17970 -432905
18000 -432905
18030 -432897
18060 -432897
18090 -432881
18120 -432881
18150 -432881
18180 -432847
18210 -432847
18240 -432811
18270 -432811
18300 -432811
18330 -432770
18360 -432770
18390 -432756
18420 -432753
18450 -432753
18480 -432753
18510 -432737
18540 -432726
18570 -432726
18600 -432706
18630 -432699
18660 -432642
18690 -432635
18720 -432635
18750 -432635
18780 -432583
18810 -432566
18840 -432540
18870 -432529
18900 -432524
18930 -432522
18960 -432522
18990 -432496
19020 -432494
19050 -432487
19080 -432487
19110 -432487
19140 -432487
19170 -432480
19200 -432475
19230 -432445
19260 -432431
19290 -432360
19320 -432345
19350 -432303
19380 -432272
19410 -432266
19440 -432266
19470 -432263
19500 -432250
19530 -432239
19560 -432237
19590 -432181
19620 -432158
19650 -432108
19680 -432108
19710 -432108
19740 -432076
19770 -432076
19800 -432073
19830 -432069
19860 -432034
19890 -432021
19920 -431975
19950 -431975
19980 -431975
20010 -431975
20040 -431970
20070 -431970
20100 -431970
20130 -431970
20160 -431970
20190 -431955
20220 -431945
20250 -431922
20280 -431906
20310 -431904
20340 -431893
20370 -431868
20400 -431857
20430 -431857
20460 -431857
20490 -431857
20520 -431847
20550 -431840
20580 -431835
20610 -431794
20640 -431720
20670 -431719
20700 -431695
20730 -431683
20760 -431683
20790 -431682
20820 -431682
20850 -431672
20880 -431661
20910 -431661
20940 -431661
20970 -431647
21000 -431647
21030 -431647
21060 -431619
21090 -431619
21120 -431618
21150 -431618
21180 -431618
21210 -431615
21240 -431613
21270 -431606
21300 -431597
21330 -431582
21360 -431582
21390 -431579
21420 -431579
21450 -431575
21480 -431572
21510 -431570
21540 -431520
21570 -431516
21600 -431516
21630 -431497
21660 -431497
21690 -431473
21720 -431473
21750 -431473
21780 -431473
21810 -431404
21840 -431399
21870 -431382
21900 -431382
21930 -431324
21960 -431322
21990 -431322
22020 -431316
22050 -431316
22080 -431313
22110 -431313
22140 -431302
22170 -431294
22200 -431294
22230 -431261
22260 -431224
22290 -431176
22320 -431176
22350 -431091
22380 -431081
22410 -431081
22440 -431068
22470 -431064
22500 -431064
22530 -431063
22560 -431063
22590 -431055
22620 -431041
22650 -430981
22680 -430964
22710 -430956
22740 -430956
22770 -430956
22800 -430933
22830 -430933
22860 -430925
22890 -430912
22920 -430854
22950 -430841
22980 -430841
23010 -430840
23040 -430840
23070 -430826
23100 -430826
23130 -430826
23160 -430826
23190 -430816
23220 -430816
23250 -430816
23280 -430782
23310 -430782
23340 -430770
23370 -430770
23400 -430770
23430 -430757
23460 -430752
23490 -430749
23520 -430749
23550 -430749
23580 -430749
23610 -430749
23640 -430748
23670 -430720
23700 -430720
23730 -430704
23760 -430670
23790 -430662
23820 -430662
23850 -430642
23880 -430642
23910 -430627
23940 -430627
23970 -430627
24000 -430627
24030 -430605
24060 -430605
24090 -430605
24120 -430602
24150 -430602
24180 -430585
24210 -430585
24240 -430573
24270 -430573
24300 -430565
24330 -430565
24360 -430550
24390 -430546
24420 -430546
24450 -430546
24480 -430546
24510 -430546
24540 -430502
24570 -430494
24600 -430488
24630 -430487
24660 -430484
24690 -430484
24720 -430477
24750 -430477
24780 -430449
24810 -430433
24840 -430430
24870 -430430
24900 -430424
24930 -430414
24960 -430396
24990 -430381
25020 -430381
25050 -430381
25080 -430368
25110 -430362
25140 -430362
25170 -430362
25200 -430362
25230 -430362
25260 -430356
25290 -430338
25320 -430338
25350 -430335
25380 -430335
25410 -430331
25440 -430331
25470 -430327
25500 -430323
25530 -430323
25560 -430320
25590 -430320
25620 -430319
25650 -430319
25680 -430315
25710 -430315
25740 -430315
25770 -430309
25800 -430305
25830 -430269
25860 -430269
25890 -430201
25920 -430183
25950 -430170
25980 -430168
26010 -430153
26040 -430153
26070 -430140
26100 -430140
26130 -430140
26160 -430140
26190 -430140
26220 -429955
26250 -429934
26280 -429911
26310 -429880
26340 -429858
26370 -429858
26400 -429841
26430 -429830
26460 -429830
26490 -429830
26520 -429791
26550 -429736
26580 -429736
26610 -429736
26640 -429736
26670 -429728
26700 -429728
26730 -429718
26760 -429714
26790 -429710
26820 -429653
26850 -429653
26880 -429653
26910 -429653
26940 -429653
26970 -429646
27000 -429646
27030 -429620
27060 -429603
27090 -429583
27120 -429583
27150 -429583
27180 -429583
27210 -429583
27240 -429578
27270 -429578
27300 -429578
27330 -429578
27360 -429578
27390 -429578
27420 -429578
27450 -429510
27480 -429504
27510 -429504
27540 -429504
27570 -429504
27600 -429500
27630 -429500
27660 -429372
27690 -429355
27720 -429326
27750 -429323
27780 -429319
27810 -429318
27840 -429316
27870 -429316
27900 -429310
27930 -429310
27960 -429296
27990 -429296
28020 -429286
28050 -429281
28080 -429279
28110 -429279
28140 -429265
28170 -429260
28200 -429260
28230 -429253
28260 -429253
28290 -429253
28320 -429253
28350 -429253
28380 -429236
28410 -429232
28440 -429232
28470 -429232
28500 -429225
28530 -429219
28560 -429217
28590 -429217
28620 -429217
28650 -429217
28680 -429217
28710 -429211
28740 -429211
28770 -429201
28800 -429177
28830 -429164
28860 -429164
28890 -429154
28920 -429154
28950 -429154
28980 -429154
29010 -429139
29040 -429071
29070 -429071
29100 -429071
29130 -429056
29160 -429056
29190 -429056
29220 -429018
29250 -429013
29280 -429013
29310 -429013
29340 -429010
29370 -429008
29400 -429003
29430 -429003
29460 -428996
29490 -428989
29520 -428978
29550 -428978
29580 -428950
29610 -428907
29640 -428907
29670 -428892
29700 -428891
29730 -428883
29760 -428883
29790 -428883
29820 -428883
29850 -428876
29880 -428876
29910 -428857
29940 -428824
29970 -428800
30000 -428799
30030 -428788
30060 -428787
30090 -428787
30120 -428763
30150 -428758
30180 -428751
30210 -428751
30240 -428751
30270 -428751
30300 -428747
30330 -428747
30360 -428747
30390 -428744
30420 -428731
30450 -428731
30480 -428704
30510 -428704
30540 -428693
30570 -428671
30600 -428671
30630 -428640
30660 -428496
30690 -428496
30720 -428496
30750 -428496
30780 -428496
30810 -428496
30840 -428490
30870 -428489
30900 -428473
30930 -428473
30960 -428473
30990 -428470
31020 -428460
31050 -428421
31080 -428421
31110 -428420
31140 -428420
31170 -428413
31200 -428413
31230 -428413
31260 -428402
31290 -428402
31320 -428402
31350 -428386
31380 -428386
31410 -428386
31440 -428386
31470 -428386
31500 -428386
31530 -428386
31560 -428352
31590 -428342
31620 -428327
31650 -428327
31680 -428319
31710 -428316
31740 -428316
31770 -428306
31800 -428306
31830 -428306
31860 -428260
31890 -428218
31920 -428218
31950 -428217
31980 -428210
32010 -428175
32040 -428174
32070 -428167
32100 -428166
32130 -428166
32160 -428166
32190 -428139
32220 -428139
32250 -428139
32280 -428139
32310 -428139
32340 -428124
32370 -428123
32400 -428123
32430 -428120
32460 -428120
32490 -428120
32520 -428120
32550 -428111
32580 -428111
32610 -428111
32640 -428100
32670 -428100
32700 -428100
32730 -428092
32760 -428092
32790 -428092
32820 -428085
32850 -428063
32880 -428063
32910 -428063
32940 -428063
32970 -428063
33000 -428050
33030 -428050
33060 -428044
33090 -428040
33120 -428027
33150 -428027
33180 -428027
33210 -428027
33240 -428026
33270 -428013
33300 -428002
33330 -428002
33360 -428002
33390 -428002
33420 -428002
33450 -428002
33480 -428002
33510 -428002
33540 -427984
33570 -427984
33600 -427984
33630 -427930
33660 -427928
33690 -427893
33720 -427893
33750 -427893
33780 -427887
33810 -427887
33840 -427887
33870 -427887
33900 -427883
33930 -427870
33960 -427865
33990 -427825
34020 -427825
34050 -427825
34080 -427825
34110 -427820
34140 -427820
34170 -427820
34200 -427820
34230 -427784
34260 -427772
34290 -427772
34320 -427772
34350 -427772
34380 -427760
34410 -427714
34440 -427708
34470 -427674
34500 -427674
34530 -427672
34560 -427606
34590 -427606
34620 -427584
34650 -427584
34680 -427584
34710 -427584
34740 -427543
34770 -427543
34800 -427524
34830 -427524
34860 -427524
34890 -427524
34920 -427524
34950 -427524
34980 -427524
35010 -427523
35040 -427517
35070 -427517
35100 -427517
35130 -427517
35160 -427499
35190 -427499
35220 -427499
35250 -427486
35280 -427486
35310 -427483
35340 -427477
35370 -427467
35400 -427437
35430 -427437
35460 -427382
35490 -427382
35520 -427380
35550 -427371
35580 -427368
35610 -427346
35640 -427346
35670 -427340
35700 -427338
35730 -427338
35760 -427338
35790 -427337
35820 -427337
35850 -427304
35880 -427290
35910 -427290
35940 -427290
35970 -427278
36000 -427254
36030 -427254
36060 -427254
36090 -427252
36120 -427252
36150 -427252
36180 -427228
36210 -427228
36240 -427228
36270 -427228
36300 -427228
36330 -427228
36360 -427221
36390 -427221
36420 -427207
36450 -427203
36480 -427203
36510 -427202
36540 -427200
36570 -427180
36600 -427180
36630 -427168
36660 -427168
36690 -427166
36720 -427166
36750 -427163
36780 -427163
36810 -427163
36840 -427163
36870 -427153
36900 -427143
36930 -427143
36960 -427075
36990 -427075
37020 -427075
37050 -427061
37080 -427056
37110 -427056
37140 -427056
37170 -427040
37200 -427040
37230 -427040
37260 -427030
37290 -427020
37320 -427020
37350 -427020
37380 -427020
37410 -427020
37440 -427019
37470 -427018
37500 -427018
37530 -427018
37560 -427004
37590 -427004
37620 -426989
37650 -426954
37680 -426954
37710 -426949
37740 -426938
37770 -426928
37800 -426915
37830 -426915
37860 -426906
37890 -426859
37920 -426859
37950 -426859
37980 -426846
38010 -426846
38040 -426846
38070 -426840
38100 -426839
38130 -426833
38160 -426833
38190 -426832
38220 -426832
38250 -426832
38280 -426832
38310 -426826
38340 -426826
38370 -426826
38400 -426826
38430 -426826
38460 -426826
38490 -426826
38520 -426826
38550 -426826
38580 -426823
38610 -426823
38640 -426823
38670 -426804
38700 -426804
38730 -426804
38760 -426804
38790 -426804
38820 -426792
38850 -426792
38880 -426792
38910 -426792
38940 -426790
38970 -426788
39000 -426763
39030 -426763
39060 -426761
39090 -426761
39120 -426761
39150 -426761
39180 -426761
39210 -426756
39240 -426756
39270 -426756
39300 -426756
39330 -426756
39360 -426756
39390 -426756
39420 -426756
39450 -426754
39480 -426749
39510 -426749
39540 -426749
39570 -426744
39600 -426744
39630 -426744
39660 -426744
39690 -426744
39720 -426715
39750 -426715
39780 -426713
39810 -426713
39840 -426704
39870 -426670
39900 -426667
39930 -426667
39960 -426667
39990 -426667
40020 -426639
40050 -426636
40080 -426636
40110 -426636
40140 -426618
40170 -426618
40200 -426618
40230 -426618
40260 -426586
40290 -426586
40320 -426562
40350 -426562
40380 -426559
40410 -426559
40440 -426521
40470 -426521
40500 -426521
40530 -426504
40560 -426504
40590 -426501
40620 -426501
40650 -426501
40680 -426498
40710 -426498
40740 -426496
40770 -426479
40800 -426479
40830 -426479
40860 -426479
40890 -426479
40920 -426412
40950 -426412
40980 -426401
41010 -426401
41040 -426401
41070 -426401
41100 -426401
41130 -426394
41160 -426394
41190 -426394
41220 -426394
41250 -426394
41280 -426394
41310 -426381
41340 -426381
41370 -426377
41400 -426371
41430 -426371
41460 -426370
41490 -426370
41520 -426370
41550 -426370
41580 -426370
41610 -426370
41640 -426356
41670 -426356
41700 -426356
41730 -426356
41760 -426356
41790 -426356
41820 -426340
41850 -426340
41880 -426340
41910 -426340
41940 -426340
41970 -426340
42000 -426340
42030 -426340
42060 -426334
42090 -426331
42120 -426331
42150 -426331
42180 -426314
42210 -426314
42240 -426314
42270 -426290
42300 -426290
42330 -426290
42360 -426290
42390 -426287
42420 -426287
42450 -426287
42480 -426287
42510 -426273
42540 -426273
42570 -426273
42600 -426215
42630 -426215
42660 -426215
42690 -426215
42720 -426215
42750 -426215
42780 -426214
42810 -426170
42840 -426170
42870 -426170
42900 -426170
42930 -426170
42960 -426167
42990 -426160
43020 -426160
43050 -426150
43080 -426149
43110 -426149
43140 -426149
43170 -426130
43200 -426130
43230 -426130
43260 -426130
43290 -426111
43320 -426111
43350 -426097
43380 -426097
43410 -426095
43440 -426095
43470 -426095
43500 -426095
43530 -426095
43560 -426090
43590 -426090
43620 -426084
43650 -426084
43680 -426084
43710 -426084
43740 -426084
43770 -426084
43800 -426084
43830 -426084
43860 -426084
43890 -426071
43920 -426071
43950 -426071
43980 -426071
44010 -426065
44040 -426043
44070 -426043
44100 -426043
44130 -426033
44160 -426026
44190 -426026
44220 -426021
44250 -426021
44280 -426018
44310 -426018
44340 -426018
44370 -426015
44400 -426010
44430 -426010
44460 -426010
44490 -425996
44520 -425996
44550 -425996
44580 -425996
44610 -425996
44640 -425996
44670 -425989
44700 -425972
44730 -425967
44760 -425964
44790 -425964
44820 -425895
44850 -425895
44880 -425895
44910 -425895
44940 -425895
44970 -425878
45000 -425878
45030 -425834
45060 -425821
45090 -425821
45120 -425821
45150 -425821
45180 -425805
45210 -425805
45240 -425805
45270 -425805
45300 -425805
45330 -425805
45360 -425805
45390 -425805
45420 -425792
45450 -425792
45480 -425775
45510 -425774
45540 -425752
45570 -425752
45600 -425752
45630 -425749
45660 -425749
45690 -425749
45720 -425744
45750 -425744
45780 -425687
45810 -425677
45840 -425675
45870 -425675
45900 -425675
45930 -425675
45960 -425675
45990 -425673
46020 -425673
46050 -425673
46080 -425673
46110 -425665
46140 -425665
46170 -425665
46200 -425665
46230 -425665
46260 -425665
46290 -425665
46320 -425665
46350 -425665
46380 -425660
46410 -425660
46440 -425657
46470 -425657
46500 -425657
46530 -425656
46560 -425656
46590 -425656
46620 -425650
46650 -425647
46680 -425647
46710 -425647
46740 -425644
46770 -425644
46800 -425644
46830 -425644
46860 -425643
46890 -425643
46920 -425643
46950 -425643
46980 -425643
47010 -425642
47040 -425642
47070 -425633
47100 -425633
47130 -425633
47160 -425632
47190 -425632
47220 -425629
47250 -425620
47280 -425620
47310 -425620
47340 -425620
47370 -425611
47400 -425611
47430 -425611
47460 -425611
47490 -425611
47520 -425611
47550 -425604
47580 -425604
47610 -425604
47640 -425582
47670 -425582
47700 -425582
47730 -425582
47760 -425582
47790 -425582
47820 -425582
47850 -425568
47880 -425557
47910 -425557
47940 -425556
47970 -425556
48000 -425535
48030 -425535
48060 -425535
48090 -425535
48120 -425535
48150 -425535
48180 -425535
48210 -425524
48240 -425524
48270 -425524
48300 -425524
48330 -425524
48360 -425523
48390 -425522
48420 -425522
48450 -425522
48480 -425520
48510 -425520
48540 -425520
48570 -425520
48600 -425489
48630 -425489
48660 -425489
48690 -425488
48720 -425470
48750 -425470
48780 -425470
48810 -425470
48840 -425446
48870 -425446
48900 -425446
48930 -425446
48960 -425446
48990 -425446
49020 -425446
49050 -425439
49080 -425436
49110 -425402
49140 -425402
49170 -425402
49200 -425402
49230 -425402
49260 -425398
49290 -425392
49320 -425389
49350 -425384
49380 -425384
49410 -425382
49440 -425382
49470 -425382
49500 -425382
49530 -425376
49560 -425376
49590 -425376
49620 -425376
49650 -425376
49680 -425376
49710 -425376
49740 -425376
49770 -425363
49800 -425363
49830 -425363
49860 -425363
49890 -425352
49920 -425352
49950 -425352
49980 -425352
50010 -425352
50040 -425316
50070 -425311
50100 -425311
50130 -425311
50160 -425311
50190 -425311
50220 -425311
50250 -425311
50280 -425311
50310 -425311
50340 -425311
50370 -425311
50400 -425305
50430 -425305
50460 -425305
50490 -425297
50520 -425242
50550 -425242
50580 -425242
50610 -425239
50640 -425239
50670 -425239
50700 -425239
50730 -425239
50760 -425224
50790 -425224
50820 -425219
50850 -425219
50880 -425219
50910 -425219
50940 -425219
50970 -425195
51000 -425195
51030 -425195
51060 -425192
51090 -425184
51120 -425111
51150 -425111
51180 -425111
51210 -425105
51240 -425030
51270 -425019
51300 -425010
51330 -425010
51360 -425010
51390 -424997
51420 -424997
51450 -424950
51480 -424950
51510 -424940
51540 -424940
51570 -424940
51600 -424940
51630 -424940
51660 -424940
51690 -424940
51720 -424940
51750 -424940
51780 -424940
51810 -424940
51840 -424940
51870 -424940
51900 -424940
51930 -424927
51960 -424927
51990 -424927
52020 -424927
52050 -424927
52080 -424927
52110 -424927
52140 -424927
52170 -424913
52200 -424913
52230 -424913
52260 -424913
52290 -424894
52320 -424894
52350 -424889
52380 -424875
52410 -424875
52440 -424844
52470 -424842
52500 -424842
52530 -424831
52560 -424831
52590 -424831
52620 -424829
52650 -424821
52680 -424804
52710 -424804
52740 -424801
52770 -424785
52800 -424785
52830 -424785
52860 -424779
52890 -424779
52920 -424779
52950 -424779
52980 -424779
53010 -424779
53040 -424775
53070 -424744
53100 -424744
53130 -424744
53160 -424744
53190 -424741
53220 -424741
53250 -424741
53280 -424741
53310 -424741
53340 -424740
53370 -424737
53400 -424737
53430 -424737
53460 -424736
53490 -424736
53520 -424734
53550 -424728
53580 -424728
53610 -424726
53640 -424721
53670 -424721
53700 -424714
53730 -424712
53760 -424712
53790 -424712
53820 -424712
53850 -424712
53880 -424708
53910 -424708
53940 -424708
53970 -424699
54000 -424681
54030 -424681
54060 -424678
54090 -424678
54120 -424678
54150 -424678
54180 -424678
54210 -424678
54240 -424666
54270 -424654
54300 -424638
54330 -424638
54360 -424638
54390 -424630
54420 -424629
54450 -424629
54480 -424629
54510 -424629
54540 -424629
54570 -424629
54600 -424626
54630 -424626
54660 -424615
54690 -424606
54720 -424606
54750 -424606
54780 -424605
54810 -424573
54840 -424573
54870 -424573
54900 -424573
54930 -424556
54960 -424534
54990 -424534
55020 -424534
55050 -424534
55080 -424528
55110 -424521
55140 -424521
55170 -424519
55200 -424519
55230 -424508
55260 -424508
55290 -424475
55320 -424475
55350 -424475
55380 -424475
55410 -424475
55440 -424475
55470 -424475
55500 -424475
55530 -424475
55560 -424471
55590 -424469
55620 -424469
55650 -424467
55680 -424467
55710 -424467
55740 -424467
55770 -424467
55800 -424467
55830 -424467
55860 -424467
55890 -424467
55920 -424467
55950 -424467
55980 -424466
56010 -424466
56040 -424466
56070 -424466
56100 -424466
56130 -424466
56160 -424461
56190 -424461
56220 -424461
56250 -424461
56280 -424461
56310 -424461
56340 -424461
56370 -424461
56400 -424458
56430 -424458
56460 -424458
56490 -424439
56520 -424439
56550 -424439
56580 -424439
56610 -424439
56640 -424431
56670 -424430
56700 -424430
56730 -424430
56760 -424430
56790 -424430
56820 -424430
56850 -424430
56880 -424430
56910 -424430
56940 -424430
56970 -424430
57000 -424430
57030 -424430
57060 -424430
57090 -424430
57120 -424426
57150 -424426
57180 -424426
57210 -424395
57240 -424395
57270 -424395
57300 -424395
57330 -424392
57360 -424392
57390 -424392
57420 -424392
57450 -424392
57480 -424384
57510 -424384
57540 -424384
57570 -424384
57600 -424384
57630 -424384
57660 -424384
57690 -424384
57720 -424384
57750 -424384
57780 -424384
57810 -424384
57840 -424384
57870 -424372
57900 -424371
57930 -424371
57960 -424356
57990 -424356
58020 -424353
58050 -424353
58080 -424353
58110 -424353
58140 -424352
58170 -424352
58200 -424352
58230 -424352
58260 -424352
58290 -424352
58320 -424335
58350 -424335
58380 -424335
58410 -424328
58440 -424328
58470 -424326
58500 -424326
58530 -424326
58560 -424326
58590 -424309
58620 -424309
58650 -424298
58680 -424298
58710 -424298
58740 -424298
58770 -424298
58800 -424298
58830 -424298
58860 -424281
58890 -424249
58920 -424249
58950 -424244
58980 -424244
59010 -424227
59040 -424226
59070 -424226
59100 -424220
59130 -424220
59160 -424220
59190 -424220
59220 -424218
59250 -424218
59280 -424218
59310 -424218
59340 -424218
59370 -424218
59400 -424209
59430 -424206
59460 -424205
59490 -424205
59520 -424205
59550 -424205
59580 -424205
59610 -424205
59640 -424205
59670 -424205
59700 -424205
59730 -424205
59760 -424187
59790 -424187
59820 -424187
59850 -424177
59880 -424177
59910 -424177
59940 -424151
59970 -424151
60000 -424151
60030 -424151
60060 -424151
60090 -424151
60120 -424148
60150 -424146
60180 -424140
60210 -424140
60240 -424140
60270 -424140
60300 -424134
60330 -424134
60360 -424089
60390 -424089
60420 -424089
60450 -424089
60480 -424089
60510 -424089
60540 -424089
60570 -424088
60600 -424088
60630 -424071
60660 -424071
60690 -424071
60720 -424070
60750 -424063
60780 -424063
60810 -424063
60840 -424063
60870 -424048
60900 -424048
60930 -424048
60960 -424048
60990 -424048
61020 -424048
61050 -424048
61080 -424048
61110 -424048
61140 -424048
61170 -424048
61200 -424037
61230 -424037
61260 -424037
61290 -424037
61320 -424037
61350 -424037
61380 -424037
61410 -424037
61440 -424037
61470 -424037
61500 -424026
61530 -424026
61560 -424008
61590 -424000
61620 -424000
61650 -424000
61680 -424000
61710 -423988
61740 -423988
61770 -423988
61800 -423988
61830 -423988
61860 -423988
61890 -423988
61920 -423988
61950 -423988
61980 -423982
62010 -423982
62040 -423982
62070 -423982
62100 -423982
62130 -423968
62160 -423878
62190 -423878
62220 -423878
62250 -423829
62280 -423829
62310 -423829
62340 -423818
62370 -423818
62400 -423818
62430 -423818
62460 -423818
62490 -423818
62520 -423808
62550 -423808
62580 -423808
62610 -423808
62640 -423808
62670 -423808
62700 -423808
62730 -423808
62760 -423808
62790 -423808
62820 -423808
62850 -423795
62880 -423795
62910 -423795
62940 -423795
62970 -423795
63000 -423791
63030 -423791
63060 -423791
63090 -423791
63120 -423791
63150 -423791
63180 -423791
63210 -423769
63240 -423768
63270 -423762
63300 -423762
63330 -423762
63360 -423746
63390 -423735
63420 -423735
63450 -423730
63480 -423730
63510 -423730
63540 -423730
63570 -423730
63600 -423730
63630 -423730
63660 -423725
63690 -423713
63720 -423713
63750 -423713
63780 -423713
63810 -423713
63840 -423695
63870 -423695
63900 -423695
63930 -423683
63960 -423679
63990 -423679
64020 -423679
64050 -423677
64080 -423677
64110 -423672
64140 -423672
64170 -423672
64200 -423672
64230 -423672
64260 -423665
64290 -423662
64320 -423662
64350 -423662
64380 -423662
64410 -423662
64440 -423662
64470 -423662
64500 -423610
64530 -423606
64560 -423606
64590 -423606
64620 -423595
64650 -423589
64680 -423589
64710 -423589
64740 -423589
64770 -423571
64800 -423569
64830 -423546
64860 -423539
64890 -423539
64920 -423536
64950 -423528
64980 -423528
65010 -423505
65040 -423505
65070 -423492
65100 -423492
65130 -423492
65160 -423492
65190 -423441
65220 -423441
65250 -423441
65280 -423441
65310 -423441
65340 -423418
65370 -423400
65400 -423388
65430 -423388
65460 -423388
65490 -423388
65520 -423388
65550 -423371
65580 -423371
65610 -423363
65640 -423349
65670 -423349
65700 -423340
65730 -423340
65760 -423340
65790 -423340
65820 -423308
65850 -423308
65880 -423308
65910 -423291
65940 -423291
65970 -423291
66000 -423291
66030 -423291
66060 -423291
66090 -423279
66120 -423279
66150 -423278
66180 -423275
66210 -423269
66240 -423269
66270 -423264
66300 -423263
66330 -423263
66360 -423262
66390 -423262
66420 -423261
66450 -423261
66480 -423253
66510 -423253
66540 -423253
66570 -423253
66600 -423253
66630 -423245
66660 -423245
66690 -423245
66720 -423245
66750 -423245
66780 -423245
66810 -423241
66840 -423225
66870 -423225
66900 -423225
66930 -423225
66960 -423225
66990 -423216
67020 -423216
67050 -423216
67080 -423214
67110 -423201
67140 -423201
67170 -423201
67200 -423200
67230 -423200
67260 -423200
67290 -423200
67320 -423200
67350 -423200
67380 -423170
67410 -423170
67440 -423170
67470 -423170
67500 -423120
67530 -423120
67560 -423120
67590 -423120
67620 -423064
67650 -423064
67680 -423060
67710 -423060
67740 -423060
67770 -423060
67800 -423060
67830 -423059
67860 -423058
67890 -423058
67920 -423057
67950 -423054
67980 -423029
68010 -423029
68040 -423029
68070 -423029
68100 -423029
68130 -423029
68160 -423029
68190 -423019
68220 -423019
68250 -423003
68280 -422991
68310 -422991
68340 -422991
68370 -422991
68400 -422986
68430 -422986
68460 -422986
68490 -422986
68520 -422986
68550 -422986
68580 -422986
68610 -422986
68640 -422986
68670 -422986
68700 -422986
68730 -422978
68760 -422978
68790 -422964
68820 -422964
68850 -422964
68880 -422964
68910 -422964
68940 -422964
68970 -422964
69000 -422964
69030 -422964
69060 -422964
69090 -422964
69120 -422964
69150 -422964
69180 -422956
69210 -422938
69240 -422938
69270 -422938
69300 -422938
69330 -422938
69360 -422938
69390 -422938
69420 -422938
69450 -422938
69480 -422938
69510 -422938
69540 -422918
69570 -422917
69600 -422917
69630 -422917
69660 -422917
69690 -422917
69720 -422915
69750 -422915
69780 -422915
69810 -422915
69840 -422915
69870 -422915
69900 -422915
69930 -422915
69960 -422915
69990 -422915
70020 -422915
70050 -422915
70080 -422901
70110 -422899
70140 -422889
70170 -422889
70200 -422889
70230 -422889
70260 -422885
70290 -422885
70320 -422885
70350 -422885
70380 -422885
70410 -422885
70440 -422885
70470 -422885
70500 -422885
70530 -422885
70560 -422885
70590 -422885
70620 -422885
70650 -422885
70680 -422878
70710 -422878
70740 -422817
70770 -422811
70800 -422801
70830 -422793
70860 -422793
70890 -422793
70920 -422793
70950 -422793
70980 -422793
71010 -422793
71040 -422788
71070 -422784
71100 -422777
71130 -422777
71160 -422777
71190 -422777
71220 -422772
71250 -422772
71280 -422769
71310 -422769
71340 -422769
71370 -422769
71400 -422769
71430 -422769
71460 -422768
71490 -422768
71520 -422768
71550 -422768
71580 -422768
71610 -422768
71640 -422766
71670 -422654
71700 -422654
71730 -422654
71760 -422649
71790 -422645
71820 -422641
71850 -422641
71880 -422641
71910 -422641
71940 -422641
71970 -422638
72000 -422633
72030 -422633
72060 -422633
72090 -422612
72120 -422612
72150 -422612
72180 -422612
72210 -422612
72240 -422612
72270 -422612
72300 -422612
72330 -422612
72360 -422612
72390 -422612
72420 -422612
72450 -422612
72480 -422612
72510 -422596
72540 -422596
72570 -422596
72600 -422596
72630 -422596
72660 -422596
72690 -422595
72720 -422594
72750 -422594
72780 -422594
72810 -422594
72840 -422594
72870 -422594
72900 -422594
72930 -422594
72960 -422594
72990 -422593
73020 -422593
73050 -422578
73080 -422578
73110 -422578
73140 -422578
73170 -422576
73200 -422571
73230 -422571
73260 -422571
73290 -422571
73320 -422571
73350 -422556
73380 -422556
73410 -422556
73440 -422556
73470 -422556
73500 -422556
73530 -422556
73560 -422556
73590 -422550
73620 -422550
73650 -422550
73680 -422550
73710 -422550
73740 -422544
73770 -422533
73800 -422533
73830 -422530
73860 -422521
73890 -422520
73920 -422518
73950 -422518
73980 -422517
74010 -422513
74040 -422489
74070 -422489
74100 -422489
74130 -422482
74160 -422482
74190 -422469
74220 -422469
74250 -422469
74280 -422465
74310 -422465
74340 -422465
74370 -422465
74400 -422465
74430 -422465
74460 -422465
74490 -422465
74520 -422462
74550 -422462
74580 -422462
74610 -422451
74640 -422451
74670 -422451
74700 -422451
74730 -422444
74760 -422444
74790 -422444
74820 -422444
74850 -422444
74880 -422428
74910 -422425
74940 -422425
74970 -422425
75000 -422425
75030 -422425
75060 -422425
75090 -422425
75120 -422425
75150 -422425
75180 -422425
75210 -422425
75240 -422425
75270 -422419
75300 -422419
75330 -422419
75360 -422419
75390 -422419
75420 -422419
75450 -422409
75480 -422409
75510 -422409
75540 -422369
75570 -422369
75600 -422365
75630 -422365
75660 -422365
75690 -422365
75720 -422364
75750 -422363
75780 -422360
75810 -422360
75840 -422360
75870 -422360
75900 -422360
75930 -422360
75960 -422360
75990 -422358
76020 -422358
76050 -422357
76080 -422337
76110 -422337
76140 -422337
76170 -422337
76200 -422337
76230 -422337
76260 -422337
76290 -422332
76320 -422332
76350 -422331
76380 -422331
76410 -422331
76440 -422331
76470 -422331
76500 -422331
76530 -422310
76560 -422308
76590 -422308
76620 -422308
76650 -422308
76680 -422300
76710 -422300
76740 -422300
76770 -422300
76800 -422300
76830 -422300
76860 -422300
76890 -422300
76920 -422300
76950 -422298
76980 -422298
77010 -422267
77040 -422267
77070 -422267
77100 -422267
77130 -422267
77160 -422267
77190 -422267
77220 -422249
77250 -422249
77280 -422249
77310 -422237
77340 -422220
77370 -422220
77400 -422220
77430 -422220
77460 -422220
77490 -422220
77520 -422220
77550 -422220
77580 -422220
77610 -422220
77640 -422220
77670 -422220
77700 -422220
77730 -422220
77760 -422217
77790 -422217
77820 -422212
77850 -422209
77880 -422209
77910 -422209
77940 -422208
77970 -422208
78000 -422208
78030 -422194
78060 -422194
78090 -422185
78120 -422183
78150 -422180
78180 -422178
78210 -422178
78240 -422178
78270 -422178
78300 -422170
78330 -422170
78360 -422170
78390 -422170
78420 -422170
78450 -422166
78480 -422163
78510 -422161
78540 -422156
78570 -422135
78600 -422135
78630 -422135
78660 -422135
78690 -422135
78720 -422135
78750 -422129
78780 -422129
78810 -422129
78840 -422129
78870 -422129
78900 -422129
78930 -422129
78960 -422129
78990 -422129
79020 -422129
79050 -422129
79080 -422126
79110 -422123
79140 -422117
79170 -422117
79200 -422117
79230 -422103
79260 -422103
79290 -422103
79320 -422101
79350 -422101
79380 -422098
79410 -422098
79440 -422098
79470 -422092
79500 -422086
79530 -422086
79560 -422083
79590 -422083
79620 -422083
79650 -422083
79680 -422083
79710 -422083
79740 -422083
79770 -422083
79800 -422083
79830 -422083
79860 -422083
79890 -422083
79920 -422083
79950 -422083
79980 -422083
80010 -422083
80040 -422083
80070 -422075
80100 -422075
80130 -422075
80160 -422075
80190 -422075
80220 -422075
80250 -422075
80280 -422075
80310 -422071
80340 -422070
80370 -422066
80400 -422066
80430 -422066
80460 -422048
80490 -422048
80520 -422048
80550 -422048
80580 -422048
80610 -422043
80640 -422037
80670 -422037
80700 -422037
80730 -422037
80760 -422037
80790 -422037
80820 -422037
80850 -422037
80880 -422026
80910 -422026
80940 -422025
80970 -422025
81000 -422025
81030 -422025
81060 -422025
81090 -422025
81120 -422025
81150 -422025
81180 -422025
81210 -422025
81240 -422022
81270 -422021
81300 -422021
81330 -422021
81360 -422021
81390 -422021
81420 -422021
81450 -422021
81480 -422021
81510 -422015
81540 -422015
81570 -422015
81600 -422015
81630 -421901
81660 -421901
81690 -421900
81720 -421899
81750 -421899
81780 -421899
81810 -421897
81840 -421897
81870 -421897
81900 -421897
81930 -421897
81960 -421897
81990 -421897
82020 -421897
82050 -421895
82080 -421893
82110 -421893
82140 -421881
82170 -421880
82200 -421880
82230 -421880
82260 -421874
82290 -421874
82320 -421874
82350 -421872
82380 -421841
82410 -421841
82440 -421841
82470 -421841
82500 -421841
82530 -421841
82560 -421838
82590 -421838
82620 -421832
82650 -421832
82680 -421832
82710 -421832
82740 -421832
82770 -421832
82800 -421832
82830 -421832
82860 -421832
82890 -421832
82920 -421832
82950 -421805
82980 -421805
83010 -421805
83040 -421805
83070 -421805
83100 -421805
83130 -421796
83160 -421796
83190 -421796
83220 -421796
83250 -421796
83280 -421796
83310 -421796
83340 -421796
83370 -421787
83400 -421787
83430 -421787
83460 -421780
83490 -421780
83520 -421780
83550 -421780
83580 -421780
83610 -421780
83640 -421780
83670 -421780
83700 -421780
83730 -421780
83760 -421780
83790 -421779
83820 -421779
83850 -421757
83880 -421757
83910 -421757
83940 -421702
83970 -421702
84000 -421702
84030 -421702
84060 -421702
84090 -421702
84120 -421702
84150 -421702
84180 -421702
84210 -421702
84240 -421698
84270 -421698
84300 -421698
84330 -421698
84360 -421697
84390 -421697
84420 -421697
84450 -421697
84480 -421697
84510 -421697
84540 -421697
84570 -421697
84600 -421697
84630 -421697
84660 -421688
84690 -421688
84720 -421688
84750 -421687
84780 -421687
84810 -421687
84840 -421687
84870 -421687
84900 -421687
84930 -421687
84960 -421687
84990 -421687
85020 -421685
85050 -421685
85080 -421685
85110 -421682
85140 -421669
85170 -421669
85200 -421658
85230 -421658
85260 -421654
85290 -421654
85320 -421654
85350 -421654
85380 -421654
85410 -421654
85440 -421654
85470 -421654
85500 -421654
85530 -421654
85560 -421654
85590 -421654
85620 -421654
85650 -421654
85680 -421654
85710 -421654
85740 -421654
85770 -421654
85800 -421654
85830 -421654
85860 -421654
85890 -421648
85920 -421648
85950 -421648
85980 -421645
86010 -421645
86040 -421623
86070 -421623
86100 -421623
86130 -421623
86160 -421623
86190 -421612
86220 -421612
86250 -421612
86280 -421612
86310 -421612
86340 -421612
86370 -421612
86400 -421612
86430 -421612
86460 -421612
86490 -421612
86520 -421612
86550 -421612
86580 -421612
86610 -421612
86640 -421612
86670 -421612
86700 -421612
86730 -421565
86760 -421565
86790 -421561
86820 -421561
86850 -421561
86880 -421561
86910 -421549
86940 -421549
86970 -421532
87000 -421529
87030 -421529
87060 -421529
87090 -421529
87120 -421529
87150 -421529
87180 -421529
87210 -421529
87240 -421529
87270 -421529
87300 -421524
87330 -421523
87360 -421523
87390 -421523
87420 -421523
87450 -421523
87480 -421519
87510 -421519
87540 -421519
87570 -421519
87600 -421519
87630 -421519
87660 -421519
87690 -421519
87720 -421519
87750 -421509
87780 -421502
87810 -421502
87840 -421502
87870 -421502
87900 -421502
87930 -421502
87960 -421502
87990 -421502
88020 -421502
88050 -421502
88080 -421483
88110 -421483
88140 -421479
88170 -421477
88200 -421477
88230 -421477
88260 -421477
88290 -421476
88320 -421476
88350 -421476
88380 -421476
88410 -421476
88440 -421476
88470 -421476
88500 -421476
88530 -421476
88560 -421476
88590 -421476
88620 -421476
88650 -421476
88680 -421475
88710 -421475
88740 -421475
88770 -421475
88800 -421475
88830 -421475
88860 -421475
88890 -421475
88920 -421475
88950 -421475
88980 -421464
89010 -421464
89040 -421464
89070 -421464
89100 -421464
89130 -421464
89160 -421431
89190 -421430
89220 -421426
89250 -421426
89280 -421426
89310 -421426
89340 -421426
89370 -421425
89400 -421425
89430 -421425
89460 -421425
89490 -421425
89520 -421425
89550 -421425
89580 -421423
89610 -421412
89640 -421412
89670 -421412
89700 -421412
89730 -421391
89760 -421381
89790 -421381
89820 -421378
89850 -421376
89880 -421376
89910 -421376
89940 -421376
89970 -421376
90000 -421376
90030 -421376
90060 -421376
90090 -421376
90120 -421376
90150 -421376
90180 -421376
90210 -421374
90240 -421372
90270 -421367
90300 -421367
90330 -421367
90360 -421367
90390 -421341
90420 -421341
90450 -421326
90480 -421326
90510 -421326
90540 -421316
90570 -421300
90600 -421298
90630 -421298
90660 -421298
90690 -421298
90720 -421297
90750 -421297
90780 -421297
90810 -421297
90840 -421297
90870 -421297
90900 -421297
90930 -421297
90960 -421297
90990 -421297
91020 -421297
91050 -421296
91080 -421296
91110 -421296
91140 -421296
91170 -421296
91200 -421296
91230 -421293
91260 -421293
91290 -421293
91320 -421293
91350 -421293
91380 -421293
91410 -421293
91440 -421293
91470 -421293
91500 -421293
91530 -421293
91560 -421293
91590 -421293
91620 -421293
91650 -421293
91680 -421293
91710 -421293
91740 -421293
91770 -421293
91800 -421237
91830 -421237
91860 -421237
91890 -421237
91920 -421228
91950 -421228
91980 -421226
92010 -421226
92040 -421226
92070 -421226
92100 -421226
92130 -421226
92160 -421226
92190 -421226
92220 -421226
92250 -421226
92280 -421226
92310 -421224
92340 -421219
92370 -421219
92400 -421219
92430 -421217
92460 -421217
92490 -421217
92520 -421217
92550 -421217
92580 -421207
92610 -421207
92640 -421207
92670 -421207
92700 -421207
92730 -421207
92760 -421207
92790 -421207
92820 -421207
92850 -421207
92880 -421207
92910 -421158
92940 -421158
92970 -421158
93000 -421158
93030 -421158
93060 -421156
93090 -421156
93120 -421156
93150 -421112
93180 -421112
93210 -421111
93240 -421111
93270 -421111
93300 -421111
93330 -421108
93360 -421106
93390 -421106
93420 -421106
93450 -421037
93480 -421034
93510 -421034
93540 -421032
93570 -421030
93600 -421030
93630 -421030
93660 -421030
93690 -421024
93720 -421024
93750 -421024
93780 -421024
93810 -421024
93840 -421022
93870 -421022
93900 -421014
93930 -421014
93960 -421014
93990 -420978
94020 -420978
94050 -420978
94080 -420978
94110 -420978
94140 -420978
94170 -420978
94200 -420978
94230 -420978
94260 -420975
94290 -420975
94320 -420975
94350 -420975
94380 -420975
94410 -420975
94440 -420975
94470 -420975
94500 -420975
94530 -420975
94560 -420975
94590 -420975
94620 -420975
94650 -420972
94680 -420972
94710 -420972
94740 -420972
94770 -420972
94800 -420972
94830 -420972
94860 -420972
94890 -420972
94920 -420972
94950 -420972
94980 -420972
95010 -420972
95040 -420972
95070 -420972
95100 -420970
95130 -420970
95160 -420964
95190 -420964
95220 -420964
95250 -420964
95280 -420964
95310 -420964
95340 -420961
95370 -420961
95400 -420961
95430 -420960
95460 -420960
95490 -420960
95520 -420960
95550 -420960
95580 -420960
95610 -420960
95640 -420960
95670 -420960
95700 -420954
95730 -420954
95760 -420954
95790 -420954
95820 -420954
95850 -420954
95880 -420951
95910 -420951
95940 -420909
95970 -420884
96000 -420884
96030 -420864
96060 -420864
96090 -420841
96120 -420840
96150 -420840
96180 -420840
96210 -420840
96240 -420821
96270 -420798
96300 -420789
96330 -420789
96360 -420789
96390 -420786
96420 -420786
96450 -420778
96480 -420778
96510 -420778
96540 -420778
96570 -420766
96600 -420758
96630 -420758
96660 -420747
96690 -420747
96720 -420747
96750 -420747
96780 -420747
96810 -420731
96840 -420731
96870 -420731
96900 -420730
96930 -420702
96960 -420698
96990 -420698
97020 -420698
97050 -420698
97080 -420698
97110 -420688
97140 -420688
97170 -420684
97200 -420683
97230 -420675
97260 -420675
97290 -420673
97320 -420658
97350 -420650
97380 -420650
97410 -420649
97440 -420627
97470 -420627
97500 -420624
97530 -420624
97560 -420589
97590 -420589
97620 -420589
97650 -420589
97680 -420589
97710 -420589
97740 -420589
97770 -420589
97800 -420589
97830 -420589
97860 -420589
97890 -420589
97920 -420573
97950 -420573
97980 -420573
98010 -420569
98040 -420561
98070 -420561
98100 -420561
98130 -420556
98160 -420556
98190 -420556
98220 -420556
98250 -420556
98280 -420555
98310 -420555
98340 -420555
98370 -420555
98400 -420555
98430 -420555
98460 -420555
98490 -420555
98520 -420555
98550 -420555
98580 -420555
98610 -420555
98640 -420555
98670 -420555
98700 -420555
98730 -420533
98760 -420533
98790 -420533
98820 -420533
98850 -420533
98880 -420533
98910 -420527
98940 -420510
98970 -420510
99000 -420510
99030 -420510
99060 -420510
99090 -420510
99120 -420510
99150 -420508
99180 -420508
99210 -420505
99240 -420492
99270 -420482
99300 -420482
99330 -420482
99360 -420482
99390 -420479
99420 -420479
99450 -420479
99480 -420479
99510 -420479
99540 -420479
99570 -420479
99600 -420479
99630 -420474
99660 -420474
99690 -420474
99720 -420470
99750 -420470
99780 -420460
99810 -420460
99840 -420460
99870 -420452
99900 -420420
99930 -420420
99960 -420415
99990 -420415
100020 -420414
100050 -420414
100080 -420411
100110 -420411
100140 -420411
100170 -420411
100200 -420411
100230 -420411
100260 -420411
100290 -420411
100320 -420411
100350 -420411
100380 -420411
100410 -420406
100440 -420406
100470 -420406
100500 -420406
100530 -420406
100560 -420406
100590 -420406
100620 -420406
100650 -420396
100680 -420382
100710 -420382
100740 -420382
100770 -420382
100800 -420376
100830 -420376
100860 -420376
100890 -420373
100920 -420373
100950 -420373
100980 -420373
101010 -420373
101040 -420373
101070 -420373
101100 -420373
101130 -420373
101160 -420373
101190 -420372
101220 -420370
101250 -420370
101280 -420369
101310 -420369
101340 -420369
101370 -420369
101400 -420369
101430 -420369
101460 -420369
101490 -420369
101520 -420369
101550 -420369
101580 -420369
101610 -420369
101640 -420365
101670 -420365
101700 -420365
101730 -420365
101760 -420365
101790 -420365
101820 -420365
101850 -420357
101880 -420329
101910 -420325
101940 -420325
101970 -420325
102000 -420325
102030 -420321
102060 -420321
102090 -420321
102120 -420321
102150 -420321
102180 -420321
102210 -420315
102240 -420315
102270 -420315
102300 -420315
102330 -420313
102360 -420313
102390 -420313
102420 -420313
102450 -420313
102480 -420310
102510 -420310
102540 -420310
102570 -420309
102600 -420309
102630 -420309
102660 -420309
102690 -420309
102720 -420301
102750 -420297
102780 -420297
102810 -420297
102840 -420297
102870 -420297
102900 -420297
102930 -420297
102960 -420297
102990 -420297
103020 -420297
103050 -420293
103080 -420293
103110 -420293
103140 -420293
103170 -420293
103200 -420292
103230 -420289
103260 -420238
103290 -420238
103320 -420238
103350 -420238
103380 -420238
103410 -420238
103440 -420238
103470 -420238
103500 -420238
103530 -420238
103560 -420238
103590 -420238
103620 -420222
103650 -420222
103680 -420222
103710 -420222
103740 -420192
103770 -420192
103800 -420192
103830 -420192
103860 -420186
103890 -420186
103920 -420186
103950 -420186
103980 -420186
104010 -420186
104040 -420186
104070 -420177
104100 -420177
104130 -420177
104160 -420175
104190 -420175
104220 -420175
104250 -420175
104280 -420175
104310 -420175
104340 -420175
104370 -420175
104400 -420175
104430 -420158
104460 -420158
104490 -420158
104520 -420158
104550 -420158
104580 -420158
104610 -420158
104640 -420158
104670 -420107
104700 -420107
104730 -420098
104760 -420088
104790 -420088
104820 -420088
104850 -420088
104880 -420084
104910 -420084
104940 -420084
104970 -420084
105000 -420084
105030 -420084
105060 -420079
105090 -420079
105120 -420079
105150 -420078
105180 -420078
105210 -420078
105240 -420078
105270 -420078
105300 -420078
105330 -420078
105360 -420078
105390 -420038
105420 -420038
105450 -420038
105480 -420023
105510 -420023
105540 -420023
105570 -420023
105600 -420023
105630 -420023
105660 -420018
105690 -420016
105720 -420016
105750 -420016
105780 -420013
105810 -420013
105840 -420013
105870 -420013
105900 -420013
105930 -420013
105960 -420013
105990 -420009
106020 -420009
106050 -420009
106080 -420009
106110 -420009
106140 -420009
106170 -420009
106200 -420009
106230 -419948
106260 -419948
106290 -419938
106320 -419936
106350 -419936
106380 -419936
106410 -419925
106440 -419913
106470 -419913
106500 -419911
106530 -419911
106560 -419911
106590 -419911
106620 -419908
106650 -419906
106680 -419906
106710 -419906
106740 -419906
106770 -419906
106800 -419896
106830 -419896
106860 -419887
106890 -419887
106920 -419887
106950 -419886
106980 -419886
107010 -419884
107040 -419884
107070 -419884
107100 -419884
107130 -419884
107160 -419884
107190 -419866
107220 -419848
107250 -419848
107280 -419848
107310 -419848
107340 -419848
107370 -419848
107400 -419848
107430 -419848
107460 -419848
107490 -419848
107520 -419848
107550 -419848
107580 -419848
107610 -419848
107640 -419848
107670 -419848
107700 -419848
107730 -419848
107760 -419848
107790 -419848
107820 -419848
107850 -419843
107880 -419842
107910 -419832
107940 -419832
107970 -419832
108000 -419832
108030 -419832
108060 -419832
108090 -419832
108120 -419832
108150 -419832
108180 -419829
108210 -419829
108240 -419829
108270 -419829
108300 -419829
108330 -419829
108360 -419829
108390 -419829
108420 -419829
108450 -419829
108480 -419829
108510 -419828
108540 -419828
108570 -419828
108600 -419828
108630 -419827
108660 -419827
108690 -419827
108720 -419827
108750 -419827
108780 -419827
108810 -419827
108840 -419814
108870 -419814
108900 -419814
108930 -419813
108960 -419813
108990 -419813
109020 -419811
109050 -419796
109080 -419796
109110 -419796
109140 -419796
109170 -419796
109200 -419796
109230 -419796
109260 -419796
109290 -419796
109320 -419796
109350 -419796
109380 -419796
109410 -419795
109440 -419788
109470 -419788
109500 -419788
109530 -419788
109560 -419788
109590 -419788
109620 -419788
109650 -419788
109680 -419788
109710 -419788
109740 -419788
109770 -419788
109800 -419788
109830 -419788
109860 -419788
109890 -419786
109920 -419786
109950 -419780
109980 -419780
110010 -419780
110040 -419780
110070 -419780
110100 -419780
110130 -419780
110160 -419780
110190 -419780
110220 -419780
110250 -419780
110280 -419779
110310 -419774
110340 -419774
110370 -419774
110400 -419774
110430 -419774
110460 -419774
110490 -419774
110520 -419746
110550 -419735
110580 -419735
110610 -419735
110640 -419735
110670 -419735
110700 -419735
110730 -419735
110760 -419735
110790 -419735
110820 -419735
110850 -419735
110880 -419735
110910 -419735
110940 -419735
110970 -419735
111000 -419735
111030 -419735
111060 -419735
111090 -419735
111120 -419735
111150 -419735
111180 -419735
111210 -419735
111240 -419735
111270 -419735
111300 -419735
111330 -419735
111360 -419735
111390 -419735
111420 -419735
111450 -419735
111480 -419735
111510 -419735
111540 -419733
111570 -419732
111600 -419732
111630 -419730
111660 -419730
111690 -419730
111720 -419730
111750 -419725
111780 -419725
111810 -419725
111840 -419725
111870 -419725
111900 -419725
111930 -419725
111960 -419725
111990 -419725
112020 -419725
112050 -419724
112080 -419724
112110 -419724
112140 -419724
112170 -419723
112200 -419723
112230 -419723
112260 -419720
112290 -419716
112320 -419707
112350 -419707
112380 -419707
112410 -419707
112440 -419707
112470 -419707
112500 -419707
112530 -419706
112560 -419689
112590 -419689
112620 -419686
112650 -419686
112680 -419684
112710 -419676
112740 -419676
112770 -419676
112800 -419676
112830 -419676
112860 -419676
112890 -419663
112920 -419663
112950 -419663
112980 -419663
113010 -419663
113040 -419663
113070 -419663
113100 -419663
113130 -419663
113160 -419660
113190 -419660
113220 -419658
113250 -419658
113280 -419658
113310 -419658
113340 -419658
113370 -419649
113400 -419649
113430 -419649
113460 -419630
113490 -419630
113520 -419626
113550 -419626
113580 -419626
113610 -419626
113640 -419622
113670 -419622
113700 -419622
113730 -419622
113760 -419622
113790 -419622
113820 -419622
113850 -419619
113880 -419599
113910 -419599
113940 -419599
113970 -419590
114000 -419590
114030 -419590
114060 -419590
114090 -419590
114120 -419590
114150 -419590
114180 -419590
114210 -419590
114240 -419587
114270 -419587
114300 -419587
114330 -419587
114360 -419564
114390 -419564
114420 -419564
114450 -419564
114480 -419564
114510 -419564
114540 -419564
114570 -419564
114600 -419564
114630 -419564
114660 -419564
114690 -419564
114720 -419564
114750 -419554
114780 -419515
114810 -419515
114840 -419515
114870 -419515
114900 -419488
114930 -419488
114960 -419488
114990 -419488
115020 -419488
115050 -419488
115080 -419488
115110 -419488
115140 -419488
115170 -419485
115200 -419485
115230 -419485
115260 -419485
115290 -419470
115320 -419470
115350 -419470
115380 -419470
115410 -419470
115440 -419470
115470 -419470
115500 -419470
115530 -419470
115560 -419470
115590 -419470
115620 -419470
115650 -419468
115680 -419468
115710 -419468
115740 -419468
115770 -419466
115800 -419466
115830 -419466
115860 -419466
115890 -419466
115920 -419466
115950 -419466
115980 -419466
116010 -419462
116040 -419462
116070 -419460
116100 -419460
116130 -419460
116160 -419460
116190 -419460
116220 -419460
116250 -419460
116280 -419456
116310 -419456
116340 -419451
116370 -419451
116400 -419451
116430 -419451
116460 -419451
116490 -419451
116520 -419446
116550 -419423
116580 -419412
116610 -419412
116640 -419410
116670 -419410
116700 -419408
116730 -419403
116760 -419403
116790 -419403
116820 -419403
116850 -419382
116880 -419382
116910 -419382
116940 -419375
116970 -419375
117000 -419375
117030 -419375
117060 -419344
117090 -419344
117120 -419344
117150 -419344
117180 -419344
117210 -419344
117240 -419344
117270 -419344
117300 -419344
117330 -419344
117360 -419344
117390 -419343
117420 -419343
117450 -419339
117480 -419339
117510 -419339
117540 -419339
117570 -419337
117600 -419337
117630 -419337
117660 -419337
117690 -419337
117720 -419328
117750 -419328
117780 -419328
117810 -419328
117840 -419328
117870 -419328
117900 -419328
117930 -419328
117960 -419328
117990 -419328
118020 -419328
118050 -419328
118080 -419313
118110 -419313
118140 -419313
118170 -419308
118200 -419308
118230 -419308
118260 -419308
118290 -419308
118320 -419308
118350 -419304
118380 -419304
118410 -419299
118440 -419299
118470 -419299
118500 -419294
118530 -419294
118560 -419294
118590 -419294
118620 -419294
118650 -419294
118680 -419294
118710 -419292
118740 -419292
118770 -419292
118800 -419292
118830 -419292
118860 -419292
118890 -419291
118920 -419291
118950 -419291
118980 -419291
119010 -419291
119040 -419291
119070 -419291
119100 -419291
119130 -419291
119160 -419270
119190 -419270
119220 -419270
119250 -419270
119280 -419270
119310 -419270
119340 -419264
119370 -419264
119400 -419264
119430 -419264
119460 -419261
119490 -419239
119520 -419239
119550 -419239
119580 -419239
119610 -419239
119640 -419239
119670 -419239
119700 -419235
119730 -419235
119760 -419235
119790 -419235
119820 -419235
119850 -419235
119880 -419235
119910 -419235
119940 -419235
119970 -419235
120000 -419224
120030 -419224
120060 -419224
120090 -419224
120120 -419224
120150 -419224
120180 -419224
120210 -419224
120240 -419221
120270 -419201
120300 -419201
120330 -419201
120360 -419189
120390 -419189
120420 -419189
120450 -419189
120480 -419189
120510 -419189
120540 -419189
120570 -419189
120600 -419189
120630 -419189
120660 -419189
120690 -419189
120720 -419189
120750 -419189
120780 -419186
120810 -419186
120840 -419186
120870 -419186
120900 -419181
120930 -419180
120960 -419180
120990 -419180
121020 -419180
121050 -419180
121080 -419180
121110 -419180
121140 -419180
121170 -419180
121200 -419180
121230 -419180
121260 -419179
121290 -419179
121320 -419179
121350 -419176
121380 -419176
121410 -419176
121440 -419176
121470 -419176
121500 -419176
121530 -419176
121560 -419176
121590 -419176
121620 -419176
121650 -419176
121680 -419176
121710 -419174
121740 -419174
121770 -419174
121800 -419174
121830 -419174
121860 -419174
121890 -419174
121920 -419174
121950 -419174
121980 -419174
122010 -419169
122040 -419169
122070 -419169
122100 -419169
122130 -419167
122160 -419167
122190 -419167
122220 -419162
122250 -419162
122280 -419162
122310 -419162
122340 -419162
122370 -419162
122400 -419162
122430 -419162
122460 -419162
122490 -419162
122520 -419162
122550 -419162
122580 -419162
122610 -419162
122640 -419162
122670 -419162
122700 -419162
122730 -419162
122760 -419154
122790 -419117
122820 -419117
122850 -419117
122880 -419117
122910 -419117
122940 -419117
122970 -419117
123000 -419117
123030 -419117
123060 -419117
123090 -419117
123120 -419117
123150 -419117
123180 -419117
123210 -419117
123240 -419117
123270 -419117
123300 -419115
123330 -419115
123360 -419115
123390 -419115
123420 -419115
123450 -419114
123480 -419114
123510 -419114
123540 -419114
123570 -419100
123600 -419100
123630 -419065
123660 -419065
123690 -419063
123720 -419063
123750 -419063
123780 -419063
123810 -419063
123840 -419063
123870 -419063
123900 -419060
123930 -419060
123960 -419060
123990 -419060
124020 -419060
124050 -419060
124080 -419060
124110 -419060
124140 -419060
124170 -419060
124200 -419060
124230 -419060
124260 -419057
124290 -419057
124320 -419057
124350 -419057
124380 -419057
124410 -419057
124440 -419057
124470 -419056
124500 -419056
124530 -419056
124560 -419056
124590 -419056
124620 -419056
124650 -419056
124680 -419056
124710 -419056
124740 -419056
124770 -419056
124800 -419056
124830 -419056
124860 -419056
124890 -419056
124920 -419056
124950 -419046
124980 -419046
125010 -419046
125040 -419042
125070 -419035
125100 -419035
125130 -419035
125160 -419035
125190 -419035
125220 -419031
125250 -419031
125280 -419028
125310 -419025
125340 -419025
125370 -419025
125400 -419025
125430 -419025
125460 -419025
125490 -419025
125520 -419025
125550 -419025
125580 -419025
125610 -419025
125640 -419024
125670 -419024
125700 -419024
125730 -419024
125760 -419024
125790 -419024
125820 -419024
125850 -419024
125880 -419024
125910 -419024
125940 -419024
125970 -419024
126000 -419024
126030 -419024
126060 -419024
126090 -419019
126120 -419019
126150 -419019
126180 -418970
126210 -418970
126240 -418970
126270 -418970
126300 -418968
126330 -418968
126360 -418968
126390 -418968
126420 -418968
126450 -418968
126480 -418968
126510 -418968
126540 -418968
126570 -418968
126600 -418968
126630 -418968
126660 -418968
126690 -418968
126720 -418968
126750 -418968
126780 -418968
126810 -418968
126840 -418968
126870 -418968
126900 -418968
126930 -418968
126960 -418967
126990 -418967
127020 -418967
127050 -418967
127080 -418967
127110 -418967
127140 -418967
127170 -418967
127200 -418967
127230 -418967
127260 -418967
127290 -418967
127320 -418967
127350 -418967
127380 -418967
127410 -418967
127440 -418964
127470 -418964
127500 -418964
127530 -418964
127560 -418964
127590 -418964
127620 -418964
127650 -418959
127680 -418959
127710 -418955
127740 -418955
127770 -418955
127800 -418955
127830 -418955
127860 -418955
127890 -418955
127920 -418952
127950 -418952
127980 -418949
128010 -418949
128040 -418949
128070 -418949
128100 -418949
128130 -418949
128160 -418949
128190 -418949
128220 -418949
128250 -418949
128280 -418949
128310 -418949
128340 -418949
128370 -418949
128400 -418945
128430 -418945
128460 -418945
128490 -418945
128520 -418945
128550 -418945
128580 -418945
128610 -418945
128640 -418945
128670 -418945
128700 -418945
128730 -418945
128760 -418945
128790 -418945
128820 -418945
128850 -418945
128880 -418945
128910 -418945
128940 -418945
128970 -418945
129000 -418945
129030 -418945
129060 -418945
129090 -418945
129120 -418945
129150 -418945
129180 -418945
129210 -418945
129240 -418945
129270 -418945
129300 -418945
129330 -418945
129360 -418942
129390 -418942
129420 -418940
129450 -418940
129480 -418940
129510 -418924
129540 -418924
129570 -418924
129600 -418924
129630 -418924
129660 -418924
129690 -418924
129720 -418924
129750 -418924
129780 -418924
129810 -418924
129840 -418924
129870 -418924
129900 -418924
129930 -418924
129960 -418924
129990 -418924
130020 -418924
130050 -418924
130080 -418924
130110 -418924
130140 -418924
130170 -418924
130200 -418917
130230 -418917
130260 -418917
130290 -418917
130320 -418917
130350 -418917
130380 -418917
130410 -418917
130440 -418917
130470 -418917
130500 -418917
130530 -418917
130560 -418917
130590 -418917
130620 -418917
130650 -418917
130680 -418917
130710 -418917
130740 -418917
130770 -418914
130800 -418909
130830 -418909
130860 -418909
130890 -418909
130920 -418909
130950 -418909
130980 -418909
131010 -418909
131040 -418909
131070 -418909
131100 -418908
131130 -418907
131160 -418907
131190 -418907
131220 -418906
131250 -418906
131280 -418906
131310 -418906
131340 -418906
131370 -418906
131400 -418906
131430 -418906
131460 -418906
131490 -418883
131520 -418883
131550 -418883
131580 -418883
131610 -418883
131640 -418883
131670 -418883
131700 -418883
131730 -418883
131760 -418883
131790 -418882
131820 -418882
131850 -418882
131880 -418882
131910 -418882
131940 -418882
131970 -418882
132000 -418882
132030 -418882
132060 -418882
132090 -418882
132120 -418882
132150 -418882
132180 -418882
132210 -418882
132240 -418882
132270 -418882
132300 -418882
132330 -418882
132360 -418882
132390 -418878
132420 -418878
132450 -418878
132480 -418878
132510 -418878
132540 -418878
132570 -418878
132600 -418877
132630 -418870
132660 -418870
132690 -418869
132720 -418869
132750 -418869
132780 -418853
132810 -418853
132840 -418853
132870 -418853
132900 -418853
132930 -418852
132960 -418852
132990 -418852
133020 -418851
133050 -418851
133080 -418851
133110 -418851
133140 -418851
133170 -418851
133200 -418851
133230 -418848
133260 -418848
133290 -418848
133320 -418848
133350 -418848
133380 -418848
133410 -418848
133440 -418848
133470 -418848
133500 -418848
133530 -418848
133560 -418848
133590 -418839
133620 -418839
133650 -418839
133680 -418837
133710 -418823
133740 -418823
133770 -418823
133800 -418823
133830 -418823
133860 -418823
133890 -418823
133920 -418823
133950 -418823
133980 -418823
134010 -418823
134040 -418823
134070 -418823
134100 -418823
134130 -418822
134160 -418822
134190 -418822
134220 -418822
134250 -418822
134280 -418822
134310 -418822
134340 -418822
134370 -418822
134400 -418822
134430 -418813
134460 -418813
134490 -418813
134520 -418813
134550 -418813
134580 -418813
134610 -418813
134640 -418813
134670 -418813
134700 -418813
134730 -418813
134760 -418805
134790 -418805
134820 -418791
134850 -418791
134880 -418791
134910 -418791
134940 -418791
134970 -418791
135000 -418791
135030 -418791
135060 -418791
135090 -418791
135120 -418791
135150 -418791
135180 -418777
135210 -418777
135240 -418763
135270 -418763
135300 -418762
135330 -418762
135360 -418762
135390 -418762
135420 -418762
135450 -418762
135480 -418762
135510 -418760
135540 -418760
135570 -418760
135600 -418760
135630 -418760
135660 -418760
135690 -418760
135720 -418760
135750 -418760
135780 -418760
135810 -418760
135840 -418760
135870 -418760
135900 -418760
135930 -418760
135960 -418760
135990 -418760
136020 -418760
136050 -418760
136080 -418760
136110 -418760
136140 -418760
136170 -418758
136200 -418758
136230 -418758
136260 -418758
136290 -418758
136320 -418758
136350 -418758
136380 -418758
136410 -418758
136440 -418758
136470 -418758
136500 -418758
136530 -418758
136560 -418758
136590 -418758
136620 -418748
136650 -418748
136680 -418748
136710 -418743
136740 -418743
136770 -418743
136800 -418743
136830 -418743
136860 -418743
136890 -418743
136920 -418742
136950 -418742
136980 -418742
137010 -418728
137040 -418728
137070 -418728
137100 -418728
137130 -418728
137160 -418728
137190 -418728
137220 -418728
137250 -418728
137280 -418728
137310 -418728
137340 -418725
137370 -418725
137400 -418725
137430 -418725
137460 -418725
137490 -418725
137520 -418725
137550 -418725
137580 -418725
137610 -418725
137640 -418725
137670 -418725
137700 -418725
137730 -418725
137760 -418725
137790 -418725
137820 -418725
137850 -418725
137880 -418725
137910 -418725
137940 -418725
137970 -418720
138000 -418720
138030 -418720
138060 -418720
138090 -418712
138120 -418712
138150 -418712
138180 -418712
138210 -418712
138240 -418712
138270 -418712
138300 -418712
138330 -418712
138360 -418712
138390 -418712
138420 -418712
138450 -418712
138480 -418712
138510 -418712
138540 -418712
138570 -418712
138600 -418712
138630 -418712
138660 -418712
138690 -418712
138720 -418709
138750 -418709
138780 -418709
138810 -418709
138840 -418709
138870 -418709
138900 -418709
138930 -418709
138960 -418709
138990 -418709
139020 -418701
139050 -418701
139080 -418701
139110 -418701
139140 -418701
139170 -418701
139200 -418701
139230 -418701
139260 -418701
139290 -418701
139320 -418701
139350 -418701
139380 -418701
139410 -418701
139440 -418701
139470 -418701
139500 -418701
139530 -418701
139560 -418701
139590 -418700
139620 -418700
139650 -418700
139680 -418700
139710 -418700
139740 -418700
139770 -418698
139800 -418698
139830 -418698
139860 -418698
139890 -418698
139920 -418698
139950 -418698
139980 -418698
140010 -418698
140040 -418698
140070 -418698
140100 -418698
140130 -418698
140160 -418698
140190 -418698
140220 -418698
140250 -418698
140280 -418698
140310 -418698
140340 -418698
140370 -418698
140400 -418698
140430 -418698
140460 -418698
140490 -418698
140520 -418698
140550 -418698
140580 -418698
140610 -418698
140640 -418694
140670 -418694
140700 -418694
140730 -418694
140760 -418694
140790 -418694
140820 -418694
140850 -418694
140880 -418693
140910 -418693
140940 -418693
140970 -418693
141000 -418693
141030 -418693
141060 -418693
141090 -418693
141120 -418693
141150 -418693
141180 -418690
141210 -418690
141240 -418690
141270 -418690
141300 -418690
141330 -418690
141360 -418690
141390 -418690
141420 -418690
141450 -418690
141480 -418686
141510 -418676
141540 -418676
141570 -418676
141600 -418676
141630 -418676
141660 -418676
141690 -418676
141720 -418676
141750 -418676
141780 -418676
141810 -418672
141840 -418672
141870 -418671
141900 -418671
141930 -418671
141960 -418671
141990 -418671
142020 -418671
142050 -418671
142080 -418671
142110 -418671
142140 -418671
142170 -418671
142200 -418671
142230 -418671
142260 -418671
142290 -418671
142320 -418671
142350 -418671
142380 -418671
142410 -418671
142440 -418671
142470 -418671
142500 -418671
142530 -418671
142560 -418671
142590 -418671
142620 -418671
142650 -418670
142680 -418670
142710 -418670
142740 -418670
142770 -418670
142800 -418670
142830 -418670
142860 -418670
142890 -418670
142920 -418670
142950 -418670
142980 -418670
143010 -418670
143040 -418670
143070 -418670
143100 -418670
143130 -418670
143160 -418670
143190 -418670
143220 -418670
143250 -418670
143280 -418667
143310 -418663
143340 -418663
143370 -418663
143400 -418663
143430 -418663
143460 -418663
143490 -418663
143520 -418663
143550 -418663
143580 -418663
143610 -418663
143640 -418663
143670 -418663
143700 -418663
143730 -418663
143760 -418663
143790 -418663
143820 -418663
143850 -418663
143880 -418663
143910 -418663
143940 -418662
143970 -418662
144000 -418662
144030 -418662
144060 -418662
144090 -418662
144120 -418662
144150 -418662
144180 -418662
144210 -418662
144240 -418662
144270 -418662
144300 -418662
144330 -418662
144360 -418662
144390 -418662
144420 -418662
144450 -418662
144480 -418662
144510 -418662
144540 -418662
144570 -418662
144600 -418662
144630 -418656
144660 -418648
144690 -418648
144720 -418648
144750 -418648
144780 -418648
144810 -418642
144840 -418642
144870 -418642
144900 -418642
144930 -418642
144960 -418642
144990 -418642
145020 -418642
145050 -418642
145080 -418642
145110 -418642
145140 -418636
145170 -418636
145200 -418636
145230 -418636
145260 -418636
145290 -418636
145320 -418636
145350 -418636
145380 -418636
145410 -418636
145440 -418636
145470 -418636
145500 -418636
145530 -418636
145560 -418636
145590 -418636
145620 -418636
145650 -418632
145680 -418632
145710 -418632
145740 -418632
145770 -418632
145800 -418630
145830 -418630
145860 -418630
145890 -418630
145920 -418630
145950 -418630
145980 -418630
146010 -418630
146040 -418630
146070 -418628
146100 -418619
146130 -418619
146160 -418619
146190 -418619
146220 -418619
146250 -418619
146280 -418619
146310 -418619
146340 -418619
146370 -418614
146400 -418614
146430 -418614
146460 -418614
146490 -418614
146520 -418608
146550 -418608
146580 -418608
146610 -418608
146640 -418608
146670 -418608
146700 -418606
146730 -418602
146760 -418597
146790 -418597
146820 -418597
146850 -418597
146880 -418597
146910 -418591
