60 -465858
90 -464015
120 -462760
150 -462176
180 -461105
210 -460315
240 -458683
270 -458210
300 -457844
330 -457352
360 -456613
390 -456204
420 -456028
450 -455545
480 -454939
510 -454522
540 -454326
570 -453720
600 -453645
630 -453401
660 -453295
690 -452943
720 -452926
750 -452307
780 -452041
810 -451586
840 -451303
870 -450866
900 -450680
930 -450553
960 -450393
990 -450206
1020 -450080
1050 -449935
1080 -449787
1110 -449734
1140 -449259
1170 -449052
1200 -448841
1230 -448758
1260 -448654
1290 -448566
1320 -448495
1350 -448474
1380 -448256
1410 -448095
1440 -447909
1470 -447713
1500 -447564
1530 -447361
1560 -447061
1590 -446797
1620 -446609
1650 -446161
1680 -445927
1710 -445856
1740 -445821
1770 -445790
1800 -445721
1830 -445650
1860 -445542
1890 -445345
1920 -445265
1950 -445147
1980 -444950
2010 -444905
2040 -444807
2070 -444780
2100 -444749
2130 -444474
2160 -444403
2190 -444111
2220 -443925
2250 -443851
2280 -443598
2310 -443556
2340 -443452
2370 -443419
2400 -443241
2430 -443215
2460 -442989
2490 -442781
2520 -442625
2550 -442516
2580 -442488
2610 -442424
2640 -442319
2670 -442147
2700 -442079
2730 -442004
2760 -441972
2790 -441928
2820 -441826
2850 -441737
2880 -441713
2910 -441489
2940 -441477
2970 -441366
3000 -441246
3030 -441183
3060 -441140
3090 -441028
3120 -441019
3150 -440984
3180 -440855
3210 -440821
3240 -440697
3270 -440680
3300 -440527
3330 -440432
3360 -440269
3390 -440251
3420 -440044
3450 -439923
3480 -439838
3510 -439792
3540 -439642
3570 -439444
3600 -439316
3630 -439203
3660 -438894
3690 -438884
3720 -438756
3750 -438753
3780 -438715
3810 -438692
3840 -438656
3870 -438621
3900 -438600
3930 -438338
3960 -438239
3990 -438230
4020 -438207
4050 -438178
4080 -438134
4110 -438060
4140 -438010
4170 -437900
4200 -437851
4230 -437851
4260 -437835
4290 -437785
4320 -437676
4350 -437574
4380 -437535
4410 -437488
4440 -437411
4470 -437266
4500 -437264
4530 -437148
4560 -437120
4590 -437120
4620 -437013
4650 -436985
4680 -436914
4710 -436880
4740 -436804
4770 -436782
4800 -436743
4830 -436743
4860 -436734
4890 -436713
4920 -436712
4950 -436675
4980 -436671
5010 -436662
5040 -436528
5070 -436448
5100 -436429
5130 -436427
5160 -436399
5190 -436396
5220 -436396
5250 -436343
5280 -436209
5310 -436209
5340 -436167
5370 -436113
5400 -435998
5430 -435977
5460 -435909
5490 -435892
5520 -435878
5550 -435871
5580 -435832
5610 -435818
5640 -435796
5670 -435703
5700 -435690
5730 -435574
5760 -435533
5790 -435533
5820 -435389
5850 -435353
5880 -435285
5910 -435200
5940 -435111
5970 -435084
6000 -435070
6030 -434983
6060 -434933
6090 -434835
6120 -434756
6150 -434726
6180 -434722
6210 -434670
6240 -434670
6270 -434666
6300 -434630
6330 -434622
6360 -434592
6390 -434592
6420 -434592
6450 -434543
6480 -434543
6510 -434381
6540 -434346
6570 -434346
6600 -434328
6630 -434328
6660 -434321
6690 -434267
6720 -434266
6750 -434227
6780 -434221
6810 -434158
6840 -434147
6870 -434048
6900 -434030
6930 -434025
6960 -433995
6990 -433992
7020 -433982
7050 -433954
7080 -433954
7110 -433916
7140 -433890
7170 -433877
7200 -433810
7230 -433750
7260 -433732
7290 -433719
7320 -433714
7350 -433687
7380 -433687
7410 -433686
7440 -433656
7470 -433656
7500 -433643
7530 -433619
7560 -433619
7590 -433619
7620 -433616
7650 -433600
7680 -433587
7710 -433581
7740 -433521
7770 -433477
7800 -433477
7830 -433470
7860 -433450
7890 -433388
7920 -433382
7950 -433303
7980 -433229
8010 -433229
8040 -433221
8070 -433193
8100 -433175
8130 -433171
8160 -433169
8190 -433167
8220 -433142
8250 -433139
8280 -433083
8310 -433082
8340 -433029
8370 -433014
8400 -433014
8430 -433014
8460 -433013
8490 -433013
8520 -433012
8550 -433012
8580 -432969
8610 -432886
8640 -432870
8670 -432870
8700 -432869
8730 -432869
8760 -432866
8790 -432858
8820 -432858
8850 -432811
8880 -432811
8910 -432557
8940 -432557
8970 -432550
9000 -432550
9030 -432446
9060 -432363
9090 -432338
9120 -432337
9150 -432313
9180 -432313
9210 -432298
9240 -432289
9270 -432249
9300 -432195
9330 -432195
9360 -432195
9390 -432176
9420 -432176
9450 -432174
9480 -432141
9510 -432097
9540 -432097
9570 -432089
9600 -432089
9630 -432089
9660 -432089
9690 -432089
9720 -432022
9750 -431984
9780 -431942
9810 -431910
9840 -431910
9870 -431910
9900 -431903
9930 -431894
9960 -431824
9990 -431816
10020 -431814
10050 -431814
10080 -431778
10110 -431778
10140 -431778
10170 -431761
10200 -431694
10230 -431692
10260 -431651
10290 -431593
10320 -431589
10350 -431584
10380 -431572
10410 -431546
10440 -431546
10470 -431545
10500 -431541
10530 -431541
10560 -431491
10590 -431449
10620 -431415
10650 -431391
10680 -431369
10710 -431364
10740 -431364
10770 -431364
10800 -431341
10830 -431335
10860 -431324
10890 -431284
10920 -431273
10950 -431253
10980 -431147
11010 -431125
11040 -431100
11070 -431032
11100 -431014
11130 -430956
11160 -430956
11190 -430956
11220 -430956
11250 -430902
11280 -430887
11310 -430880
11340 -430840
11370 -430805
11400 -430741
11430 -430718
11460 -430683
11490 -430661
11520 -430656
11550 -430651
11580 -430574
11610 -430566
11640 -430545
11670 -430526
11700 -430519
11730 -430501
11760 -430492
11790 -430492
11820 -430455
11850 -430437
11880 -430408
11910 -430406
11940 -430388
11970 -430380
12000 -430372
12030 -430371
12060 -430364
12090 -430364
12120 -430362
12150 -430362
12180 -430296
12210 -430269
12240 -430261
12270 -430243
12300 -430232
12330 -430232
12360 -430232
12390 -430217
12420 -430191
12450 -430174
12480 -430147
12510 -430091
12540 -430091
12570 -430080
12600 -430073
12630 -430069
12660 -430069
12690 -430010
12720 -430010
12750 -430010
12780 -430004
12810 -430000
12840 -429971
12870 -429913
12900 -429881
12930 -429877
12960 -429867
12990 -429864
13020 -429864
13050 -429838
13080 -429795
13110 -429780
13140 -429752
13170 -429723
13200 -429675
13230 -429657
13260 -429655
13290 -429598
13320 -429551
13350 -429549
13380 -429536
13410 -429536
13440 -429527
13470 -429524
13500 -429524
13530 -429523
13560 -429484
13590 -429467
13620 -429445
13650 -429445
13680 -429406
13710 -429385
13740 -429385
13770 -429385
13800 -429328
13830 -429319
13860 -429313
13890 -429234
13920 -429204
13950 -429194
13980 -429194
14010 -429188
14040 -429182
14070 -429153
14100 -429153
14130 -429145
14160 -429145
14190 -429145
14220 -429145
14250 -429143
14280 -429126
14310 -429121
14340 -429111
14370 -429105
14400 -429090
14430 -429050
14460 -429023
14490 -428981
14520 -428981
14550 -428980
14580 -428980
14610 -428975
14640 -428975
14670 -428975
14700 -428975
14730 -428960
14760 -428958
14790 -428958
14820 -428958
14850 -428891
14880 -428891
14910 -428890
14940 -428890
14970 -428813
15000 -428812
15030 -428812
15060 -428812
15090 -428790
15120 -428782
15150 -428781
15180 -428779
15210 -428775
15240 -428775
15270 -428735
15300 -428734
15330 -428734
15360 -428724
15390 -428717
15420 -428698
15450 -428696
15480 -428696
15510 -428693
15540 -428607
15570 -428601
15600 -428601
15630 -428601
15660 -428600
15690 -428600
15720 -428592
15750 -428592
15780 -428592
15810 -428592
15840 -428592
15870 -428536
15900 -428510
15930 -428510
15960 -428510
15990 -428510
16020 -428510
16050 -428509
16080 -428509
16110 -428499
16140 -428437
16170 -428435
16200 -428435
16230 -428435
16260 -428435
16290 -428435
16320 -428422
16350 -428418
16380 -428418
16410 -428418
16440 -428407
16470 -428407
16500 -428407
16530 -428407
16560 -428364
16590 -428364
16620 -428340
16650 -428329
16680 -428327
16710 -428310
16740 -428265
16770 -428262
16800 -428262
16830 -428254
16860 -428254
16890 -428251
16920 -428251
16950 -428251
16980 -428247
17010 -428247
17040 -428227
17070 -428227
17100 -428218
17130 -428191
17160 -428191
17190 -428190
17220 -428167
17250 -428167
17280 -428109
17310 -428109
17340 -428109
17370 -428088
17400 -428069
17430 -428037
17460 -428037
17490 -428036
17520 -428036
17550 -428024
17580 -427980
17610 -427965
17640 -427965
17670 -427965
17700 -427963
17730 -427963
17760 -427963
17790 -427956
17820 -427947
17850 -427938
17880 -427938
17910 -427878
17940 -427853
17970 -427852
18000 -427852
18030 -427852
18060 -427848
18090 -427848
18120 -427839
18150 -427839
18180 -427830
18210 -427814
18240 -427814
18270 -427814
18300 -427781
18330 -427781
18360 -427773
18390 -427755
18420 -427747
18450 -427747
18480 -427747
18510 -427746
18540 -427746
18570 -427746
18600 -427746
18630 -427744
18660 -427744
18690 -427723
18720 -427711
18750 -427711
18780 -427662
18810 -427662
18840 -427662
18870 -427661
18900 -427651
18930 -427651
18960 -427651
18990 -427620
19020 -427620
19050 -427620
19080 -427620
19110 -427614
19140 -427601
19170 -427599
19200 -427568
19230 -427568
19260 -427487
19290 -427482
19320 -427471
19350 -427468
19380 -427463
19410 -427463
19440 -427459
19470 -427419
19500 -427393
19530 -427326
19560 -427325
19590 -427316
19620 -427309
19650 -427309
19680 -427303
19710 -427279
19740 -427222
19770 -427220
19800 -427220
19830 -427215
19860 -427198
19890 -427193
19920 -427187
19950 -427187
19980 -427169
20010 -427169
20040 -427156
20070 -427156
20100 -427156
20130 -427145
20160 -427097
20190 -427092
20220 -427092
20250 -427081
20280 -427056
20310 -427056
20340 -427028
20370 -427010
20400 -427010
20430 -426977
20460 -426977
20490 -426977
20520 -426977
20550 -426975
20580 -426912
20610 -426912
20640 -426912
20670 -426875
20700 -426839
20730 -426731
20760 -426731
20790 -426541
20820 -426525
20850 -426525
20880 -426524
20910 -426524
20940 -426524
20970 -426522
21000 -426522
21030 -426522
21060 -426507
21090 -426507
21120 -426507
21150 -426507
21180 -426507
21210 -426507
21240 -426507
21270 -426494
21300 -426407
21330 -426407
21360 -426407
21390 -426382
21420 -426377
21450 -426335
21480 -426335
21510 -426335
21540 -426304
21570 -426304
21600 -426300
21630 -426300
21660 -426300
21690 -426286
21720 -426286
21750 -426286
21780 -426286
21810 -426281
21840 -426135
21870 -426135
21900 -426135
21930 -426086
21960 -426080
21990 -426078
22020 -426046
22050 -426046
22080 -426046
22110 -426033
22140 -426023
22170 -426023
22200 -426023
22230 -426020
22260 -426020
22290 -426009
22320 -426009
22350 -426009
22380 -425993
22410 -425988
22440 -425988
22470 -425988
22500 -425988
22530 -425963
22560 -425962
22590 -425962
22620 -425957
22650 -425948
22680 -425908
22710 -425900
22740 -425900
22770 -425899
22800 -425896
22830 -425853
22860 -425853
22890 -425853
22920 -425845
22950 -425845
22980 -425838
23010 -425838
23040 -425810
23070 -425810
23100 -425808
23130 -425799
23160 -425799
23190 -425799
23220 -425799
23250 -425763
23280 -425763
23310 -425763
23340 -425742
23370 -425714
23400 -425714
23430 -425692
23460 -425691
23490 -425687
23520 -425687
23550 -425615
23580 -425610
23610 -425610
23640 -425605
23670 -425605
23700 -425605
23730 -425605
23760 -425579
23790 -425579
23820 -425571
23850 -425571
23880 -425548
23910 -425548
23940 -425548
23970 -425528
24000 -425518
24030 -425511
24060 -425501
24090 -425501
24120 -425501
24150 -425501
24180 -425501
24210 -425477
24240 -425471
24270 -425467
24300 -425467
24330 -425460
24360 -425460
24390 -425457
24420 -425457
24450 -425454
24480 -425450
24510 -425446
24540 -425446
24570 -425423
24600 -425423
24630 -425423
24660 -425416
24690 -425416
24720 -425416
24750 -425392
24780 -425392
24810 -425392
24840 -425392
24870 -425392
24900 -425351
24930 -425333
24960 -425328
24990 -425328
25020 -425328
25050 -425321
25080 -425321
25110 -425321
25140 -425305
25170 -425305
25200 -425305
25230 -425302
25260 -425302
25290 -425302
25320 -425279
25350 -425279
25380 -425279
25410 -425262
25440 -425255
25470 -425255
25500 -425255
25530 -425234
25560 -425220
25590 -425212
25620 -425210
25650 -425210
25680 -425210
25710 -425210
25740 -425202
25770 -425187
25800 -425146
25830 -425146
25860 -425132
25890 -425132
25920 -425132
25950 -425110
25980 -425109
26010 -425109
26040 -425098
26070 -425098
26100 -425098
26130 -425098
26160 -425055
26190 -425055
26220 -425055
26250 -425024
26280 -424953
26310 -424953
26340 -424953
26370 -424953
26400 -424919
26430 -424916
26460 -424900
26490 -424900
26520 -424900
26550 -424900
26580 -424900
26610 -424889
26640 -424889
26670 -424885
26700 -424885
26730 -424885
26760 -424885
26790 -424872
26820 -424831
26850 -424783
26880 -424764
26910 -424756
26940 -424746
26970 -424721
27000 -424689
27030 -424684
27060 -424646
27090 -424642
27120 -424642
27150 -424642
27180 -424640
27210 -424621
27240 -424521
27270 -424521
27300 -424521
27330 -424521
27360 -424521
27390 -424521
27420 -424518
27450 -424518
27480 -424518
27510 -424518
27540 -424469
27570 -424468
27600 -424468
27630 -424468
27660 -424468
27690 -424468
27720 -424468
27750 -424465
27780 -424464
27810 -424460
27840 -424460
27870 -424460
27900 -424454
27930 -424454
27960 -424454
27990 -424454
28020 -424440
28050 -424440
28080 -424439
28110 -424439
28140 -424436
28170 -424435
28200 -424435
28230 -424435
28260 -424435
28290 -424435
28320 -424435
28350 -424435
28380 -424435
28410 -424435
28440 -424435
28470 -424435
28500 -424435
28530 -424423
28560 -424367
28590 -424366
28620 -424366
28650 -424365
28680 -424363
28710 -424350
28740 -424349
28770 -424349
28800 -424338
28830 -424334
28860 -424334
28890 -424326
28920 -424284
28950 -424266
28980 -424266
29010 -424230
29040 -424204
29070 -424204
29100 -424197
29130 -424191
29160 -424178
29190 -424177
29220 -424177
29250 -424177
29280 -424177
29310 -424177
29340 -424177
29370 -424113
29400 -424111
29430 -424111
29460 -424089
29490 -424089
29520 -424089
29550 -424089
29580 -424074
29610 -424074
29640 -424074
29670 -424064
29700 -424040
29730 -424040
29760 -424015
29790 -424015
29820 -424015
29850 -424015
29880 -424015
29910 -424015
29940 -424015
29970 -424015
30000 -424011
30030 -424004
30060 -424004
30090 -424004
30120 -424004
30150 -424002
30180 -424002
30210 -424002
30240 -424000
30270 -424000
30300 -423969
30330 -423969
30360 -423969
30390 -423969
30420 -423955
30450 -423927
30480 -423918
30510 -423916
30540 -423916
30570 -423916
30600 -423862
30630 -423862
30660 -423844
30690 -423842
30720 -423842
30750 -423842
30780 -423842
30810 -423842
30840 -423828
30870 -423827
30900 -423825
30930 -423825
30960 -423825
30990 -423825
31020 -423824
31050 -423824
31080 -423824
31110 -423816
31140 -423795
31170 -423795
31200 -423795
31230 -423785
31260 -423782
31290 -423782
31320 -423782
31350 -423778
31380 -423762
31410 -423762
31440 -423762
31470 -423744
31500 -423744
31530 -423736
31560 -423733
31590 -423723
31620 -423723
31650 -423723
31680 -423723
31710 -423723
31740 -423723
31770 -423723
31800 -423723
31830 -423723
31860 -423723
31890 -423719
31920 -423719
31950 -423719
31980 -423702
32010 -423701
32040 -423701
32070 -423701
32100 -423694
32130 -423689
32160 -423663
32190 -423663
32220 -423663
32250 -423662
32280 -423662
32310 -423662
32340 -423662
32370 -423662
32400 -423662
32430 -423659
32460 -423654
32490 -423642
32520 -423642
32550 -423630
32580 -423519
32610 -423500
32640 -423500
32670 -423497
32700 -423457
32730 -423457
32760 -423457
32790 -423457
32820 -423451
32850 -423451
32880 -423448
32910 -423424
32940 -423424
32970 -423424
33000 -423424
33030 -423424
33060 -423424
33090 -423395
33120 -423395
33150 -423395
33180 -423389
33210 -423389
33240 -423389
33270 -423389
33300 -423388
33330 -423361
33360 -423361
33390 -423330
33420 -423312
33450 -423312
33480 -423312
33510 -423311
33540 -423311
33570 -423311
33600 -423298
33630 -423298
33660 -423295
33690 -423295
33720 -423286
33750 -423282
33780 -423282
33810 -423282
33840 -423282
33870 -423279
33900 -423270
33930 -423270
33960 -423270
33990 -423270
34020 -423270
34050 -423267
34080 -423266
34110 -423265
34140 -423265
34170 -423265
34200 -423265
34230 -423265
34260 -423259
34290 -423259
34320 -423259
34350 -423194
34380 -423189
34410 -423180
34440 -423180
34470 -423180
34500 -423180
34530 -423180
34560 -423135
34590 -423135
34620 -423107
34650 -423105
34680 -423105
34710 -423105
34740 -423105
34770 -423105
34800 -423105
34830 -423095
34860 -423073
34890 -422970
34920 -422970
34950 -422970
34980 -422970
35010 -422954
35040 -422954
35070 -422954
35100 -422954
35130 -422949
35160 -422949
35190 -422949
35220 -422949
35250 -422880
35280 -422880
35310 -422880
35340 -422880
35370 -422880
35400 -422866
35430 -422866
35460 -422866
35490 -422866
35520 -422866
35550 -422854
35580 -422854
35610 -422840
35640 -422837
35670 -422837
35700 -422835
35730 -422819
35760 -422819
35790 -422817
35820 -422816
35850 -422810
35880 -422810
35910 -422808
35940 -422808
35970 -422807
36000 -422807
36030 -422804
36060 -422804
36090 -422787
36120 -422787
36150 -422784
36180 -422783
36210 -422783
36240 -422783
36270 -422783
36300 -422769
36330 -422767
36360 -422767
36390 -422767
36420 -422767
36450 -422761
36480 -422761
36510 -422761
36540 -422761
36570 -422750
36600 -422749
36630 -422734
36660 -422732
36690 -422732
36720 -422726
36750 -422726
36780 -422726
36810 -422719
36840 -422707
36870 -422668
36900 -422662
36930 -422662
36960 -422662
36990 -422662
37020 -422654
37050 -422654
37080 -422653
37110 -422649
37140 -422649
37170 -422627
37200 -422613
37230 -422613
37260 -422613
37290 -422613
37320 -422596
37350 -422596
37380 -422577
37410 -422563
37440 -422563
37470 -422558
37500 -422538
37530 -422526
37560 -422526
37590 -422502
37620 -422502
37650 -422467
37680 -422467
37710 -422467
37740 -422467
37770 -422464
37800 -422464
37830 -422459
37860 -422459
37890 -422459
37920 -422459
37950 -422456
37980 -422455
38010 -422455
38040 -422447
38070 -422447
38100 -422443
38130 -422441
38160 -422441
38190 -422438
38220 -422428
38250 -422409
38280 -422409
38310 -422409
38340 -422409
38370 -422409
38400 -422406
38430 -422406
38460 -422406
38490 -422406
38520 -422399
38550 -422399
38580 -422371
38610 -422371
38640 -422371
38670 -422371
38700 -422370
38730 -422370
38760 -422358
38790 -422358
38820 -422358
38850 -422358
38880 -422358
38910 -422358
38940 -422358
38970 -422358
39000 -422358
39030 -422358
39060 -422358
39090 -422317
39120 -422317
39150 -422311
39180 -422245
39210 -422245
39240 -422232
39270 -422231
39300 -422231
39330 -422231
39360 -422231
39390 -422231
39420 -422220
39450 -422212
39480 -422212
39510 -422212
39540 -422212
39570 -422212
39600 -422196
39630 -422182
39660 -422182
39690 -422182
39720 -422151
39750 -422151
39780 -422151
39810 -422151
39840 -422140
39870 -422140
39900 -422137
39930 -422137
39960 -422137
39990 -422137
40020 -422137
40050 -422137
40080 -422137
40110 -422137
40140 -422131
40170 -422131
40200 -422131
40230 -422131
40260 -422131
40290 -422131
40320 -422131
40350 -422109
40380 -422109
40410 -422109
40440 -422098
40470 -422098
40500 -422094
40530 -422094
40560 -422094
40590 -422094
40620 -422088
40650 -422088
40680 -422088
40710 -422072
40740 -422072
40770 -422072
40800 -422072
40830 -422072
40860 -422072
40890 -422072
40920 -422072
40950 -422072
40980 -422032
41010 -422032
41040 -421998
41070 -421998
41100 -421973
41130 -421973
41160 -421973
41190 -421972
41220 -421972
41250 -421969
41280 -421969
41310 -421962
41340 -421962
41370 -421962
41400 -421957
41430 -421944
41460 -421941
41490 -421926
41520 -421926
41550 -421926
41580 -421906
41610 -421856
41640 -421845
41670 -421845
41700 -421845
41730 -421845
41760 -421845
41790 -421842
41820 -421842
41850 -421842
41880 -421837
41910 -421833
41940 -421827
41970 -421827
42000 -421827
42030 -421827
42060 -421827
42090 -421827
42120 -421826
42150 -421826
42180 -421816
42210 -421816
42240 -421808
42270 -421808
42300 -421808
42330 -421798
42360 -421792
42390 -421791
42420 -421768
42450 -421768
42480 -421768
42510 -421748
42540 -421748
42570 -421748
42600 -421748
42630 -421748
42660 -421742
42690 -421736
42720 -421736
42750 -421736
42780 -421736
42810 -421730
42840 -421730
42870 -421728
42900 -421728
42930 -421719
42960 -421719
42990 -421719
43020 -421719
43050 -421711
43080 -421711
43110 -421708
43140 -421708
43170 -421672
43200 -421672
43230 -421672
43260 -421672
43290 -421672
43320 -421661
43350 -421661
43380 -421661
43410 -421643
43440 -421625
43470 -421625
43500 -421625
43530 -421625
43560 -421625
43590 -421625
43620 -421621
43650 -421621
43680 -421590
43710 -421590
43740 -421590
43770 -421590
43800 -421586
43830 -421581
43860 -421581
43890 -421581
43920 -421581
43950 -421581
43980 -421579
44010 -421579
44040 -421579
44070 -421579
44100 -421579
44130 -421563
44160 -421559
44190 -421555
44220 -421555
44250 -421555
44280 -421555
44310 -421555
44340 -421555
44370 -421555
44400 -421553
44430 -421545
44460 -421541
44490 -421537
44520 -421537
44550 -421526
44580 -421526
44610 -421521
44640 -421521
44670 -421521
44700 -421511
44730 -421511
44760 -421506
44790 -421506
44820 -421506
44850 -421501
44880 -421501
44910 -421479
44940 -421479
44970 -421479
45000 -421474
45030 -421474
45060 -421474
45090 -421474
45120 -421474
45150 -421474
45180 -421474
45210 -421463
45240 -421463
45270 -421463
45300 -421463
45330 -421463
45360 -421461
45390 -421461
45420 -421461
45450 -421461
45480 -421461
45510 -421454
45540 -421454
45570 -421449
45600 -421449
45630 -421443
45660 -421440
45690 -421436
45720 -421436
45750 -421431
45780 -421431
45810 -421431
45840 -421426
45870 -421422
45900 -421422
45930 -421421
45960 -421421
45990 -421421
46020 -421421
46050 -421393
46080 -421393
46110 -421393
46140 -421393
46170 -421393
46200 -421393
46230 -421393
46260 -421388
46290 -421388
46320 -421381
46350 -421368
46380 -421368
46410 -421364
46440 -421347
46470 -421347
46500 -421346
46530 -421346
46560 -421344
46590 -421344
46620 -421330
46650 -421330
46680 -421329
46710 -421327
46740 -421327
46770 -421327
46800 -421321
46830 -421321
46860 -421321
46890 -421321
46920 -421321
46950 -421321
46980 -421321
47010 -421321
47040 -421321
47070 -421321
47100 -421316
47130 -421316
47160 -421316
47190 -421316
47220 -421316
47250 -421316
47280 -421316
47310 -421316
47340 -421316
47370 -421316
47400 -421316
47430 -421316
47460 -421313
47490 -421313
47520 -421313
47550 -421311
47580 -421308
47610 -421308
47640 -421308
47670 -421308
47700 -421304
47730 -421304
47760 -421304
47790 -421292
47820 -421252
47850 -421248
47880 -421248
47910 -421248
47940 -421248
47970 -421248
48000 -421248
48030 -421247
48060 -421247
48090 -421247
48120 -421245
48150 -421242
48180 -421242
48210 -421242
48240 -421232
48270 -421232
48300 -421232
48330 -421232
48360 -421232
48390 -421232
48420 -421232
48450 -421232
48480 -421232
48510 -421232
48540 -421231
48570 -421231
48600 -421228
48630 -421227
48660 -421227
48690 -421227
48720 -421193
48750 -421193
48780 -421193
48810 -421193
48840 -421193
48870 -421193
48900 -421193
48930 -421184
48960 -421184
48990 -421184
49020 -421184
49050 -421179
49080 -421179
49110 -421179
49140 -421144
49170 -421142
49200 -421142
49230 -421142
49260 -421142
49290 -421142
49320 -421141
49350 -421141
49380 -421141
49410 -421141
49440 -421129
49470 -421129
49500 -421105
49530 -421105
49560 -421105
49590 -421105
49620 -421105
49650 -421105
49680 -421105
49710 -421105
49740 -421093
49770 -421093
49800 -421093
49830 -421093
49860 -421093
49890 -421093
49920 -421093
49950 -421086
49980 -421086
50010 -421024
50040 -421024
50070 -421013
50100 -421008
50130 -421008
50160 -421008
50190 -420998
50220 -420995
50250 -420991
50280 -420991
50310 -420991
50340 -420990
50370 -420989
50400 -420989
50430 -420989
50460 -420988
50490 -420988
50520 -420988
50550 -420979
50580 -420979
50610 -420979
50640 -420979
50670 -420972
50700 -420970
50730 -420970
50760 -420962
50790 -420962
50820 -420962
50850 -420962
50880 -420930
50910 -420930
50940 -420927
50970 -420927
51000 -420927
51030 -420927
51060 -420927
51090 -420927
51120 -420894
51150 -420894
51180 -420894
51210 -420894
51240 -420894
51270 -420883
51300 -420883
51330 -420788
51360 -420781
51390 -420781
51420 -420765
51450 -420763
51480 -420763
51510 -420754
51540 -420754
51570 -420754
51600 -420754
51630 -420754
51660 -420744
51690 -420744
51720 -420744
51750 -420739
51780 -420739
51810 -420739
51840 -420739
51870 -420738
51900 -420736
51930 -420736
51960 -420736
51990 -420708
52020 -420706
52050 -420706
52080 -420705
52110 -420690
52140 -420690
52170 -420690
52200 -420690
52230 -420690
52260 -420687
52290 -420662
52320 -420662
52350 -420662
52380 -420662
52410 -420659
52440 -420658
52470 -420658
52500 -420658
52530 -420658
52560 -420658
52590 -420658
52620 -420658
52650 -420658
52680 -420658
52710 -420658
52740 -420658
52770 -420658
52800 -420658
52830 -420627
52860 -420627
52890 -420627
52920 -420627
52950 -420627
52980 -420622
53010 -420573
53040 -420573
53070 -420569
53100 -420566
53130 -420566
53160 -420557
53190 -420540
53220 -420540
53250 -420540
53280 -420540
53310 -420540
53340 -420540
53370 -420537
53400 -420537
53430 -420502
53460 -420487
53490 -420487
53520 -420487
53550 -420487
53580 -420486
53610 -420486
53640 -420486
53670 -420481
53700 -420481
53730 -420480
53760 -420480
53790 -420478
53820 -420473
53850 -420473
53880 -420473
53910 -420468
53940 -420468
53970 -420458
54000 -420458
54030 -420458
54060 -420457
54090 -420457
54120 -420429
54150 -420428
54180 -420428
54210 -420428
54240 -420428
54270 -420428
54300 -420428
54330 -420428
54360 -420425
54390 -420425
54420 -420425
54450 -420418
54480 -420418
54510 -420418
54540 -420402
54570 -420402
54600 -420402
54630 -420402
54660 -420402
54690 -420402
54720 -420402
54750 -420394
54780 -420394
54810 -420387
54840 -420387
54870 -420377
54900 -420377
54930 -420377
54960 -420377
54990 -420377
55020 -420377
55050 -420371
55080 -420371
55110 -420351
55140 -420351
55170 -420351
55200 -420326
55230 -420326
55260 -420322
55290 -420322
55320 -420322
55350 -420322
55380 -420306
55410 -420306
55440 -420306
55470 -420306
55500 -420306
55530 -420306
55560 -420306
55590 -420306
55620 -420306
55650 -420306
55680 -420298
55710 -420296
55740 -420296
55770 -420296
55800 -420296
55830 -420286
55860 -420286
55890 -420278
55920 -420273
55950 -420262
55980 -420256
56010 -420256
56040 -420241
56070 -420241
56100 -420241
56130 -420239
56160 -420239
56190 -420239
56220 -420233
56250 -420233
56280 -420233
56310 -420230
56340 -420230
56370 -420230
56400 -420230
56430 -420230
56460 -420230
56490 -420221
56520 -420221
56550 -420210
56580 -420210
56610 -420210
56640 -420206
56670 -420200
56700 -420195
56730 -420177
56760 -420177
56790 -420177
56820 -420177
56850 -420177
56880 -420177
56910 -420177
56940 -420173
56970 -420171
57000 -420171
57030 -420171
57060 -420171
57090 -420171
57120 -420171
57150 -420171
57180 -420171
57210 -420171
57240 -420171
57270 -420171
57300 -420171
57330 -420171
57360 -420171
57390 -420170
57420 -420170
57450 -420170
57480 -420139
57510 -420139
57540 -420139
57570 -420138
57600 -420138
57630 -420110
57660 -420104
57690 -420104
57720 -420104
57750 -420104
57780 -420104
57810 -420091
57840 -420091
57870 -420091
57900 -420091
57930 -420073
57960 -420073
57990 -420072
58020 -420072
58050 -420072
58080 -420054
58110 -420054
58140 -420044
58170 -420044
58200 -420012
58230 -420012
58260 -419989
58290 -419989
58320 -419989
58350 -419989
58380 -419989
58410 -419989
58440 -419989
58470 -419989
58500 -419989
58530 -419989
58560 -419985
58590 -419985
58620 -419985
58650 -419985
58680 -419984
58710 -419968
58740 -419943
58770 -419943
58800 -419943
58830 -419943
58860 -419942
58890 -419942
58920 -419941
58950 -419941
58980 -419941
59010 -419932
59040 -419932
59070 -419932
59100 -419932
59130 -419932
59160 -419932
59190 -419932
59220 -419932
59250 -419932
59280 -419932
59310 -419932
59340 -419932
59370 -419932
59400 -419921
59430 -419921
59460 -419912
59490 -419912
59520 -419912
59550 -419912
59580 -419912
59610 -419912
59640 -419910
59670 -419910
59700 -419902
59730 -419902
59760 -419901
59790 -419898
59820 -419894
59850 -419894
59880 -419894
59910 -419894
59940 -419890
59970 -419877
60000 -419858
60030 -419858
60060 -419858
60090 -419858
60120 -419858
60150 -419858
60180 -419855
60210 -419855
60240 -419855
60270 -419855
60300 -419855
60330 -419848
60360 -419838
60390 -419838
60420 -419833
60450 -419833
60480 -419833
60510 -419811
60540 -419810
60570 -419810
60600 -419796
60630 -419796
60660 -419796
60690 -419796
60720 -419796
60750 -419796
60780 -419796
60810 -419796
60840 -419791
60870 -419791
60900 -419791
60930 -419791
60960 -419791
60990 -419790
61020 -419781
61050 -419781
61080 -419781
61110 -419781
61140 -419769
61170 -419769
61200 -419769
61230 -419766
61260 -419766
61290 -419766
61320 -419766
61350 -419766
61380 -419766
61410 -419745
61440 -419742
61470 -419740
61500 -419740
61530 -419740
61560 -419739
61590 -419739
61620 -419739
61650 -419736
61680 -419730
61710 -419730
61740 -419730
61770 -419730
61800 -419726
61830 -419722
61860 -419719
61890 -419719
61920 -419719
61950 -419719
61980 -419703
62010 -419691
62040 -419691
62070 -419691
62100 -419688
62130 -419688
62160 -419666
62190 -419666
62220 -419666
62250 -419666
62280 -419666
62310 -419661
62340 -419656
62370 -419656
62400 -419656
62430 -419656
62460 -419656
62490 -419656
62520 -419654
62550 -419654
62580 -419654
62610 -419653
62640 -419653
62670 -419647
62700 -419647
62730 -419647
62760 -419647
62790 -419647
62820 -419643
62850 -419637
62880 -419637
62910 -419637
62940 -419637
62970 -419637
63000 -419637
63030 -419637
63060 -419637
63090 -419630
63120 -419630
63150 -419630
63180 -419630
63210 -419630
63240 -419630
63270 -419617
63300 -419610
63330 -419609
63360 -419598
63390 -419572
63420 -419572
63450 -419572
63480 -419572
63510 -419563
63540 -419563
63570 -419563
63600 -419563
63630 -419561
63660 -419559
63690 -419559
63720 -419559
63750 -419559
63780 -419559
63810 -419559
63840 -419549
63870 -419549
63900 -419549
63930 -419549
63960 -419541
63990 -419541
64020 -419541
64050 -419541
64080 -419541
64110 -419541
64140 -419541
64170 -419541
64200 -419541
64230 -419541
64260 -419541
64290 -419533
64320 -419533
64350 -419533
64380 -419533
64410 -419533
64440 -419533
64470 -419533
64500 -419533
64530 -419533
64560 -419533
64590 -419533
64620 -419521
64650 -419521
64680 -419513
64710 -419512
64740 -419512
64770 -419496
64800 -419466
64830 -419466
64860 -419466
64890 -419466
64920 -419466
64950 -419466
64980 -419466
65010 -419466
65040 -419466
65070 -419466
65100 -419458
65130 -419458
65160 -419447
65190 -419447
65220 -419447
65250 -419440
65280 -419439
65310 -419439
65340 -419429
65370 -419429
65400 -419429
65430 -419425
65460 -419425
65490 -419425
65520 -419425
65550 -419395
65580 -419395
65610 -419395
65640 -419395
65670 -419395
65700 -419395
65730 -419395
65760 -419395
65790 -419395
65820 -419395
65850 -419393
65880 -419392
65910 -419392
65940 -419392
65970 -419392
66000 -419386
66030 -419386
66060 -419386
66090 -419386
66120 -419386
66150 -419385
66180 -419385
66210 -419385
66240 -419385
66270 -419385
66300 -419385
66330 -419378
66360 -419378
66390 -419378
66420 -419378
66450 -419378
66480 -419378
66510 -419360
66540 -419338
66570 -419338
66600 -419338
66630 -419317
66660 -419317
66690 -419317
66720 -419317
66750 -419293
66780 -419293
66810 -419293
66840 -419275
66870 -419275
66900 -419275
66930 -419275
66960 -419275
66990 -419274
67020 -419274
67050 -419274
67080 -419274
67110 -419274
67140 -419274
67170 -419274
67200 -419274
67230 -419274
67260 -419274
67290 -419274
67320 -419258
67350 -419258
67380 -419258
67410 -419255
67440 -419255
67470 -419255
67500 -419250
67530 -419250
67560 -419242
67590 -419231
67620 -419231
67650 -419221
67680 -419221
67710 -419221
67740 -419221
67770 -419221
67800 -419221
67830 -419221
67860 -419221
67890 -419213
67920 -419213
67950 -419213
67980 -419213
68010 -419154
68040 -419154
68070 -419154
68100 -419154
68130 -419153
68160 -419153
68190 -419153
68220 -419153
68250 -419152
68280 -419152
68310 -419152
68340 -419139
68370 -419139
68400 -419139
68430 -419139
68460 -419133
68490 -419133
68520 -419133
68550 -419133
68580 -419133
68610 -419124
68640 -419123
68670 -419122
68700 -419122
68730 -419116
68760 -419116
68790 -419116
68820 -419116
68850 -419116
68880 -419116
68910 -419116
68940 -419100
68970 -419088
69000 -419088
69030 -419088
69060 -419088
69090 -419088
69120 -419076
69150 -419076
69180 -419060
69210 -419060
69240 -419060
69270 -419054
69300 -419054
69330 -419054
69360 -419052
69390 -419052
69420 -419052
69450 -419052
69480 -418998
69510 -418998
69540 -418998
69570 -418982
69600 -418982
69630 -418982
69660 -418982
69690 -418965
69720 -418956
69750 -418956
69780 -418956
69810 -418950
69840 -418950
69870 -418950
69900 -418950
69930 -418950
69960 -418950
69990 -418950
70020 -418950
70050 -418950
70080 -418950
70110 -418945
70140 -418945
70170 -418945
70200 -418945
70230 -418943
70260 -418943
70290 -418941
70320 -418941
70350 -418941
70380 -418938
70410 -418938
70440 -418938
70470 -418938
70500 -418938
70530 -418938
70560 -418938
70590 -418938
70620 -418938
70650 -418938
70680 -418938
70710 -418938
70740 -418904
70770 -418904
70800 -418819
70830 -418819
70860 -418810
70890 -418810
70920 -418793
70950 -418793
70980 -418789
71010 -418786
71040 -418786
71070 -418786
71100 -418786
71130 -418770
71160 -418770
71190 -418770
71220 -418770
71250 -418770
71280 -418770
71310 -418764
71340 -418764
71370 -418764
71400 -418741
71430 -418741
71460 -418740
71490 -418740
71520 -418740
71550 -418740
71580 -418740
71610 -418740
71640 -418740
71670 -418740
71700 -418740
71730 -418740
71760 -418717
71790 -418717
71820 -418717
71850 -418716
71880 -418716
71910 -418710
71940 -418710
71970 -418710
72000 -418709
72030 -418709
72060 -418706
72090 -418706
72120 -418696
72150 -418696
72180 -418692
72210 -418688
72240 -418688
72270 -418688
72300 -418688
72330 -418688
72360 -418688
72390 -418688
72420 -418683
72450 -418683
72480 -418679
72510 -418679
72540 -418679
72570 -418679
72600 -418679
72630 -418672
72660 -418672
72690 -418672
72720 -418666
72750 -418666
72780 -418657
72810 -418657
72840 -418657
72870 -418657
72900 -418657
72930 -418657
72960 -418657
72990 -418656
73020 -418642
73050 -418642
73080 -418642
73110 -418642
73140 -418642
73170 -418638
73200 -418638
73230 -418638
73260 -418638
73290 -418604
73320 -418600
73350 -418600
73380 -418599
73410 -418599
73440 -418599
73470 -418599
73500 -418599
73530 -418590
73560 -418590
73590 -418582
73620 -418582
73650 -418580
73680 -418580
73710 -418580
73740 -418580
73770 -418580
73800 -418580
73830 -418580
73860 -418579
73890 -418579
73920 -418579
73950 -418579
73980 -418579
74010 -418579
74040 -418579
74070 -418570
74100 -418570
74130 -418550
74160 -418550
74190 -418550
74220 -418549
74250 -418549
74280 -418549
74310 -418549
74340 -418549
74370 -418482
74400 -418482
74430 -418482
74460 -418477
74490 -418474
74520 -418474
74550 -418474
74580 -418474
74610 -418474
74640 -418474
74670 -418469
74700 -418469
74730 -418461
74760 -418461
74790 -418461
74820 -418461
74850 -418461
74880 -418461
74910 -418461
74940 -418441
74970 -418440
75000 -418440
75030 -418436
75060 -418436
75090 -418436
75120 -418436
75150 -418435
75180 -418435
75210 -418429
75240 -418429
75270 -418429
75300 -418429
75330 -418406
75360 -418406
75390 -418406
75420 -418406
75450 -418406
75480 -418406
75510 -418406
75540 -418406
75570 -418406
75600 -418406
75630 -418406
75660 -418406
75690 -418404
75720 -418404
75750 -418402
75780 -418402
75810 -418402
75840 -418402
75870 -418402
75900 -418402
75930 -418397
75960 -418397
75990 -418397
76020 -418390
76050 -418364
76080 -418351
76110 -418350
76140 -418350
76170 -418350
76200 -418350
76230 -418350
76260 -418334
76290 -418334
76320 -418334
76350 -418334
76380 -418334
76410 -418334
76440 -418334
76470 -418334
76500 -418334
76530 -418334
76560 -418334
76590 -418331
76620 -418331
76650 -418331
76680 -418331
76710 -418315
76740 -418315
76770 -418314
76800 -418314
76830 -418314
76860 -418314
76890 -418314
76920 -418314
76950 -418314
76980 -418314
77010 -418309
77040 -418309
77070 -418309
77100 -418309
77130 -418309
77160 -418309
77190 -418309
77220 -418309
77250 -418309
77280 -418309
77310 -418309
77340 -418309
77370 -418309
77400 -418309
77430 -418309
77460 -418309
77490 -418309
77520 -418308
77550 -418308
77580 -418306
77610 -418297
77640 -418284
77670 -418284
77700 -418276
77730 -418270
77760 -418270
77790 -418270
77820 -418256
77850 -418239
77880 -418239
77910 -418239
77940 -418214
77970 -418214
78000 -418214
78030 -418214
78060 -418214
78090 -418214
78120 -418214
78150 -418166
78180 -418164
78210 -418164
78240 -418164
78270 -418163
78300 -418156
78330 -418156
78360 -418156
78390 -418156
78420 -418156
78450 -418156
78480 -418151
78510 -418151
78540 -418151
78570 -418125
78600 -418124
78630 -418124
78660 -418124
78690 -418124
78720 -418124
78750 -418124
78780 -418123
78810 -418094
78840 -418087
78870 -418079
78900 -418078
78930 -418078
78960 -418078
78990 -418078
79020 -418078
79050 -418075
79080 -418075
79110 -418075
79140 -418075
79170 -418075
79200 -418075
79230 -418075
79260 -418075
79290 -418075
79320 -418075
79350 -418075
79380 -418075
79410 -418075
79440 -418075
79470 -418075
79500 -418075
79530 -418075
79560 -418069
79590 -418069
79620 -418069
79650 -418069
79680 -418047
79710 -418047
79740 -418047
79770 -418047
79800 -418047
79830 -418047
79860 -418047
79890 -418047
79920 -418047
79950 -418047
79980 -418047
80010 -418047
80040 -418047
80070 -418047
80100 -418033
80130 -418033
80160 -418030
80190 -418030
80220 -418030
80250 -418030
80280 -418030
80310 -418030
80340 -418024
80370 -418024
80400 -418024
80430 -418024
80460 -418024
80490 -418024
80520 -418013
80550 -418013
80580 -418013
80610 -418004
80640 -418004
80670 -418004
80700 -418004
80730 -418004
80760 -418004
80790 -418004
80820 -418004
80850 -418004
80880 -418004
80910 -418004
80940 -418001
80970 -418001
81000 -418001
81030 -418001
81060 -418001
81090 -418001
81120 -418001
81150 -418001
81180 -417951
81210 -417951
81240 -417951
81270 -417951
81300 -417951
81330 -417951
81360 -417951
81390 -417951
81420 -417949
81450 -417949
81480 -417949
81510 -417949
81540 -417949
81570 -417949
81600 -417949
81630 -417949
81660 -417949
81690 -417926
81720 -417926
81750 -417926
81780 -417922
81810 -417922
81840 -417922
81870 -417922
81900 -417922
81930 -417922
81960 -417922
81990 -417920
82020 -417920
82050 -417920
82080 -417920
82110 -417917
82140 -417915
82170 -417913
82200 -417913
82230 -417913
