60 -310534
90 -309697
120 -309440
150 -308144
180 -307596
210 -307464
240 -307001
270 -305986
300 -305334
330 -304332
360 -304110
390 -303602
420 -303298
450 -303043
480 -302596
510 -302193
540 -301730
570 -301278
600 -300809
630 -300712
660 -300451
690 -300029
720 -299905
750 -299785
780 -299562
810 -299390
840 -299201
870 -299072
900 -298937
930 -298737
960 -298536
990 -298309
1020 -298095
1050 -297762
1080 -297619
1110 -297318
1140 -297143
1170 -296937
1200 -296736
1230 -296550
1260 -296415
1290 -296357
1320 -296218
1350 -296114
1380 -296032
1410 -295881
1440 -295302
1470 -294918
1500 -294618
1530 -294566
1560 -294181
1590 -293794
1620 -293745
1650 -293677
1680 -293592
1710 -293390
1740 -293293
1770 -293058
1800 -292903
1830 -292782
1860 -292670
1890 -292541
1920 -292403
1950 -292375
1980 -292100
2010 -291673
2040 -291585
2070 -291490
2100 -291328
2130 -291262
2160 -291158
2190 -291059
2220 -290934
2250 -290836
2280 -290654
2310 -290614
2340 -290526
2370 -290437
2400 -290397
2430 -290374
2460 -290309
2490 -290292
2520 -290249
2550 -290167
2580 -290012
2610 -289948
2640 -289710
2670 -289573
2700 -289566
2730 -289525
2760 -289446
2790 -289390
2820 -289328
2850 -289275
2880 -289237
2910 -289192
2940 -289129
2970 -289080
3000 -288953
3030 -288873
3060 -288840
3090 -288840
3120 -288783
3150 -288760
3180 -288682
3210 -288473
3240 -288333
3270 -288202
3300 -288131
3330 -288117
3360 -288109
3390 -288072
3420 -288017
3450 -287976
3480 -287909
3510 -287844
3540 -287844
3570 -287838
3600 -287734
3630 -287668
3660 -287624
3690 -287619
3720 -287574
3750 -287510
3780 -287199
3810 -287151
3840 -287080
3870 -287027
3900 -287012
3930 -287006
3960 -286962
3990 -286859
4020 -286856
4050 -286772
4080 -286771
4110 -286690
4140 -286645
4170 -286561
4200 -286529
4230 -286501
4260 -286490
4290 -286410
4320 -286410
4350 -286380
4380 -286348
4410 -286190
4440 -286072
4470 -285995
4500 -285944
4530 -285888
4560 -285867
4590 -285744
4620 -285721
4650 -285681
4680 -285648
4710 -285552
4740 -285458
4770 -285396
4800 -285334
4830 -285170
4860 -285122
4890 -285105
4920 -285060
4950 -285050
4980 -284975
5010 -284928
5040 -284886
5070 -284841
5100 -284830
5130 -284820
5160 -284774
5190 -284740
5220 -284697
5250 -284690
5280 -284675
5310 -284651
5340 -284646
5370 -284574
5400 -284574
5430 -284466
5460 -284446
5490 -284414
5520 -284290
5550 -284255
5580 -284136
5610 -284076
5640 -284048
5670 -284045
5700 -283943
5730 -283817
5760 -283657
5790 -283573
5820 -283564
5850 -283514
5880 -283452
5910 -283384
5940 -283319
5970 -283232
6000 -283182
6030 -283029
6060 -283029
6090 -283023
6120 -283013
6150 -283009
6180 -282999
6210 -282931
6240 -282835
6270 -282789
6300 -282716
6330 -282687
6360 -282611
6390 -282602
6420 -282512
6450 -282506
6480 -282415
6510 -282399
6540 -282362
6570 -282355
6600 -282355
6630 -282259
6660 -282181
6690 -282124
6720 -282089
6750 -282088
6780 -282055
6810 -282002
6840 -281932
6870 -281929
6900 -281884
6930 -281863
6960 -281726
6990 -281713
7020 -281650
7050 -281650
7080 -281634
7110 -281579
7140 -281447
7170 -281440
7200 -281424
7230 -281402
7260 -281366
7290 -281351
7320 -281282
7350 -281258
7380 -281211
7410 -281211
7440 -281122
7470 -281097
7500 -281056
7530 -281030
7560 -281024
7590 -280977
7620 -280960
7650 -280939
7680 -280899
7710 -280898
7740 -280879
7770 -280837
7800 -280786
7830 -280727
7860 -280726
7890 -280717
7920 -280687
7950 -280681
7980 -280676
8010 -280555
8040 -280508
8070 -280484
8100 -280462
8130 -280447
8160 -280404
8190 -280366
8220 -280346
8250 -280289
8280 -280259
8310 -280236
8340 -280213
8370 -280191
8400 -280159
8430 -280157
8460 -280145
8490 -280099
8520 -280099
8550 -280059
8580 -280020
8610 -279978
8640 -279941
8670 -279925
8700 -279900
8730 -279889
8760 -279871
8790 -279854
8820 -279832
8850 -279774
8880 -279756
8910 -279756
8940 -279748
8970 -279738
9000 -279733
9030 -279681
9060 -279651
9090 -279647
9120 -279578
9150 -279578
9180 -279567
9210 -279522
9240 -279433
9270 -279359
9300 -279227
9330 -279201
9360 -279187
9390 -279155
9420 -279098
9450 -279067
9480 -279044
9510 -279035
9540 -279003
9570 -278974
9600 -278949
9630 -278940
9660 -278922
9690 -278832
9720 -278782
9750 -278702
9780 -278686
9810 -278676
9840 -278650
9870 -278634
9900 -278554
9930 -278550
9960 -278550
9990 -278530
10020 -278469
10050 -278450
10080 -278408
10110 -278384
10140 -278350
10170 -278335
10200 -278228
10230 -278227
10260 -278223
10290 -278215
10320 -278208
10350 -278195
10380 -278195
10410 -278178
10440 -278059
10470 -277918
10500 -277862
10530 -277837
10560 -277664
10590 -277621
10620 -277621
10650 -277584
10680 -277531
10710 -277495
10740 -277481
10770 -277477
10800 -277470
10830 -277459
10860 -277453
10890 -277430
10920 -277411
10950 -277369
10980 -277273
11010 -277258
11040 -277245
11070 -277236
11100 -277225
11130 -277192
11160 -277192
11190 -277179
11220 -277166
11250 -277158
11280 -277152
11310 -277119
11340 -277116
11370 -277116
11400 -277044
11430 -277028
11460 -277006
11490 -276976
11520 -276969
11550 -276960
11580 -276960
11610 -276948
11640 -276932
11670 -276891
11700 -276884
11730 -276796
11760 -276793
11790 -276740
11820 -276717
11850 -276696
11880 -276677
11910 -276643
11940 -276606
11970 -276567
12000 -276553
12030 -276542
12060 -276515
12090 -276491
12120 -276434
12150 -276423
12180 -276389
12210 -276382
12240 -276368
12270 -276331
12300 -276329
12330 -276296
12360 -276291
12390 -276272
12420 -276229
12450 -276220
12480 -276210
12510 -276198
12540 -276197
12570 -276197
12600 -276196
12630 -276188
12660 -276164
12690 -276154
12720 -276128
12750 -276117
12780 -276112
12810 -276097
12840 -276046
12870 -276034
12900 -276018
12930 -276018
12960 -276007
12990 -275963
13020 -275948
13050 -275902
13080 -275884
13110 -275873
13140 -275788
13170 -275788
13200 -275755
13230 -275753
13260 -275745
13290 -275741
13320 -275741
13350 -275741
13380 -275741
13410 -275733
13440 -275725
13470 -275655
13500 -275646
13530 -275646
13560 -275635
13590 -275608
13620 -275542
13650 -275542
13680 -275509
13710 -275505
13740 -275489
13770 -275462
13800 -275455
13830 -275432
13860 -275425
13890 -275401
13920 -275385
13950 -275339
13980 -275309
14010 -275278
14040 -275250
14070 -275248
14100 -275239
14130 -275231
14160 -275205
14190 -275109
14220 -275102
14250 -275080
14280 -275068
14310 -274956
14340 -274931
14370 -274930
14400 -274904
14430 -274900
14460 -274891
14490 -274865
14520 -274860
14550 -274845
14580 -274787
14610 -274752
14640 -274745
14670 -274715
14700 -274710
14730 -274678
14760 -274664
14790 -274663
14820 -274645
14850 -274574
14880 -274546
14910 -274544
14940 -274538
14970 -274513
15000 -274512
15030 -274477
15060 -274388
15090 -274350
15120 -274301
15150 -274296
15180 -274279
15210 -274274
15240 -274258
15270 -274257
15300 -274235
15330 -274221
15360 -274201
15390 -274201
15420 -274167
15450 -274160
15480 -274137
15510 -274126
15540 -274124
15570 -274096
15600 -274088
15630 -274080
15660 -274080
15690 -274079
15720 -274065
15750 -273966
15780 -273903
15810 -273872
15840 -273797
15870 -273753
15900 -273747
15930 -273721
15960 -273712
15990 -273697
16020 -273696
16050 -273685
16080 -273675
16110 -273665
16140 -273636
16170 -273625
16200 -273606
16230 -273601
16260 -273562
16290 -273541
16320 -273515
16350 -273496
16380 -273490
16410 -273487
16440 -273395
16470 -273394
16500 -273385
16530 -273382
16560 -273382
16590 -273380
16620 -273361
16650 -273359
16680 -273339
16710 -273304
16740 -273304
16770 -273300
16800 -273298
16830 -273290
16860 -273287
16890 -273285
16920 -273280
16950 -273259
16980 -273248
17010 -273239
17040 -273231
17070 -273204
17100 -273198
17130 -273198
17160 -273197
17190 -273192
17220 -273176
17250 -273115
17280 -273115
17310 -273114
17340 -273058
17370 -273029
17400 -272978
17430 -272969
17460 -272969
17490 -272966
17520 -272957
17550 -272946
17580 -272944
17610 -272933
17640 -272881
17670 -272872
17700 -272872
17730 -272843
17760 -272842
17790 -272835
17820 -272812
17850 -272760
17880 -272701
17910 -272676
17940 -272671
17970 -272645
18000 -272635
18030 -272634
18060 -272633
18090 -272621
18120 -272601
18150 -272601
18180 -272563
18210 -272543
18240 -272506
18270 -272465
18300 -272464
18330 -272461
18360 -272461
18390 -272461
18420 -272453
18450 -272450
18480 -272450
18510 -272444
18540 -272423
18570 -272418
18600 -272406
18630 -272360
18660 -272360
18690 -272342
18720 -272330
18750 -272318
18780 -272314
18810 -272286
18840 -272286
18870 -272277
18900 -272273
18930 -272220
18960 -272211
18990 -272203
19020 -272192
19050 -272162
19080 -272070
19110 -272051
19140 -272034
19170 -271994
19200 -271992
19230 -271978
19260 -271978
19290 -271978
19320 -271978
19350 -271971
19380 -271971
19410 -271924
19440 -271910
19470 -271909
19500 -271851
19530 -271794
19560 -271789
19590 -271789
19620 -271781
19650 -271781
19680 -271778
19710 -271769
19740 -271752
19770 -271744
19800 -271744
19830 -271733
19860 -271731
19890 -271722
19920 -271722
19950 -271707
19980 -271680
20010 -271677
20040 -271669
20070 -271666
20100 -271663
20130 -271663
20160 -271659
20190 -271659
20220 -271652
20250 -271651
20280 -271624
20310 -271621
20340 -271608
20370 -271608
20400 -271606
20430 -271600
20460 -271531
20490 -271519
20520 -271499
20550 -271490
20580 -271479
20610 -271475
20640 -271470
20670 -271434
20700 -271416
20730 -271416
20760 -271396
20790 -271380
20820 -271380
20850 -271378
20880 -271378
20910 -271370
20940 -271368
20970 -271349
21000 -271341
21030 -271324
21060 -271321
21090 -271311
21120 -271292
21150 -271292
21180 -271274
21210 -271274
21240 -271273
21270 -271268
21300 -271262
21330 -271242
21360 -271230
21390 -271220
21420 -271219
21450 -271207
21480 -271199
21510 -271189
21540 -271167
21570 -271148
21600 -271131
21630 -271115
21660 -271098
21690 -271077
21720 -271074
21750 -271074
21780 -271074
21810 -271044
21840 -271018
21870 -271016
21900 -271016
21930 -270996
21960 -270996
21990 -270954
22020 -270938
22050 -270934
22080 -270927
22110 -270876
22140 -270871
22170 -270856
22200 -270853
22230 -270850
22260 -270828
22290 -270825
22320 -270805
22350 -270805
22380 -270805
22410 -270802
22440 -270785
22470 -270767
22500 -270746
22530 -270733
22560 -270732
22590 -270699
22620 -270679
22650 -270679
22680 -270671
22710 -270643
22740 -270640
22770 -270640
22800 -270640
22830 -270640
22860 -270630
22890 -270610
22920 -270599
22950 -270579
22980 -270575
23010 -270559
23040 -270554
23070 -270554
23100 -270551
23130 -270549
23160 -270535
23190 -270527
23220 -270523
23250 -270502
23280 -270502
23310 -270496
23340 -270474
23370 -270471
23400 -270466
23430 -270465
23460 -270457
23490 -270428
23520 -270428
23550 -270422
23580 -270406
23610 -270406
23640 -270393
23670 -270393
23700 -270388
23730 -270380
23760 -270374
23790 -270372
23820 -270331
23850 -270316
23880 -270310
23910 -270255
23940 -270255
23970 -270245
24000 -270242
24030 -270219
24060 -270217
24090 -270217
24120 -270208
24150 -270183
24180 -270174
24210 -270174
24240 -270172
24270 -270166
24300 -270156
24330 -270146
24360 -270132
24390 -270094
24420 -270060
24450 -270017
24480 -270009
24510 -269989
24540 -269982
24570 -269968
24600 -269964
24630 -269944
24660 -269933
24690 -269921
24720 -269912
24750 -269912
24780 -269884
24810 -269856
24840 -269851
24870 -269823
24900 -269801
24930 -269801
24960 -269799
24990 -269798
25020 -269791
25050 -269785
25080 -269782
25110 -269782
25140 -269782
25170 -269722
25200 -269705
25230 -269690
25260 -269678
25290 -269670
25320 -269660
25350 -269660
25380 -269649
25410 -269634
25440 -269632
25470 -269629
25500 -269608
25530 -269587
25560 -269587
25590 -269571
25620 -269571
25650 -269543
25680 -269518
25710 -269512
25740 -269505
25770 -269500
25800 -269499
25830 -269499
25860 -269499
25890 -269499
25920 -269478
25950 -269470
25980 -269468
26010 -269459
26040 -269425
26070 -269395
26100 -269395
26130 -269391
26160 -269391
26190 -269337
26220 -269333
26250 -269319
26280 -269318
26310 -269313
26340 -269310
26370 -269300
26400 -269285
26430 -269258
26460 -269257
26490 -269252
26520 -269252
26550 -269249
26580 -269243
26610 -269220
26640 -269140
26670 -269137
26700 -269127
26730 -269127
26760 -269127
26790 -269123
26820 -269110
26850 -269079
26880 -269079
26910 -269079
26940 -269072
26970 -269067
27000 -269067
27030 -269039
27060 -269035
27090 -269035
27120 -269025
27150 -269017
27180 -269016
27210 -269016
27240 -269013
27270 -269007
27300 -268987
27330 -268976
27360 -268975
27390 -268891
27420 -268891
27450 -268865
27480 -268850
27510 -268801
27540 -268794
27570 -268794
27600 -268794
27630 -268793
27660 -268772
27690 -268767
27720 -268764
27750 -268762
27780 -268751
27810 -268710
27840 -268710
27870 -268698
27900 -268698
27930 -268693
27960 -268657
27990 -268653
28020 -268650
28050 -268632
28080 -268625
28110 -268613
28140 -268613
28170 -268606
28200 -268605
28230 -268602
28260 -268595
28290 -268575
28320 -268575
28350 -268552
28380 -268543
28410 -268541
28440 -268537
28470 -268527
28500 -268501
28530 -268501
28560 -268500
28590 -268475
28620 -268472
28650 -268466
28680 -268454
28710 -268426
28740 -268426
28770 -268419
28800 -268399
28830 -268392
28860 -268382
28890 -268382
28920 -268381
28950 -268379
28980 -268366
29010 -268354
29040 -268343
29070 -268343
29100 -268342
29130 -268342
29160 -268338
29190 -268332
29220 -268331
29250 -268331
29280 -268325
29310 -268315
29340 -268310
29370 -268310
29400 -268310
29430 -268295
29460 -268280
29490 -268269
29520 -268239
29550 -268237
29580 -268236
29610 -268223
29640 -268190
29670 -268190
29700 -268143
29730 -268140
29760 -268138
29790 -268127
29820 -268125
29850 -268110
29880 -268108
29910 -268108
29940 -268101
29970 -268084
30000 -268068
30030 -268062
30060 -268060
30090 -268059
30120 -268058
30150 -268045
30180 -268023
30210 -268010
30240 -267999
30270 -267979
30300 -267976
30330 -267961
30360 -267950
30390 -267942
30420 -267940
30450 -267940
30480 -267936
30510 -267912
30540 -267909
30570 -267909
30600 -267880
30630 -267878
30660 -267874
30690 -267869
30720 -267868
30750 -267819
30780 -267819
30810 -267819
30840 -267814
30870 -267803
30900 -267799
30930 -267772
30960 -267743
30990 -267736
31020 -267736
31050 -267735
31080 -267729
31110 -267729
31140 -267711
31170 -267711
31200 -267699
31230 -267691
31260 -267690
31290 -267690
31320 -267683
31350 -267679
31380 -267679
31410 -267677
31440 -267674
31470 -267662
31500 -267657
31530 -267642
31560 -267642
31590 -267639
31620 -267618
31650 -267608
31680 -267607
31710 -267607
31740 -267598
31770 -267581
31800 -267578
31830 -267577
31860 -267564
31890 -267564
31920 -267564
31950 -267533
31980 -267518
32010 -267516
32040 -267516
32070 -267516
32100 -267506
32130 -267502
32160 -267502
32190 -267502
32220 -267501
32250 -267495
32280 -267484
32310 -267481
32340 -267465
32370 -267456
32400 -267452
32430 -267452
32460 -267452
32490 -267439
32520 -267439
32550 -267437
32580 -267426
32610 -267424
32640 -267424
32670 -267423
32700 -267419
32730 -267411
32760 -267375
32790 -267361
32820 -267361
32850 -267359
32880 -267359
32910 -267351
32940 -267341
32970 -267341
33000 -267336
33030 -267329
33060 -267329
33090 -267327
33120 -267327
33150 -267322
33180 -267321
33210 -267316
33240 -267316
33270 -267305
33300 -267302
33330 -267297
33360 -267280
33390 -267280
33420 -267263
33450 -267263
33480 -267252
33510 -267242
33540 -267235
33570 -267235
33600 -267235
33630 -267235
33660 -267227
33690 -267222
33720 -267206
33750 -267206
33780 -267206
33810 -267192
33840 -267192
33870 -267178
33900 -267147
33930 -267147
33960 -267147
33990 -267147
34020 -267137
34050 -267115
34080 -267115
34110 -267102
34140 -267080
34170 -267079
34200 -267042
34230 -267039
34260 -267039
34290 -267026
34320 -267014
34350 -267008
34380 -266996
34410 -266996
34440 -266996
34470 -266978
34500 -266975
34530 -266975
34560 -266971
34590 -266968
34620 -266961
34650 -266961
34680 -266961
34710 -266957
34740 -266957
34770 -266957
34800 -266953
34830 -266948
34860 -266930
34890 -266923
34920 -266922
34950 -266920
34980 -266919
35010 -266916
35040 -266903
35070 -266903
35100 -266901
35130 -266895
35160 -266895
35190 -266895
35220 -266886
35250 -266886
35280 -266886
35310 -266886
35340 -266877
35370 -266877
35400 -266873
35430 -266855
35460 -266854
35490 -266854
35520 -266854
35550 -266854
35580 -266849
35610 -266845
35640 -266845
35670 -266845
35700 -266834
35730 -266829
35760 -266829
35790 -266825
35820 -266825
35850 -266798
35880 -266798
35910 -266798
35940 -266742
35970 -266741
36000 -266736
36030 -266736
36060 -266736
36090 -266734
36120 -266726
36150 -266724
36180 -266724
36210 -266723
36240 -266711
36270 -266701
36300 -266700
36330 -266700
36360 -266698
36390 -266693
36420 -266686
36450 -266686
36480 -266678
36510 -266647
36540 -266646
36570 -266645
36600 -266641
36630 -266637
36660 -266630
36690 -266630
36720 -266623
36750 -266614
36780 -266614
36810 -266598
36840 -266588
36870 -266587
36900 -266573
36930 -266564
36960 -266562
36990 -266556
37020 -266555
37050 -266552
37080 -266549
37110 -266549
37140 -266549
37170 -266548
37200 -266548
37230 -266538
37260 -266527
37290 -266467
37320 -266455
37350 -266445
37380 -266445
37410 -266440
37440 -266404
37470 -266404
37500 -266394
37530 -266394
37560 -266394
37590 -266394
37620 -266384
37650 -266372
37680 -266367
37710 -266367
37740 -266367
37770 -266367
37800 -266352
37830 -266352
37860 -266352
37890 -266352
37920 -266352
37950 -266350
37980 -266350
38010 -266349
38040 -266334
38070 -266325
38100 -266319
38130 -266319
38160 -266311
38190 -266308
38220 -266303
38250 -266303
38280 -266303
38310 -266301
38340 -266301
38370 -266291
38400 -266285
38430 -266285
38460 -266280
38490 -266280
38520 -266276
38550 -266259
38580 -266247
38610 -266247
38640 -266247
38670 -266230
38700 -266225
38730 -266225
38760 -266214
38790 -266211
38820 -266197
38850 -266173
38880 -266173
38910 -266165
38940 -266165
38970 -266160
39000 -266160
39030 -266153
39060 -266136
39090 -266125
39120 -266124
39150 -266124
39180 -266109
39210 -266100
39240 -266094
39270 -266087
39300 -266084
39330 -266084
39360 -266072
39390 -266065
39420 -266058
39450 -266058
39480 -266055
39510 -266055
39540 -266046
39570 -266038
39600 -266038
39630 -266026
39660 -266025
39690 -266024
39720 -266012
39750 -266006
39780 -266004
39810 -266003
39840 -266003
39870 -266003
39900 -265983
39930 -265983
39960 -265976
39990 -265959
40020 -265945
40050 -265933
40080 -265926
40110 -265918
40140 -265863
40170 -265840
40200 -265830
40230 -265811
40260 -265806
40290 -265802
40320 -265801
40350 -265791
40380 -265777
40410 -265764
40440 -265736
40470 -265736
40500 -265731
40530 -265731
40560 -265716
40590 -265712
40620 -265683
40650 -265683
40680 -265666
40710 -265639
40740 -265637
40770 -265637
40800 -265634
40830 -265630
40860 -265623
40890 -265623
40920 -265616
40950 -265609
40980 -265608
41010 -265605
41040 -265598
41070 -265579
41100 -265579
41130 -265567
41160 -265564
41190 -265562
41220 -265537
41250 -265512
41280 -265505
41310 -265504
41340 -265500
41370 -265456
41400 -265451
41430 -265447
41460 -265437
41490 -265424
41520 -265421
41550 -265420
41580 -265420
41610 -265403
41640 -265398
41670 -265332
41700 -265332
41730 -265311
41760 -265303
41790 -265299
41820 -265299
41850 -265288
41880 -265288
41910 -265287
41940 -265280
41970 -265280
42000 -265278
42030 -265276
42060 -265276
42090 -265276
42120 -265276
42150 -265276
42180 -265267
42210 -265263
42240 -265256
42270 -265254
42300 -265239
42330 -265205
42360 -265204
42390 -265199
42420 -265192
42450 -265160
42480 -265154
42510 -265149
42540 -265148
42570 -265148
42600 -265144
42630 -265144
42660 -265144
42690 -265141
42720 -265134
42750 -265134
42780 -265133
42810 -265133
42840 -265131
42870 -265114
42900 -265113
42930 -265111
42960 -265111
42990 -265110
43020 -265110
43050 -265104
43080 -265104
43110 -265093
43140 -265093
43170 -265088
43200 -265043
43230 -265043
43260 -265034
43290 -265034
43320 -265032
43350 -265029
43380 -265029
43410 -265029
43440 -265028
43470 -265025
43500 -265020
43530 -265020
43560 -265016
43590 -264990
43620 -264982
43650 -264969
43680 -264969
43710 -264962
43740 -264953
43770 -264950
43800 -264950
43830 -264949
43860 -264943
43890 -264924
43920 -264918
43950 -264909
43980 -264902
44010 -264889
44040 -264880
44070 -264879
44100 -264879
44130 -264853
44160 -264853
44190 -264849
44220 -264849
44250 -264845
44280 -264843
44310 -264843
44340 -264843
44370 -264841
44400 -264827
44430 -264827
44460 -264819
44490 -264819
44520 -264819
44550 -264819
44580 -264819
44610 -264817
44640 -264817
44670 -264814
44700 -264814
44730 -264812
44760 -264810
44790 -264802
44820 -264802
44850 -264796
44880 -264786
44910 -264786
44940 -264786
44970 -264779
45000 -264779
45030 -264776
45060 -264773
45090 -264772
45120 -264754
45150 -264745
45180 -264702
45210 -264702
45240 -264702
45270 -264686
45300 -264676
45330 -264659
45360 -264659
45390 -264643
45420 -264641
45450 -264629
45480 -264629
45510 -264628
45540 -264628
45570 -264628
45600 -264627
45630 -264607
45660 -264575
45690 -264574
45720 -264574
45750 -264574
45780 -264571
45810 -264557
45840 -264519
45870 -264517
45900 -264515
45930 -264514
45960 -264514
45990 -264507
46020 -264506
46050 -264490
46080 -264483
46110 -264482
46140 -264480
46170 -264443
46200 -264439
46230 -264438
46260 -264438
46290 -264433
46320 -264433
46350 -264433
46380 -264433
46410 -264433
46440 -264429
46470 -264429
46500 -264418
46530 -264413
46560 -264413
46590 -264409
46620 -264406
46650 -264396
46680 -264391
46710 -264389
46740 -264388
46770 -264388
46800 -264387
46830 -264384
46860 -264370
46890 -264361
46920 -264359
46950 -264351
46980 -264317
47010 -264317
47040 -264317
47070 -264317
47100 -264313
47130 -264308
47160 -264308
47190 -264293
47220 -264293
47250 -264293
47280 -264282
47310 -264280
47340 -264280
47370 -264278
47400 -264250
47430 -264240
47460 -264240
47490 -264240
47520 -264240
47550 -264236
47580 -264236
47610 -264236
47640 -264236
47670 -264236
47700 -264236
47730 -264235
47760 -264235
47790 -264235
47820 -264235
47850 -264234
47880 -264232
47910 -264231
47940 -264231
47970 -264229
48000 -264223
48030 -264211
48060 -264202
48090 -264196
48120 -264193
48150 -264189
48180 -264189
48210 -264181
48240 -264166
48270 -264162
48300 -264149
48330 -264149
48360 -264144
48390 -264143
48420 -264142
48450 -264137
48480 -264136
48510 -264132
48540 -264132
48570 -264132
48600 -264132
48630 -264131
48660 -264121
48690 -264120
48720 -264103
48750 -264103
48780 -264099
48810 -264095
48840 -264093
48870 -264091
48900 -264087
48930 -264087
48960 -264082
48990 -264078
49020 -264057
49050 -264057
49080 -264054
49110 -264041
49140 -264015
49170 -264013
49200 -264012
49230 -264004
49260 -264004
49290 -264004
49320 -263992
49350 -263990
49380 -263990
49410 -263990
49440 -263985
49470 -263976
49500 -263976
49530 -263975
49560 -263975
49590 -263975
49620 -263975
49650 -263974
49680 -263965
49710 -263945
49740 -263942
49770 -263942
49800 -263941
49830 -263934
49860 -263926
49890 -263914
49920 -263908
49950 -263908
49980 -263908
50010 -263904
50040 -263901
50070 -263895
50100 -263859
50130 -263859
50160 -263859
50190 -263859
50220 -263859
50250 -263859
50280 -263856
50310 -263855
50340 -263854
50370 -263833
50400 -263833
50430 -263827
50460 -263827
50490 -263827
50520 -263827
50550 -263822
50580 -263819
50610 -263819
50640 -263819
50670 -263819
50700 -263819
50730 -263814
50760 -263812
50790 -263804
50820 -263803
50850 -263803
50880 -263774
50910 -263767
50940 -263764
50970 -263750
51000 -263750
51030 -263749
51060 -263740
51090 -263730
51120 -263730
51150 -263727
51180 -263727
51210 -263727
51240 -263721
51270 -263721
51300 -263720
51330 -263720
51360 -263719
51390 -263719
51420 -263706
51450 -263693
51480 -263693
51510 -263653
51540 -263647
51570 -263646
51600 -263645
51630 -263645
51660 -263641
51690 -263641
51720 -263635
51750 -263632
51780 -263618
51810 -263608
51840 -263606
51870 -263606
51900 -263583
51930 -263583
51960 -263583
51990 -263582
52020 -263577
52050 -263576
52080 -263573
52110 -263572
52140 -263572
52170 -263572
52200 -263569
52230 -263565
52260 -263553
52290 -263553
52320 -263547
52350 -263542
52380 -263542
52410 -263542
52440 -263542
52470 -263542
52500 -263538
52530 -263538
52560 -263529
52590 -263524
52620 -263524
52650 -263515
52680 -263511
52710 -263511
52740 -263506
52770 -263505
52800 -263505
52830 -263503
52860 -263501
52890 -263501
52920 -263489
52950 -263488
52980 -263487
53010 -263486
53040 -263486
53070 -263486
53100 -263486
53130 -263485
53160 -263485
53190 -263485
53220 -263485
53250 -263485
53280 -263466
53310 -263466
53340 -263466
53370 -263466
53400 -263466
53430 -263464
53460 -263464
53490 -263456
53520 -263453
53550 -263443
53580 -263443
53610 -263443
53640 -263440
53670 -263440
53700 -263432
53730 -263427
53760 -263427
53790 -263427
53820 -263425
53850 -263422
53880 -263422
53910 -263422
53940 -263415
53970 -263415
54000 -263415
54030 -263415
54060 -263415
54090 -263407
54120 -263406
54150 -263404
54180 -263404
54210 -263367
54240 -263367
54270 -263367
54300 -263367
54330 -263363
54360 -263363
54390 -263363
54420 -263363
54450 -263363
54480 -263358
54510 -263331
54540 -263331
54570 -263322
54600 -263321
54630 -263318
54660 -263318
54690 -263310
54720 -263309
54750 -263301
54780 -263298
54810 -263296
54840 -263293
54870 -263293
54900 -263293
54930 -263293
54960 -263293
54990 -263288
55020 -263288
55050 -263285
55080 -263277
55110 -263277
55140 -263271
55170 -263270
55200 -263269
55230 -263246
55260 -263245
55290 -263232
55320 -263229
55350 -263229
55380 -263228
55410 -263217
55440 -263206
55470 -263202
55500 -263200
55530 -263200
55560 -263197
55590 -263195
55620 -263195
55650 -263194
55680 -263192
55710 -263192
55740 -263192
55770 -263192
55800 -263192
55830 -263191
55860 -263191
55890 -263183
55920 -263179
55950 -263179
55980 -263177
56010 -263177
56040 -263177
56070 -263177
56100 -263177
56130 -263177
56160 -263174
56190 -263174
56220 -263170
56250 -263155
56280 -263155
56310 -263152
56340 -263152
56370 -263144
56400 -263134
56430 -263131
56460 -263117
56490 -263114
56520 -263114
56550 -263112
56580 -263112
56610 -263104
56640 -263104
56670 -263104
56700 -263095
56730 -263095
56760 -263095
56790 -263079
56820 -263075
56850 -263073
56880 -263071
56910 -263071
56940 -263071
56970 -263068
57000 -263068
57030 -263055
57060 -263055
57090 -263053
57120 -263050
57150 -263050
57180 -263040
57210 -263038
57240 -263037
57270 -263037
57300 -263027
57330 -263007
57360 -263005
57390 -263004
57420 -262998
57450 -262990
57480 -262989
57510 -262989
57540 -262985
57570 -262984
57600 -262984
57630 -262959
57660 -262959
57690 -262954
57720 -262938
57750 -262936
57780 -262933
57810 -262933
57840 -262927
57870 -262927
57900 -262925
57930 -262925
57960 -262925
57990 -262923
58020 -262923
58050 -262923
58080 -262923
58110 -262923
58140 -262921
58170 -262921
58200 -262915
58230 -262911
58260 -262910
58290 -262909
58320 -262909
58350 -262909
58380 -262904
58410 -262904
58440 -262904
58470 -262902
58500 -262902
58530 -262902
58560 -262902
58590 -262902
58620 -262901
58650 -262886
58680 -262886
58710 -262884
58740 -262884
58770 -262883
58800 -262883
58830 -262883
58860 -262883
58890 -262883
58920 -262872
58950 -262872
58980 -262872
59010 -262870
59040 -262864
59070 -262862
59100 -262827
59130 -262825
59160 -262821
59190 -262803
59220 -262788
59250 -262788
59280 -262788
59310 -262788
59340 -262788
59370 -262788
59400 -262788
59430 -262782
59460 -262764
59490 -262764
59520 -262761
59550 -262757
59580 -262756
59610 -262754
59640 -262748
59670 -262748
59700 -262746
59730 -262746
59760 -262746
59790 -262746
59820 -262745
59850 -262745
59880 -262745
59910 -262735
59940 -262733
59970 -262732
60000 -262732
60030 -262729
60060 -262725
60090 -262725
60120 -262725
60150 -262725
60180 -262725
60210 -262722
60240 -262722
60270 -262718
60300 -262718
60330 -262718
60360 -262714
60390 -262711
60420 -262698
60450 -262698
60480 -262698
60510 -262698
60540 -262698
60570 -262698
60600 -262693
60630 -262693
60660 -262693
60690 -262693
60720 -262693
60750 -262693
60780 -262693
60810 -262693
60840 -262693
60870 -262693
60900 -262687
60930 -262687
60960 -262676
60990 -262676
61020 -262676
61050 -262675
61080 -262666
61110 -262661
61140 -262660
61170 -262639
61200 -262635
61230 -262635
61260 -262633
61290 -262633
61320 -262633
61350 -262629
61380 -262625
61410 -262625
61440 -262600
61470 -262600
61500 -262600
61530 -262592
61560 -262592
61590 -262591
61620 -262581
61650 -262580
61680 -262579
61710 -262575
61740 -262575
61770 -262575
61800 -262567
61830 -262564
61860 -262556
61890 -262545
61920 -262545
61950 -262539
61980 -262533
62010 -262527
62040 -262523
62070 -262521
62100 -262520
62130 -262520
62160 -262520
62190 -262520
62220 -262520
62250 -262520
62280 -262520
62310 -262520
62340 -262520
62370 -262516
62400 -262516
62430 -262516
62460 -262516
62490 -262513
62520 -262511
62550 -262508
62580 -262508
62610 -262508
62640 -262508
62670 -262508
62700 -262508
62730 -262507
62760 -262507
62790 -262507
62820 -262505
62850 -262505
62880 -262505
62910 -262501
62940 -262500
62970 -262496
63000 -262496
63030 -262495
63060 -262487
63090 -262487
63120 -262486
63150 -262486
63180 -262486
63210 -262486
63240 -262476
63270 -262476
63300 -262476
63330 -262474
63360 -262474
63390 -262474
63420 -262474
63450 -262457
63480 -262457
63510 -262456
63540 -262451
63570 -262448
63600 -262448
63630 -262446
63660 -262446
63690 -262446
63720 -262446
63750 -262446
63780 -262446
63810 -262445
63840 -262445
63870 -262445
63900 -262441
63930 -262441
63960 -262441
63990 -262436
64020 -262436
64050 -262436
64080 -262433
64110 -262433
64140 -262433
64170 -262419
64200 -262419
64230 -262418
64260 -262417
64290 -262401
64320 -262401
64350 -262398
64380 -262386
64410 -262372
64440 -262372
64470 -262370
64500 -262360
64530 -262360
64560 -262360
64590 -262360
64620 -262350
64650 -262339
64680 -262339
64710 -262337
64740 -262336
64770 -262336
64800 -262333
64830 -262330
64860 -262326
64890 -262326
64920 -262320
64950 -262319
64980 -262319
65010 -262319
65040 -262314
65070 -262314
65100 -262312
65130 -262309
65160 -262309
65190 -262308
65220 -262304
65250 -262303
65280 -262303
65310 -262296
65340 -262296
65370 -262287
65400 -262287
65430 -262287
65460 -262280
65490 -262280
65520 -262280
65550 -262276
65580 -262273
65610 -262273
65640 -262269
65670 -262268
65700 -262268
65730 -262263
65760 -262252
65790 -262246
65820 -262246
65850 -262245
65880 -262245
65910 -262240
65940 -262240
65970 -262240
66000 -262236
66030 -262234
66060 -262233
66090 -262231
66120 -262226
66150 -262208
66180 -262207
66210 -262176
66240 -262176
66270 -262170
66300 -262168
66330 -262156
66360 -262156
66390 -262137
66420 -262137
66450 -262137
66480 -262132
66510 -262132
66540 -262121
66570 -262121
66600 -262121
66630 -262121
66660 -262121
66690 -262097
66720 -262092
66750 -262092
66780 -262091
66810 -262091
66840 -262091
66870 -262090
66900 -262078
66930 -262078
66960 -262077
66990 -262077
67020 -262076
67050 -262072
67080 -262068
67110 -262058
67140 -262048
67170 -262048
67200 -262045
67230 -262045
67260 -262045
67290 -262039
67320 -262039
67350 -262037
67380 -262035
67410 -262026
67440 -262018
67470 -262018
67500 -262018
67530 -262018
67560 -262018
67590 -262018
67620 -262018
67650 -262018
67680 -262018
67710 -262016
67740 -262016
67770 -262016
67800 -262015
67830 -262015
67860 -262015
67890 -262015
67920 -262015
67950 -262015
67980 -262013
68010 -262002
68040 -262002
68070 -262000
68100 -261980
68130 -261980
68160 -261980
68190 -261973
68220 -261968
68250 -261961
68280 -261961
68310 -261951
68340 -261951
68370 -261941
68400 -261937
68430 -261937
68460 -261937
68490 -261937
68520 -261937
68550 -261934
68580 -261920
68610 -261914
68640 -261909
68670 -261904
68700 -261904
68730 -261904
68760 -261902
68790 -261899
68820 -261899
68850 -261894
68880 -261894
68910 -261894
68940 -261892
68970 -261892
69000 -261885
69030 -261866
69060 -261866
69090 -261866
69120 -261858
69150 -261846
69180 -261835
69210 -261823
69240 -261817
69270 -261817
69300 -261814
69330 -261802
69360 -261801
69390 -261796
69420 -261791
69450 -261790
69480 -261790
69510 -261789
69540 -261785
69570 -261785
69600 -261785
69630 -261779
69660 -261779
69690 -261778
69720 -261774
69750 -261774
69780 -261774
69810 -261770
69840 -261770
69870 -261770
69900 -261770
69930 -261770
69960 -261770
69990 -261769
70020 -261761
70050 -261761
70080 -261758
70110 -261754
70140 -261754
70170 -261741
70200 -261734
70230 -261729
70260 -261725
70290 -261725
70320 -261725
70350 -261725
70380 -261725
70410 -261725
70440 -261725
70470 -261724
70500 -261724
70530 -261724
70560 -261724
70590 -261701
70620 -261697
70650 -261695
70680 -261692
70710 -261691
70740 -261691
70770 -261691
70800 -261691
70830 -261681
70860 -261680
70890 -261678
70920 -261675
70950 -261674
70980 -261673
71010 -261661
71040 -261661
71070 -261661
71100 -261661
71130 -261659
71160 -261659
71190 -261659
71220 -261657
71250 -261655
71280 -261652
71310 -261648
71340 -261647
71370 -261644
71400 -261636
71430 -261636
71460 -261636
71490 -261636
71520 -261636
71550 -261632
71580 -261631
71610 -261631
71640 -261631
71670 -261631
71700 -261631
71730 -261631
71760 -261628
71790 -261628
71820 -261627
71850 -261627
71880 -261627
71910 -261626
71940 -261626
71970 -261620
72000 -261620
72030 -261616
72060 -261616
72090 -261616
72120 -261616
72150 -261616
72180 -261614
72210 -261612
72240 -261606
72270 -261603
72300 -261600
72330 -261600
72360 -261595
72390 -261593
72420 -261592
72450 -261590
72480 -261589
72510 -261589
72540 -261586
72570 -261582
72600 -261580
72630 -261570
72660 -261570
72690 -261567
72720 -261567
72750 -261559
72780 -261559
72810 -261559
72840 -261559
72870 -261559
72900 -261559
72930 -261559
72960 -261558
72990 -261530
73020 -261530
73050 -261528
73080 -261523
73110 -261523
73140 -261522
73170 -261522
73200 -261517
73230 -261517
73260 -261513
73290 -261505
73320 -261497
73350 -261497
73380 -261497
73410 -261495
73440 -261490
73470 -261447
73500 -261447
73530 -261445
73560 -261445
73590 -261424
73620 -261424
73650 -261424
73680 -261423
73710 -261423
73740 -261423
73770 -261420
73800 -261418
73830 -261416
73860 -261412
73890 -261412
73920 -261394
73950 -261393
73980 -261393
74010 -261393
74040 -261393
74070 -261387
74100 -261367
74130 -261365
74160 -261365
74190 -261359
74220 -261358
74250 -261358
74280 -261358
74310 -261357
74340 -261356
74370 -261348
74400 -261342
74430 -261342
74460 -261323
74490 -261319
74520 -261316
74550 -261313
74580 -261313
74610 -261306
74640 -261304
74670 -261296
74700 -261291
74730 -261290
74760 -261287
74790 -261287
74820 -261287
74850 -261286
74880 -261266
74910 -261266
74940 -261263
74970 -261263
75000 -261261
75030 -261261
75060 -261255
75090 -261255
75120 -261245
75150 -261245
75180 -261245
75210 -261242
75240 -261242
75270 -261208
75300 -261203
75330 -261203
75360 -261202
75390 -261195
75420 -261182
75450 -261182
75480 -261181
75510 -261179
75540 -261179
75570 -261177
75600 -261176
75630 -261176
75660 -261169
75690 -261169
75720 -261169
75750 -261169
75780 -261169
75810 -261169
75840 -261167
75870 -261167
75900 -261161
75930 -261161
75960 -261147
75990 -261143
76020 -261139
76050 -261136
76080 -261134
76110 -261125
76140 -261122
76170 -261122
76200 -261122
76230 -261122
76260 -261103
76290 -261099
76320 -261099
76350 -261099
76380 -261099
76410 -261099
76440 -261099
76470 -261099
76500 -261099
76530 -261098
76560 -261080
76590 -261080
76620 -261074
76650 -261073
76680 -261073
76710 -261073
76740 -261072
76770 -261071
76800 -261060
76830 -261059
76860 -261059
76890 -261054
76920 -261045
76950 -261045
76980 -261045
77010 -261045
77040 -261043
77070 -261043
77100 -261036
77130 -261036
77160 -261036
77190 -261036
77220 -261015
77250 -261015
77280 -261015
77310 -261013
77340 -261011
77370 -261011
77400 -261011
77430 -261006
77460 -261003
77490 -261003
77520 -260991
77550 -260988
77580 -260988
77610 -260987
77640 -260987
77670 -260985
77700 -260982
77730 -260978
77760 -260978
77790 -260978
77820 -260978
77850 -260978
77880 -260978
77910 -260969
77940 -260967
77970 -260967
78000 -260962
78030 -260962
78060 -260962
78090 -260949
78120 -260949
78150 -260948
78180 -260947
78210 -260947
78240 -260947
78270 -260945
78300 -260944
78330 -260944
78360 -260931
78390 -260906
78420 -260905
78450 -260900
78480 -260893
78510 -260887
78540 -260887
78570 -260887
78600 -260887
78630 -260882
78660 -260880
78690 -260880
78720 -260880
78750 -260880
78780 -260862
78810 -260859
78840 -260855
78870 -260855
78900 -260853
78930 -260853
78960 -260846
78990 -260845
79020 -260845
79050 -260845
79080 -260844
79110 -260844
79140 -260840
79170 -260837
79200 -260820
79230 -260812
79260 -260810
79290 -260800
79320 -260786
79350 -260786
79380 -260786
79410 -260786
79440 -260786
79470 -260785
79500 -260785
79530 -260781
79560 -260767
79590 -260767
79620 -260751
79650 -260751
79680 -260751
79710 -260743
79740 -260743
79770 -260740
79800 -260740
79830 -260740
79860 -260737
79890 -260736
79920 -260728
79950 -260722
79980 -260717
80010 -260717
80040 -260716
80070 -260707
80100 -260706
80130 -260704
80160 -260688
80190 -260686
80220 -260686
80250 -260686
80280 -260686
80310 -260686
80340 -260686
80370 -260683
80400 -260683
80430 -260683
80460 -260676
80490 -260676
80520 -260673
80550 -260667
80580 -260667
80610 -260665
80640 -260658
80670 -260658
80700 -260658
80730 -260658
80760 -260656
80790 -260655
80820 -260655
80850 -260655
80880 -260652
80910 -260651
80940 -260632
80970 -260632
81000 -260632
81030 -260631
81060 -260630
81090 -260629
81120 -260629
81150 -260629
81180 -260607
81210 -260604
81240 -260604
81270 -260600
81300 -260584
81330 -260584
81360 -260564
81390 -260564
81420 -260564
81450 -260564
81480 -260560
81510 -260557
81540 -260557
81570 -260557
81600 -260557
81630 -260557
81660 -260557
81690 -260557
81720 -260556
81750 -260556
81780 -260556
81810 -260556
81840 -260547
81870 -260547
81900 -260547
81930 -260544
81960 -260531
81990 -260531
82020 -260531
82050 -260531
82080 -260531
82110 -260531
82140 -260529
82170 -260529
82200 -260528
82230 -260524
82260 -260519
82290 -260515
82320 -260515
82350 -260508
82380 -260508
82410 -260501
82440 -260501
82470 -260501
82500 -260500
82530 -260500
82560 -260488
82590 -260484
82620 -260484
82650 -260482
82680 -260482
82710 -260482
82740 -260474
82770 -260474
82800 -260474
82830 -260474
82860 -260474
82890 -260472
82920 -260466
82950 -260466
82980 -260461
83010 -260460
83040 -260459
83070 -260459
83100 -260459
83130 -260459
83160 -260441
83190 -260441
83220 -260441
83250 -260437
83280 -260435
83310 -260429
83340 -260429
83370 -260425
83400 -260425
83430 -260424
83460 -260424
83490 -260423
83520 -260413
83550 -260413
83580 -260401
83610 -260399
83640 -260393
83670 -260393
83700 -260390
83730 -260389
83760 -260386
83790 -260385
83820 -260385
83850 -260385
83880 -260379
83910 -260367
83940 -260367
83970 -260351
84000 -260351
84030 -260330
84060 -260329
84090 -260329
84120 -260329
84150 -260329
84180 -260315
84210 -260296
84240 -260296
84270 -260290
84300 -260289
84330 -260277
84360 -260275
84390 -260273
84420 -260272
84450 -260268
84480 -260268
84510 -260268
84540 -260268
84570 -260267
84600 -260264
84630 -260264
84660 -260264
84690 -260264
84720 -260264
84750 -260263
84780 -260260
84810 -260260
84840 -260256
84870 -260256
84900 -260256
84930 -260252
84960 -260249
84990 -260249
85020 -260243
85050 -260243
85080 -260234
85110 -260229
85140 -260229
85170 -260193
85200 -260193
85230 -260184
85260 -260175
85290 -260163
85320 -260163
85350 -260157
85380 -260155
85410 -260144
85440 -260144
85470 -260135
85500 -260130
85530 -260130
85560 -260130
85590 -260121
85620 -260081
85650 -260076
85680 -260076
85710 -260076
85740 -260074
85770 -260074
85800 -260074
85830 -260074
85860 -260074
85890 -260074
85920 -260074
85950 -260074
85980 -260074
86010 -260062
86040 -260060
86070 -260060
86100 -260052
86130 -260051
86160 -260051
86190 -260051
86220 -260051
86250 -260038
86280 -260038
86310 -260038
86340 -260028
86370 -260027
86400 -260027
86430 -260027
86460 -260019
86490 -260019
86520 -260012
86550 -260012
86580 -260012
86610 -260008
86640 -260008
86670 -260007
86700 -260006
86730 -260006
86760 -259986
86790 -259986
86820 -259986
86850 -259986
86880 -259985
86910 -259985
86940 -259982
86970 -259980
87000 -259976
87030 -259976
87060 -259976
87090 -259968
87120 -259968
87150 -259966
87180 -259966
87210 -259957
87240 -259957
87270 -259954
87300 -259954
87330 -259951
87360 -259951
87390 -259951
87420 -259951
87450 -259951
87480 -259951
87510 -259950
87540 -259946
87570 -259946
87600 -259946
87630 -259946
87660 -259932
87690 -259931
87720 -259931
87750 -259913
87780 -259907
87810 -259907
87840 -259907
87870 -259905
87900 -259904
87930 -259904
87960 -259904
87990 -259904
88020 -259900
88050 -259899
88080 -259899
88110 -259872
88140 -259871
88170 -259865
88200 -259865
88230 -259865
88260 -259859
88290 -259853
88320 -259842
88350 -259842
88380 -259841
88410 -259838
88440 -259831
88470 -259811
88500 -259811
88530 -259809
88560 -259793
88590 -259793
88620 -259793
88650 -259793
88680 -259787
88710 -259787
88740 -259783
88770 -259781
88800 -259781
88830 -259781
88860 -259771
88890 -259771
88920 -259771
88950 -259771
88980 -259771
89010 -259768
89040 -259768
89070 -259768
89100 -259767
89130 -259767
89160 -259764
89190 -259764
89220 -259761
89250 -259761
89280 -259754
89310 -259749
89340 -259746
89370 -259746
89400 -259743
89430 -259740
89460 -259739
89490 -259737
89520 -259737
89550 -259737
89580 -259708
89610 -259708
89640 -259708
89670 -259708
89700 -259708
89730 -259703
89760 -259703
89790 -259703
89820 -259703
89850 -259696
89880 -259696
89910 -259696
89940 -259695
89970 -259695
90000 -259688
90030 -259688
90060 -259688
90090 -259688
90120 -259686
90150 -259686
90180 -259686
90210 -259682
90240 -259679
90270 -259679
90300 -259679
90330 -259678
90360 -259678
90390 -259678
90420 -259678
90450 -259678
90480 -259678
90510 -259678
90540 -259678
90570 -259674
90600 -259674
90630 -259674
90660 -259671
90690 -259671
90720 -259671
90750 -259668
90780 -259668
90810 -259668
90840 -259668
90870 -259668
90900 -259668
90930 -259667
90960 -259667
90990 -259667
91020 -259667
91050 -259667
91080 -259663
91110 -259663
91140 -259663
91170 -259663
91200 -259663
91230 -259663
91260 -259663
91290 -259662
91320 -259662
91350 -259662
91380 -259662
91410 -259662
91440 -259662
91470 -259656
91500 -259656
91530 -259656
91560 -259654
91590 -259654
91620 -259653
91650 -259653
91680 -259653
91710 -259653
91740 -259653
91770 -259653
91800 -259653
91830 -259653
91860 -259652
91890 -259652
91920 -259647
91950 -259647
91980 -259645
92010 -259645
92040 -259643
92070 -259643
92100 -259641
92130 -259641
92160 -259641
92190 -259640
92220 -259640
92250 -259640
92280 -259640
92310 -259631
92340 -259631
92370 -259630
92400 -259627
92430 -259625
92460 -259617
92490 -259617
92520 -259617
92550 -259617
92580 -259617
92610 -259616
92640 -259614
92670 -259607
92700 -259607
92730 -259607
92760 -259593
92790 -259593
92820 -259584
92850 -259584
92880 -259572
92910 -259572
92940 -259572
92970 -259564
93000 -259564
93030 -259562
93060 -259562
93090 -259562
93120 -259562
93150 -259560
93180 -259560
93210 -259558
93240 -259558
93270 -259545
93300 -259544
93330 -259544
93360 -259544
93390 -259544
93420 -259544
93450 -259544
93480 -259544
93510 -259544
93540 -259537
93570 -259537
93600 -259537
93630 -259537
93660 -259537
93690 -259535
93720 -259535
93750 -259534
93780 -259534
93810 -259534
93840 -259531
93870 -259520
93900 -259520
93930 -259518
93960 -259512
93990 -259508
94020 -259508
94050 -259505
94080 -259501
94110 -259501
94140 -259496
94170 -259496
94200 -259496
94230 -259493
94260 -259493
94290 -259490
94320 -259488
94350 -259486
94380 -259486
94410 -259485
94440 -259484
94470 -259472
94500 -259470
94530 -259470
94560 -259470
94590 -259468
94620 -259468
94650 -259468
94680 -259468
94710 -259453
94740 -259452
94770 -259452
94800 -259450
94830 -259446
94860 -259444
94890 -259444
94920 -259444
94950 -259444
94980 -259441
95010 -259441
95040 -259441
95070 -259441
95100 -259441
95130 -259441
95160 -259428
95190 -259428
95220 -259428
95250 -259428
95280 -259428
95310 -259428
95340 -259425
95370 -259425
95400 -259425
95430 -259425
95460 -259425
95490 -259425
95520 -259425
95550 -259425
95580 -259425
95610 -259425
95640 -259421
95670 -259420
95700 -259418
95730 -259418
95760 -259418
95790 -259418
95820 -259418
95850 -259412
95880 -259412
95910 -259405
95940 -259405
95970 -259405
96000 -259405
96030 -259405
96060 -259401
96090 -259400
96120 -259400
96150 -259391
96180 -259388
96210 -259386
96240 -259384
96270 -259380
96300 -259380
96330 -259379
96360 -259372
96390 -259372
96420 -259372
96450 -259372
96480 -259372
96510 -259368
96540 -259368
96570 -259368
96600 -259368
96630 -259368
96660 -259368
96690 -259368
96720 -259367
96750 -259367
96780 -259365
96810 -259365
96840 -259362
96870 -259362
96900 -259362
96930 -259362
96960 -259362
96990 -259362
97020 -259362
97050 -259362
97080 -259362
97110 -259361
97140 -259361
97170 -259361
97200 -259360
97230 -259360
97260 -259360
97290 -259359
97320 -259358
97350 -259358
97380 -259358
97410 -259358
97440 -259354
97470 -259349
97500 -259349
97530 -259349
97560 -259349
97590 -259349
97620 -259340
97650 -259340
97680 -259340
97710 -259340
97740 -259340
97770 -259330
97800 -259330
97830 -259330
97860 -259327
97890 -259323
97920 -259323
97950 -259323
97980 -259323
98010 -259321
98040 -259319
98070 -259319
98100 -259319
98130 -259309
98160 -259309
98190 -259309
98220 -259309
98250 -259303
98280 -259303
98310 -259303
98340 -259292
98370 -259292
98400 -259274
98430 -259274
98460 -259269
98490 -259263
98520 -259263
98550 -259263
98580 -259259
98610 -259250
98640 -259246
98670 -259246
98700 -259246
98730 -259240
98760 -259240
98790 -259240
98820 -259240
98850 -259239
98880 -259224
98910 -259217
98940 -259217
98970 -259217
99000 -259211
99030 -259208
99060 -259206
99090 -259206
99120 -259206
99150 -259204
99180 -259204
99210 -259188
99240 -259187
99270 -259184
99300 -259184
99330 -259179
99360 -259173
99390 -259163
99420 -259163
99450 -259155
99480 -259151
99510 -259151
99540 -259145
99570 -259145
99600 -259141
