60 -367559
90 -365462
120 -364246
150 -363949
180 -363281
210 -362905
240 -361614
270 -360652
300 -360520
330 -358931
360 -358239
390 -356930
420 -356654
450 -355615
480 -354933
510 -354831
540 -354589
570 -354208
600 -353988
630 -353951
660 -353264
690 -353188
720 -353117
750 -352588
780 -352347
810 -351871
840 -351319
870 -351124
900 -350879
930 -350649
960 -350498
990 -350354
1020 -350311
1050 -350239
1080 -350206
1110 -349958
1140 -349873
1170 -349634
1200 -349591
1230 -349530
1260 -349441
1290 -348573
1320 -348562
1350 -347984
1380 -347882
1410 -347567
1440 -347431
1470 -347269
1500 -347137
1530 -346961
1560 -346839
1590 -346785
1620 -346761
1650 -346429
1680 -346234
1710 -346056
1740 -345791
1770 -345576
1800 -345514
1830 -345224
1860 -345090
1890 -344938
1920 -344931
1950 -344869
1980 -344780
2010 -344515
2040 -344421
2070 -344375
2100 -344148
2130 -344114
2160 -343993
2190 -343975
2220 -343586
2250 -343459
2280 -343273
2310 -343263
2340 -343194
2370 -342768
2400 -342653
2430 -342448
2460 -342342
2490 -342269
2520 -342251
2550 -342226
2580 -342152
2610 -342096
2640 -341980
2670 -341977
2700 -341939
2730 -341832
2760 -341694
2790 -341645
2820 -341555
2850 -341446
2880 -341395
2910 -341286
2940 -341280
2970 -341258
3000 -341193
3030 -341124
3060 -341080
3090 -341012
3120 -340927
3150 -340892
3180 -340803
3210 -340664
3240 -340628
3270 -340614
3300 -340498
3330 -340302
3360 -340302
3390 -340012
3420 -340008
3450 -339982
3480 -339950
3510 -339844
3540 -339776
3570 -339676
3600 -339649
3630 -339365
3660 -339359
3690 -339340
3720 -339212
3750 -339161
3780 -339119
3810 -339016
3840 -339011
3870 -338976
3900 -338950
3930 -338925
3960 -338830
3990 -338739
4020 -338703
4050 -338636
4080 -338625
4110 -338577
4140 -338350
4170 -338315
4200 -338277
4230 -338179
4260 -338163
4290 -338155
4320 -338121
4350 -338107
4380 -338035
4410 -338015
4440 -337994
4470 -337953
4500 -337943
4530 -337923
4560 -337917
4590 -337871
4620 -337756
4650 -337754
4680 -337726
4710 -337664
4740 -337522
4770 -337466
4800 -337415
4830 -337167
4860 -337166
4890 -337156
4920 -337094
4950 -337058
4980 -336893
5010 -336849
5040 -336814
5070 -336637
5100 -336529
5130 -336489
5160 -336322
5190 -336160
5220 -336067
5250 -336017
5280 -335940
5310 -335920
5340 -335920
5370 -335839
5400 -335838
5430 -335742
5460 -335713
5490 -335658
5520 -335637
5550 -335562
5580 -335562
5610 -335461
5640 -335443
5670 -335338
5700 -335319
5730 -335283
5760 -335261
5790 -335208
5820 -335152
5850 -335147
5880 -335125
5910 -335114
5940 -335072
5970 -335072
6000 -335053
6030 -334995
6060 -334682
6090 -334661
6120 -334650
6150 -334609
6180 -334588
6210 -334442
6240 -334428
6270 -334406
6300 -334395
6330 -334394
6360 -334308
6390 -334223
6420 -334204
6450 -334196
6480 -334004
6510 -333967
6540 -333936
6570 -333763
6600 -333746
6630 -333717
6660 -333541
6690 -333514
6720 -333499
6750 -333498
6780 -333498
6810 -333435
6840 -333415
6870 -333370
6900 -333345
6930 -333323
6960 -333303
6990 -333269
7020 -333245
7050 -333206
7080 -333194
7110 -333170
7140 -333058
7170 -332966
7200 -332963
7230 -332900
7260 -332719
7290 -332654
7320 -332649
7350 -332619
7380 -332574
7410 -332551
7440 -332551
7470 -332484
7500 -332427
7530 -332385
7560 -332359
7590 -332335
7620 -332309
7650 -332280
7680 -332211
7710 -332193
7740 -332167
7770 -332080
7800 -332080
7830 -332069
7860 -332044
7890 -331992
7920 -331976
7950 -331968
7980 -331946
8010 -331874
8040 -331874
8070 -331874
8100 -331832
8130 -331796
8160 -331701
8190 -331672
8220 -331654
8250 -331611
8280 -331598
8310 -331595
8340 -331562
8370 -331515
8400 -331474
8430 -331448
8460 -331422
8490 -331397
8520 -331392
8550 -331267
8580 -331241
8610 -331241
8640 -331239
8670 -331218
8700 -331189
8730 -331133
8760 -330874
8790 -330874
8820 -330869
8850 -330828
8880 -330760
8910 -330736
8940 -330691
8970 -330664
9000 -330635
9030 -330635
9060 -330611
9090 -330549
9120 -330520
9150 -330250
9180 -330222
9210 -330193
9240 -330189
9270 -330157
9300 -330126
9330 -330115
9360 -330099
9390 -330088
9420 -329994
9450 -329986
9480 -329970
9510 -329889
9540 -329856
9570 -329828
9600 -329762
9630 -329747
9660 -329741
9690 -329659
9720 -329572
9750 -329568
9780 -329566
9810 -329558
9840 -329558
9870 -329535
9900 -329527
9930 -329488
9960 -329431
9990 -329431
10020 -329431
10050 -329424
10080 -329391
10110 -329391
10140 -329357
10170 -329338
10200 -329281
10230 -329281
10260 -329277
10290 -329269
10320 -329262
10350 -329262
10380 -329234
10410 -329234
10440 -329174
10470 -329174
10500 -329165
10530 -329143
10560 -329076
10590 -329064
10620 -329064
10650 -329052
10680 -329037
10710 -329033
10740 -329033
10770 -329021
10800 -329003
10830 -328973
10860 -328918
10890 -328894
10920 -328882
10950 -328881
10980 -328797
11010 -328795
11040 -328766
11070 -328756
11100 -328753
11130 -328722
11160 -328722
11190 -328639
11220 -328625
11250 -328614
11280 -328467
11310 -328426
11340 -328408
11370 -328386
11400 -328292
11430 -328292
11460 -328261
11490 -328249
11520 -328146
11550 -328082
11580 -328057
11610 -328020
11640 -327981
11670 -327965
11700 -327958
11730 -327956
11760 -327950
11790 -327922
11820 -327878
11850 -327852
11880 -327819
11910 -327802
11940 -327797
11970 -327728
12000 -327728
12030 -327717
12060 -327628
12090 -327623
12120 -327584
12150 -327286
12180 -327242
12210 -327232
12240 -327232
12270 -327170
12300 -327105
12330 -327096
12360 -327096
12390 -327089
12420 -327019
12450 -327019
12480 -327018
12510 -326989
12540 -326950
12570 -326950
12600 -326939
12630 -326913
12660 -326905
12690 -326826
12720 -326819
12750 -326816
12780 -326811
12810 -326811
12840 -326781
12870 -326653
12900 -326631
12930 -326557
12960 -326533
12990 -326496
13020 -326491
13050 -326483
13080 -326483
13110 -326411
13140 -326311
13170 -326311
13200 -326311
13230 -326272
13260 -326244
13290 -326207
13320 -326189
13350 -326184
13380 -326168
13410 -326148
13440 -326148
13470 -326127
13500 -326114
13530 -326087
13560 -326087
13590 -326087
13620 -326078
13650 -326069
13680 -326058
13710 -326056
13740 -326021
13770 -326011
13800 -325998
13830 -325958
13860 -325900
13890 -325900
13920 -325835
13950 -325794
13980 -325789
14010 -325748
14040 -325713
14070 -325670
14100 -325670
14130 -325667
14160 -325667
14190 -325664
14220 -325645
14250 -325565
14280 -325540
14310 -325540
14340 -325512
14370 -325494
14400 -325451
14430 -325451
14460 -325450
14490 -325429
14520 -325418
14550 -325416
14580 -325413
14610 -325413
14640 -325403
14670 -325390
14700 -325383
14730 -325370
14760 -325370
14790 -325354
14820 -325336
14850 -325327
14880 -325264
14910 -325246
14940 -325216
14970 -325204
15000 -325201
15030 -325158
15060 -325151
15090 -325151
15120 -325122
15150 -325117
15180 -325112
15210 -325105
15240 -325104
15270 -325099
15300 -325092
15330 -325090
15360 -325080
15390 -325079
15420 -325070
15450 -325070
15480 -325070
15510 -325037
15540 -325032
15570 -325028
15600 -325028
15630 -325027
15660 -325011
15690 -324973
15720 -324963
15750 -324963
15780 -324963
15810 -324963
15840 -324941
15870 -324907
15900 -324906
15930 -324906
15960 -324867
15990 -324852
16020 -324834
16050 -324799
16080 -324789
16110 -324789
16140 -324778
16170 -324772
16200 -324767
16230 -324647
16260 -324647
16290 -324647
16320 -324636
16350 -324627
16380 -324627
16410 -324622
16440 -324599
16470 -324576
16500 -324530
16530 -324528
16560 -324500
16590 -324500
16620 -324489
16650 -324489
16680 -324455
16710 -324452
16740 -324452
16770 -324424
16800 -324392
16830 -324392
16860 -324370
16890 -324366
16920 -324366
16950 -324366
16980 -324344
17010 -324340
17040 -324319
17070 -324319
17100 -324248
17130 -324246
17160 -324246
17190 -324225
17220 -324224
17250 -324218
17280 -324218
17310 -324192
17340 -324190
17370 -324159
17400 -324158
17430 -324158
17460 -324148
17490 -324115
17520 -324013
17550 -324001
17580 -323993
17610 -323965
17640 -323945
17670 -323939
17700 -323903
17730 -323900
17760 -323895
17790 -323895
17820 -323895
17850 -323866
17880 -323856
17910 -323838
17940 -323829
17970 -323827
18000 -323825
18030 -323796
18060 -323743
18090 -323743
18120 -323739
18150 -323703
18180 -323701
18210 -323674
18240 -323667
18270 -323667
18300 -323667
18330 -323664
18360 -323610
18390 -323581
18420 -323572
18450 -323479
18480 -323462
18510 -323456
18540 -323375
18570 -323345
18600 -323343
18630 -323337
18660 -323334
18690 -323317
18720 -323309
18750 -323309
18780 -323261
18810 -323238
18840 -323238
18870 -323238
18900 -323238
18930 -323238
18960 -323203
18990 -323198
19020 -323188
19050 -323188
19080 -323143
19110 -323143
19140 -323124
19170 -323122
19200 -323108
19230 -323108
19260 -323106
19290 -323086
19320 -323086
19350 -323081
19380 -323057
19410 -323047
19440 -322988
19470 -322929
19500 -322908
19530 -322890
19560 -322889
19590 -322889
19620 -322889
19650 -322878
19680 -322878
19710 -322869
19740 -322867
19770 -322862
19800 -322811
19830 -322801
19860 -322801
19890 -322798
19920 -322791
19950 -322766
19980 -322766
20010 -322740
20040 -322738
20070 -322738
20100 -322726
20130 -322726
20160 -322726
20190 -322706
20220 -322702
20250 -322702
20280 -322613
20310 -322613
20340 -322609
20370 -322542
20400 -322540
20430 -322527
20460 -322526
20490 -322506
20520 -322506
20550 -322498
20580 -322498
20610 -322496
20640 -322412
20670 -322412
20700 -322412
20730 -322412
20760 -322408
20790 -322385
20820 -322343
20850 -322343
20880 -322333
20910 -322101
20940 -322063
20970 -322063
21000 -322031
21030 -322028
21060 -321966
21090 -321938
21120 -321932
21150 -321932
21180 -321932
21210 -321932
21240 -321910
21270 -321893
21300 -321893
21330 -321876
21360 -321876
21390 -321876
21420 -321876
21450 -321862
21480 -321862
21510 -321854
21540 -321841
21570 -321808
21600 -321805
21630 -321805
21660 -321801
21690 -321790
21720 -321763
21750 -321763
21780 -321742
21810 -321742
21840 -321705
21870 -321677
21900 -321677
21930 -321673
21960 -321662
21990 -321660
22020 -321612
22050 -321612
22080 -321585
22110 -321563
22140 -321558
22170 -321538
22200 -321538
22230 -321529
22260 -321524
22290 -321521
22320 -321521
22350 -321521
22380 -321514
22410 -321438
22440 -321434
22470 -321423
22500 -321423
22530 -321419
22560 -321412
22590 -321412
22620 -321395
22650 -321395
22680 -321395
22710 -321395
22740 -321379
22770 -321379
22800 -321369
22830 -321366
22860 -321359
22890 -321359
22920 -321358
22950 -321358
22980 -321355
23010 -321355
23040 -321351
23070 -321351
23100 -321351
23130 -321350
23160 -321340
23190 -321340
23220 -321340
23250 -321340
23280 -321333
23310 -321320
23340 -321305
23370 -321305
23400 -321305
23430 -321300
23460 -321299
23490 -321282
23520 -321282
23550 -321271
23580 -321270
23610 -321270
23640 -321248
23670 -321184
23700 -321184
23730 -321172
23760 -321155
23790 -321155
23820 -321155
23850 -321125
23880 -321120
23910 -321118
23940 -321118
23970 -321118
24000 -321116
24030 -321116
24060 -321116
24090 -321113
24120 -321110
24150 -321110
24180 -321109
24210 -321097
24240 -321097
24270 -321097
24300 -321095
24330 -321092
24360 -321088
24390 -321087
24420 -321085
24450 -321061
24480 -321060
24510 -321056
24540 -321051
24570 -321043
24600 -321038
24630 -321011
24660 -320998
24690 -320997
24720 -320985
24750 -320985
24780 -320983
24810 -320983
24840 -320978
24870 -320968
24900 -320960
24930 -320950
24960 -320877
24990 -320877
25020 -320817
25050 -320812
25080 -320809
25110 -320793
25140 -320789
25170 -320789
25200 -320788
25230 -320788
25260 -320788
25290 -320758
25320 -320757
25350 -320757
25380 -320755
25410 -320755
25440 -320755
25470 -320755
25500 -320717
25530 -320685
25560 -320676
25590 -320676
25620 -320672
25650 -320672
25680 -320672
25710 -320672
25740 -320666
25770 -320636
25800 -320632
25830 -320625
25860 -320615
25890 -320470
25920 -320460
25950 -320454
25980 -320429
26010 -320423
26040 -320407
26070 -320394
26100 -320394
26130 -320394
26160 -320394
26190 -320394
26220 -320391
26250 -320384
26280 -320382
26310 -320370
26340 -320329
26370 -320329
26400 -320322
26430 -320311
26460 -320306
26490 -320235
26520 -320235
26550 -320235
26580 -320230
26610 -320229
26640 -320229
26670 -320227
26700 -320223
26730 -320223
26760 -320223
26790 -320222
26820 -320222
26850 -320185
26880 -320185
26910 -320161
26940 -320161
26970 -320161
27000 -320160
27030 -320158
27060 -320158
27090 -320155
27120 -320155
27150 -320138
27180 -320138
27210 -320138
27240 -320137
27270 -320136
27300 -320132
27330 -320126
27360 -320126
27390 -320112
27420 -320110
27450 -320104
27480 -320103
27510 -320103
27540 -320100
27570 -320082
27600 -320013
27630 -320013
27660 -320003
27690 -320003
27720 -320001
27750 -319948
27780 -319940
27810 -319927
27840 -319923
27870 -319919
27900 -319919
27930 -319919
27960 -319918
27990 -319917
28020 -319893
28050 -319843
28080 -319820
28110 -319799
28140 -319799
28170 -319790
28200 -319790
28230 -319789
28260 -319789
28290 -319789
28320 -319775
28350 -319750
28380 -319742
28410 -319734
28440 -319733
28470 -319733
28500 -319732
28530 -319732
28560 -319732
28590 -319731
28620 -319686
28650 -319686
28680 -319686
28710 -319686
28740 -319686
28770 -319682
28800 -319656
28830 -319654
28860 -319654
28890 -319650
28920 -319650
28950 -319647
28980 -319645
29010 -319639
29040 -319639
29070 -319639
29100 -319639
29130 -319639
29160 -319636
29190 -319625
29220 -319623
29250 -319609
29280 -319609
29310 -319609
29340 -319609
29370 -319586
29400 -319586
29430 -319574
29460 -319570
29490 -319512
29520 -319512
29550 -319510
29580 -319510
29610 -319510
29640 -319509
29670 -319509
29700 -319487
29730 -319487
29760 -319482
29790 -319482
29820 -319396
29850 -319396
29880 -319396
29910 -319396
29940 -319395
29970 -319352
30000 -319332
30030 -319326
30060 -319306
30090 -319283
30120 -319283
30150 -319280
30180 -319273
30210 -319269
30240 -319240
30270 -319240
30300 -319230
30330 -319224
30360 -319150
30390 -319149
30420 -319143
30450 -319114
30480 -319104
30510 -319104
30540 -319096
30570 -319069
30600 -319069
30630 -319068
30660 -319053
30690 -319046
30720 -319046
30750 -319046
30780 -319041
30810 -319014
30840 -319010
30870 -319010
30900 -319010
30930 -318995
30960 -318995
30990 -318995
31020 -318995
31050 -318995
31080 -318984
31110 -318978
31140 -318978
31170 -318975
31200 -318971
31230 -318963
31260 -318961
31290 -318959
31320 -318924
31350 -318910
31380 -318907
31410 -318907
31440 -318903
31470 -318899
31500 -318892
31530 -318889
31560 -318889
31590 -318884
31620 -318884
31650 -318884
31680 -318884
31710 -318884
31740 -318882
31770 -318879
31800 -318879
31830 -318879
31860 -318879
31890 -318827
31920 -318826
31950 -318814
31980 -318814
32010 -318811
32040 -318810
32070 -318810
32100 -318778
32130 -318777
32160 -318757
32190 -318757
32220 -318757
32250 -318739
32280 -318725
32310 -318719
32340 -318688
32370 -318688
32400 -318688
32430 -318686
32460 -318684
32490 -318684
32520 -318674
32550 -318674
32580 -318670
32610 -318670
32640 -318670
32670 -318670
32700 -318666
32730 -318632
32760 -318624
32790 -318622
32820 -318610
32850 -318610
32880 -318610
32910 -318610
32940 -318607
32970 -318600
33000 -318600
33030 -318590
33060 -318590
33090 -318590
33120 -318588
33150 -318588
33180 -318588
33210 -318588
33240 -318584
33270 -318584
33300 -318584
33330 -318568
33360 -318568
33390 -318568
33420 -318558
33450 -318532
33480 -318524
33510 -318524
33540 -318524
33570 -318497
33600 -318497
33630 -318497
33660 -318497
33690 -318497
33720 -318436
33750 -318401
33780 -318401
33810 -318401
33840 -318400
33870 -318400
33900 -318400
33930 -318400
33960 -318400
33990 -318400
34020 -318400
34050 -318400
34080 -318400
34110 -318400
34140 -318400
34170 -318386
34200 -318363
34230 -318346
34260 -318311
34290 -318302
34320 -318302
34350 -318302
34380 -318302
34410 -318302
34440 -318287
34470 -318279
34500 -318242
34530 -318242
34560 -318236
34590 -318236
34620 -318236
34650 -318234
34680 -318234
34710 -318234
34740 -318230
34770 -318230
34800 -318198
34830 -318198
34860 -318198
34890 -318171
34920 -318152
34950 -318142
34980 -318128
35010 -318128
35040 -318128
35070 -318123
35100 -318123
35130 -318123
35160 -318123
35190 -318102
35220 -318088
35250 -318087
35280 -318041
35310 -318041
35340 -318018
35370 -318006
35400 -318004
35430 -318004
35460 -318004
35490 -318004
35520 -318004
35550 -317998
35580 -317998
35610 -317990
35640 -317990
35670 -317989
35700 -317944
35730 -317942
35760 -317939
35790 -317939
35820 -317938
35850 -317917
35880 -317904
35910 -317896
35940 -317896
35970 -317877
36000 -317877
36030 -317877
36060 -317876
36090 -317874
36120 -317863
36150 -317863
36180 -317863
36210 -317863
36240 -317848
36270 -317848
36300 -317842
36330 -317842
36360 -317832
36390 -317830
36420 -317787
36450 -317787
36480 -317786
36510 -317786
36540 -317782
36570 -317774
36600 -317766
36630 -317757
36660 -317724
36690 -317724
36720 -317724
36750 -317724
36780 -317719
36810 -317719
36840 -317719
36870 -317691
36900 -317675
36930 -317649
36960 -317648
36990 -317635
37020 -317635
37050 -317587
37080 -317587
37110 -317583
37140 -317583
37170 -317565
37200 -317563
37230 -317563
37260 -317549
37290 -317549
37320 -317529
37350 -317529
37380 -317527
37410 -317489
37440 -317489
37470 -317489
37500 -317489
37530 -317484
37560 -317480
37590 -317478
37620 -317478
37650 -317478
37680 -317478
37710 -317478
37740 -317477
37770 -317477
37800 -317477
37830 -317477
37860 -317473
37890 -317471
37920 -317471
37950 -317454
37980 -317453
38010 -317416
38040 -317416
38070 -317416
38100 -317416
38130 -317408
38160 -317406
38190 -317401
38220 -317370
38250 -317370
38280 -317347
38310 -317346
38340 -317343
38370 -317343
38400 -317343
38430 -317296
38460 -317285
38490 -317285
38520 -317285
38550 -317285
38580 -317279
38610 -317246
38640 -317243
38670 -317239
38700 -317220
38730 -317220
38760 -317190
38790 -317190
38820 -317190
38850 -317138
38880 -317128
38910 -317118
38940 -317113
38970 -317113
39000 -317113
39030 -317113
39060 -317113
39090 -317113
39120 -317113
39150 -317113
39180 -317100
39210 -317091
39240 -317091
39270 -317090
39300 -317088
39330 -317084
39360 -317084
39390 -317080
39420 -317079
39450 -317061
39480 -317061
39510 -317061
39540 -317061
39570 -317052
39600 -317049
39630 -317049
39660 -317006
39690 -317002
39720 -317002
39750 -317000
39780 -316984
39810 -316977
39840 -316977
39870 -316974
39900 -316974
39930 -316974
39960 -316972
39990 -316954
40020 -316954
40050 -316954
40080 -316949
40110 -316937
40140 -316934
40170 -316934
40200 -316934
40230 -316934
40260 -316934
40290 -316912
40320 -316893
40350 -316875
40380 -316874
40410 -316862
40440 -316862
40470 -316862
40500 -316862
40530 -316848
40560 -316848
40590 -316839
40620 -316839
40650 -316826
40680 -316826
40710 -316826
40740 -316825
40770 -316806
40800 -316806
40830 -316806
40860 -316806
40890 -316804
40920 -316804
40950 -316798
40980 -316798
41010 -316788
41040 -316779
41070 -316779
41100 -316779
41130 -316779
41160 -316779
41190 -316762
41220 -316762
41250 -316760
41280 -316759
41310 -316759
41340 -316759
41370 -316759
41400 -316753
41430 -316715
41460 -316714
41490 -316703
41520 -316696
41550 -316693
41580 -316690
41610 -316690
41640 -316660
41670 -316660
41700 -316660
41730 -316660
41760 -316660
41790 -316646
41820 -316646
41850 -316641
41880 -316641
41910 -316639
41940 -316621
41970 -316620
42000 -316608
42030 -316608
42060 -316608
42090 -316608
42120 -316597
42150 -316596
42180 -316590
42210 -316590
42240 -316584
42270 -316584
42300 -316583
42330 -316579
42360 -316579
42390 -316579
42420 -316579
42450 -316567
42480 -316561
42510 -316559
42540 -316529
42570 -316523
42600 -316508
42630 -316498
42660 -316496
42690 -316496
42720 -316496
42750 -316496
42780 -316496
42810 -316496
42840 -316478
42870 -316478
42900 -316478
42930 -316478
42960 -316478
42990 -316470
43020 -316465
43050 -316465
43080 -316452
43110 -316447
43140 -316447
43170 -316443
43200 -316416
43230 -316413
43260 -316370
43290 -316370
43320 -316370
43350 -316370
43380 -316356
43410 -316347
43440 -316347
43470 -316307
43500 -316306
43530 -316306
43560 -316306
43590 -316296
43620 -316296
43650 -316291
43680 -316291
43710 -316257
43740 -316257
43770 -316257
43800 -316257
43830 -316257
43860 -316255
43890 -316247
43920 -316247
43950 -316232
43980 -316228
44010 -316206
44040 -316206
44070 -316200
44100 -316200
44130 -316200
44160 -316197
44190 -316188
44220 -316184
44250 -316176
44280 -316167
44310 -316164
44340 -316146
44370 -316135
44400 -316135
44430 -316121
44460 -316114
44490 -316111
44520 -316110
44550 -316110
44580 -316110
44610 -316110
44640 -316084
44670 -316084
44700 -316082
44730 -316076
44760 -316076
44790 -316076
44820 -316069
44850 -316069
44880 -316042
44910 -316042
44940 -316042
44970 -316042
