60 -390769
90 -390019
120 -388047
150 -387574
180 -386672
210 -385698
240 -384297
270 -384165
300 -383693
330 -383427
360 -382754
390 -382232
420 -380772
450 -380399
480 -379971
510 -379030
540 -378565
570 -377930
600 -377486
630 -377314
660 -377020
690 -376406
720 -375696
750 -375553
780 -374718
810 -374434
840 -374279
870 -373959
900 -373572
930 -373207
960 -373128
990 -373070
1020 -373006
1050 -372638
1080 -372126
1110 -371416
1140 -371277
1170 -370476
1200 -370324
1230 -369927
1260 -369867
1290 -369851
1320 -369713
1350 -369249
1380 -369129
1410 -369047
1440 -368752
1470 -368659
1500 -368561
1530 -368416
1560 -368353
1590 -368300
1620 -368133
1650 -367944
1680 -367821
1710 -367260
1740 -367152
1770 -367062
1800 -366835
1830 -366435
1860 -366331
1890 -366108
1920 -365938
1950 -365813
1980 -365755
2010 -365547
2040 -365547
2070 -365525
2100 -365487
2130 -365487
2160 -365222
2190 -365161
2220 -365047
2250 -365001
2280 -364792
2310 -364775
2340 -364648
2370 -364567
2400 -364514
2430 -364489
2460 -364404
2490 -364355
2520 -364234
2550 -363993
2580 -363993
2610 -363902
2640 -363536
2670 -363525
2700 -363468
2730 -363420
2760 -363383
2790 -363301
2820 -363197
2850 -363080
2880 -363026
2910 -362953
2940 -362886
2970 -362874
3000 -362803
3030 -362739
3060 -362582
3090 -362477
3120 -362450
3150 -362386
3180 -362299
3210 -362247
3240 -362168
3270 -362088
3300 -362007
3330 -361999
3360 -361930
3390 -361911
3420 -361901
3450 -361886
3480 -361819
3510 -361406
3540 -361381
3570 -361210
3600 -361198
3630 -361148
3660 -361102
3690 -361072
3720 -360934
3750 -360923
3780 -360865
3810 -360850
3840 -360803
3870 -360760
3900 -360738
3930 -360629
3960 -360518
3990 -360515
4020 -360421
4050 -360340
4080 -360225
4110 -360169
4140 -360168
4170 -360138
4200 -360103
4230 -360103
4260 -360026
4290 -360016
4320 -359968
4350 -359962
4380 -359946
4410 -359860
4440 -359834
4470 -359832
4500 -359782
4530 -359696
4560 -359695
4590 -359695
4620 -359654
4650 -359606
4680 -359494
4710 -359395
4740 -359329
4770 -359319
4800 -359262
4830 -359214
4860 -359199
4890 -359026
4920 -358986
4950 -358912
4980 -358895
5010 -358888
5040 -358833
5070 -358815
5100 -358787
5130 -358785
5160 -358728
5190 -358698
5220 -358650
5250 -358602
5280 -358569
5310 -358563
5340 -358229
5370 -358206
5400 -358188
5430 -358183
5460 -358183
5490 -358162
5520 -358143
5550 -358094
5580 -358072
5610 -358071
5640 -357895
5670 -357855
5700 -357853
5730 -357800
5760 -357742
5790 -357706
5820 -357686
5850 -357647
5880 -357626
5910 -357531
5940 -357523
5970 -357487
6000 -357461
6030 -357422
6060 -357412
6090 -357412
6120 -357403
6150 -357396
6180 -357372
6210 -357319
6240 -357311
6270 -357228
6300 -357225
6330 -357161
6360 -356997
6390 -356979
6420 -356962
6450 -356962
6480 -356957
6510 -356944
6540 -356892
6570 -356874
6600 -356864
6630 -356800
6660 -356779
6690 -356753
6720 -356707
6750 -356657
6780 -356617
6810 -356551
6840 -356525
6870 -356516
6900 -356507
6930 -356501
6960 -356474
6990 -356438
7020 -356432
7050 -356404
7080 -356390
7110 -356369
7140 -356365
7170 -356348
7200 -356324
7230 -356258
7260 -356257
7290 -356237
7320 -356232
7350 -356216
7380 -356195
7410 -356182
7440 -356170
7470 -356043
7500 -356027
7530 -356027
7560 -355931
7590 -355787
7620 -355736
7650 -355715
7680 -355633
7710 -355604
7740 -355590
7770 -355564
7800 -355559
7830 -355519
7860 -355364
7890 -355334
7920 -355300
7950 -355258
7980 -355163
8010 -355113
8040 -355099
8070 -355093
8100 -355078
8130 -355071
8160 -355038
8190 -355012
8220 -354988
8250 -354966
8280 -354851
8310 -354809
8340 -354761
8370 -354650
8400 -354642
8430 -354603
8460 -354583
8490 -354581
8520 -354580
8550 -354518
8580 -354513
8610 -354489
8640 -354489
8670 -354375
8700 -354367
8730 -354357
8760 -354294
8790 -354294
8820 -354284
8850 -354248
8880 -354216
8910 -354145
8940 -354139
8970 -354071
9000 -354071
9030 -354032
9060 -353991
9090 -353984
9120 -353959
9150 -353957
9180 -353949
9210 -353930
9240 -353922
9270 -353893
9300 -353845
9330 -353827
9360 -353827
9390 -353824
9420 -353770
9450 -353702
9480 -353615
9510 -353614
9540 -353605
9570 -353579
9600 -353579
9630 -353528
9660 -353488
9690 -353477
9720 -353470
9750 -353397
9780 -353388
9810 -353321
9840 -353303
9870 -353296
9900 -353296
9930 -353296
9960 -353221
9990 -353207
10020 -353174
10050 -353134
10080 -353114
10110 -353108
10140 -353097
10170 -353094
10200 -353069
10230 -353069
10260 -353068
10290 -353059
10320 -353025
10350 -353020
10380 -352970
10410 -352964
10440 -352902
10470 -352897
10500 -352897
10530 -352897
10560 -352875
10590 -352868
10620 -352868
10650 -352817
10680 -352810
10710 -352810
10740 -352706
10770 -352675
10800 -352638
10830 -352638
10860 -352621
10890 -352596
10920 -352576
10950 -352576
10980 -352556
11010 -352489
11040 -352474
11070 -352467
11100 -352461
11130 -352444
11160 -352444
11190 -352409
11220 -352389
11250 -352389
11280 -352389
11310 -352389
11340 -352362
11370 -352335
11400 -352323
11430 -352294
11460 -352237
11490 -352217
11520 -352198
11550 -352196
11580 -352167
11610 -352166
11640 -352130
11670 -352061
11700 -352014
11730 -351916
11760 -351868
11790 -351839
11820 -351828
11850 -351815
11880 -351810
11910 -351803
11940 -351778
11970 -351778
12000 -351727
12030 -351715
12060 -351711
12090 -351693
12120 -351682
12150 -351668
12180 -351608
12210 -351608
12240 -351578
12270 -351574
12300 -351574
12330 -351566
12360 -351564
12390 -351564
12420 -351521
12450 -351521
12480 -351508
12510 -351497
12540 -351422
12570 -351419
12600 -351403
12630 -351400
12660 -351355
12690 -351348
12720 -351326
12750 -351324
12780 -351290
12810 -351253
12840 -351242
12870 -351239
12900 -351239
12930 -351234
12960 -351225
12990 -351205
13020 -351205
13050 -351190
13080 -351179
13110 -351176
13140 -351147
13170 -351147
13200 -351129
13230 -351102
13260 -351102
13290 -351101
13320 -351084
13350 -351078
13380 -351078
13410 -351078
13440 -351078
13470 -351007
13500 -350978
13530 -350948
13560 -350948
13590 -350940
13620 -350938
13650 -350920
13680 -350904
13710 -350898
13740 -350894
13770 -350891
13800 -350887
13830 -350878
13860 -350864
13890 -350864
13920 -350792
13950 -350791
13980 -350757
14010 -350757
14040 -350740
14070 -350706
14100 -350650
14130 -350618
14160 -350580
14190 -350580
14220 -350547
14250 -350521
14280 -350511
14310 -350508
14340 -350508
14370 -350491
14400 -350489
14430 -350488
14460 -350487
14490 -350481
14520 -350477
14550 -350414
14580 -350402
14610 -350374
14640 -350370
14670 -350370
14700 -350367
14730 -350367
14760 -350329
14790 -350319
14820 -350306
14850 -350306
14880 -350306
14910 -350304
14940 -350304
14970 -350294
15000 -350279
15030 -350264
15060 -350238
15090 -350195
15120 -350195
15150 -350191
15180 -350191
15210 -350174
15240 -350150
15270 -350149
15300 -350132
15330 -350129
15360 -350119
15390 -350115
15420 -350109
15450 -350078
15480 -350076
15510 -350076
15540 -350016
15570 -350006
15600 -349942
15630 -349942
15660 -349937
15690 -349937
15720 -349918
15750 -349918
15780 -349897
15810 -349870
15840 -349861
15870 -349857
15900 -349857
15930 -349813
15960 -349808
15990 -349808
16020 -349808
16050 -349808
16080 -349800
16110 -349787
16140 -349776
16170 -349771
16200 -349771
16230 -349719
16260 -349717
16290 -349708
16320 -349694
16350 -349694
16380 -349694
16410 -349657
16440 -349651
16470 -349620
16500 -349607
16530 -349589
16560 -349555
16590 -349547
16620 -349543
16650 -349498
16680 -349449
16710 -349436
16740 -349427
16770 -349407
16800 -349407
16830 -349407
16860 -349372
16890 -349279
16920 -349270
16950 -349254
16980 -349251
17010 -349247
17040 -349219
17070 -349216
17100 -349216
17130 -349211
17160 -349210
17190 -349210
17220 -349133
17250 -349098
17280 -349092
17310 -349066
17340 -349066
17370 -349055
17400 -349036
17430 -349036
17460 -349036
17490 -349035
17520 -349018
17550 -349006
17580 -348981
17610 -348942
17640 -348903
17670 -348850
17700 -348830
17730 -348751
17760 -348701
17790 -348682
17820 -348649
17850 -348649
17880 -348620
17910 -348599
17940 -348590
17970 -348590
18000 -348583
18030 -348544
18060 -348540
18090 -348537
18120 -348537
18150 -348507
18180 -348491
18210 -348489
18240 -348464
18270 -348463
18300 -348456
18330 -348438
18360 -348426
18390 -348384
18420 -348272
18450 -348272
18480 -348253
18510 -348212
18540 -348212
18570 -348188
18600 -348188
18630 -348133
18660 -348042
18690 -348042
18720 -348039
18750 -347988
18780 -347978
18810 -347972
18840 -347972
18870 -347965
18900 -347965
18930 -347965
18960 -347960
18990 -347958
19020 -347937
19050 -347937
19080 -347929
19110 -347929
19140 -347923
19170 -347895
19200 -347883
19230 -347836
19260 -347836
19290 -347836
19320 -347810
19350 -347806
19380 -347753
19410 -347734
19440 -347734
19470 -347732
19500 -347723
19530 -347711
19560 -347708
19590 -347708
19620 -347673
19650 -347636
19680 -347636
19710 -347631
19740 -347631
19770 -347627
19800 -347625
19830 -347614
19860 -347593
19890 -347586
19920 -347586
19950 -347534
19980 -347520
20010 -347520
20040 -347520
20070 -347518
20100 -347510
20130 -347495
20160 -347484
20190 -347473
20220 -347473
20250 -347473
20280 -347466
20310 -347466
20340 -347466
20370 -347426
20400 -347375
20430 -347368
20460 -347365
20490 -347365
20520 -347357
20550 -347357
20580 -347357
20610 -347346
20640 -347329
20670 -347293
20700 -347293
20730 -347273
20760 -347264
20790 -347252
20820 -347232
20850 -347222
20880 -347207
20910 -347207
20940 -347207
20970 -347207
21000 -347202
21030 -347197
21060 -347175
21090 -347174
21120 -347174
21150 -347174
21180 -347166
21210 -347165
21240 -347157
21270 -347146
21300 -347138
21330 -347138
21360 -347138
21390 -347138
21420 -347135
21450 -347100
21480 -347100
21510 -347099
21540 -347099
21570 -347097
21600 -347082
21630 -347073
21660 -347071
21690 -347063
21720 -347063
21750 -347063
21780 -347039
21810 -347037
21840 -347037
21870 -347031
21900 -347031
21930 -347006
21960 -347004
21990 -347004
22020 -347004
22050 -346990
22080 -346981
22110 -346940
22140 -346931
22170 -346931
22200 -346908
22230 -346888
22260 -346888
22290 -346876
22320 -346873
22350 -346781
22380 -346762
22410 -346734
22440 -346715
22470 -346714
22500 -346714
22530 -346662
22560 -346660
22590 -346660
22620 -346654
22650 -346643
22680 -346641
22710 -346637
22740 -346637
22770 -346637
22800 -346615
22830 -346595
22860 -346595
22890 -346583
22920 -346568
22950 -346568
22980 -346552
23010 -346476
23040 -346476
23070 -346458
23100 -346454
23130 -346454
23160 -346454
23190 -346414
23220 -346411
23250 -346399
23280 -346398
23310 -346384
23340 -346361
23370 -346360
23400 -346360
23430 -346336
23460 -346332
23490 -346330
23520 -346282
23550 -346282
23580 -346256
23610 -346256
23640 -346249
23670 -346242
23700 -346240
23730 -346235
23760 -346235
23790 -346234
23820 -346234
23850 -346234
23880 -346234
23910 -346220
23940 -346213
23970 -346211
24000 -346211
24030 -346164
24060 -346164
24090 -346141
24120 -346141
24150 -346141
24180 -346141
24210 -346127
24240 -346094
24270 -346094
24300 -346094
24330 -346069
24360 -346067
24390 -346032
24420 -346032
24450 -346032
24480 -345966
24510 -345963
24540 -345963
24570 -345955
24600 -345955
24630 -345952
24660 -345951
24690 -345914
24720 -345889
24750 -345888
24780 -345888
24810 -345887
24840 -345887
24870 -345883
24900 -345883
24930 -345880
24960 -345880
24990 -345880
25020 -345880
25050 -345857
25080 -345849
25110 -345839
25140 -345834
25170 -345827
25200 -345827
25230 -345822
25260 -345821
25290 -345820
25320 -345801
25350 -345787
25380 -345783
25410 -345782
25440 -345755
25470 -345714
25500 -345709
25530 -345689
25560 -345682
25590 -345651
25620 -345645
25650 -345642
25680 -345642
25710 -345640
25740 -345640
25770 -345612
25800 -345601
25830 -345597
25860 -345593
25890 -345593
25920 -345589
25950 -345589
25980 -345589
26010 -345583
26040 -345583
26070 -345583
26100 -345583
26130 -345579
26160 -345573
26190 -345573
26220 -345566
26250 -345566
26280 -345566
26310 -345566
26340 -345566
26370 -345563
26400 -345563
26430 -345557
26460 -345556
26490 -345556
26520 -345554
26550 -345547
26580 -345546
26610 -345535
26640 -345535
26670 -345535
26700 -345520
26730 -345478
26760 -345478
26790 -345468
26820 -345466
26850 -345466
26880 -345448
26910 -345440
26940 -345440
26970 -345422
27000 -345406
27030 -345383
27060 -345383
27090 -345382
27120 -345353
27150 -345353
27180 -345345
