60 -332637
90 -330606
120 -329239
150 -328895
180 -328562
210 -327782
240 -327527
270 -326062
300 -324842
330 -323954
360 -323246
390 -322388
420 -321727
450 -321583
480 -321098
510 -320945
540 -320770
570 -320284
600 -319957
630 -319750
660 -319372
690 -319052
720 -318884
750 -318826
780 -318016
810 -317864
840 -317399
870 -317028
900 -316717
930 -316281
960 -316085
990 -315765
1020 -315536
1050 -315376
1080 -315054
1110 -314860
1140 -314693
1170 -314582
1200 -314421
1230 -314314
1260 -314100
1290 -313955
1320 -313712
1350 -313507
1380 -313391
1410 -312849
1440 -312658
1470 -312506
1500 -312336
1530 -312302
1560 -311842
1590 -311188
1620 -310906
1650 -310600
1680 -310274
1710 -310241
1740 -310201
1770 -310053
1800 -309935
1830 -309859
1860 -309790
1890 -309647
1920 -309519
1950 -309351
1980 -309236
2010 -309203
2040 -309188
2070 -309111
2100 -308818
2130 -308581
2160 -308445
2190 -308365
2220 -308230
2250 -308067
2280 -307961
2310 -307920
2340 -307875
2370 -307760
2400 -307699
2430 -307495
2460 -307482
2490 -307251
2520 -307167
2550 -307138
2580 -307051
2610 -307045
2640 -306978
2670 -306957
2700 -306867
2730 -306843
2760 -306726
2790 -306587
2820 -306322
2850 -306274
2880 -306174
2910 -306143
2940 -305969
2970 -305952
3000 -305897
3030 -305816
3060 -305793
3090 -305716
3120 -305559
3150 -305487
3180 -305342
3210 -305286
3240 -305153
3270 -304959
3300 -304924
3330 -304882
3360 -304842
3390 -304604
3420 -304555
3450 -304555
3480 -304488
3510 -304433
3540 -304304
3570 -304150
3600 -304044
3630 -303995
3660 -303967
3690 -303911
3720 -303876
3750 -303808
3780 -303805
3810 -303782
3840 -303744
3870 -303733
3900 -303656
3930 -303633
3960 -303584
3990 -303435
4020 -303162
4050 -302936
4080 -302855
4110 -302743
4140 -302739
4170 -302689
4200 -302613
4230 -302581
4260 -302536
4290 -302494
4320 -302487
4350 -302433
4380 -302393
4410 -302374
4440 -302264
4470 -302167
4500 -302156
4530 -302136
4560 -302100
4590 -302036
4620 -302023
4650 -301985
4680 -301980
4710 -301956
4740 -301857
4770 -301798
4800 -301766
4830 -301727
4860 -301703
4890 -301690
4920 -301645
4950 -301630
4980 -301583
5010 -301549
5040 -301465
5070 -301406
5100 -301399
5130 -301393
5160 -301375
5190 -301346
5220 -301262
5250 -301205
5280 -301188
5310 -301147
5340 -301121
5370 -300912
5400 -300869
5430 -300826
5460 -300763
5490 -300742
5520 -300739
5550 -300713
5580 -300710
5610 -300622
5640 -300615
5670 -300611
5700 -300486
5730 -300412
5760 -300363
5790 -300354
5820 -300283
5850 -300239
5880 -300221
5910 -300210
5940 -300173
5970 -300161
6000 -300037
6030 -299992
6060 -299932
6090 -299897
6120 -299703
6150 -299655
6180 -299642
6210 -299611
6240 -299609
6270 -299553
6300 -299533
6330 -299526
6360 -299486
6390 -299480
6420 -299427
6450 -299423
6480 -299412
6510 -299395
6540 -299393
6570 -299305
6600 -299260
6630 -299218
6660 -299202
6690 -299186
6720 -299181
6750 -299137
6780 -299137
6810 -299121
6840 -299089
6870 -299077
6900 -299024
6930 -299019
6960 -298997
6990 -298992
7020 -298948
7050 -298858
7080 -298858
7110 -298730
7140 -298727
7170 -298714
7200 -298529
7230 -298499
7260 -298478
7290 -298433
7320 -298395
7350 -298395
7380 -298357
7410 -298337
7440 -298247
7470 -298228
7500 -298223
7530 -298168
7560 -298155
7590 -298077
7620 -298076
7650 -297999
7680 -297974
7710 -297972
7740 -297972
7770 -297947
7800 -297931
7830 -297900
7860 -297881
7890 -297843
7920 -297828
7950 -297800
7980 -297792
8010 -297791
8040 -297719
8070 -297715
8100 -297705
8130 -297689
8160 -297618
8190 -297594
8220 -297578
8250 -297578
8280 -297578
8310 -297467
8340 -297431
8370 -297422
8400 -297366
8430 -297343
8460 -297316
8490 -297233
8520 -297230
8550 -297219
8580 -297204
8610 -297196
8640 -297173
8670 -297152
8700 -297134
8730 -297116
8760 -297036
8790 -297012
8820 -296992
8850 -296966
8880 -296940
8910 -296920
8940 -296920
8970 -296909
9000 -296831
9030 -296817
9060 -296784
9090 -296775
9120 -296775
9150 -296731
9180 -296724
9210 -296708
9240 -296703
9270 -296703
9300 -296669
9330 -296634
9360 -296623
9390 -296614
9420 -296567
9450 -296565
9480 -296495
9510 -296467
9540 -296457
9570 -296420
9600 -296419
9630 -296417
9660 -296387
9690 -296387
9720 -296352
9750 -296268
9780 -296216
9810 -296208
9840 -296174
9870 -296170
9900 -296167
9930 -296158
9960 -296156
9990 -296129
10020 -296113
10050 -296109
10080 -296086
10110 -296085
10140 -296055
10170 -296055
10200 -296022
10230 -296019
10260 -295991
10290 -295964
10320 -295919
10350 -295913
10380 -295887
10410 -295887
10440 -295855
10470 -295851
10500 -295846
10530 -295846
10560 -295840
10590 -295820
10620 -295814
10650 -295802
10680 -295770
10710 -295746
10740 -295743
10770 -295733
10800 -295713
10830 -295707
10860 -295690
10890 -295655
10920 -295649
10950 -295625
10980 -295618
11010 -295592
11040 -295583
11070 -295542
11100 -295540
11130 -295529
11160 -295507
11190 -295498
11220 -295493
11250 -295470
11280 -295428
11310 -295406
11340 -295383
11370 -295353
11400 -295352
11430 -295343
11460 -295336
11490 -295329
11520 -295329
11550 -295318
11580 -295304
11610 -295295
11640 -295289
11670 -295265
11700 -295247
11730 -295242
11760 -295232
11790 -295160
11820 -295123
11850 -295092
11880 -295091
11910 -295084
11940 -295054
11970 -295050
12000 -295013
12030 -295013
12060 -295004
12090 -294991
12120 -294986
12150 -294960
12180 -294779
12210 -294775
12240 -294760
12270 -294741
12300 -294704
12330 -294688
12360 -294673
12390 -294662
12420 -294662
12450 -294659
12480 -294650
12510 -294554
12540 -294550
12570 -294548
12600 -294544
12630 -294527
12660 -294523
12690 -294516
12720 -294465
12750 -294446
12780 -294411
12810 -294385
12840 -294377
12870 -294365
12900 -294361
12930 -294356
12960 -294332
12990 -294315
13020 -294220
13050 -294189
13080 -294171
13110 -294167
13140 -294159
13170 -294159
13200 -294111
13230 -294096
13260 -294052
13290 -294050
13320 -294036
13350 -294030
13380 -294012
13410 -294009
13440 -294003
13470 -294003
13500 -293958
13530 -293934
13560 -293911
13590 -293895
13620 -293866
13650 -293857
13680 -293817
13710 -293788
13740 -293757
13770 -293738
13800 -293734
13830 -293673
13860 -293670
13890 -293659
13920 -293648
13950 -293609
13980 -293594
14010 -293585
14040 -293576
14070 -293550
14100 -293517
14130 -293498
14160 -293486
14190 -293486
14220 -293486
14250 -293468
14280 -293450
14310 -293446
14340 -293446
14370 -293446
14400 -293430
14430 -293361
14460 -293291
14490 -293284
14520 -293284
14550 -293267
14580 -293258
14610 -293204
14640 -293203
14670 -293191
14700 -293170
14730 -293149
14760 -293149
14790 -293142
14820 -293130
14850 -293127
14880 -293080
14910 -293023
14940 -293007
14970 -292965
15000 -292961
15030 -292958
15060 -292956
15090 -292948
15120 -292946
15150 -292941
15180 -292941
15210 -292893
15240 -292881
15270 -292855
15300 -292841
15330 -292829
15360 -292779
15390 -292757
15420 -292744
15450 -292730
15480 -292650
15510 -292638
15540 -292608
15570 -292553
15600 -292533
15630 -292502
15660 -292487
15690 -292438
15720 -292422
15750 -292381
15780 -292378
15810 -292349
15840 -292349
15870 -292341
15900 -292325
15930 -292313
15960 -292235
15990 -292230
16020 -292204
16050 -292173
16080 -292166
16110 -292160
16140 -292147
16170 -292118
16200 -292118
16230 -292105
16260 -292104
16290 -292103
16320 -292103
16350 -292088
16380 -292088
16410 -292088
16440 -292071
16470 -292059
16500 -292048
16530 -292039
16560 -292014
16590 -291998
16620 -291962
16650 -291962
16680 -291956
16710 -291953
16740 -291942
16770 -291942
16800 -291940
16830 -291940
16860 -291939
16890 -291939
16920 -291920
16950 -291890
16980 -291879
17010 -291864
17040 -291864
17070 -291818
17100 -291795
17130 -291795
17160 -291751
17190 -291751
17220 -291750
17250 -291738
17280 -291738
17310 -291733
17340 -291724
17370 -291719
17400 -291718
17430 -291717
17460 -291688
17490 -291686
17520 -291686
17550 -291665
17580 -291665
17610 -291658
17640 -291653
17670 -291650
17700 -291641
17730 -291641
17760 -291641
17790 -291627
17820 -291617
17850 -291617
17880 -291604
17910 -291598
17940 -291598
17970 -291591
18000 -291590
18030 -291549
18060 -291531
18090 -291503
18120 -291496
18150 -291494
18180 -291462
18210 -291455
18240 -291433
18270 -291424
18300 -291413
18330 -291390
18360 -291356
18390 -291352
18420 -291352
18450 -291342
18480 -291292
18510 -291279
18540 -291266
18570 -291266
18600 -291264
18630 -291264
18660 -291257
18690 -291247
18720 -291179
18750 -291179
18780 -291179
18810 -291174
18840 -291174
18870 -291174
18900 -291172
18930 -291172
18960 -291150
18990 -291141
19020 -291120
19050 -291114
19080 -291100
19110 -291099
19140 -291099
19170 -291093
19200 -291069
19230 -291067
19260 -291043
19290 -291033
19320 -291032
19350 -290998
19380 -290978
19410 -290970
19440 -290970
19470 -290950
19500 -290948
19530 -290939
19560 -290839
19590 -290839
19620 -290810
19650 -290796
19680 -290792
19710 -290778
19740 -290715
19770 -290715
19800 -290686
19830 -290678
19860 -290674
19890 -290660
19920 -290660
19950 -290653
19980 -290618
20010 -290594
20040 -290594
20070 -290588
20100 -290577
20130 -290577
20160 -290570
20190 -290564
20220 -290559
20250 -290523
20280 -290498
20310 -290495
20340 -290495
20370 -290494
20400 -290479
20430 -290479
20460 -290471
20490 -290468
20520 -290458
20550 -290450
