60 -376413
90 -374944
120 -373415
150 -373106
180 -372682
210 -371922
240 -371344
270 -370633
300 -370157
330 -369298
360 -369100
390 -368956
420 -368397
450 -368266
480 -367662
510 -367442
540 -366973
570 -366477
600 -366363
630 -365878
660 -365294
690 -365207
720 -365002
750 -364407
780 -364113
810 -363728
840 -363248
870 -363178
900 -362781
930 -362613
960 -362542
990 -362425
1020 -362131
1050 -361700
1080 -361330
1110 -361202
1140 -360977
1170 -360740
1200 -360551
1230 -360458
1260 -360042
1290 -359980
1320 -359699
1350 -359616
1380 -359536
1410 -359263
1440 -359043
1470 -358987
1500 -358923
1530 -358866
1560 -358770
1590 -358668
1620 -358544
1650 -358478
1680 -358276
1710 -358104
1740 -357757
1770 -357541
1800 -357394
1830 -357122
1860 -356968
1890 -356870
1920 -356802
1950 -356688
1980 -356599
2010 -356451
2040 -356228
2070 -356191
2100 -356120
2130 -356088
2160 -355964
2190 -355871
2220 -355784
2250 -355748
2280 -355576
2310 -355441
2340 -355217
2370 -355124
2400 -355032
2430 -354958
2460 -354878
2490 -354770
2520 -354688
2550 -354534
2580 -354490
2610 -354360
2640 -354224
2670 -354131
2700 -354083
2730 -353954
2760 -353872
2790 -353844
2820 -353784
2850 -353616
2880 -353591
2910 -353410
2940 -353366
2970 -353211
3000 -353099
3030 -353061
3060 -352835
3090 -352653
3120 -352597
3150 -352175
3180 -352126
3210 -352116
3240 -352101
3270 -352075
3300 -352050
3330 -351967
3360 -351912
3390 -351772
3420 -351689
3450 -351646
3480 -351458
3510 -351458
3540 -351412
3570 -351375
3600 -351233
3630 -351055
3660 -350999
3690 -350938
3720 -350876
3750 -350870
3780 -350729
3810 -350628
3840 -350558
3870 -350486
3900 -350486
3930 -350476
3960 -350455
3990 -350306
4020 -350044
4050 -349638
4080 -349447
4110 -349419
4140 -349336
4170 -349302
4200 -349247
4230 -349164
4260 -349035
4290 -348667
4320 -348632
4350 -348604
4380 -348543
4410 -348407
4440 -348377
4470 -348332
4500 -348245
4530 -348202
4560 -348164
4590 -347981
4620 -347953
4650 -347827
4680 -347754
4710 -347716
4740 -347569
4770 -347569
4800 -347551
4830 -347548
4860 -347483
4890 -347457
4920 -347390
4950 -347376
4980 -347161
5010 -347104
5040 -347102
5070 -347069
5100 -347026
5130 -347015
5160 -346905
5190 -346803
5220 -346783
5250 -346726
5280 -346614
5310 -346570
5340 -346407
5370 -346345
5400 -346301
5430 -346296
5460 -346238
5490 -346093
5520 -346034
5550 -346034
5580 -346007
5610 -345947
5640 -345879
5670 -345797
5700 -345797
5730 -345771
5760 -345722
5790 -345703
5820 -345668
5850 -345656
5880 -345624
5910 -345570
5940 -345510
5970 -345458
6000 -345420
6030 -345402
6060 -345330
6090 -345324
6120 -345309
6150 -345241
6180 -345233
6210 -345190
6240 -345188
6270 -345126
6300 -345053
6330 -345045
6360 -344988
6390 -344981
6420 -344978
6450 -344940
6480 -344909
6510 -344797
6540 -344774
6570 -344732
6600 -344724
6630 -344611
6660 -344583
6690 -344467
6720 -344331
6750 -344322
6780 -344254
6810 -344240
6840 -344131
6870 -344080
6900 -344071
6930 -344054
6960 -343924
6990 -343873
7020 -343863
7050 -343862
7080 -343824
7110 -343698
7140 -343692
7170 -343692
7200 -343653
7230 -343628
7260 -343595
7290 -343523
7320 -343516
7350 -343515
7380 -343414
7410 -343412
7440 -343384
7470 -343354
7500 -343324
7530 -343296
7560 -343256
7590 -343254
7620 -343244
7650 -343224
7680 -343222
7710 -343035
7740 -343019
7770 -343008
7800 -342880
7830 -342849
7860 -342816
7890 -342734
7920 -342651
7950 -342644
7980 -342492
8010 -342396
8040 -342378
8070 -342348
8100 -342328
8130 -342265
8160 -342175
8190 -342138
8220 -342129
8250 -342105
8280 -342066
8310 -341978
8340 -341965
8370 -341863
8400 -341831
8430 -341811
8460 -341807
8490 -341716
8520 -341657
8550 -341632
8580 -341532
8610 -341439
8640 -341424
8670 -341417
8700 -341396
8730 -341396
8760 -341273
8790 -341235
8820 -341177
8850 -341139
8880 -341110
8910 -341106
8940 -341061
8970 -341024
9000 -340892
9030 -340877
9060 -340758
9090 -340725
9120 -340723
9150 -340676
9180 -340670
9210 -340648
9240 -340632
9270 -340618
9300 -340590
9330 -340565
9360 -340536
9390 -340522
9420 -340522
9450 -340433
9480 -340418
9510 -340378
9540 -340378
9570 -340338
9600 -340330
9630 -340268
9660 -340147
9690 -340133
9720 -340029
9750 -340029
9780 -340019
9810 -340010
9840 -340010
9870 -340006
9900 -340005
9930 -339946
9960 -339940
9990 -339919
10020 -339918
10050 -339908
10080 -339908
10110 -339900
10140 -339900
10170 -339885
10200 -339836
10230 -339828
10260 -339821
10290 -339817
10320 -339817
10350 -339801
10380 -339769
10410 -339769
10440 -339755
10470 -339753
10500 -339748
10530 -339746
10560 -339725
10590 -339722
10620 -339720
10650 -339701
10680 -339694
10710 -339644
10740 -339644
10770 -339606
10800 -339558
10830 -339539
10860 -339534
10890 -339466
10920 -339455
10950 -339445
10980 -339356
11010 -339352
11040 -339352
11070 -339335
11100 -339310
11130 -339302
11160 -339280
11190 -339279
11220 -339279
11250 -339272
11280 -339270
11310 -339270
11340 -339268
11370 -339265
11400 -339265
11430 -339234
11460 -339137
11490 -339118
11520 -339093
11550 -339069
11580 -339069
11610 -339040
11640 -339002
11670 -339002
11700 -338986
11730 -338986
11760 -338986
11790 -338974
11820 -338954
11850 -338906
11880 -338897
11910 -338897
11940 -338892
11970 -338856
12000 -338848
12030 -338819
12060 -338814
12090 -338802
12120 -338785
12150 -338785
12180 -338785
12210 -338740
12240 -338739
12270 -338710
12300 -338671
12330 -338660
12360 -338581
12390 -338538
12420 -338538
12450 -338532
12480 -338531
12510 -338491
12540 -338434
12570 -338434
12600 -338425
12630 -338425
12660 -338347
12690 -338317
12720 -338308
12750 -338308
12780 -338300
12810 -338278
12840 -338278
12870 -338277
12900 -338201
12930 -338154
12960 -338096
12990 -338053
13020 -338048
13050 -338039
13080 -338039
13110 -338038
13140 -338012
13170 -338012
13200 -338010
13230 -337999
13260 -337942
13290 -337921
13320 -337917
13350 -337912
13380 -337908
13410 -337904
13440 -337904
13470 -337850
13500 -337836
13530 -337821
13560 -337811
13590 -337803
13620 -337675
13650 -337636
13680 -337623
13710 -337575
13740 -337500
13770 -337498
13800 -337498
13830 -337497
13860 -337485
13890 -337453
13920 -337391
13950 -337376
13980 -337334
14010 -337331
14040 -337306
14070 -337306
14100 -337261
14130 -337260
14160 -337259
14190 -337250
14220 -337250
14250 -337232
14280 -337221
14310 -337221
14340 -337214
14370 -337214
14400 -337205
14430 -337177
14460 -337177
14490 -337174
14520 -337174
14550 -337157
14580 -337114
14610 -337114
14640 -337109
14670 -337100
14700 -337096
14730 -337077
14760 -337065
14790 -337065
14820 -337037
14850 -337037
14880 -337033
14910 -337010
14940 -337010
14970 -336999
15000 -336966
15030 -336938
15060 -336934
15090 -336853
15120 -336843
15150 -336834
15180 -336818
15210 -336818
15240 -336790
15270 -336784
15300 -336760
15330 -336746
15360 -336740
15390 -336690
15420 -336690
15450 -336686
15480 -336680
15510 -336659
15540 -336659
15570 -336638
15600 -336631
15630 -336581
15660 -336510
15690 -336502
15720 -336502
15750 -336485
15780 -336453
15810 -336450
15840 -336443
15870 -336443
15900 -336443
15930 -336433
15960 -336420
15990 -336410
16020 -336394
16050 -336359
16080 -336346
16110 -336346
16140 -336336
16170 -336336
16200 -336319
16230 -336309
16260 -336303
16290 -336288
16320 -336269
16350 -336265
16380 -336263
16410 -336263
16440 -336255
16470 -336247
16500 -336247
16530 -336242
16560 -336211
16590 -336182
16620 -336162
16650 -336162
16680 -336162
16710 -336158
16740 -336149
16770 -336144
16800 -336140
16830 -336140
16860 -336102
16890 -336079
16920 -336079
16950 -336079
16980 -336074
17010 -336062
17040 -336051
17070 -336039
17100 -336018
17130 -336018
17160 -336004
17190 -336004
17220 -335989
17250 -335989
17280 -335989
17310 -335977
17340 -335975
17370 -335973
17400 -335961
17430 -335961
17460 -335961
17490 -335948
17520 -335939
17550 -335939
17580 -335937
17610 -335937
17640 -335921
17670 -335907
17700 -335889
17730 -335889
17760 -335886
17790 -335886
17820 -335878
17850 -335861
17880 -335824
17910 -335817
17940 -335805
17970 -335787
18000 -335767
18030 -335767
18060 -335767
18090 -335763
18120 -335763
18150 -335763
18180 -335754
18210 -335749
18240 -335729
18270 -335700
18300 -335696
18330 -335696
18360 -335696
18390 -335696
18420 -335683
18450 -335658
18480 -335656
18510 -335647
18540 -335647
18570 -335645
18600 -335645
18630 -335644
18660 -335642
18690 -335642
18720 -335632
18750 -335632
18780 -335612
18810 -335612
18840 -335584
18870 -335584
18900 -335584
18930 -335555
18960 -335546
18990 -335537
19020 -335489
19050 -335437
19080 -335428
19110 -335428
19140 -335427
19170 -335425
19200 -335406
19230 -335406
19260 -335336
19290 -335321
19320 -335305
19350 -335287
19380 -335254
19410 -335231
19440 -335214
19470 -335214
19500 -335213
19530 -335213
19560 -335191
19590 -335190
19620 -335190
19650 -335186
19680 -335185
19710 -335112
19740 -335098
19770 -335084
19800 -335069
19830 -335067
19860 -335050
19890 -335049
19920 -335046
19950 -335042
19980 -335041
20010 -335032
20040 -335020
20070 -335013
20100 -335012
20130 -334987
20160 -334962
20190 -334952
20220 -334952
20250 -334939
20280 -334935
20310 -334935
20340 -334934
20370 -334929
20400 -334929
20430 -334929
20460 -334929
20490 -334923
20520 -334923
20550 -334918
20580 -334914
20610 -334880
20640 -334862
20670 -334858
20700 -334855
20730 -334855
20760 -334850
20790 -334833
20820 -334829
20850 -334814
20880 -334814
20910 -334813
20940 -334807
20970 -334779
21000 -334774
21030 -334761
21060 -334761
21090 -334761
21120 -334742
21150 -334742
21180 -334742
21210 -334736
21240 -334730
21270 -334684
21300 -334657
21330 -334654
21360 -334650
21390 -334644
21420 -334630
21450 -334579
21480 -334579
21510 -334574
21540 -334512
21570 -334512
21600 -334512
21630 -334501
21660 -334491
21690 -334480
21720 -334480
21750 -334455
21780 -334449
21810 -334449
21840 -334449
21870 -334420
21900 -334337
21930 -334327
21960 -334284
21990 -334274
22020 -334274
22050 -334274
22080 -334222
22110 -334219
22140 -334219
22170 -334218
22200 -334218
22230 -334218
22260 -334218
22290 -334210
22320 -334210
22350 -334210
22380 -334005
22410 -333999
22440 -333999
22470 -333999
22500 -333989
22530 -333989
22560 -333989
22590 -333989
22620 -333960
22650 -333957
22680 -333957
22710 -333945
22740 -333942
22770 -333938
22800 -333910
22830 -333910
22860 -333889
22890 -333872
22920 -333868
22950 -333857
22980 -333854
23010 -333852
23040 -333852
23070 -333793
23100 -333792
23130 -333784
23160 -333784
23190 -333767
23220 -333767
23250 -333675
23280 -333665
23310 -333665
23340 -333638
23370 -333634
23400 -333628
23430 -333591
23460 -333591
23490 -333580
23520 -333532
23550 -333527
23580 -333522
23610 -333522
23640 -333508
23670 -333471
23700 -333471
23730 -333470
23760 -333458
23790 -333421
23820 -333406
23850 -333401
23880 -333401
23910 -333363
23940 -333363
23970 -333352
24000 -333333
24030 -333329
24060 -333312
24090 -333312
24120 -333295
24150 -333267
24180 -333251
24210 -333230
24240 -333197
24270 -333188
24300 -333185
24330 -333158
24360 -333123
24390 -332966
24420 -332966
24450 -332949
24480 -332944
24510 -332936
24540 -332936
24570 -332936
24600 -332931
24630 -332931
24660 -332912
24690 -332912
24720 -332912
24750 -332912
24780 -332912
24810 -332912
24840 -332911
24870 -332911
24900 -332911
24930 -332911
24960 -332905
24990 -332901
25020 -332882
25050 -332875
25080 -332866
25110 -332863
25140 -332863
25170 -332860
25200 -332860
25230 -332823
25260 -332820
25290 -332815
25320 -332814
25350 -332814
25380 -332807
25410 -332807
25440 -332796
25470 -332785
25500 -332780
25530 -332758
25560 -332749
25590 -332744
25620 -332741
25650 -332741
25680 -332741
25710 -332737
25740 -332729
25770 -332717
25800 -332707
25830 -332705
25860 -332705
25890 -332705
25920 -332705
25950 -332705
25980 -332703
26010 -332686
26040 -332686
26070 -332686
26100 -332684
26130 -332680
26160 -332676
26190 -332672
26220 -332667
26250 -332660
26280 -332655
26310 -332655
26340 -332655
26370 -332592
26400 -332581
26430 -332576
26460 -332567
26490 -332543
26520 -332543
26550 -332458
26580 -332455
26610 -332455
26640 -332455
26670 -332453
26700 -332449
26730 -332443
26760 -332390
26790 -332367
26820 -332363
26850 -332363
26880 -332363
26910 -332335
26940 -332329
26970 -332323
27000 -332323
27030 -332315
27060 -332315
27090 -332315
27120 -332309
27150 -332298
27180 -332298
27210 -332298
27240 -332298
27270 -332284
27300 -332284
27330 -332284
27360 -332246
27390 -332246
27420 -332239
27450 -332236
27480 -332235
27510 -332229
27540 -332229
27570 -332229
27600 -332190
27630 -332188
27660 -332184
27690 -332184
27720 -332180
27750 -332167
27780 -332160
27810 -332160
27840 -332154
27870 -332152
27900 -332140
27930 -332134
27960 -332133
27990 -332133
28020 -332133
28050 -332133
28080 -332133
28110 -332131
28140 -332131
28170 -332122
28200 -332115
28230 -332092
28260 -332092
28290 -332091
28320 -332078
28350 -332075
28380 -332075
28410 -332075
28440 -332058
28470 -332053
28500 -332030
28530 -332014
28560 -332014
28590 -332008
28620 -332008
28650 -332008
28680 -332008
28710 -332008
28740 -332006
28770 -332004
28800 -332004
28830 -331994
28860 -331994
28890 -331991
28920 -331981
28950 -331981
28980 -331968
29010 -331964
29040 -331955
29070 -331955
29100 -331955
29130 -331954
29160 -331951
29190 -331913
29220 -331911
29250 -331902
29280 -331902
29310 -331902
29340 -331898
29370 -331898
29400 -331898
29430 -331888
29460 -331888
29490 -331888
29520 -331886
29550 -331883
29580 -331880
29610 -331880
29640 -331878
29670 -331877
29700 -331841
29730 -331841
29760 -331838
29790 -331837
29820 -331837
29850 -331833
29880 -331830
29910 -331830
29940 -331830
29970 -331830
30000 -331830
30030 -331826
30060 -331826
30090 -331825
30120 -331788
30150 -331785
30180 -331785
30210 -331779
30240 -331779
30270 -331778
30300 -331775
30330 -331763
30360 -331757
30390 -331757
30420 -331757
30450 -331756
30480 -331752
30510 -331723
30540 -331685
30570 -331685
30600 -331685
30630 -331680
30660 -331680
30690 -331680
30720 -331680
30750 -331677
30780 -331677
30810 -331675
30840 -331669
30870 -331669
30900 -331665
30930 -331659
30960 -331659
30990 -331658
31020 -331658
31050 -331654
31080 -331652
31110 -331652
31140 -331649
31170 -331638
31200 -331628
31230 -331621
31260 -331621
31290 -331614
31320 -331582
31350 -331539
31380 -331482
31410 -331480
31440 -331478
31470 -331452
31500 -331452
31530 -331452
31560 -331443
31590 -331440
31620 -331440
31650 -331438
31680 -331432
31710 -331426
31740 -331425
31770 -331416
31800 -331413
31830 -331413
31860 -331410
31890 -331407
31920 -331397
31950 -331397
31980 -331392
32010 -331389
32040 -331376
32070 -331360
32100 -331318
32130 -331311
32160 -331275
32190 -331275
32220 -331268
32250 -331268
32280 -331267
32310 -331263
32340 -331263
32370 -331262
32400 -331235
32430 -331230
32460 -331218
32490 -331218
32520 -331218
32550 -331214
32580 -331214
32610 -331054
32640 -331054
32670 -331054
32700 -331047
32730 -331045
32760 -331045
32790 -331028
32820 -331014
32850 -331009
32880 -330984
32910 -330984
32940 -330984
32970 -330983
33000 -330922
33030 -330920
33060 -330895
33090 -330895
33120 -330895
33150 -330895
33180 -330895
33210 -330888
33240 -330886
33270 -330875
33300 -330875
33330 -330867
33360 -330867
33390 -330867
33420 -330867
33450 -330860
33480 -330856
33510 -330856
33540 -330852
33570 -330834
33600 -330834
33630 -330834
33660 -330828
33690 -330812
33720 -330804
33750 -330771
33780 -330768
33810 -330766
33840 -330766
33870 -330766
33900 -330766
33930 -330766
33960 -330764
33990 -330761
34020 -330732
34050 -330731
34080 -330729
34110 -330700
34140 -330700
34170 -330684
34200 -330684
34230 -330671
34260 -330667
34290 -330667
34320 -330644
34350 -330637
34380 -330637
34410 -330637
34440 -330577
34470 -330574
34500 -330572
34530 -330572
34560 -330571
34590 -330566
34620 -330560
34650 -330560
34680 -330548
34710 -330548
34740 -330471
34770 -330471
34800 -330471
34830 -330466
34860 -330466
34890 -330466
34920 -330466
34950 -330466
34980 -330456
35010 -330433
35040 -330426
35070 -330413
35100 -330399
35130 -330398
35160 -330387
35190 -330385
35220 -330351
35250 -330351
35280 -330349
35310 -330338
35340 -330334
35370 -330334
35400 -330327
35430 -330321
35460 -330321
35490 -330321
35520 -330321
35550 -330321
35580 -330318
35610 -330280
35640 -330268
35670 -330268
35700 -330209
35730 -330195
35760 -330195
35790 -330195
35820 -330195
35850 -330184
35880 -330181
35910 -330181
35940 -330181
35970 -330181
36000 -330168
36030 -330168
36060 -330167
36090 -330153
36120 -330129
36150 -330122
36180 -330118
36210 -330118
36240 -330118
36270 -330118
36300 -330118
36330 -330114
36360 -330114
36390 -330113
36420 -330113
36450 -330113
36480 -330113
36510 -330113
36540 -330089
36570 -330089
36600 -330089
36630 -330089
36660 -330080
36690 -330065
36720 -330065
36750 -330055
36780 -330055
36810 -330051
36840 -330044
36870 -330034
36900 -330032
36930 -330027
36960 -330012
36990 -330012
37020 -330011
37050 -330011
37080 -330011
37110 -330011
37140 -330007
37170 -330007
37200 -330007
37230 -330006
37260 -330003
37290 -329973
37320 -329953
37350 -329947
37380 -329942
37410 -329936
37440 -329936
37470 -329889
37500 -329889
37530 -329889
37560 -329889
37590 -329889
37620 -329889
37650 -329889
37680 -329864
37710 -329864
37740 -329833
37770 -329829
37800 -329829
37830 -329829
37860 -329824
37890 -329822
37920 -329822
37950 -329820
37980 -329820
38010 -329820
38040 -329820
38070 -329820
38100 -329792
38130 -329792
38160 -329788
38190 -329781
38220 -329781
38250 -329781
38280 -329769
38310 -329769
38340 -329759
38370 -329754
38400 -329754
38430 -329753
38460 -329750
38490 -329748
38520 -329748
38550 -329723
38580 -329723
38610 -329714
38640 -329684
38670 -329684
38700 -329657
38730 -329656
38760 -329656
38790 -329646
38820 -329646
38850 -329646
38880 -329642
38910 -329640
38940 -329640
38970 -329640
39000 -329626
39030 -329603
39060 -329600
39090 -329600
39120 -329573
39150 -329573
39180 -329573
39210 -329573
39240 -329567
39270 -329566
39300 -329566
39330 -329561
39360 -329561
39390 -329561
39420 -329550
39450 -329548
39480 -329536
39510 -329533
39540 -329533
39570 -329526
39600 -329526
39630 -329526
39660 -329523
39690 -329523
39720 -329517
39750 -329499
39780 -329496
39810 -329496
39840 -329496
39870 -329493
39900 -329493
39930 -329460
39960 -329460
39990 -329457
40020 -329457
40050 -329454
40080 -329454
40110 -329454
40140 -329450
40170 -329450
40200 -329418
40230 -329418
40260 -329418
40290 -329418
40320 -329405
40350 -329401
40380 -329401
40410 -329398
40440 -329398
40470 -329393
40500 -329387
40530 -329387
40560 -329378
40590 -329371
40620 -329371
40650 -329366
40680 -329366
40710 -329366
40740 -329366
40770 -329366
40800 -329363
40830 -329363
40860 -329363
40890 -329363
40920 -329363
40950 -329362
40980 -329362
41010 -329338
41040 -329338
41070 -329338
41100 -329338
41130 -329338
41160 -329329
41190 -329312
41220 -329310
41250 -329305
41280 -329297
41310 -329297
41340 -329297
41370 -329295
41400 -329295
41430 -329295
41460 -329293
41490 -329287
41520 -329286
41550 -329286
41580 -329277
41610 -329277
41640 -329276
41670 -329276
41700 -329276
41730 -329276
41760 -329272
41790 -329272
41820 -329270
41850 -329254
41880 -329254
41910 -329254
41940 -329251
41970 -329251
42000 -329251
42030 -329223
42060 -329215
42090 -329215
42120 -329215
42150 -329215
42180 -329215
42210 -329209
42240 -329206
42270 -329206
42300 -329192
42330 -329192
42360 -329192
42390 -329192
42420 -329192
42450 -329176
42480 -329176
42510 -329165
42540 -329165
42570 -329147
42600 -329147
42630 -329141
42660 -329141
42690 -329141
42720 -329139
42750 -329134
42780 -329131
42810 -329131
42840 -329130
42870 -329130
42900 -329130
42930 -329130
42960 -329128
42990 -329128
43020 -329128
43050 -329128
43080 -329115
43110 -329115
43140 -329115
43170 -329112
43200 -329112
43230 -329110
43260 -329100
43290 -329100
43320 -329099
43350 -329099
43380 -329099
43410 -329087
43440 -329087
43470 -329024
43500 -329020
43530 -329020
43560 -329008
43590 -328975
43620 -328975
43650 -328975
43680 -328968
43710 -328961
43740 -328961
43770 -328955
43800 -328933
43830 -328928
43860 -328928
43890 -328928
43920 -328919
43950 -328910
43980 -328910
44010 -328910
44040 -328910
44070 -328910
44100 -328900
44130 -328896
44160 -328892
44190 -328889
44220 -328865
44250 -328865
44280 -328865
44310 -328865
44340 -328858
44370 -328840
44400 -328838
44430 -328838
44460 -328828
44490 -328828
44520 -328828
44550 -328828
44580 -328823
44610 -328823
44640 -328815
44670 -328807
44700 -328807
44730 -328807
44760 -328795
44790 -328795
44820 -328790
44850 -328783
44880 -328783
44910 -328783
44940 -328770
44970 -328752
45000 -328751
45030 -328751
45060 -328751
45090 -328747
45120 -328747
45150 -328746
45180 -328746
45210 -328746
45240 -328744
45270 -328744
45300 -328744
45330 -328733
45360 -328670
45390 -328670
45420 -328670
45450 -328651
45480 -328651
45510 -328650
45540 -328650
45570 -328632
45600 -328623
45630 -328611
45660 -328611
45690 -328611
45720 -328601
45750 -328600
45780 -328600
45810 -328579
45840 -328579
45870 -328579
45900 -328545
45930 -328543
45960 -328536
45990 -328536
46020 -328536
46050 -328536
46080 -328530
46110 -328530
46140 -328527
46170 -328521
46200 -328500
46230 -328499
46260 -328496
46290 -328487
46320 -328487
46350 -328487
46380 -328487
46410 -328478
46440 -328475
46470 -328475
46500 -328460
46530 -328458
46560 -328458
46590 -328444
46620 -328444
46650 -328440
46680 -328440
46710 -328440
46740 -328428
46770 -328420
46800 -328420
46830 -328419
46860 -328419
46890 -328419
46920 -328414
46950 -328414
46980 -328414
47010 -328414
47040 -328414
47070 -328408
47100 -328408
47130 -328404
47160 -328404
47190 -328390
47220 -328386
47250 -328386
47280 -328386
47310 -328386
47340 -328385
47370 -328385
47400 -328376
47430 -328365
47460 -328365
47490 -328359
47520 -328359
47550 -328359
47580 -328359
47610 -328335
47640 -328332
47670 -328326
47700 -328326
47730 -328326
47760 -328323
47790 -328314
47820 -328314
47850 -328314
47880 -328314
47910 -328314
47940 -328314
47970 -328308
48000 -328308
48030 -328308
48060 -328305
48090 -328305
48120 -328284
48150 -328281
48180 -328273
48210 -328268
48240 -328268
48270 -328254
48300 -328248
48330 -328248
48360 -328248
48390 -328248
48420 -328248
48450 -328248
48480 -328241
48510 -328171
48540 -328163
48570 -328162
48600 -328162
48630 -328161
48660 -328156
48690 -328156
48720 -328142
48750 -328142
48780 -328139
48810 -328139
48840 -328139
48870 -328139
48900 -328128
48930 -328128
48960 -328128
48990 -328128
49020 -328128
49050 -328126
49080 -328125
49110 -328125
49140 -328125
49170 -328102
49200 -328096
49230 -328088
49260 -328081
49290 -328081
49320 -328081
49350 -328071
49380 -328071
49410 -328068
49440 -328066
49470 -328066
49500 -328066
49530 -328037
49560 -328014
49590 -328014
49620 -328008
49650 -328008
49680 -328008
49710 -328003
49740 -328003
49770 -327996
49800 -327988
49830 -327985
49860 -327983
49890 -327971
49920 -327971
49950 -327968
49980 -327968
50010 -327968
50040 -327965
50070 -327963
50100 -327963
50130 -327963
50160 -327963
50190 -327946
50220 -327938
50250 -327932
50280 -327929
50310 -327929
50340 -327929
50370 -327876
50400 -327862
50430 -327857
50460 -327857
50490 -327857
50520 -327857
50550 -327854
50580 -327848
50610 -327848
50640 -327845
50670 -327837
50700 -327834
50730 -327823
50760 -327823
50790 -327800
50820 -327800
50850 -327800
50880 -327796
50910 -327793
50940 -327793
50970 -327782
51000 -327771
51030 -327771
51060 -327762
51090 -327762
51120 -327749
51150 -327741
51180 -327740
51210 -327740
51240 -327738
51270 -327733
51300 -327722
51330 -327722
51360 -327722
51390 -327722
51420 -327722
51450 -327716
51480 -327716
51510 -327716
51540 -327716
51570 -327708
51600 -327698
51630 -327698
51660 -327697
51690 -327688
51720 -327688
51750 -327675
51780 -327675
51810 -327667
51840 -327667
51870 -327667
51900 -327667
51930 -327641
51960 -327641
51990 -327641
52020 -327632
52050 -327632
52080 -327632
52110 -327632
52140 -327613
52170 -327612
52200 -327612
52230 -327612
52260 -327608
52290 -327606
52320 -327606
52350 -327600
52380 -327600
52410 -327599
52440 -327597
52470 -327597
52500 -327597
52530 -327589
52560 -327589
52590 -327589
52620 -327589
52650 -327589
52680 -327586
52710 -327586
52740 -327584
52770 -327580
52800 -327580
52830 -327570
52860 -327556
52890 -327555
52920 -327539
52950 -327539
52980 -327538
53010 -327534
53040 -327522
53070 -327522
53100 -327504
53130 -327504
53160 -327466
53190 -327466
53220 -327466
53250 -327462
53280 -327456
53310 -327456
53340 -327456
53370 -327456
53400 -327456
53430 -327434
53460 -327434
53490 -327426
53520 -327426
53550 -327426
53580 -327426
53610 -327426
53640 -327416
53670 -327416
53700 -327416
53730 -327416
53760 -327416
53790 -327416
53820 -327361
53850 -327361
53880 -327361
53910 -327349
53940 -327345
53970 -327339
54000 -327332
54030 -327332
54060 -327332
54090 -327329
54120 -327329
54150 -327270
54180 -327265
54210 -327265
54240 -327252
54270 -327247
54300 -327247
54330 -327242
54360 -327242
54390 -327242
54420 -327242
54450 -327241
54480 -327241
54510 -327221
54540 -327221
54570 -327221
54600 -327217
54630 -327217
54660 -327186
54690 -327186
54720 -327183
54750 -327183
54780 -327183
54810 -327183
54840 -327180
54870 -327180
54900 -327180
54930 -327162
54960 -327160
54990 -327160
55020 -327160
55050 -327160
55080 -327160
55110 -327155
55140 -327147
55170 -327140
55200 -327140
55230 -327140
55260 -327140
55290 -327140
55320 -327135
55350 -327135
55380 -327133
55410 -327133
55440 -327133
55470 -327133
55500 -327133
55530 -327133
55560 -327133
55590 -327133
55620 -327133
55650 -327126
55680 -327126
55710 -327126
55740 -327126
55770 -327125
55800 -327092
55830 -327092
55860 -327092
55890 -327092
55920 -327092
55950 -327092
55980 -327092
56010 -327092
56040 -327092
56070 -327088
56100 -327086
56130 -327086
56160 -327086
56190 -327084
56220 -327081
56250 -327065
56280 -327058
56310 -327052
56340 -327052
56370 -327052
56400 -327052
56430 -327052
56460 -327052
56490 -327052
56520 -327041
56550 -327041
56580 -327032
56610 -327032
56640 -327032
56670 -327032
56700 -327030
56730 -327010
56760 -327010
56790 -327005
56820 -327005
56850 -326991
56880 -326991
56910 -326991
56940 -326991
56970 -326989
57000 -326989
57030 -326982
57060 -326952
57090 -326949
57120 -326949
57150 -326938
57180 -326936
57210 -326936
57240 -326915
57270 -326901
57300 -326901
57330 -326883
57360 -326883
57390 -326866
57420 -326864
57450 -326864
57480 -326859
57510 -326842
57540 -326842
57570 -326842
57600 -326842
57630 -326838
57660 -326832
57690 -326832
57720 -326832
57750 -326831
57780 -326829
57810 -326780
57840 -326780
57870 -326780
57900 -326780
57930 -326780
57960 -326780
57990 -326778
58020 -326777
58050 -326768
58080 -326768
58110 -326764
58140 -326764
58170 -326764
58200 -326763
58230 -326763
58260 -326763
58290 -326763
58320 -326763
58350 -326762
58380 -326762
58410 -326762
58440 -326762
58470 -326762
58500 -326760
58530 -326760
58560 -326726
58590 -326704
58620 -326704
58650 -326704
58680 -326679
58710 -326678
58740 -326676
58770 -326676
58800 -326674
58830 -326668
58860 -326668
58890 -326668
58920 -326668
58950 -326650
58980 -326645
59010 -326628
59040 -326588
59070 -326588
59100 -326574
59130 -326574
59160 -326574
59190 -326573
59220 -326573
59250 -326568
59280 -326568
59310 -326567
59340 -326567
59370 -326559
59400 -326532
59430 -326532
59460 -326531
59490 -326531
59520 -326524
59550 -326519
59580 -326502
59610 -326502
59640 -326492
59670 -326492
59700 -326492
59730 -326470
59760 -326458
59790 -326448
59820 -326448
59850 -326448
59880 -326429
59910 -326427
59940 -326425
59970 -326425
60000 -326400
60030 -326400
60060 -326380
60090 -326380
60120 -326368
60150 -326367
60180 -326367
60210 -326367
60240 -326367
60270 -326367
60300 -326367
60330 -326359
60360 -326359
60390 -326359
60420 -326359
60450 -326359
60480 -326359
60510 -326354
60540 -326352
60570 -326352
60600 -326347
60630 -326347
60660 -326343
60690 -326342
60720 -326331
60750 -326300
60780 -326300
60810 -326300
60840 -326291
60870 -326291
60900 -326290
60930 -326290
60960 -326290
60990 -326290
61020 -326270
61050 -326270
61080 -326270
61110 -326266
61140 -326266
61170 -326266
61200 -326264
61230 -326264
61260 -326264
61290 -326264
61320 -326252
61350 -326249
61380 -326249
61410 -326249
61440 -326249
61470 -326249
61500 -326246
61530 -326246
61560 -326246
61590 -326245
61620 -326245
61650 -326245
61680 -326245
61710 -326240
61740 -326240
61770 -326238
61800 -326238
61830 -326238
61860 -326238
61890 -326222
61920 -326222
61950 -326222
61980 -326217
62010 -326217
62040 -326217
62070 -326204
62100 -326204
62130 -326184
62160 -326184
62190 -326174
62220 -326171
62250 -326153
62280 -326143
62310 -326143
62340 -326143
62370 -326139
62400 -326136
62430 -326136
62460 -326135
62490 -326098
62520 -326098
62550 -326098
62580 -326098
62610 -326084
62640 -326084
62670 -326069
62700 -326069
62730 -326069
62760 -326069
62790 -326069
62820 -326069
62850 -326063
62880 -326063
62910 -326052
62940 -326012
62970 -326012
63000 -326012
63030 -326011
63060 -326011
63090 -326008
63120 -326008
63150 -326008
63180 -326006
63210 -325987
63240 -325984
63270 -325984
63300 -325982
63330 -325982
63360 -325949
63390 -325949
63420 -325948
63450 -325948
63480 -325948
63510 -325948
63540 -325948
63570 -325945
63600 -325945
63630 -325940
63660 -325940
63690 -325933
63720 -325933
63750 -325933
63780 -325901
63810 -325901
63840 -325901
63870 -325901
63900 -325901
63930 -325901
63960 -325901
63990 -325901
64020 -325901
64050 -325901
64080 -325901
64110 -325901
64140 -325901
64170 -325898
64200 -325871
64230 -325868
64260 -325868
64290 -325868
64320 -325868
64350 -325856
64380 -325832
64410 -325828
64440 -325828
64470 -325828
64500 -325820
64530 -325809
64560 -325808
64590 -325808
64620 -325808
64650 -325808
64680 -325808
64710 -325805
64740 -325795
64770 -325793
64800 -325793
64830 -325780
64860 -325780
64890 -325780
64920 -325780
64950 -325765
64980 -325764
65010 -325759
65040 -325759
65070 -325759
65100 -325759
65130 -325759
65160 -325759
65190 -325744
65220 -325744
65250 -325744
65280 -325742
65310 -325736
65340 -325736
65370 -325736
65400 -325736
65430 -325720
65460 -325720
65490 -325720
65520 -325720
65550 -325705
65580 -325703
65610 -325686
65640 -325686
65670 -325686
65700 -325650
65730 -325648
65760 -325648
65790 -325648
65820 -325648
65850 -325648
65880 -325648
65910 -325645
65940 -325644
65970 -325644
66000 -325637
66030 -325635
66060 -325635
66090 -325626
66120 -325626
66150 -325626
66180 -325624
66210 -325619
66240 -325608
66270 -325608
66300 -325605
66330 -325600
66360 -325598
66390 -325598
66420 -325590
66450 -325586
66480 -325586
66510 -325586
66540 -325586
66570 -325586
66600 -325586
66630 -325586
66660 -325568
66690 -325557
66720 -325557
66750 -325552
66780 -325552
66810 -325552
66840 -325547
66870 -325547
66900 -325544
66930 -325534
66960 -325533
66990 -325523
67020 -325517
67050 -325513
67080 -325513
67110 -325513
67140 -325513
67170 -325512
67200 -325512
67230 -325512
67260 -325501
67290 -325501
67320 -325498
67350 -325498
67380 -325498
67410 -325498
67440 -325498
67470 -325488
67500 -325488
67530 -325488
67560 -325488
67590 -325488
67620 -325488
67650 -325486
67680 -325484
67710 -325484
67740 -325484
67770 -325474
67800 -325474
67830 -325474
67860 -325474
67890 -325473
67920 -325473
67950 -325473
67980 -325473
68010 -325472
68040 -325472
68070 -325472
68100 -325472
68130 -325472
68160 -325472
68190 -325472
68220 -325472
68250 -325472
68280 -325464
68310 -325458
68340 -325449
68370 -325449
68400 -325448
68430 -325448
68460 -325448
68490 -325448
68520 -325448
68550 -325448
68580 -325448
68610 -325448
68640 -325422
68670 -325422
68700 -325422
68730 -325416
68760 -325412
68790 -325412
68820 -325412
68850 -325412
68880 -325389
68910 -325389
68940 -325365
68970 -325365
69000 -325365
69030 -325353
69060 -325353
69090 -325353
69120 -325353
69150 -325353
69180 -325348
69210 -325348
69240 -325335
69270 -325334
69300 -325330
69330 -325330
69360 -325330
69390 -325328
69420 -325328
69450 -325307
69480 -325307
69510 -325296
69540 -325296
69570 -325296
69600 -325287
69630 -325284
69660 -325284
69690 -325275
69720 -325275
69750 -325275
69780 -325275
69810 -325275
69840 -325268
69870 -325256
69900 -325256
69930 -325255
69960 -325255
69990 -325255
70020 -325251
70050 -325251
70080 -325251
70110 -325249
70140 -325249
70170 -325249
70200 -325249
70230 -325249
70260 -325249
70290 -325249
70320 -325249
70350 -325249
70380 -325236
70410 -325236
70440 -325223
70470 -325223
70500 -325217
70530 -325217
70560 -325216
70590 -325215
70620 -325215
70650 -325200
70680 -325200
70710 -325200
70740 -325200
70770 -325200
70800 -325159
70830 -325159
70860 -325159
70890 -325157
70920 -325157
70950 -325157
70980 -325157
71010 -325154
71040 -325154
71070 -325154
71100 -325154
71130 -325154
71160 -325154
71190 -325149
71220 -325149
71250 -325133
71280 -325133
71310 -325133
71340 -325133
71370 -325133
71400 -325128
71430 -325127
71460 -325127
71490 -325123
71520 -325116
71550 -325115
71580 -325115
71610 -325115
71640 -325115
71670 -325115
71700 -325115
71730 -325115
71760 -325115
71790 -325115
71820 -325115
71850 -325115
71880 -325111
71910 -325111
71940 -325111
71970 -325111
72000 -325111
72030 -325111
72060 -325111
72090 -325111
72120 -325111
72150 -325111
72180 -325107
72210 -325107
72240 -325107
72270 -325107
72300 -325107
72330 -325107
72360 -325107
72390 -325107
72420 -325092
72450 -325092
72480 -325092
72510 -325092
72540 -325092
72570 -325092
72600 -325092
72630 -325092
72660 -325092
72690 -325092
72720 -325086
72750 -325086
72780 -325086
72810 -325086
72840 -325079
72870 -325079
72900 -325079
72930 -325079
72960 -325079
72990 -325073
73020 -325073
73050 -325068
73080 -325064
73110 -325064
73140 -325064
73170 -325060
73200 -325059
73230 -325052
73260 -325045
73290 -325039
73320 -325039
73350 -325039
73380 -325039
73410 -325039
73440 -325039
73470 -325035
73500 -325035
73530 -325035
73560 -325027
73590 -325027
73620 -325027
73650 -325027
73680 -325024
73710 -325024
73740 -325024
73770 -325023
73800 -325023
73830 -325023
73860 -325023
73890 -325023
73920 -325023
73950 -325023
73980 -325023
74010 -325023
74040 -325023
74070 -325021
74100 -325021
74130 -325021
74160 -325013
74190 -325013
74220 -325010
74250 -325007
74280 -325007
74310 -324998
74340 -324998
74370 -324987
74400 -324987
74430 -324987
74460 -324987
74490 -324978
74520 -324978
74550 -324977
74580 -324973
74610 -324973
74640 -324972
74670 -324934
74700 -324934
74730 -324934
74760 -324934
74790 -324934
74820 -324932
74850 -324932
74880 -324931
74910 -324931
74940 -324931
74970 -324931
75000 -324930
75030 -324930
75060 -324929
75090 -324925
75120 -324922
75150 -324921
75180 -324921
75210 -324921
75240 -324920
75270 -324915
75300 -324909
75330 -324909
75360 -324909
75390 -324909
75420 -324903
75450 -324903
75480 -324903
75510 -324903
75540 -324892
75570 -324892
75600 -324892
75630 -324872
75660 -324872
75690 -324872
75720 -324872
75750 -324872
75780 -324872
75810 -324870
75840 -324870
75870 -324870
75900 -324870
75930 -324870
75960 -324868
75990 -324864
76020 -324863
76050 -324863
76080 -324863
76110 -324847
76140 -324847
76170 -324847
76200 -324847
76230 -324847
76260 -324847
76290 -324847
76320 -324847
76350 -324844
76380 -324843
76410 -324835
76440 -324831
76470 -324820
76500 -324820
76530 -324820
76560 -324820
76590 -324817
76620 -324809
76650 -324796
76680 -324796
76710 -324788
76740 -324788
76770 -324769
76800 -324769
76830 -324767
76860 -324767
76890 -324767
76920 -324767
76950 -324766
76980 -324766
77010 -324766
77040 -324764
77070 -324764
77100 -324764
77130 -324764
77160 -324764
77190 -324764
77220 -324764
77250 -324762
77280 -324762
77310 -324762
77340 -324762
77370 -324754
77400 -324740
77430 -324727
77460 -324727
77490 -324727
77520 -324725
77550 -324725
77580 -324720
77610 -324720
77640 -324711
77670 -324711
77700 -324711
77730 -324672
77760 -324672
77790 -324672
77820 -324672
77850 -324672
77880 -324672
77910 -324670
77940 -324670
77970 -324666
78000 -324666
78030 -324664
78060 -324664
78090 -324662
78120 -324661
78150 -324661
78180 -324661
78210 -324661
78240 -324661
78270 -324656
78300 -324655
78330 -324655
78360 -324648
78390 -324644
78420 -324639
78450 -324639
78480 -324639
78510 -324639
78540 -324639
78570 -324639
78600 -324632
78630 -324632
78660 -324632
78690 -324616
78720 -324616
78750 -324615
78780 -324615
78810 -324615
78840 -324615
78870 -324614
78900 -324614
78930 -324611
78960 -324611
78990 -324609
79020 -324609
79050 -324599
79080 -324599
79110 -324596
79140 -324587
79170 -324587
79200 -324582
79230 -324582
79260 -324582
79290 -324582
79320 -324582
79350 -324582
79380 -324573
79410 -324569
79440 -324555
79470 -324551
79500 -324551
79530 -324551
79560 -324551
79590 -324550
79620 -324550
79650 -324550
79680 -324550
79710 -324550
79740 -324547
79770 -324547
79800 -324547
79830 -324547
79860 -324544
79890 -324544
79920 -324544
79950 -324544
79980 -324539
80010 -324539
80040 -324528
80070 -324528
80100 -324528
80130 -324528
80160 -324528
80190 -324511
80220 -324511
80250 -324511
80280 -324511
80310 -324511
80340 -324498
80370 -324498
80400 -324498
80430 -324498
80460 -324498
80490 -324498
80520 -324498
80550 -324498
80580 -324498
80610 -324498
80640 -324495
80670 -324495
80700 -324495
80730 -324495
80760 -324494
80790 -324494
80820 -324488
80850 -324488
80880 -324488
80910 -324488
80940 -324488
80970 -324488
81000 -324486
81030 -324486
81060 -324486
81090 -324465
81120 -324451
81150 -324449
81180 -324449
81210 -324449
81240 -324449
81270 -324449
81300 -324449
81330 -324449
81360 -324449
81390 -324449
81420 -324449
81450 -324448
81480 -324447
81510 -324446
81540 -324442
81570 -324442
81600 -324442
81630 -324441
81660 -324441
81690 -324441
81720 -324416
81750 -324416
81780 -324416
81810 -324415
81840 -324399
81870 -324399
81900 -324398
81930 -324398
81960 -324393
81990 -324393
82020 -324393
82050 -324390
82080 -324389
82110 -324389
82140 -324383
82170 -324383
82200 -324383
82230 -324383
82260 -324383
82290 -324383
82320 -324383
82350 -324383
82380 -324378
82410 -324375
82440 -324375
82470 -324366
82500 -324366
82530 -324366
82560 -324366
82590 -324366
82620 -324362
82650 -324362
82680 -324345
82710 -324292
82740 -324292
82770 -324292
82800 -324292
82830 -324292
82860 -324292
82890 -324292
82920 -324286
82950 -324286
82980 -324286
83010 -324286
83040 -324286
83070 -324283
83100 -324283
83130 -324283
83160 -324283
83190 -324283
83220 -324283
83250 -324283
83280 -324283
83310 -324280
83340 -324203
83370 -324203
83400 -324203
83430 -324203
83460 -324203
83490 -324193
83520 -324193
83550 -324193
83580 -324192
83610 -324192
83640 -324187
83670 -324185
83700 -324183
83730 -324183
83760 -324183
83790 -324183
83820 -324183
83850 -324183
83880 -324183
83910 -324183
83940 -324180
83970 -324166
84000 -324166
84030 -324166
84060 -324161
84090 -324152
84120 -324152
84150 -324152
84180 -324152
84210 -324152
84240 -324152
84270 -324152
84300 -324152
84330 -324152
84360 -324151
84390 -324149
84420 -324149
84450 -324149
84480 -324149
84510 -324149
84540 -324149
84570 -324149
84600 -324149
84630 -324148
84660 -324148
84690 -324148
84720 -324148
84750 -324142
84780 -324140
84810 -324140
84840 -324140
84870 -324136
84900 -324136
84930 -324117
84960 -324117
84990 -324117
85020 -324117
85050 -324117
85080 -324115
85110 -324115
85140 -324111
85170 -324111
85200 -324111
85230 -324111
85260 -324111
85290 -324111
85320 -324111
85350 -324111
85380 -324111
85410 -324111
85440 -324111
85470 -324111
85500 -324111
85530 -324111
85560 -324111
85590 -324110
85620 -324110
85650 -324110
85680 -324110
85710 -324110
85740 -324110
85770 -324106
85800 -324103
85830 -324100
85860 -324100
85890 -324100
85920 -324100
85950 -324096
85980 -324096
86010 -324096
86040 -324096
86070 -324096
86100 -324096
86130 -324096
86160 -324096
86190 -324095
86220 -324095
86250 -324092
86280 -324092
86310 -324092
86340 -324092
86370 -324092
86400 -324092
86430 -324089
86460 -324089
86490 -324089
86520 -324087
86550 -324077
86580 -324077
86610 -324077
86640 -324077
86670 -324071
86700 -324071
86730 -324071
86760 -324071
86790 -324057
86820 -324055
86850 -324055
86880 -324055
86910 -324051
86940 -324040
86970 -324037
87000 -324037
87030 -324037
87060 -324036
87090 -324036
87120 -324036
87150 -324036
87180 -324034
87210 -324030
87240 -324030
87270 -324030
87300 -324019
87330 -324019
87360 -324019
87390 -324019
87420 -324019
87450 -324019
87480 -324001
87510 -323983
87540 -323983
87570 -323983
87600 -323964
87630 -323964
87660 -323964
87690 -323964
87720 -323964
87750 -323963
87780 -323961
87810 -323961
87840 -323955
87870 -323935
87900 -323935
87930 -323935
87960 -323935
87990 -323935
88020 -323935
88050 -323930
88080 -323930
88110 -323930
88140 -323928
88170 -323928
88200 -323928
88230 -323928
88260 -323928
88290 -323928
88320 -323928
88350 -323928
88380 -323928
88410 -323927
88440 -323927
88470 -323923
88500 -323923
88530 -323923
88560 -323919
88590 -323919
88620 -323919
88650 -323915
88680 -323915
88710 -323915
88740 -323915
88770 -323915
88800 -323915
88830 -323915
88860 -323914
88890 -323914
88920 -323914
88950 -323911
88980 -323910
89010 -323909
89040 -323909
89070 -323907
89100 -323907
89130 -323902
89160 -323902
89190 -323902
89220 -323902
89250 -323902
89280 -323895
89310 -323889
89340 -323889
89370 -323889
89400 -323882
89430 -323882
89460 -323882
89490 -323882
89520 -323882
89550 -323882
89580 -323882
89610 -323882
89640 -323848
89670 -323848
89700 -323848
89730 -323843
89760 -323843
89790 -323843
89820 -323843
89850 -323841
89880 -323836
89910 -323836
89940 -323836
89970 -323836
90000 -323832
90030 -323832
90060 -323832
90090 -323828
90120 -323828
90150 -323828
90180 -323826
90210 -323824
90240 -323824
90270 -323824
90300 -323824
90330 -323818
90360 -323818
90390 -323818
90420 -323818
90450 -323818
90480 -323818
90510 -323812
90540 -323812
90570 -323812
90600 -323808
90630 -323808
90660 -323808
90690 -323808
90720 -323785
90750 -323783
90780 -323783
90810 -323775
90840 -323772
90870 -323772
90900 -323769
90930 -323765
90960 -323751
90990 -323745
91020 -323745
91050 -323745
91080 -323743
91110 -323743
91140 -323739
91170 -323739
91200 -323739
91230 -323739
91260 -323738
91290 -323738
91320 -323738
91350 -323738
91380 -323738
91410 -323728
91440 -323728
91470 -323726
91500 -323726
91530 -323726
91560 -323726
91590 -323726
91620 -323726
91650 -323726
91680 -323725
91710 -323725
91740 -323709
91770 -323709
91800 -323709
91830 -323707
91860 -323707
91890 -323707
91920 -323705
91950 -323705
91980 -323705
92010 -323705
92040 -323705
92070 -323704
92100 -323704
92130 -323704
92160 -323704
92190 -323704
92220 -323704
92250 -323702
92280 -323702
92310 -323696
92340 -323696
92370 -323696
92400 -323693
92430 -323693
92460 -323693
92490 -323693
92520 -323692
92550 -323690
92580 -323690
92610 -323690
92640 -323689
92670 -323689
92700 -323689
92730 -323689
92760 -323689
92790 -323689
92820 -323689
92850 -323689
92880 -323689
92910 -323689
92940 -323689
92970 -323689
93000 -323689
93030 -323689
93060 -323689
93090 -323689
93120 -323689
93150 -323689
93180 -323689
93210 -323685
93240 -323685
93270 -323680
93300 -323680
93330 -323680
93360 -323680
93390 -323680
93420 -323680
93450 -323680
93480 -323680
93510 -323680
93540 -323680
93570 -323667
93600 -323667
93630 -323660
93660 -323660
93690 -323660
93720 -323660
93750 -323660
93780 -323656
93810 -323656
93840 -323655
93870 -323652
93900 -323652
93930 -323652
93960 -323652
93990 -323652
94020 -323646
94050 -323644
94080 -323644
94110 -323640
94140 -323640
94170 -323640
94200 -323640
94230 -323640
94260 -323636
94290 -323634
94320 -323629
94350 -323628
94380 -323628
94410 -323628
94440 -323628
94470 -323628
94500 -323626
94530 -323616
94560 -323616
94590 -323616
94620 -323616
94650 -323615
94680 -323615
94710 -323611
94740 -323611
94770 -323611
94800 -323609
94830 -323609
94860 -323609
94890 -323609
94920 -323595
94950 -323595
94980 -323595
95010 -323594
95040 -323594
95070 -323594
95100 -323591
95130 -323591
95160 -323591
95190 -323591
95220 -323591
95250 -323591
95280 -323588
95310 -323588
95340 -323584
95370 -323562
95400 -323562
95430 -323562
95460 -323560
95490 -323560
95520 -323560
95550 -323560
95580 -323559
95610 -323556
95640 -323555
95670 -323555
95700 -323534
95730 -323534
95760 -323534
95790 -323526
95820 -323526
95850 -323526
95880 -323526
95910 -323526
95940 -323522
95970 -323522
96000 -323518
96030 -323518
96060 -323518
96090 -323518
96120 -323518
96150 -323512
96180 -323512
96210 -323510
96240 -323510
96270 -323510
96300 -323510
96330 -323509
96360 -323506
96390 -323473
96420 -323473
96450 -323470
96480 -323470
96510 -323467
96540 -323462
96570 -323462
96600 -323460
96630 -323460
96660 -323460
96690 -323460
96720 -323460
96750 -323459
96780 -323459
96810 -323459
96840 -323444
96870 -323444
96900 -323401
96930 -323362
96960 -323361
96990 -323359
97020 -323359
97050 -323358
97080 -323358
97110 -323358
97140 -323358
97170 -323358
97200 -323358
97230 -323358
97260 -323358
97290 -323356
97320 -323356
97350 -323356
97380 -323356
97410 -323351
97440 -323336
97470 -323332
97500 -323332
97530 -323332
97560 -323332
97590 -323328
97620 -323328
97650 -323328
97680 -323310
97710 -323310
97740 -323306
97770 -323306
97800 -323306
97830 -323306
97860 -323306
97890 -323294
97920 -323284
97950 -323284
97980 -323282
98010 -323276
