60 -388749
90 -388118
120 -386287
150 -385728
180 -384470
210 -383149
240 -383025
270 -382236
300 -381537
330 -381099
360 -380744
390 -380163
420 -379592
450 -379128
480 -378850
510 -378330
540 -377400
570 -377224
600 -376980
630 -376581
660 -376112
690 -375764
720 -375510
750 -375116
780 -374529
810 -374088
840 -373919
870 -373757
900 -373462
930 -373327
960 -373146
990 -372963
1020 -372751
1050 -372326
1080 -372051
1110 -371997
1140 -371868
1170 -371683
1200 -371413
1230 -371281
1260 -371248
1290 -371089
1320 -370569
1350 -370530
1380 -370487
1410 -370315
1440 -370160
1470 -369960
1500 -369871
1530 -369732
1560 -369579
1590 -369534
1620 -369425
1650 -369303
1680 -369295
1710 -369227
1740 -369140
1770 -369054
1800 -368800
1830 -368670
1860 -368512
1890 -368420
1920 -368036
1950 -367986
1980 -367920
2010 -367888
2040 -367729
2070 -367553
2100 -367496
2130 -367404
2160 -367370
2190 -367172
2220 -367062
2250 -366904
2280 -366528
2310 -366522
2340 -366459
2370 -366353
2400 -366290
2430 -366237
2460 -366192
2490 -366141
2520 -366033
2550 -366000
2580 -365956
2610 -365913
2640 -365804
2670 -365745
2700 -365515
2730 -365379
2760 -365297
2790 -365282
2820 -365182
2850 -365096
2880 -364957
2910 -364750
2940 -364533
2970 -364526
3000 -364408
3030 -364152
3060 -364038
3090 -363979
3120 -363970
3150 -363900
3180 -363626
3210 -363552
3240 -363446
3270 -363425
3300 -363298
3330 -363147
3360 -363052
3390 -363040
3420 -362974
3450 -362974
3480 -362946
3510 -362914
3540 -362783
3570 -362744
3600 -362646
3630 -362538
3660 -362444
3690 -362414
3720 -362217
3750 -362171
3780 -362154
3810 -362149
3840 -362076
3870 -362055
3900 -362022
3930 -361986
3960 -361946
3990 -361819
4020 -361804
4050 -361676
4080 -361666
4110 -361381
4140 -361281
4170 -361200
4200 -361187
4230 -361157
4260 -361137
4290 -361120
4320 -361086
4350 -361042
4380 -361016
4410 -360921
4440 -360790
4470 -360770
4500 -360725
4530 -360684
4560 -360684
4590 -360682
4620 -360678
4650 -360613
4680 -360580
4710 -360535
4740 -360498
4770 -360466
4800 -360427
4830 -360408
4860 -360350
4890 -360254
4920 -360170
4950 -360158
4980 -360107
5010 -360029
5040 -360000
5070 -359986
5100 -359933
5130 -359823
5160 -359814
5190 -359812
5220 -359740
5250 -359675
5280 -359658
5310 -359647
5340 -359618
5370 -359555
5400 -359478
5430 -359462
5460 -359417
5490 -359393
5520 -359376
5550 -359374
5580 -359331
5610 -359292
5640 -359180
5670 -359158
5700 -359147
5730 -359147
5760 -358912
5790 -358863
5820 -358831
5850 -358828
5880 -358761
5910 -358716
5940 -358707
5970 -358706
6000 -358683
6030 -358678
6060 -358597
6090 -358594
6120 -358559
6150 -358551
6180 -358459
6210 -358445
6240 -358445
6270 -358413
6300 -358351
6330 -358341
6360 -358341
6390 -358341
6420 -358259
6450 -358217
6480 -358161
6510 -358161
6540 -358112
6570 -358091
6600 -358036
6630 -358029
6660 -358016
6690 -358005
6720 -357963
6750 -357951
6780 -357931
6810 -357922
6840 -357906
6870 -357877
6900 -357870
6930 -357869
6960 -357842
6990 -357837
7020 -357815
7050 -357814
7080 -357775
7110 -357767
7140 -357743
7170 -357742
7200 -357735
7230 -357724
7260 -357721
7290 -357666
7320 -357601
7350 -357558
7380 -357540
7410 -357509
7440 -357485
7470 -357479
7500 -357409
7530 -357384
7560 -357358
7590 -357340
7620 -357337
7650 -357243
7680 -357238
7710 -357238
7740 -357204
7770 -357063
7800 -357063
7830 -357039
7860 -356999
7890 -356997
7920 -356959
7950 -356957
7980 -356923
8010 -356898
8040 -356883
8070 -356806
8100 -356780
8130 -356760
8160 -356759
8190 -356715
8220 -356684
8250 -356654
8280 -356632
8310 -356610
8340 -356599
8370 -356595
8400 -356558
8430 -356533
8460 -356491
8490 -356471
8520 -356471
8550 -356422
8580 -356390
8610 -356390
8640 -356371
8670 -356336
8700 -356336
8730 -356328
8760 -356313
8790 -356304
8820 -356267
8850 -356245
8880 -356237
8910 -356225
8940 -356224
8970 -356216
9000 -356139
9030 -356039
9060 -356011
9090 -355884
9120 -355856
9150 -355856
9180 -355825
9210 -355814
9240 -355718
9270 -355589
9300 -355587
9330 -355582
9360 -355576
9390 -355546
9420 -355546
9450 -355488
9480 -355465
9510 -355452
9540 -355451
9570 -355451
9600 -355449
9630 -355334
9660 -355262
9690 -355256
9720 -355141
9750 -355119
9780 -355113
9810 -355111
9840 -355098
9870 -355098
9900 -355071
9930 -355046
9960 -355044
9990 -355028
10020 -355022
10050 -354989
10080 -354963
10110 -354939
10140 -354902
10170 -354863
10200 -354828
10230 -354794
10260 -354724
10290 -354694
10320 -354692
10350 -354595
10380 -354481
10410 -354468
10440 -354466
10470 -354433
10500 -354432
10530 -354383
10560 -354368
10590 -354362
10620 -354357
10650 -354351
10680 -354206
10710 -354161
10740 -354154
10770 -354148
10800 -354114
10830 -354076
10860 -354054
10890 -354053
10920 -353872
10950 -353859
10980 -353852
11010 -353828
11040 -353816
11070 -353793
11100 -353793
11130 -353786
11160 -353768
11190 -353740
11220 -353700
11250 -353683
11280 -353669
11310 -353669
11340 -353642
11370 -353612
11400 -353596
11430 -353586
11460 -353586
11490 -353586
11520 -353579
11550 -353577
11580 -353577
11610 -353524
11640 -353489
11670 -353486
11700 -353486
11730 -353438
11760 -353438
11790 -353422
11820 -353280
11850 -353263
11880 -353213
11910 -353200
11940 -353115
11970 -353099
12000 -353048
12030 -353007
12060 -353006
12090 -353006
12120 -352942
12150 -352942
12180 -352942
12210 -352913
12240 -352837
12270 -352766
12300 -352742
12330 -352740
12360 -352688
12390 -352565
12420 -352464
12450 -352448
12480 -352432
12510 -352426
12540 -352378
12570 -352367
12600 -352367
12630 -352345
12660 -352345
12690 -352304
12720 -352269
12750 -352257
12780 -352242
12810 -352217
12840 -352188
12870 -352142
12900 -352084
12930 -352030
12960 -352030
12990 -352019
13020 -351944
13050 -351936
13080 -351920
13110 -351915
13140 -351909
13170 -351904
13200 -351893
13230 -351883
13260 -351872
13290 -351842
13320 -351839
13350 -351832
13380 -351798
13410 -351782
13440 -351739
13470 -351728
13500 -351698
13530 -351690
13560 -351690
13590 -351688
13620 -351686
13650 -351676
13680 -351674
13710 -351662
13740 -351651
13770 -351629
13800 -351621
13830 -351621
13860 -351608
13890 -351535
13920 -351535
13950 -351532
13980 -351523
14010 -351522
14040 -351522
14070 -351522
14100 -351470
14130 -351460
14160 -351434
14190 -351426
14220 -351366
14250 -351358
14280 -351334
14310 -351334
14340 -351296
14370 -351254
14400 -351163
14430 -351163
14460 -351118
14490 -351020
14520 -351015
14550 -351015
14580 -350958
14610 -350958
14640 -350943
14670 -350943
14700 -350930
14730 -350924
14760 -350863
14790 -350860
14820 -350844
14850 -350826
14880 -350806
14910 -350806
14940 -350772
14970 -350742
15000 -350738
