60 -313329
90 -312783
120 -311699
150 -311491
180 -311231
210 -310282
240 -309837
270 -309534
300 -308428
330 -307455
360 -307203
390 -305491
420 -304732
450 -304383
480 -304135
510 -303780
540 -303558
570 -303360
600 -303199
630 -302790
660 -302509
690 -302187
720 -301420
750 -301032
780 -300661
810 -300515
840 -299873
870 -299763
900 -299479
930 -299416
960 -299111
990 -299027
1020 -299015
1050 -298442
1080 -298257
1110 -298196
1140 -298111
1170 -297958
1200 -297734
1230 -297615
1260 -297279
1290 -297072
1320 -296757
1350 -296629
1380 -296561
1410 -296503
1440 -296354
1470 -296296
1500 -295989
1530 -295913
1560 -295720
1590 -295658
1620 -295353
1650 -295250
1680 -295135
1710 -294829
1740 -294775
1770 -294748
1800 -294528
1830 -294376
1860 -294361
1890 -294263
1920 -294050
1950 -293975
1980 -293762
2010 -293618
2040 -293508
2070 -293406
2100 -293083
2130 -292902
2160 -292768
2190 -292723
2220 -292598
2250 -292374
2280 -292312
2310 -292222
2340 -292158
2370 -292056
2400 -291864
2430 -291544
2460 -291425
2490 -291337
2520 -291331
2550 -291000
2580 -290793
2610 -290714
2640 -290681
2670 -290523
2700 -290448
2730 -290377
2760 -290294
2790 -290215
2820 -290101
2850 -290008
2880 -289947
2910 -289877
2940 -289771
2970 -289708
3000 -289543
3030 -289472
3060 -289305
3090 -289203
3120 -289100
3150 -289041
3180 -288895
3210 -288818
3240 -288689
3270 -288681
3300 -288613
3330 -288331
3360 -288199
3390 -287904
3420 -287868
3450 -287693
3480 -287584
3510 -287475
3540 -287402
3570 -287275
3600 -287054
3630 -286974
3660 -286947
3690 -286926
3720 -286771
3750 -286756
3780 -286741
3810 -286691
3840 -286656
3870 -286622
3900 -286461
3930 -286423
3960 -286373
3990 -286363
4020 -286353
4050 -286330
4080 -286290
4110 -286152
4140 -285966
4170 -285938
4200 -285930
4230 -285906
4260 -285818
4290 -285709
4320 -285656
4350 -285646
4380 -285527
4410 -285451
4440 -285355
4470 -285353
4500 -285231
4530 -285222
4560 -285052
4590 -285017
4620 -284955
4650 -284923
4680 -284874
4710 -284770
4740 -284755
4770 -284637
4800 -284621
4830 -284603
4860 -284444
4890 -284414
4920 -284403
4950 -284403
4980 -284342
5010 -284285
5040 -284108
5070 -284012
5100 -283846
5130 -283839
5160 -283823
5190 -283823
5220 -283778
5250 -283764
5280 -283758
5310 -283596
5340 -283592
5370 -283528
5400 -283491
5430 -283417
5460 -283390
5490 -283378
5520 -283356
5550 -283337
5580 -283335
5610 -283254
5640 -283221
5670 -283215
5700 -283184
5730 -283116
5760 -283084
5790 -283075
5820 -283019
5850 -282976
5880 -282970
5910 -282925
5940 -282916
5970 -282894
6000 -282857
6030 -282713
6060 -282707
6090 -282693
6120 -282682
6150 -282672
6180 -282540
6210 -282502
6240 -282484
6270 -282393
6300 -282326
6330 -282272
6360 -282195
6390 -282135
6420 -282079
6450 -282024
6480 -281975
6510 -281959
6540 -281926
6570 -281916
6600 -281871
6630 -281757
6660 -281713
6690 -281702
6720 -281643
6750 -281607
6780 -281584
6810 -281578
6840 -281534
6870 -281483
6900 -281430
6930 -281321
6960 -281223
6990 -281223
7020 -281158
7050 -281112
7080 -281097
7110 -281084
7140 -281043
7170 -281037
7200 -280997
7230 -280923
7260 -280911
7290 -280911
7320 -280895
7350 -280895
7380 -280893
7410 -280875
7440 -280856
7470 -280856
7500 -280810
7530 -280804
7560 -280797
7590 -280797
7620 -280792
7650 -280778
7680 -280662
7710 -280605
7740 -280605
7770 -280591
7800 -280543
7830 -280540
7860 -280515
7890 -280455
7920 -280286
7950 -280260
7980 -280199
8010 -280159
8040 -280096
8070 -280091
8100 -280091
8130 -280013
8160 -279956
8190 -279898
8220 -279857
8250 -279825
8280 -279822
8310 -279816
8340 -279809
8370 -279798
8400 -279765
8430 -279730
8460 -279721
8490 -279682
8520 -279680
8550 -279673
8580 -279667
8610 -279664
8640 -279611
8670 -279607
8700 -279580
8730 -279548
8760 -279495
8790 -279490
8820 -279450
8850 -279418
8880 -279382
8910 -279373
8940 -279358
8970 -279339
9000 -279258
9030 -279257
9060 -279257
9090 -279169
9120 -279136
9150 -279130
9180 -279076
9210 -279058
9240 -279042
9270 -279034
9300 -278968
9330 -278951
9360 -278937
9390 -278932
9420 -278923
9450 -278889
9480 -278881
9510 -278855
9540 -278834
9570 -278806
9600 -278786
9630 -278756
9660 -278714
9690 -278679
9720 -278679
9750 -278669
9780 -278666
9810 -278651
9840 -278624
9870 -278587
9900 -278580
9930 -278549
9960 -278512
9990 -278510
10020 -278480
10050 -278466
10080 -278438
10110 -278398
10140 -278381
10170 -278373
10200 -278345
10230 -278337
10260 -278329
10290 -278287
10320 -278279
10350 -278269
10380 -278235
10410 -278207
10440 -278194
10470 -278194
10500 -278194
10530 -278192
10560 -278182
10590 -278178
10620 -278178
10650 -278165
10680 -278146
10710 -278143
10740 -278131
10770 -278131
10800 -278131
10830 -278091
10860 -278085
10890 -278028
10920 -278028
10950 -278024
10980 -278021
11010 -278021
11040 -278021
11070 -278019
11100 -278012
11130 -277972
11160 -277954
11190 -277953
11220 -277942
11250 -277935
11280 -277928
11310 -277901
11340 -277889
11370 -277882
11400 -277839
11430 -277800
11460 -277770
11490 -277707
11520 -277704
11550 -277596
11580 -277584
11610 -277535
11640 -277535
11670 -277459
11700 -277445
11730 -277395
11760 -277395
11790 -277385
11820 -277385
11850 -277329
11880 -277266
11910 -277265
11940 -277265
11970 -277218
12000 -277215
12030 -277199
12060 -277196
12090 -277158
12120 -277158
12150 -277158
12180 -277112
12210 -277111
12240 -277103
12270 -277101
12300 -277099
12330 -277088
12360 -277047
12390 -276987
12420 -276963
12450 -276941
12480 -276936
12510 -276912
12540 -276899
12570 -276756
12600 -276711
12630 -276699
12660 -276627
12690 -276612
12720 -276603
12750 -276563
12780 -276553
12810 -276535
12840 -276504
12870 -276427
12900 -276410
12930 -276402
12960 -276364
12990 -276360
13020 -276329
13050 -276320
13080 -276311
13110 -276309
13140 -276291
13170 -276271
13200 -276264
13230 -276252
13260 -276239
13290 -276232
13320 -276215
13350 -276138
13380 -276055
13410 -275958
13440 -275958
13470 -275926
13500 -275920
13530 -275920
13560 -275912
13590 -275910
13620 -275873
13650 -275873
13680 -275873
13710 -275866
13740 -275856
13770 -275835
13800 -275818
13830 -275818
13860 -275814
13890 -275794
13920 -275784
13950 -275784
13980 -275784
14010 -275779
14040 -275777
14070 -275762
14100 -275762
14130 -275733
14160 -275719
14190 -275716
14220 -275708
14250 -275691
14280 -275669
14310 -275646
14340 -275643
14370 -275643
14400 -275618
14430 -275618
14460 -275602
14490 -275585
14520 -275521
14550 -275518
14580 -275518
14610 -275485
14640 -275475
14670 -275443
14700 -275434
14730 -275423
14760 -275419
14790 -275395
14820 -275373
14850 -275366
14880 -275366
14910 -275276
14940 -275238
14970 -275204
15000 -275202
15030 -275194
15060 -275194
15090 -275181
15120 -275181
15150 -275173
15180 -275170
15210 -275168
15240 -275134
15270 -275116
15300 -275048
15330 -275035
15360 -275019
15390 -275019
15420 -274977
15450 -274977
15480 -274960
15510 -274960
15540 -274949
15570 -274919
15600 -274914
15630 -274901
15660 -274900
15690 -274883
15720 -274878
15750 -274836
15780 -274789
15810 -274725
15840 -274714
15870 -274671
15900 -274618
15930 -274604
15960 -274591
15990 -274591
16020 -274555
16050 -274552
16080 -274536
16110 -274520
16140 -274520
16170 -274514
16200 -274507
16230 -274504
16260 -274503
16290 -274499
16320 -274487
16350 -274417
16380 -274374
16410 -274373
16440 -274363
16470 -274350
16500 -274338
16530 -274325
16560 -274303
16590 -274298
16620 -274288
16650 -274284
16680 -274276
16710 -274245
16740 -274232
16770 -274228
16800 -274221
16830 -274213
16860 -274166
16890 -274142
16920 -274137
16950 -274135
16980 -274114
17010 -274088
17040 -274044
17070 -273989
17100 -273979
17130 -273976
17160 -273968
17190 -273964
17220 -273964
17250 -273943
17280 -273880
17310 -273845
17340 -273815
17370 -273779
17400 -273776
17430 -273761
17460 -273752
17490 -273744
17520 -273719
17550 -273718
17580 -273700
17610 -273700
17640 -273635
17670 -273601
17700 -273591
17730 -273589
17760 -273589
17790 -273588
17820 -273556
17850 -273554
17880 -273542
17910 -273540
17940 -273534
17970 -273508
18000 -273500
18030 -273500
18060 -273498
18090 -273490
18120 -273490
18150 -273472
18180 -273472
18210 -273466
18240 -273461
18270 -273461
18300 -273461
18330 -273404
18360 -273382
18390 -273332
18420 -273323
18450 -273322
18480 -273322
18510 -273317
18540 -273258
18570 -273241
18600 -273225
18630 -273222
18660 -273214
18690 -273206
18720 -273195
18750 -273194
18780 -273193
18810 -273150
18840 -273150
18870 -273124
18900 -273106
18930 -273103
18960 -273043
18990 -273011
19020 -272966
19050 -272951
19080 -272950
19110 -272950
19140 -272942
19170 -272932
19200 -272932
19230 -272925
19260 -272895
19290 -272888
19320 -272888
19350 -272883
19380 -272882
19410 -272866
19440 -272865
19470 -272861
19500 -272843
19530 -272843
19560 -272833
19590 -272833
19620 -272830
19650 -272823
19680 -272795
19710 -272789
19740 -272733
19770 -272730
19800 -272723
19830 -272719
19860 -272704
19890 -272704
19920 -272704
19950 -272699
19980 -272686
20010 -272684
20040 -272670
20070 -272670
20100 -272662
20130 -272659
20160 -272641
20190 -272637
20220 -272599
20250 -272597
20280 -272592
20310 -272588
20340 -272588
20370 -272566
20400 -272535
20430 -272521
20460 -272505
20490 -272505
20520 -272504
20550 -272500
20580 -272479
20610 -272479
20640 -272478
20670 -272476
20700 -272452
20730 -272452
20760 -272435
20790 -272416
20820 -272416
20850 -272412
20880 -272410
20910 -272379
20940 -272372
20970 -272372
21000 -272360
21030 -272342
21060 -272334
21090 -272322
21120 -272314
21150 -272306
21180 -272280
21210 -272278
21240 -272278
21270 -272278
21300 -272278
21330 -272262
21360 -272256
21390 -272255
21420 -272241
21450 -272241
21480 -272239
21510 -272234
21540 -272230
21570 -272226
21600 -272203
21630 -272198
21660 -272198
21690 -272151
21720 -272151
21750 -272147
21780 -272141
21810 -272129
21840 -272129
21870 -272129
21900 -272128
21930 -272126
21960 -272113
21990 -272107
22020 -272107
22050 -272097
22080 -272091
22110 -272085
22140 -272080
22170 -272057
22200 -272053
22230 -272053
22260 -272001
22290 -272001
22320 -271999
22350 -271998
22380 -271987
22410 -271972
22440 -271953
22470 -271942
22500 -271921
22530 -271917
22560 -271915
22590 -271877
22620 -271870
22650 -271855
22680 -271851
22710 -271847
22740 -271816
22770 -271814
22800 -271796
22830 -271794
22860 -271794
22890 -271789
22920 -271765
22950 -271765
22980 -271760
23010 -271758
23040 -271750
23070 -271750
23100 -271750
23130 -271703
23160 -271674
23190 -271667
23220 -271655
23250 -271653
23280 -271650
23310 -271650
23340 -271583
23370 -271572
23400 -271546
23430 -271531
23460 -271520
23490 -271519
23520 -271493
23550 -271468
23580 -271449
23610 -271449
23640 -271400
23670 -271396
23700 -271396
23730 -271396
23760 -271392
23790 -271379
23820 -271374
23850 -271368
23880 -271368
23910 -271368
23940 -271340
23970 -271340
24000 -271337
24030 -271337
24060 -271335
24090 -271326
24120 -271318
24150 -271313
24180 -271312
24210 -271236
24240 -271236
24270 -271236
24300 -271235
24330 -271233
24360 -271215
24390 -271210
24420 -271210
24450 -271204
24480 -271193
24510 -271193
24540 -271186
24570 -271186
24600 -271180
24630 -271170
24660 -271166
24690 -271158
24720 -271154
24750 -271146
24780 -271135
24810 -271135
24840 -271131
24870 -271120
24900 -271120
24930 -271115
24960 -271115
24990 -271114
25020 -271103
25050 -271103
25080 -271081
25110 -271078
25140 -271075
25170 -271063
25200 -271042
25230 -271028
25260 -271021
25290 -271009
25320 -270964
25350 -270958
25380 -270827
25410 -270827
25440 -270821
25470 -270781
25500 -270772
25530 -270772
25560 -270772
25590 -270756
25620 -270714
25650 -270658
25680 -270654
25710 -270653
25740 -270529
25770 -270528
25800 -270528
25830 -270515
25860 -270505
25890 -270505
25920 -270505
25950 -270501
25980 -270498
26010 -270496
26040 -270484
26070 -270465
26100 -270465
26130 -270459
26160 -270454
26190 -270439
26220 -270422
26250 -270408
26280 -270388
26310 -270386
26340 -270376
26370 -270376
26400 -270376
26430 -270376
26460 -270370
26490 -270361
26520 -270361
26550 -270355
26580 -270352
26610 -270329
26640 -270320
26670 -270316
26700 -270316
26730 -270314
26760 -270314
26790 -270314
26820 -270256
26850 -270236
26880 -270236
26910 -270223
26940 -270209
26970 -270194
27000 -270193
27030 -270193
27060 -270192
27090 -270185
27120 -270183
27150 -270129
27180 -270064
27210 -270060
27240 -270060
27270 -270031
27300 -270028
27330 -270027
27360 -269991
27390 -269990
27420 -269988
27450 -269975
27480 -269970
27510 -269966
27540 -269930
27570 -269930
27600 -269913
27630 -269913
27660 -269913
27690 -269882
27720 -269877
27750 -269819
27780 -269818
27810 -269809
27840 -269803
27870 -269803
27900 -269801
27930 -269798
27960 -269782
27990 -269781
28020 -269756
28050 -269742
28080 -269742
28110 -269736
28140 -269736
28170 -269715
28200 -269710
28230 -269710
28260 -269706
28290 -269681
28320 -269677
28350 -269677
28380 -269671
28410 -269671
28440 -269653
28470 -269642
28500 -269640
28530 -269624
28560 -269624
28590 -269616
28620 -269610
28650 -269610
28680 -269605
28710 -269605
28740 -269591
28770 -269591
28800 -269591
28830 -269583
28860 -269559
28890 -269559
28920 -269559
28950 -269555
28980 -269547
29010 -269510
29040 -269491
29070 -269482
29100 -269465
29130 -269465
29160 -269465
29190 -269460
29220 -269457
29250 -269454
29280 -269429
29310 -269429
29340 -269425
29370 -269425
29400 -269425
29430 -269408
29460 -269403
29490 -269381
29520 -269370
29550 -269365
29580 -269365
29610 -269363
29640 -269356
29670 -269353
29700 -269351
29730 -269349
29760 -269349
29790 -269341
29820 -269340
29850 -269320
29880 -269320
29910 -269316
29940 -269299
29970 -269289
30000 -269278
30030 -269278
30060 -269272
30090 -269271
30120 -269271
30150 -269269
30180 -269256
30210 -269248
30240 -269248
30270 -269248
30300 -269248
30330 -269248
30360 -269247
30390 -269247
30420 -269240
30450 -269240
30480 -269232
30510 -269222
30540 -269219
30570 -269219
30600 -269211
30630 -269211
30660 -269209
30690 -269204
30720 -269204
30750 -269204
30780 -269194
30810 -269168
30840 -269164
30870 -269163
30900 -269158
30930 -269148
30960 -269148
30990 -269148
31020 -269147
31050 -269144
31080 -269085
31110 -269084
31140 -269077
31170 -269063
31200 -269049
31230 -269021
31260 -269014
31290 -268998
31320 -268981
31350 -268974
31380 -268970
31410 -268957
31440 -268957
31470 -268948
31500 -268948
31530 -268933
31560 -268933
31590 -268933
31620 -268933
31650 -268933
31680 -268933
31710 -268933
31740 -268932
31770 -268929
31800 -268923
31830 -268910
31860 -268909
31890 -268905
31920 -268903
31950 -268900
31980 -268874
32010 -268867
32040 -268854
32070 -268840
32100 -268819
32130 -268819
32160 -268819
32190 -268814
32220 -268811
32250 -268811
32280 -268809
32310 -268794
32340 -268766
32370 -268761
32400 -268761
32430 -268755
32460 -268751
32490 -268748
32520 -268748
32550 -268742
32580 -268737
32610 -268732
32640 -268730
32670 -268728
32700 -268722
32730 -268703
32760 -268699
32790 -268699
32820 -268684
32850 -268684
32880 -268681
32910 -268681
32940 -268671
32970 -268671
33000 -268669
33030 -268658
33060 -268642
33090 -268622
33120 -268553
33150 -268548
33180 -268548
33210 -268547
33240 -268546
33270 -268546
33300 -268541
33330 -268541
33360 -268516
33390 -268509
33420 -268507
33450 -268478
33480 -268478
33510 -268471
33540 -268468
33570 -268439
33600 -268426
33630 -268426
33660 -268423
33690 -268422
33720 -268416
33750 -268416
33780 -268395
33810 -268392
33840 -268390
33870 -268382
33900 -268381
33930 -268381
33960 -268381
33990 -268374
34020 -268360
34050 -268337
34080 -268337
34110 -268334
34140 -268323
34170 -268317
34200 -268290
34230 -268281
34260 -268263
34290 -268231
34320 -268229
34350 -268228
34380 -268228
34410 -268226
34440 -268211
34470 -268203
34500 -268203
34530 -268198
34560 -268197
34590 -268197
34620 -268197
34650 -268186
34680 -268182
34710 -268178
34740 -268178
34770 -268177
34800 -268177
34830 -268173
34860 -268160
34890 -268115
34920 -268108
34950 -268102
34980 -268102
35010 -268100
35040 -268093
35070 -268093
35100 -268093
35130 -268093
35160 -268050
35190 -268049
35220 -268048
35250 -268039
35280 -268037
35310 -268037
35340 -268019
35370 -268011
35400 -268005
35430 -268005
35460 -268005
35490 -267995
35520 -267983
35550 -267960
35580 -267958
35610 -267944
35640 -267929
35670 -267901
35700 -267880
35730 -267880
35760 -267877
35790 -267873
35820 -267856
35850 -267842
35880 -267842
35910 -267829
35940 -267829
35970 -267823
36000 -267815
36030 -267815
36060 -267815
36090 -267815
36120 -267813
36150 -267798
36180 -267792
36210 -267790
36240 -267783
36270 -267782
36300 -267782
36330 -267776
36360 -267768
36390 -267766
36420 -267766
36450 -267761
36480 -267748
36510 -267744
36540 -267740
36570 -267730
36600 -267696
36630 -267696
36660 -267686
36690 -267686
36720 -267685
36750 -267668
36780 -267659
36810 -267657
36840 -267657
36870 -267657
36900 -267633
36930 -267629
36960 -267539
36990 -267535
37020 -267535
37050 -267535
37080 -267534
37110 -267534
37140 -267532
37170 -267532
37200 -267529
37230 -267520
37260 -267520
37290 -267515
37320 -267492
37350 -267481
37380 -267481
37410 -267463
37440 -267463
37470 -267456
37500 -267456
37530 -267456
37560 -267453
37590 -267453
37620 -267453
37650 -267421
37680 -267415
37710 -267415
37740 -267405
37770 -267405
37800 -267402
37830 -267398
37860 -267398
37890 -267365
37920 -267346
37950 -267346
37980 -267293
38010 -267290
38040 -267290
38070 -267290
38100 -267278
38130 -267275
38160 -267273
38190 -267271
38220 -267271
38250 -267271
38280 -267252
38310 -267249
38340 -267241
38370 -267237
38400 -267237
38430 -267230
38460 -267224
38490 -267216
38520 -267213
38550 -267207
38580 -267207
38610 -267195
38640 -267174
38670 -267174
38700 -267174
38730 -267157
38760 -267155
38790 -267146
38820 -267142
38850 -267135
38880 -267114
38910 -267114
38940 -267112
38970 -267100
39000 -267096
39030 -267094
39060 -267094
39090 -267089
39120 -267074
39150 -267074
39180 -267074
39210 -267063
39240 -267063
39270 -267057
39300 -267057
39330 -267056
39360 -267056
39390 -267053
39420 -267048
39450 -267046
39480 -267046
39510 -267043
39540 -267043
39570 -267043
39600 -267042
39630 -267032
39660 -267028
39690 -267023
39720 -267013
39750 -266994
39780 -266994
39810 -266993
39840 -266992
39870 -266992
39900 -266989
39930 -266976
39960 -266976
39990 -266976
40020 -266975
40050 -266968
40080 -266968
40110 -266962
40140 -266953
40170 -266950
40200 -266943
40230 -266943
40260 -266941
40290 -266939
40320 -266937
40350 -266937
40380 -266936
40410 -266936
40440 -266936
40470 -266899
40500 -266899
40530 -266899
40560 -266889
40590 -266889
40620 -266889
40650 -266885
40680 -266885
40710 -266883
40740 -266881
40770 -266877
40800 -266877
40830 -266869
40860 -266856
40890 -266856
40920 -266856
40950 -266856
40980 -266843
41010 -266827
41040 -266827
41070 -266816
41100 -266816
41130 -266816
41160 -266816
41190 -266805
41220 -266804
41250 -266794
41280 -266794
41310 -266790
41340 -266790
41370 -266790
41400 -266786
41430 -266782
41460 -266782
41490 -266782
41520 -266780
41550 -266775
41580 -266768
41610 -266753
41640 -266753
41670 -266752
41700 -266739
41730 -266725
41760 -266716
41790 -266713
41820 -266711
41850 -266707
41880 -266707
41910 -266701
41940 -266701
41970 -266688
42000 -266688
42030 -266683
42060 -266680
42090 -266679
42120 -266667
42150 -266655
42180 -266655
42210 -266655
42240 -266654
42270 -266651
42300 -266623
42330 -266614
42360 -266614
42390 -266614
42420 -266607
42450 -266587
42480 -266587
42510 -266587
42540 -266581
42570 -266579
42600 -266579
42630 -266579
42660 -266579
42690 -266578
42720 -266575
42750 -266575
42780 -266573
42810 -266556
42840 -266549
42870 -266549
42900 -266548
42930 -266548
42960 -266547
42990 -266541
43020 -266538
43050 -266537
43080 -266535
43110 -266535
43140 -266525
43170 -266525
43200 -266505
43230 -266493
43260 -266490
43290 -266487
43320 -266485
43350 -266480
43380 -266473
43410 -266473
43440 -266473
43470 -266471
43500 -266471
43530 -266471
43560 -266471
43590 -266459
43620 -266459
43650 -266457
43680 -266454
43710 -266439
43740 -266439
43770 -266437
43800 -266437
43830 -266433
43860 -266433
43890 -266433
43920 -266433
43950 -266432
43980 -266427
44010 -266420
44040 -266420
44070 -266420
44100 -266419
44130 -266418
44160 -266414
44190 -266411
44220 -266411
44250 -266410
44280 -266410
44310 -266410
44340 -266406
44370 -266402
44400 -266392
44430 -266386
44460 -266386
44490 -266386
44520 -266377
44550 -266373
44580 -266371
44610 -266355
44640 -266338
44670 -266338
44700 -266333
44730 -266333
44760 -266330
44790 -266329
44820 -266329
44850 -266329
44880 -266313
44910 -266308
44940 -266291
44970 -266291
45000 -266291
45030 -266287
45060 -266269
45090 -266269
45120 -266267
45150 -266250
45180 -266250
45210 -266248
45240 -266248
45270 -266248
45300 -266246
45330 -266246
45360 -266239
45390 -266239
45420 -266238
45450 -266236
45480 -266235
45510 -266216
45540 -266216
45570 -266216
45600 -266213
45630 -266213
45660 -266213
45690 -266213
45720 -266209
45750 -266207
45780 -266202
45810 -266202
45840 -266202
45870 -266202
45900 -266193
45930 -266176
45960 -266174
45990 -266162
46020 -266159
46050 -266158
46080 -266158
46110 -266158
46140 -266158
46170 -266158
46200 -266138
46230 -266138
46260 -266132
46290 -266118
46320 -266114
46350 -266110
46380 -266110
46410 -266108
46440 -266100
46470 -266088
46500 -266088
46530 -266088
46560 -266084
46590 -266082
46620 -266080
46650 -266080
46680 -266070
46710 -266062
46740 -266062
46770 -266057
46800 -266040
46830 -266040
46860 -266040
46890 -266036
46920 -266019
46950 -266017
46980 -266017
47010 -266009
47040 -266006
47070 -266002
47100 -266002
47130 -265997
47160 -265997
47190 -265997
47220 -265995
47250 -265994
47280 -265983
47310 -265983
47340 -265968
47370 -265968
47400 -265968
47430 -265961
47460 -265954
47490 -265945
47520 -265933
47550 -265933
47580 -265926
47610 -265924
47640 -265919
47670 -265915
47700 -265914
47730 -265914
47760 -265907
47790 -265890
47820 -265890
47850 -265876
47880 -265876
47910 -265840
47940 -265831
47970 -265831
48000 -265831
48030 -265810
48060 -265810
48090 -265810
48120 -265802
48150 -265783
48180 -265781
48210 -265781
48240 -265778
48270 -265778
48300 -265760
48330 -265760
48360 -265759
48390 -265758
48420 -265758
48450 -265756
48480 -265753
48510 -265753
48540 -265744
48570 -265744
48600 -265740
48630 -265739
48660 -265739
48690 -265718
48720 -265718
48750 -265718
48780 -265708
48810 -265690
48840 -265689
48870 -265689
48900 -265689
48930 -265688
48960 -265686
48990 -265665
49020 -265663
49050 -265662
49080 -265661
49110 -265646
49140 -265644
49170 -265637
49200 -265612
49230 -265605
49260 -265572
49290 -265572
49320 -265572
49350 -265570
49380 -265570
49410 -265562
49440 -265555
49470 -265555
49500 -265555
49530 -265552
49560 -265542
49590 -265542
49620 -265541
49650 -265540
49680 -265536
49710 -265536
49740 -265513
49770 -265513
49800 -265513
49830 -265507
49860 -265506
49890 -265506
49920 -265497
49950 -265497
49980 -265496
50010 -265495
50040 -265492
50070 -265492
50100 -265483
50130 -265479
50160 -265477
50190 -265462
50220 -265462
50250 -265446
50280 -265446
50310 -265443
50340 -265443
50370 -265440
50400 -265433
50430 -265433
50460 -265433
50490 -265422
50520 -265422
50550 -265422
50580 -265422
50610 -265421
50640 -265421
50670 -265416
50700 -265413
50730 -265413
50760 -265412
50790 -265389
50820 -265389
50850 -265389
50880 -265386
50910 -265381
50940 -265373
50970 -265373
51000 -265371
51030 -265371
51060 -265363
51090 -265360
51120 -265360
51150 -265352
51180 -265342
51210 -265326
51240 -265314
51270 -265302
51300 -265301
51330 -265296
51360 -265295
51390 -265295
51420 -265295
51450 -265292
51480 -265292
51510 -265292
51540 -265292
51570 -265284
51600 -265284
51630 -265284
51660 -265277
51690 -265276
51720 -265270
51750 -265267
51780 -265264
51810 -265261
51840 -265257
51870 -265252
51900 -265252
51930 -265239
51960 -265239
51990 -265216
52020 -265216
52050 -265214
52080 -265214
52110 -265213
52140 -265206
52170 -265206
52200 -265206
52230 -265206
52260 -265206
52290 -265206
52320 -265199
52350 -265199
52380 -265199
52410 -265199
52440 -265191
52470 -265191
52500 -265191
52530 -265185
52560 -265177
52590 -265163
52620 -265162
52650 -265161
52680 -265161
52710 -265161
52740 -265154
52770 -265154
52800 -265152
52830 -265150
52860 -265139
52890 -265137
52920 -265136
52950 -265136
52980 -265119
53010 -265115
53040 -265115
53070 -265115
53100 -265115
53130 -265115
53160 -265115
53190 -265107
53220 -265104
53250 -265104
53280 -265104
53310 -265102
53340 -265102
53370 -265102
53400 -265102
53430 -265102
53460 -265102
53490 -265100
53520 -265100
53550 -265100
53580 -265100
53610 -265100
53640 -265100
53670 -265099
53700 -265072
53730 -265072
53760 -265072
53790 -265072
53820 -265072
53850 -265061
53880 -265061
53910 -265057
53940 -265040
53970 -265036
54000 -265036
54030 -265032
54060 -265030
54090 -265030
54120 -265030
54150 -265030
54180 -265027
54210 -265023
54240 -265022
54270 -265009
54300 -265009
54330 -265004
54360 -264999
54390 -264999
54420 -264997
54450 -264994
54480 -264991
54510 -264991
54540 -264991
54570 -264991
54600 -264991
54630 -264991
54660 -264991
54690 -264990
54720 -264989
54750 -264983
54780 -264983
54810 -264977
54840 -264970
54870 -264959
54900 -264959
54930 -264959
54960 -264949
54990 -264945
55020 -264942
55050 -264941
55080 -264930
55110 -264917
55140 -264917
55170 -264917
55200 -264902
