60 -386296
90 -385607
120 -384626
150 -383148
180 -382028
210 -381644
240 -381124
270 -380795
300 -380331
330 -380053
360 -378917
390 -378242
420 -377776
450 -377534
480 -376738
510 -376578
540 -376062
570 -375705
600 -374882
630 -374687
660 -373798
690 -373613
720 -373457
750 -373253
780 -372721
810 -372554
840 -372453
870 -372313
900 -372098
930 -371921
960 -371480
990 -371370
1020 -371189
1050 -370424
1080 -370330
1110 -370270
1140 -369900
1170 -369772
1200 -369458
1230 -369178
1260 -369153
1290 -368896
1320 -368806
1350 -368494
1380 -368292
1410 -368055
1440 -367815
1470 -367452
1500 -367220
1530 -367058
1560 -366707
1590 -366581
1620 -366530
1650 -366184
1680 -366055
1710 -366054
1740 -366011
1770 -365977
1800 -365784
1830 -365637
1860 -365450
1890 -365445
1920 -364999
1950 -364332
1980 -364167
2010 -364042
2040 -364008
2070 -363892
2100 -363652
2130 -363572
2160 -363571
2190 -363428
2220 -363115
2250 -363053
2280 -362992
2310 -362975
2340 -362928
2370 -362863
2400 -362827
2430 -362827
2460 -362813
2490 -362708
2520 -362548
2550 -362454
2580 -362371
2610 -362323
2640 -362198
2670 -362167
2700 -362157
2730 -362082
2760 -362071
2790 -361842
2820 -361817
2850 -361728
2880 -361583
2910 -361464
2940 -361258
2970 -361204
3000 -361197
3030 -361162
3060 -361139
3090 -360984
3120 -360942
3150 -360894
3180 -360792
3210 -360739
3240 -360554
3270 -360514
3300 -360498
3330 -360366
3360 -360266
3390 -360247
3420 -360038
3450 -360005
3480 -359837
3510 -359822
3540 -359764
3570 -359764
3600 -359727
3630 -359596
3660 -359476
3690 -359409
3720 -359297
3750 -359283
3780 -359276
3810 -359188
3840 -359116
3870 -358961
3900 -358957
3930 -358925
3960 -358858
3990 -358858
4020 -358796
4050 -358602
4080 -358586
4110 -358529
4140 -358477
4170 -358364
4200 -358333
4230 -358312
4260 -358309
4290 -358293
4320 -358251
4350 -358220
4380 -358172
4410 -358149
4440 -358067
4470 -357998
4500 -357998
4530 -357906
4560 -357885
4590 -357877
4620 -357800
4650 -357783
4680 -357656
4710 -357609
4740 -357560
4770 -357522
4800 -357521
4830 -357520
4860 -357482
4890 -357404
4920 -357204
4950 -357137
4980 -357070
5010 -356964
5040 -356892
5070 -356888
5100 -356799
5130 -356760
5160 -356744
5190 -356659
5220 -356621
5250 -356602
5280 -356590
5310 -356566
5340 -356496
5370 -356483
5400 -356469
5430 -356469
5460 -356450
5490 -356378
5520 -356348
5550 -356283
5580 -356260
5610 -356246
5640 -356244
5670 -356188
5700 -356140
5730 -356123
5760 -356091
5790 -355948
5820 -355936
5850 -355901
5880 -355841
5910 -355804
5940 -355792
5970 -355787
6000 -355781
6030 -355771
6060 -355760
6090 -355725
6120 -355690
6150 -355666
6180 -355607
6210 -355584
6240 -355537
6270 -355452
6300 -355407
6330 -355346
6360 -355326
6390 -355325
6420 -355125
6450 -355111
6480 -355111
6510 -355094
6540 -355039
6570 -355020
6600 -354967
6630 -354961
6660 -354916
6690 -354908
6720 -354885
6750 -354872
6780 -354849
6810 -354820
6840 -354806
6870 -354805
6900 -354775
6930 -354775
6960 -354764
6990 -354763
7020 -354763
7050 -354763
7080 -354763
7110 -354763
7140 -354701
7170 -354671
7200 -354645
7230 -354394
7260 -354367
7290 -354193
7320 -354144
7350 -354142
7380 -354122
7410 -354106
7440 -354094
7470 -354084
7500 -354081
7530 -354001
7560 -353974
7590 -353953
7620 -353870
7650 -353811
7680 -353801
7710 -353718
7740 -353718
7770 -353681
7800 -353592
7830 -353563
7860 -353563
7890 -353530
7920 -353530
7950 -353483
7980 -353483
8010 -353460
8040 -353439
8070 -353423
8100 -353423
8130 -353402
8160 -353325
8190 -353325
8220 -353304
8250 -353283
8280 -353278
8310 -353243
8340 -353161
8370 -353149
8400 -353138
8430 -353058
8460 -353054
8490 -353048
8520 -353045
8550 -353020
8580 -353010
8610 -352979
8640 -352964
8670 -352954
8700 -352864
8730 -352864
8760 -352817
8790 -352761
8820 -352761
8850 -352702
8880 -352676
8910 -352570
8940 -352516
8970 -352482
9000 -352454
9030 -352454
9060 -352415
9090 -352410
9120 -352368
9150 -352310
9180 -352308
9210 -352303
9240 -352281
9270 -352278
9300 -352278
9330 -352242
9360 -352242
9390 -352231
9420 -352226
9450 -352207
9480 -352207
9510 -352173
9540 -352165
9570 -352121
9600 -352071
9630 -352010
9660 -351982
9690 -351907
9720 -351898
9750 -351887
9780 -351887
9810 -351868
9840 -351868
9870 -351839
9900 -351836
9930 -351830
9960 -351828
9990 -351820
10020 -351792
10050 -351628
10080 -351601
10110 -351594
10140 -351592
10170 -351580
10200 -351575
10230 -351499
10260 -351410
10290 -351402
10320 -351377
10350 -351329
10380 -351313
10410 -351304
10440 -351234
10470 -351212
10500 -351207
10530 -351172
10560 -351170
10590 -351138
10620 -351122
10650 -351122
10680 -351118
10710 -351118
10740 -351116
10770 -351108
10800 -351093
10830 -351093
10860 -351093
10890 -351079
10920 -351074
10950 -351065
10980 -350982
11010 -350982
11040 -350975
11070 -350938
11100 -350932
11130 -350905
11160 -350895
11190 -350869
11220 -350855
11250 -350840
11280 -350815
11310 -350762
11340 -350753
11370 -350732
11400 -350732
11430 -350721
11460 -350680
11490 -350677
11520 -350653
11550 -350653
11580 -350628
11610 -350617
11640 -350598
11670 -350598
11700 -350596
11730 -350596
11760 -350547
11790 -350545
11820 -350528
11850 -350524
11880 -350524
11910 -350478
11940 -350436
11970 -350377
12000 -350371
12030 -350281
12060 -350281
12090 -350245
12120 -350245
12150 -350238
12180 -350238
12210 -350230
12240 -350178
12270 -350003
12300 -349978
12330 -349933
12360 -349932
12390 -349778
12420 -349778
12450 -349767
12480 -349756
12510 -349740
12540 -349740
12570 -349717
12600 -349696
12630 -349678
12660 -349642
12690 -349513
12720 -349505
12750 -349499
12780 -349499
12810 -349475
12840 -349453
12870 -349410
12900 -349400
12930 -349400
12960 -349395
12990 -349395
13020 -349343
13050 -349312
13080 -349275
13110 -349275
13140 -349256
13170 -349245
13200 -349219
13230 -349219
13260 -349216
13290 -349214
13320 -349157
13350 -349157
13380 -349151
13410 -349145
13440 -349107
13470 -349071
13500 -349067
13530 -349067
13560 -349028
13590 -349028
13620 -349020
13650 -349005
13680 -349005
13710 -348971
13740 -348968
13770 -348925
13800 -348846
13830 -348816
13860 -348816
13890 -348758
13920 -348652
13950 -348624
13980 -348610
14010 -348561
14040 -348559
14070 -348534
14100 -348532
14130 -348461
14160 -348439
14190 -348390
14220 -348346
14250 -348346
14280 -348304
14310 -348292
14340 -348264
14370 -348236
14400 -348234
14430 -348234
14460 -348231
14490 -348224
14520 -348191
14550 -348169
14580 -348169
14610 -348168
14640 -348150
14670 -348148
14700 -348136
14730 -348121
14760 -348107
14790 -348090
14820 -348090
14850 -348089
14880 -348072
14910 -348063
14940 -348049
14970 -348038
15000 -348036
15030 -348036
15060 -348034
15090 -348027
15120 -348022
15150 -348020
15180 -347993
15210 -347993
15240 -347988
15270 -347979
15300 -347943
15330 -347930
15360 -347827
15390 -347798
15420 -347724
15450 -347699
15480 -347669
15510 -347655
15540 -347655
15570 -347642
15600 -347631
15630 -347621
15660 -347609
15690 -347594
15720 -347588
15750 -347588
15780 -347581
15810 -347581
15840 -347577
15870 -347564
15900 -347551
15930 -347545
15960 -347545
15990 -347545
16020 -347526
16050 -347526
16080 -347524
16110 -347521
16140 -347518
16170 -347508
16200 -347506
16230 -347506
16260 -347475
16290 -347416
16320 -347403
16350 -347402
16380 -347396
16410 -347396
16440 -347396
16470 -347394
16500 -347392
16530 -347392
16560 -347392
16590 -347366
16620 -347334
16650 -347334
16680 -347308
16710 -347301
16740 -347290
16770 -347290
16800 -347281
16830 -347248
16860 -347248
16890 -347244
16920 -347220
16950 -347202
16980 -347196
17010 -347196
17040 -347192
17070 -347190
17100 -347098
17130 -347098
17160 -347098
17190 -347098
17220 -347018
17250 -347018
17280 -346990
17310 -346986
17340 -346986
17370 -346971
17400 -346971
17430 -346966
17460 -346933
17490 -346929
17520 -346926
17550 -346926
17580 -346926
17610 -346881
17640 -346872
17670 -346860
17700 -346758
17730 -346755
17760 -346710
17790 -346709
17820 -346709
17850 -346708
17880 -346708
17910 -346704
17940 -346669
17970 -346628
18000 -346625
18030 -346625
18060 -346603
18090 -346590
18120 -346584
18150 -346582
18180 -346582
18210 -346571
18240 -346571
18270 -346555
18300 -346548
18330 -346533
18360 -346519
18390 -346519
18420 -346497
18450 -346495
18480 -346489
18510 -346453
18540 -346453
18570 -346447
18600 -346447
18630 -346434
18660 -346420
18690 -346411
18720 -346410
18750 -346351
18780 -346312
18810 -346310
18840 -346308
18870 -346297
18900 -346297
18930 -346297
18960 -346297
18990 -346288
19020 -346288
19050 -346280
19080 -346280
19110 -346254
19140 -346240
19170 -346208
19200 -346208
19230 -346182
19260 -346179
19290 -346160
19320 -346160
19350 -346160
19380 -346141
19410 -346117
19440 -346108
19470 -346052
19500 -346044
19530 -346017
19560 -346012
19590 -346012
19620 -346011
19650 -345998
19680 -345972
19710 -345962
19740 -345958
19770 -345958
19800 -345958
19830 -345953
19860 -345949
19890 -345929
19920 -345927
19950 -345920
19980 -345907
20010 -345889
20040 -345880
20070 -345880
20100 -345880
20130 -345880
20160 -345842
20190 -345842
20220 -345833
20250 -345833
20280 -345820
20310 -345814
20340 -345794
20370 -345765
20400 -345759
20430 -345740
20460 -345733
20490 -345713
20520 -345713
20550 -345702
20580 -345701
20610 -345698
20640 -345698
20670 -345698
20700 -345689
20730 -345681
20760 -345681
20790 -345665
20820 -345665
20850 -345665
20880 -345658
20910 -345658
20940 -345658
20970 -345649
21000 -345641
21030 -345635
21060 -345626
21090 -345626
21120 -345616
21150 -345615
21180 -345607
21210 -345582
21240 -345578
21270 -345576
21300 -345576
21330 -345573
21360 -345561
21390 -345540
21420 -345540
21450 -345539
21480 -345534
21510 -345524
21540 -345520
21570 -345513
21600 -345513
21630 -345513
21660 -345513
21690 -345508
21720 -345451
21750 -345451
21780 -345451
21810 -345440
21840 -345440
21870 -345425
21900 -345425
21930 -345425
21960 -345397
21990 -345378
22020 -345378
22050 -345378
22080 -345378
22110 -345350
22140 -345326
22170 -345326
22200 -345319
22230 -345318
22260 -345303
22290 -345303
22320 -345301
22350 -345294
22380 -345286
22410 -345286
22440 -345282
22470 -345279
22500 -345279
22530 -345276
22560 -345263
22590 -345263
22620 -345263
22650 -345260
22680 -345249
22710 -345246
22740 -345246
22770 -345234
22800 -345234
22830 -345233
22860 -345197
22890 -345193
22920 -345193
22950 -345193
22980 -345176
23010 -345172
23040 -345161
23070 -345158
23100 -345137
23130 -345090
23160 -345073
23190 -345073
23220 -345068
23250 -345064
23280 -345064
23310 -345062
23340 -345052
23370 -345052
23400 -345035
23430 -345018
23460 -345017
23490 -345017
23520 -344988
23550 -344988
23580 -344986
23610 -344986
23640 -344969
23670 -344954
23700 -344947
23730 -344932
23760 -344876
23790 -344827
23820 -344823
23850 -344823
23880 -344813
23910 -344812
23940 -344812
23970 -344804
24000 -344804
24030 -344804
24060 -344804
24090 -344804
24120 -344775
24150 -344767
24180 -344767
24210 -344760
24240 -344748
24270 -344712
24300 -344712
24330 -344712
24360 -344712
24390 -344709
24420 -344690
24450 -344688
24480 -344658
24510 -344652
24540 -344633
24570 -344633
24600 -344614
24630 -344606
24660 -344606
24690 -344606
24720 -344592
24750 -344527
24780 -344507
24810 -344500
24840 -344484
24870 -344484
24900 -344467
24930 -344467
24960 -344465
24990 -344446
25020 -344446
25050 -344433
25080 -344421
25110 -344421
25140 -344413
25170 -344402
25200 -344397
25230 -344387
25260 -344387
25290 -344368
25320 -344350
25350 -344350
25380 -344328
25410 -344326
