60 -465211
90 -464181
120 -463247
150 -462126
180 -461450
210 -461167
240 -460120
270 -458843
300 -458384
330 -457531
360 -457294
390 -456578
420 -456076
450 -455523
480 -454963
510 -454483
540 -453811
570 -453157
600 -453134
630 -452938
660 -452747
690 -452405
720 -452291
750 -451981
780 -451724
810 -451442
840 -451323
870 -451019
900 -450743
930 -450661
960 -450370
990 -450020
1020 -449909
1050 -449714
1080 -449564
1110 -449470
1140 -449470
1170 -449403
1200 -449341
1230 -448691
1260 -448217
1290 -448203
1320 -447707
1350 -447633
1380 -447366
1410 -447134
1440 -447050
1470 -446985
1500 -446785
1530 -446658
1560 -446498
1590 -446462
1620 -446323
1650 -446126
1680 -446126
1710 -446098
1740 -446078
1770 -446070
1800 -445976
1830 -445927
1860 -445747
1890 -445701
1920 -445385
1950 -445182
1980 -445053
2010 -445011
2040 -445003
2070 -444729
2100 -444509
2130 -444446
2160 -444411
2190 -444386
2220 -444331
2250 -444214
2280 -444145
2310 -444097
2340 -443952
2370 -443886
2400 -443717
2430 -443612
2460 -443594
2490 -443584
2520 -443500
2550 -443391
2580 -443266
2610 -443265
2640 -443041
2670 -443041
2700 -442820
2730 -442533
2760 -442360
2790 -442242
2820 -442218
2850 -442214
2880 -442064
2910 -442016
2940 -441938
2970 -441938
3000 -441451
3030 -441429
3060 -441376
3090 -441376
3120 -441334
3150 -441215
3180 -441124
3210 -441124
3240 -441073
3270 -440960
3300 -440945
3330 -440895
3360 -440678
3390 -440669
3420 -440535
3450 -440532
3480 -440514
3510 -440478
3540 -440475
3570 -440326
3600 -440308
3630 -440274
3660 -440264
3690 -440253
3720 -440172
3750 -440141
3780 -440060
3810 -440024
3840 -439906
3870 -439906
3900 -439714
3930 -439664
3960 -439641
3990 -439617
4020 -439596
4050 -439562
4080 -439544
4110 -439503
4140 -439459
4170 -439456
4200 -439456
4230 -439385
4260 -439377
4290 -439281
4320 -439137
4350 -439040
4380 -438999
4410 -438957
4440 -438957
4470 -438885
4500 -438867
4530 -438832
4560 -438817
4590 -438792
4620 -438749
4650 -438707
4680 -438617
4710 -438553
4740 -438478
4770 -438412
4800 -438378
4830 -438376
4860 -438351
4890 -438211
4920 -438116
4950 -438116
4980 -438097
5010 -438026
5040 -437991
5070 -437871
5100 -437871
5130 -437868
5160 -437821
5190 -437770
5220 -437689
5250 -437673
5280 -437566
5310 -437558
5340 -437550
5370 -437540
5400 -437514
5430 -437499
5460 -437276
5490 -437264
5520 -437237
5550 -437227
5580 -437180
5610 -437076
5640 -437059
5670 -436895
5700 -436816
5730 -436805
5760 -436781
5790 -436690
5820 -436652
5850 -436544
5880 -436517
5910 -436472
5940 -436445
5970 -436403
6000 -436392
6030 -436337
6060 -436333
6090 -436312
6120 -436246
6150 -436182
6180 -436179
6210 -436149
6240 -436135
6270 -436126
6300 -436101
6330 -436018
6360 -436017
6390 -435993
6420 -435935
6450 -435872
6480 -435844
6510 -435844
6540 -435844
6570 -435792
6600 -435780
6630 -435633
6660 -435619
6690 -435612
6720 -435600
6750 -435580
6780 -435580
6810 -435568
6840 -435488
6870 -435447
6900 -435428
6930 -435428
6960 -435410
6990 -435371
7020 -435369
7050 -435350
7080 -435338
7110 -435335
7140 -435235
7170 -435122
7200 -435118
7230 -435118
7260 -435039
7290 -435031
7320 -435021
7350 -434958
7380 -434915
7410 -434900
7440 -434897
7470 -434897
7500 -434886
7530 -434886
7560 -434822
7590 -434794
7620 -434667
7650 -434667
7680 -434531
7710 -434525
7740 -434519
7770 -434499
7800 -434357
7830 -434300
7860 -434186
7890 -434136
7920 -434113
7950 -434113
7980 -434062
8010 -434062
8040 -433977
8070 -433971
8100 -433916
8130 -433907
8160 -433870
8190 -433839
8220 -433772
8250 -433673
8280 -433617
8310 -433534
8340 -433513
8370 -433394
8400 -433391
8430 -433391
8460 -433362
8490 -433293
8520 -433273
8550 -433202
8580 -433127
8610 -433110
8640 -433110
8670 -433065
8700 -433050
8730 -433037
8760 -432974
8790 -432950
8820 -432881
8850 -432879
8880 -432818
8910 -432794
8940 -432774
8970 -432759
9000 -432686
9030 -432662
9060 -432634
9090 -432592
9120 -432520
9150 -432485
9180 -432473
9210 -432473
9240 -432446
9270 -432446
9300 -432443
9330 -432439
9360 -432364
9390 -432363
9420 -432315
9450 -432315
9480 -432304
9510 -432295
9540 -432274
9570 -432236
9600 -432223
9630 -432202
9660 -432164
9690 -432106
9720 -432078
9750 -432063
9780 -432063
9810 -432059
9840 -432059
9870 -432046
9900 -432046
9930 -432043
9960 -432043
9990 -431992
10020 -431980
10050 -431938
10080 -431936
10110 -431936
10140 -431936
10170 -431917
10200 -431906
10230 -431902
10260 -431902
10290 -431893
10320 -431857
10350 -431718
10380 -431715
10410 -431702
10440 -431699
10470 -431698
10500 -431658
10530 -431658
10560 -431658
10590 -431649
10620 -431649
10650 -431649
10680 -431649
10710 -431649
10740 -431621
10770 -431621
10800 -431621
10830 -431523
10860 -431506
10890 -431497
10920 -431449
10950 -431395
10980 -431395
11010 -431328
11040 -431314
11070 -431298
11100 -431270
11130 -431244
11160 -431214
11190 -431212
11220 -431212
11250 -431194
11280 -431003
11310 -430996
11340 -430979
11370 -430979
11400 -430979
11430 -430937
11460 -430917
11490 -430915
11520 -430860
11550 -430840
11580 -430836
11610 -430796
11640 -430792
11670 -430767
11700 -430711
11730 -430705
11760 -430700
11790 -430692
11820 -430648
11850 -430630
11880 -430628
11910 -430622
11940 -430621
11970 -430621
12000 -430600
12030 -430565
12060 -430560
12090 -430560
12120 -430560
12150 -430543
12180 -430533
12210 -430503
12240 -430503
12270 -430503
12300 -430453
12330 -430452
12360 -430452
12390 -430409
12420 -430394
12450 -430394
12480 -430394
12510 -430384
12540 -430384
12570 -430384
12600 -430378
12630 -430376
12660 -430371
12690 -430371
12720 -430371
12750 -430371
12780 -430351
12810 -430337
12840 -430337
12870 -430329
12900 -430329
12930 -430329
12960 -430329
12990 -430308
13020 -430295
13050 -430276
13080 -430268
13110 -430264
13140 -430264
13170 -430255
13200 -430252
13230 -430215
13260 -430208
13290 -430208
13320 -430205
13350 -430117
13380 -430104
13410 -430104
13440 -430104
13470 -430104
13500 -430101
13530 -430080
13560 -430053
13590 -430053
13620 -430053
13650 -430040
13680 -430030
13710 -430030
13740 -430030
13770 -430030
13800 -430030
13830 -430030
13860 -430030
13890 -429973
13920 -429967
13950 -429960
13980 -429960
14010 -429938
14040 -429907
14070 -429880
14100 -429880
14130 -429836
14160 -429811
14190 -429788
14220 -429773
14250 -429756
14280 -429755
14310 -429755
14340 -429755
14370 -429733
14400 -429726
14430 -429694
14460 -429677
14490 -429646
14520 -429622
14550 -429557
14580 -429557
14610 -429429
14640 -429391
14670 -429391
14700 -429317
14730 -429304
14760 -429298
14790 -429298
14820 -429298
14850 -429296
14880 -429291
14910 -429245
14940 -429236
14970 -429231
15000 -429202
15030 -429185
15060 -429106
15090 -429106
15120 -429097
15150 -429090
15180 -429090
15210 -429090
15240 -429089
15270 -429032
15300 -429032
15330 -429032
15360 -429025
15390 -429000
15420 -428977
15450 -428961
15480 -428910
15510 -428884
15540 -428880
15570 -428863
15600 -428855
15630 -428855
15660 -428822
15690 -428820
15720 -428780
15750 -428745
15780 -428745
15810 -428702
15840 -428702
15870 -428702
15900 -428702
15930 -428702
15960 -428699
15990 -428699
16020 -428696
16050 -428653
16080 -428650
16110 -428650
16140 -428578
16170 -428572
16200 -428556
16230 -428539
16260 -428539
16290 -428539
16320 -428539
16350 -428514
16380 -428501
16410 -428501
16440 -428501
16470 -428495
16500 -428456
16530 -428409
16560 -428409
16590 -428401
16620 -428360
16650 -428262
16680 -428254
16710 -428239
16740 -428182
16770 -428182
16800 -428144
16830 -428144
16860 -428121
16890 -428114
16920 -428102
16950 -428091
16980 -428077
17010 -428054
17040 -428025
17070 -428025
17100 -428025
17130 -427984
17160 -427984
17190 -427976
17220 -427952
17250 -427917
17280 -427917
17310 -427909
17340 -427894
17370 -427894
17400 -427886
17430 -427886
17460 -427880
17490 -427879
17520 -427870
17550 -427870
17580 -427841
17610 -427840
17640 -427820
17670 -427767
17700 -427758
17730 -427707
17760 -427706
17790 -427693
17820 -427691
17850 -427691
17880 -427608
17910 -427581
17940 -427557
17970 -427549
18000 -427516
18030 -427515
18060 -427515
18090 -427513
18120 -427496
18150 -427483
18180 -427483
18210 -427474
18240 -427417
18270 -427417
18300 -427409
18330 -427391
18360 -427364
18390 -427364
18420 -427357
18450 -427357
18480 -427296
18510 -427295
18540 -427291
18570 -427286
18600 -427286
18630 -427242
18660 -427236
18690 -427232
18720 -427232
18750 -427215
18780 -427209
18810 -427204
18840 -427178
18870 -427143
18900 -427128
18930 -427128
18960 -427093
18990 -427093
19020 -427042
19050 -427042
19080 -427015
19110 -427015
19140 -427015
19170 -427015
19200 -427015
19230 -427015
19260 -427013
19290 -427002
19320 -427002
19350 -427002
19380 -426907
19410 -426907
19440 -426907
19470 -426903
19500 -426903
19530 -426903
19560 -426903
19590 -426903
19620 -426899
19650 -426899
19680 -426866
19710 -426866
19740 -426864
19770 -426857
19800 -426856
19830 -426850
19860 -426847
19890 -426840
19920 -426840
19950 -426840
19980 -426840
20010 -426832
20040 -426816
20070 -426816
20100 -426798
20130 -426798
20160 -426794
20190 -426794
20220 -426794
20250 -426723
20280 -426723
20310 -426712
20340 -426712
20370 -426696
20400 -426659
20430 -426637
20460 -426637
20490 -426628
20520 -426628
20550 -426628
20580 -426618
20610 -426603
20640 -426603
20670 -426603
20700 -426603
20730 -426595
20760 -426595
20790 -426578
20820 -426578
20850 -426578
20880 -426557
20910 -426553
20940 -426510
20970 -426505
21000 -426494
21030 -426494
21060 -426475
21090 -426475
21120 -426464
21150 -426464
21180 -426464
21210 -426464
21240 -426456
21270 -426456
21300 -426456
21330 -426442
21360 -426442
21390 -426441
21420 -426441
21450 -426441
21480 -426441
21510 -426441
21540 -426441
21570 -426434
21600 -426397
21630 -426397
21660 -426382
21690 -426382
21720 -426363
21750 -426363
21780 -426299
21810 -426299
21840 -426297
21870 -426297
21900 -426296
21930 -426296
21960 -426296
21990 -426296
22020 -426296
22050 -426232
22080 -426187
22110 -426186
22140 -426166
22170 -426166
22200 -426166
22230 -426161
22260 -426152
22290 -426152
22320 -426152
22350 -426108
22380 -426094
22410 -426094
22440 -426094
22470 -426094
22500 -426091
22530 -426091
22560 -426091
22590 -426077
22620 -426075
22650 -426028
22680 -426022
22710 -426022
22740 -425977
22770 -425964
22800 -425948
22830 -425948
22860 -425942
22890 -425942
22920 -425942
22950 -425941
22980 -425941
23010 -425941
23040 -425941
23070 -425932
23100 -425917
23130 -425883
23160 -425883
23190 -425883
23220 -425883
23250 -425873
23280 -425861
23310 -425861
23340 -425861
23370 -425820
23400 -425820
23430 -425808
23460 -425792
23490 -425668
23520 -425668
23550 -425456
23580 -425456
23610 -425456
23640 -425456
23670 -425456
23700 -425456
23730 -425456
23760 -425427
23790 -425427
23820 -425426
23850 -425426
23880 -425426
23910 -425424
23940 -425422
23970 -425371
24000 -425323
24030 -425323
24060 -425286
24090 -425266
24120 -425266
24150 -425225
24180 -425223
24210 -425220
24240 -425213
24270 -425213
24300 -425213
24330 -425208
24360 -425202
24390 -425202
24420 -425198
24450 -425184
24480 -425184
24510 -425184
24540 -425180
24570 -425180
24600 -425160
24630 -425160
24660 -425158
24690 -425158
24720 -425147
24750 -425147
24780 -425147
24810 -425117
24840 -425116
24870 -425116
24900 -425112
24930 -425109
24960 -425101
24990 -425089
25020 -425089
25050 -425082
25080 -425082
25110 -425069
25140 -425069
25170 -425069
25200 -425052
25230 -425050
25260 -425050
25290 -425049
25320 -425029
25350 -425026
25380 -425008
25410 -425008
25440 -425008
25470 -425008
25500 -425008
25530 -425008
25560 -424999
25590 -424953
25620 -424948
25650 -424930
25680 -424930
25710 -424930
25740 -424929
25770 -424919
25800 -424917
25830 -424917
25860 -424917
25890 -424915
25920 -424915
25950 -424915
25980 -424915
26010 -424915
26040 -424906
26070 -424897
26100 -424897
26130 -424872
26160 -424872
26190 -424872
26220 -424861
26250 -424856
26280 -424856
26310 -424843
26340 -424843
26370 -424843
26400 -424843
26430 -424842
26460 -424835
26490 -424835
26520 -424827
26550 -424789
26580 -424789
26610 -424789
26640 -424789
26670 -424789
26700 -424789
26730 -424789
26760 -424778
26790 -424773
26820 -424773
26850 -424773
26880 -424759
26910 -424759
26940 -424759
26970 -424759
27000 -424745
27030 -424735
27060 -424703
27090 -424703
27120 -424703
27150 -424703
27180 -424697
27210 -424697
27240 -424697
27270 -424697
27300 -424695
27330 -424687
27360 -424678
27390 -424675
27420 -424675
27450 -424675
27480 -424675
27510 -424675
27540 -424672
27570 -424663
27600 -424663
27630 -424663
27660 -424663
27690 -424663
27720 -424663
27750 -424654
27780 -424654
27810 -424617
27840 -424617
27870 -424617
27900 -424617
27930 -424617
27960 -424617
27990 -424599
28020 -424599
28050 -424599
28080 -424599
28110 -424599
28140 -424599
28170 -424599
28200 -424595
28230 -424553
28260 -424553
28290 -424553
28320 -424533
28350 -424533
28380 -424533
28410 -424513
28440 -424506
28470 -424491
28500 -424491
28530 -424491
28560 -424488
28590 -424488
28620 -424488
28650 -424488
28680 -424488
28710 -424488
28740 -424488
28770 -424488
28800 -424485
28830 -424472
28860 -424472
28890 -424443
28920 -424435
28950 -424417
28980 -424417
29010 -424417
29040 -424417
29070 -424417
29100 -424417
29130 -424415
29160 -424415
29190 -424415
29220 -424415
29250 -424415
29280 -424391
29310 -424386
29340 -424386
29370 -424386
29400 -424386
29430 -424386
29460 -424377
29490 -424377
29520 -424377
29550 -424377
29580 -424377
29610 -424377
29640 -424377
29670 -424377
29700 -424377
29730 -424377
29760 -424362
29790 -424362
29820 -424361
29850 -424361
29880 -424361
29910 -424340
29940 -424340
29970 -424328
30000 -424328
30030 -424323
30060 -424323
30090 -424313
30120 -424313
30150 -424313
30180 -424313
30210 -424313
30240 -424309
30270 -424298
30300 -424298
30330 -424298
30360 -424298
30390 -424286
30420 -424276
30450 -424276
30480 -424276
30510 -424276
30540 -424268
30570 -424268
30600 -424244
30630 -424244
30660 -424242
30690 -424242
30720 -424242
30750 -424231
30780 -424195
30810 -424195
30840 -424195
30870 -424195
30900 -424169
30930 -424165
30960 -424131
30990 -424126
31020 -424126
31050 -424126
31080 -424124
31110 -424124
31140 -424124
31170 -424124
31200 -424120
31230 -424119
31260 -424119
31290 -424119
31320 -424119
31350 -424116
31380 -424112
31410 -424101
31440 -424095
31470 -424095
31500 -424073
31530 -424071
31560 -424068
31590 -424068
31620 -424063
31650 -424057
31680 -424055
31710 -424053
31740 -424053
31770 -424053
31800 -424053
31830 -424053
31860 -424053
31890 -424053
31920 -424045
31950 -424029
31980 -424025
32010 -424013
32040 -423981
32070 -423966
32100 -423958
32130 -423958
32160 -423954
32190 -423948
32220 -423948
32250 -423948
32280 -423948
32310 -423928
32340 -423928
32370 -423928
32400 -423926
32430 -423917
32460 -423917
32490 -423917
32520 -423917
32550 -423917
32580 -423913
32610 -423913
32640 -423913
32670 -423913
32700 -423912
32730 -423912
32760 -423912
32790 -423892
32820 -423892
32850 -423892
32880 -423885
32910 -423885
32940 -423884
32970 -423884
33000 -423884
33030 -423884
33060 -423884
33090 -423794
33120 -423780
33150 -423780
33180 -423780
33210 -423780
33240 -423780
33270 -423760
33300 -423753
33330 -423753
33360 -423753
33390 -423753
33420 -423753
33450 -423751
33480 -423751
33510 -423751
33540 -423751
33570 -423751
33600 -423751
33630 -423745
33660 -423745
33690 -423735
33720 -423735
33750 -423725
33780 -423725
33810 -423725
33840 -423725
33870 -423723
33900 -423723
33930 -423723
33960 -423723
33990 -423723
34020 -423723
34050 -423717
34080 -423711
34110 -423711
34140 -423710
34170 -423710
34200 -423710
34230 -423710
34260 -423705
34290 -423705
34320 -423705
34350 -423703
34380 -423703
34410 -423662
34440 -423650
34470 -423650
34500 -423647
34530 -423623
34560 -423607
34590 -423607
34620 -423607
34650 -423607
34680 -423568
34710 -423568
34740 -423567
34770 -423567
34800 -423567
34830 -423567
34860 -423567
34890 -423567
34920 -423567
34950 -423538
34980 -423538
35010 -423538
35040 -423514
35070 -423514
35100 -423485
35130 -423485
35160 -423479
35190 -423467
35220 -423462
35250 -423462
35280 -423444
35310 -423426
35340 -423426
35370 -423426
35400 -423423
35430 -423423
35460 -423423
35490 -423423
35520 -423423
35550 -423423
35580 -423423
35610 -423412
35640 -423412
35670 -423412
35700 -423412
35730 -423412
35760 -423412
35790 -423412
35820 -423412
35850 -423404
35880 -423404
35910 -423379
35940 -423293
35970 -423293
36000 -423293
36030 -423227
36060 -423227
36090 -423227
36120 -423227
36150 -423227
36180 -423220
36210 -423220
36240 -423218
36270 -423218
36300 -423191
36330 -423188
36360 -423184
36390 -423184
36420 -423162
36450 -423162
36480 -423162
36510 -423149
36540 -423149
36570 -423149
36600 -423149
36630 -423115
36660 -423115
36690 -423115
36720 -423115
36750 -423115
36780 -423112
36810 -423094
36840 -423094
36870 -423087
36900 -423082
36930 -423082
36960 -423080
36990 -423080
37020 -423078
37050 -423068
37080 -423062
37110 -423062
37140 -423062
37170 -423062
37200 -423059
37230 -423059
37260 -423059
37290 -423059
37320 -423059
37350 -423059
37380 -423059
37410 -423059
37440 -423043
37470 -423043
37500 -423038
37530 -423038
37560 -423038
37590 -423038
37620 -423038
37650 -423038
37680 -423038
37710 -423035
37740 -423035
37770 -423035
37800 -423035
37830 -423035
37860 -423021
37890 -422993
37920 -422937
37950 -422937
37980 -422935
38010 -422935
38040 -422935
38070 -422865
38100 -422865
38130 -422865
38160 -422865
38190 -422864
38220 -422844
38250 -422844
38280 -422844
38310 -422844
38340 -422844
38370 -422844
38400 -422844
38430 -422844
38460 -422844
38490 -422844
38520 -422843
38550 -422829
38580 -422829
38610 -422829
38640 -422821
38670 -422821
38700 -422821
38730 -422804
38760 -422780
38790 -422773
38820 -422773
38850 -422766
38880 -422766
38910 -422766
38940 -422766
38970 -422746
39000 -422685
39030 -422685
39060 -422685
39090 -422685
39120 -422675
39150 -422675
39180 -422673
39210 -422667
39240 -422667
39270 -422667
39300 -422667
39330 -422655
39360 -422655
39390 -422655
39420 -422649
39450 -422649
39480 -422649
39510 -422616
39540 -422616
39570 -422616
39600 -422616
39630 -422616
39660 -422607
39690 -422606
39720 -422605
39750 -422578
39780 -422578
39810 -422578
39840 -422578
39870 -422578
39900 -422574
39930 -422549
39960 -422549
39990 -422549
40020 -422549
40050 -422547
40080 -422486
40110 -422473
40140 -422473
40170 -422473
40200 -422469
40230 -422469
40260 -422469
40290 -422448
40320 -422448
40350 -422448
40380 -422442
40410 -422442
40440 -422442
40470 -422440
40500 -422433
40530 -422420
40560 -422416
40590 -422415
40620 -422386
40650 -422386
40680 -422386
40710 -422386
40740 -422328
40770 -422328
40800 -422328
40830 -422328
40860 -422328
40890 -422328
40920 -422305
40950 -422305
40980 -422305
41010 -422305
41040 -422305
41070 -422304
41100 -422292
41130 -422292
41160 -422292
41190 -422281
41220 -422279
41250 -422279
41280 -422279
41310 -422279
41340 -422268
41370 -422268
41400 -422261
41430 -422261
41460 -422261
41490 -422256
41520 -422256
41550 -422256
41580 -422256
41610 -422255
41640 -422255
41670 -422235
41700 -422234
41730 -422234
41760 -422207
41790 -422207
41820 -422146
41850 -422146
41880 -422146
41910 -422146
41940 -422146
41970 -422136
42000 -422136
42030 -422135
42060 -422128
42090 -422091
42120 -422059
42150 -422046
42180 -422046
42210 -422009
42240 -422002
42270 -422000
42300 -422000
42330 -422000
42360 -421979
42390 -421979
42420 -421979
42450 -421914
42480 -421912
42510 -421912
42540 -421904
42570 -421904
42600 -421904
42630 -421904
42660 -421867
42690 -421867
42720 -421862
42750 -421862
42780 -421862
42810 -421841
42840 -421841
42870 -421823
42900 -421823
42930 -421823
42960 -421809
42990 -421809
43020 -421809
43050 -421809
43080 -421805
43110 -421773
43140 -421772
43170 -421772
43200 -421772
43230 -421759
43260 -421759
43290 -421759
43320 -421759
43350 -421759
43380 -421759
43410 -421759
43440 -421759
43470 -421759
43500 -421758
43530 -421758
43560 -421758
43590 -421758
43620 -421758
43650 -421758
43680 -421731
43710 -421731
43740 -421728
43770 -421707
43800 -421707
43830 -421707
43860 -421707
43890 -421707
43920 -421706
43950 -421702
43980 -421701
44010 -421657
44040 -421657
44070 -421656
44100 -421651
44130 -421651
44160 -421649
44190 -421647
44220 -421643
44250 -421600
44280 -421600
44310 -421582
44340 -421567
44370 -421564
44400 -421564
44430 -421546
44460 -421542
44490 -421539
44520 -421539
44550 -421539
44580 -421539
44610 -421539
44640 -421538
44670 -421538
44700 -421536
44730 -421525
44760 -421486
44790 -421458
44820 -421458
44850 -421446
44880 -421446
44910 -421446
44940 -421446
44970 -421446
45000 -421446
45030 -421446
45060 -421446
45090 -421446
45120 -421441
45150 -421440
45180 -421440
45210 -421440
45240 -421439
45270 -421439
45300 -421435
45330 -421432
45360 -421432
45390 -421413
45420 -421413
45450 -421413
45480 -421413
45510 -421413
45540 -421413
45570 -421413
45600 -421413
45630 -421413
45660 -421413
45690 -421399
45720 -421399
45750 -421399
45780 -421399
45810 -421387
45840 -421387
45870 -421381
45900 -421364
45930 -421364
45960 -421356
45990 -421356
46020 -421356
46050 -421356
46080 -421350
46110 -421347
46140 -421347
46170 -421347
46200 -421347
46230 -421337
46260 -421328
46290 -421328
46320 -421309
46350 -421309
46380 -421309
46410 -421309
46440 -421309
46470 -421309
46500 -421309
46530 -421309
46560 -421309
46590 -421305
46620 -421287
46650 -421287
46680 -421287
46710 -421287
46740 -421287
46770 -421287
46800 -421287
46830 -421285
46860 -421285
46890 -421285
46920 -421285
46950 -421285
46980 -421283
47010 -421283
47040 -421240
47070 -421225
47100 -421225
47130 -421225
47160 -421225
47190 -421221
47220 -421221
47250 -421221
47280 -421221
47310 -421220
47340 -421220
47370 -421210
47400 -421208
47430 -421202
47460 -421200
47490 -421189
47520 -421189
47550 -421189
47580 -421189
47610 -421189
47640 -421189
47670 -421188
47700 -421188
47730 -421160
47760 -421160
47790 -421160
47820 -421153
47850 -421140
47880 -421140
47910 -421140
47940 -421140
47970 -421131
48000 -421131
48030 -421130
48060 -421130
48090 -421119
48120 -421110
48150 -421110
48180 -421110
48210 -421103
48240 -421103
48270 -421103
48300 -421103
48330 -421101
48360 -421101
48390 -421101
48420 -421101
48450 -421101
48480 -421101
48510 -421101
48540 -421101
48570 -421101
48600 -421088
48630 -421088
48660 -421088
48690 -421080
48720 -421080
48750 -421077
48780 -421077
48810 -421077
48840 -421077
48870 -421064
48900 -421064
48930 -421064
48960 -421064
48990 -421064
49020 -421045
49050 -421027
49080 -421027
49110 -421027
49140 -421022
49170 -421022
49200 -421013
49230 -421013
49260 -421013
49290 -421013
49320 -421012
49350 -421012
49380 -421012
49410 -421008
49440 -421008
49470 -421008
49500 -420996
49530 -420996
49560 -420996
49590 -420986
49620 -420986
49650 -420986
49680 -420980
49710 -420980
49740 -420978
49770 -420977
49800 -420974
49830 -420974
49860 -420974
49890 -420968
49920 -420968
49950 -420968
49980 -420968
50010 -420968
50040 -420967
50070 -420967
50100 -420967
50130 -420967
50160 -420958
50190 -420958
50220 -420958
50250 -420958
50280 -420953
50310 -420953
50340 -420953
50370 -420941
50400 -420929
50430 -420929
50460 -420925
50490 -420919
50520 -420918
50550 -420917
50580 -420917
50610 -420917
50640 -420917
50670 -420902
50700 -420853
50730 -420853
50760 -420841
50790 -420841
50820 -420841
50850 -420827
50880 -420821
50910 -420821
50940 -420819
50970 -420807
51000 -420807
51030 -420807
51060 -420804
51090 -420796
51120 -420796
51150 -420796
51180 -420796
51210 -420796
51240 -420796
51270 -420782
51300 -420782
51330 -420755
51360 -420755
51390 -420755
51420 -420755
51450 -420755
51480 -420755
51510 -420755
51540 -420755
51570 -420755
51600 -420752
51630 -420752
51660 -420752
51690 -420748
51720 -420746
51750 -420746
51780 -420740
51810 -420732
51840 -420708
51870 -420708
51900 -420708
51930 -420707
51960 -420707
51990 -420707
52020 -420707
52050 -420705
52080 -420702
52110 -420702
52140 -420702
52170 -420702
52200 -420702
52230 -420699
52260 -420699
52290 -420699
52320 -420699
52350 -420698
52380 -420698
52410 -420698
52440 -420698
52470 -420698
52500 -420689
52530 -420683
52560 -420676
52590 -420676
52620 -420676
52650 -420676
52680 -420676
52710 -420676
52740 -420676
52770 -420676
52800 -420676
52830 -420676
52860 -420673
52890 -420673
52920 -420673
52950 -420669
52980 -420668
53010 -420668
53040 -420668
53070 -420668
53100 -420668
53130 -420668
53160 -420668
53190 -420668
53220 -420668
53250 -420640
53280 -420640
53310 -420640
53340 -420630
53370 -420593
53400 -420593
53430 -420593
53460 -420593
53490 -420593
53520 -420593
53550 -420593
53580 -420593
53610 -420593
53640 -420580
53670 -420580
53700 -420580
53730 -420576
53760 -420569
53790 -420565
53820 -420562
53850 -420562
53880 -420562
53910 -420562
53940 -420558
53970 -420558
54000 -420558
54030 -420558
54060 -420558
54090 -420558
54120 -420558
54150 -420550
54180 -420540
54210 -420540
54240 -420540
54270 -420540
54300 -420540
54330 -420539
54360 -420533
54390 -420522
54420 -420522
54450 -420519
54480 -420519
54510 -420514
54540 -420512
54570 -420512
54600 -420512
54630 -420512
54660 -420511
54690 -420511
54720 -420511
54750 -420511
54780 -420511
54810 -420511
54840 -420480
54870 -420474
54900 -420474
54930 -420474
54960 -420474
54990 -420467
55020 -420467
55050 -420467
55080 -420413
55110 -420413
55140 -420413
55170 -420413
55200 -420413
55230 -420413
55260 -420396
55290 -420393
55320 -420393
55350 -420388
55380 -420388
55410 -420388
55440 -420357
55470 -420357
55500 -420353
55530 -420345
55560 -420345
55590 -420345
55620 -420333
55650 -420333
55680 -420333
55710 -420333
55740 -420333
55770 -420333
55800 -420323
55830 -420323
55860 -420323
55890 -420323
55920 -420319
55950 -420319
55980 -420316
56010 -420316
56040 -420316
56070 -420297
56100 -420283
56130 -420283
56160 -420283
56190 -420283
56220 -420280
56250 -420280
56280 -420280
56310 -420271
56340 -420271
56370 -420269
56400 -420269
56430 -420269
56460 -420269
56490 -420267
56520 -420247
56550 -420247
56580 -420247
56610 -420247
56640 -420247
56670 -420247
56700 -420247
56730 -420247
56760 -420247
56790 -420247
56820 -420247
56850 -420247
56880 -420247
56910 -420247
56940 -420247
56970 -420247
57000 -420247
57030 -420247
57060 -420244
57090 -420244
57120 -420230
57150 -420230
57180 -420230
57210 -420230
57240 -420229
57270 -420229
57300 -420229
57330 -420229
57360 -420229
57390 -420227
57420 -420222
57450 -420219
57480 -420198
57510 -420198
57540 -420198
57570 -420198
57600 -420198
57630 -420194
57660 -420194
57690 -420194
57720 -420191
57750 -420191
57780 -420191
57810 -420191
57840 -420191
57870 -420191
57900 -420191
57930 -420191
57960 -420191
57990 -420191
58020 -420191
58050 -420185
58080 -420185
58110 -420185
58140 -420185
58170 -420185
58200 -420185
58230 -420181
58260 -420181
58290 -420181
58320 -420181
58350 -420181
58380 -420181
58410 -420181
58440 -420181
58470 -420178
58500 -420177
58530 -420162
58560 -420162
58590 -420162
58620 -420162
58650 -420159
58680 -420159
58710 -420159
58740 -420159
58770 -420159
58800 -420159
58830 -420159
58860 -420159
58890 -420159
58920 -420148
58950 -420148
58980 -420148
59010 -420148
59040 -420122
59070 -420122
59100 -420122
59130 -420122
59160 -420120
59190 -420113
59220 -420113
59250 -420113
59280 -420113
59310 -420113
59340 -420113
59370 -420105
59400 -420089
59430 -420089
59460 -420089
59490 -420089
59520 -420089
59550 -420089
59580 -420089
59610 -420089
59640 -420089
59670 -420089
59700 -420089
59730 -420089
59760 -420089
59790 -420077
59820 -420077
59850 -420077
59880 -420077
59910 -420070
59940 -420070
59970 -420046
60000 -420046
60030 -420046
60060 -420046
60090 -420040
60120 -420040
60150 -420040
60180 -420040
60210 -420040
60240 -420040
60270 -420040
60300 -420040
60330 -420040
60360 -420040
60390 -420040
60420 -420028
60450 -420028
60480 -420028
60510 -420027
60540 -420027
60570 -420027
60600 -420027
60630 -420023
60660 -420015
60690 -420015
60720 -420015
60750 -420015
60780 -420015
60810 -420015
60840 -420015
60870 -420015
60900 -420015
60930 -420015
60960 -420005
60990 -420005
61020 -420005
61050 -420005
61080 -420005
61110 -419996
61140 -419996
61170 -419996
61200 -419996
61230 -419996
61260 -419996
61290 -419996
61320 -419996
61350 -419996
61380 -419996
61410 -419996
61440 -419990
61470 -419990
61500 -419990
61530 -419990
61560 -419990
61590 -419990
61620 -419974
61650 -419974
61680 -419974
61710 -419959
61740 -419959
61770 -419959
61800 -419952
61830 -419948
61860 -419942
61890 -419930
61920 -419930
61950 -419930
61980 -419923
62010 -419923
62040 -419923
62070 -419923
62100 -419923
62130 -419923
62160 -419923
62190 -419923
62220 -419855
62250 -419843
62280 -419843
62310 -419843
62340 -419838
62370 -419838
62400 -419838
62430 -419834
62460 -419834
62490 -419834
62520 -419811
62550 -419811
62580 -419811
62610 -419811
62640 -419810
62670 -419808
62700 -419808
62730 -419808
62760 -419808
62790 -419804
62820 -419804
62850 -419804
62880 -419796
62910 -419796
62940 -419796
62970 -419796
63000 -419796
63030 -419796
63060 -419796
63090 -419796
63120 -419796
63150 -419796
63180 -419796
63210 -419790
63240 -419790
63270 -419790
63300 -419790
63330 -419727
63360 -419727
63390 -419727
63420 -419727
63450 -419727
63480 -419727
63510 -419726
63540 -419726
63570 -419724
63600 -419724
63630 -419724
63660 -419724
63690 -419722
63720 -419722
63750 -419722
63780 -419722
63810 -419722
63840 -419719
63870 -419719
63900 -419719
63930 -419714
63960 -419711
63990 -419711
64020 -419711
64050 -419711
64080 -419711
64110 -419711
64140 -419711
64170 -419711
64200 -419711
64230 -419706
64260 -419706
64290 -419706
64320 -419706
64350 -419706
64380 -419694
64410 -419694
64440 -419692
64470 -419688
64500 -419685
64530 -419685
64560 -419681
64590 -419675
64620 -419675
64650 -419675
64680 -419675
64710 -419675
64740 -419675
64770 -419675
64800 -419671
64830 -419671
64860 -419671
64890 -419666
64920 -419666
64950 -419651
64980 -419651
65010 -419651
65040 -419644
65070 -419644
65100 -419644
65130 -419644
65160 -419644
65190 -419644
65220 -419644
65250 -419644
65280 -419644
65310 -419638
65340 -419629
65370 -419629
65400 -419629
65430 -419629
65460 -419629
65490 -419628
65520 -419628
65550 -419628
65580 -419628
65610 -419628
65640 -419628
65670 -419628
65700 -419628
65730 -419628
65760 -419627
65790 -419627
65820 -419623
65850 -419623
65880 -419615
65910 -419615
65940 -419615
65970 -419615
66000 -419615
66030 -419615
66060 -419615
66090 -419615
66120 -419604
66150 -419604
66180 -419601
66210 -419599
66240 -419535
66270 -419535
66300 -419535
66330 -419535
66360 -419532
66390 -419532
66420 -419532
66450 -419532
66480 -419532
66510 -419532
66540 -419530
66570 -419530
66600 -419530
66630 -419516
66660 -419516
66690 -419514
66720 -419514
66750 -419514
66780 -419514
66810 -419514
66840 -419514
66870 -419514
66900 -419514
66930 -419514
66960 -419514
66990 -419514
67020 -419514
67050 -419514
67080 -419514
67110 -419511
67140 -419511
67170 -419511
67200 -419508
67230 -419508
