60 -320156
90 -318764
120 -317798
150 -316913
180 -316065
210 -315555
240 -315301
270 -314561
300 -313295
330 -313001
360 -312389
390 -312109
420 -311891
450 -311343
480 -310708
510 -310318
540 -310023
570 -309774
600 -309027
630 -308512
660 -308492
690 -308269
720 -307970
750 -307873
780 -307647
810 -307038
840 -306688
870 -306291
900 -305848
930 -305685
960 -305501
990 -305303
1020 -305001
1050 -304684
1080 -304563
1110 -304376
1140 -303837
1170 -303775
1200 -303567
1230 -303309
1260 -303263
1290 -303101
1320 -302875
1350 -302608
1380 -301956
1410 -301808
1440 -301604
1470 -301353
1500 -301203
1530 -301021
1560 -300802
1590 -300578
1620 -300399
1650 -300390
1680 -300347
1710 -300053
1740 -299861
1770 -299529
1800 -299406
1830 -299160
1860 -299121
1890 -299115
1920 -298804
1950 -298645
1980 -298619
2010 -298534
2040 -298236
2070 -298219
2100 -297984
2130 -297884
2160 -297860
2190 -297755
2220 -297553
2250 -297397
2280 -297342
2310 -297238
2340 -297027
2370 -296923
2400 -296762
2430 -296729
2460 -296626
2490 -296543
2520 -296508
2550 -296377
2580 -296330
2610 -296259
2640 -296161
2670 -296044
2700 -295940
2730 -295628
2760 -295508
2790 -295299
2820 -295147
2850 -295128
2880 -294996
2910 -294922
2940 -294842
2970 -294749
3000 -294664
3030 -294636
3060 -294626
3090 -294498
3120 -294363
3150 -294253
3180 -294111
3210 -294054
3240 -293875
3270 -293711
3300 -293677
3330 -293593
3360 -293540
3390 -293416
3420 -293385
3450 -293345
3480 -293341
3510 -293222
3540 -293166
3570 -293150
3600 -293145
3630 -293116
3660 -292987
3690 -292945
3720 -292917
3750 -292840
3780 -292795
3810 -292666
3840 -292657
3870 -292521
3900 -292494
3930 -292364
3960 -292342
3990 -292259
4020 -292020
4050 -291862
4080 -291819
4110 -291749
4140 -291717
4170 -291615
4200 -291510
4230 -291406
4260 -291319
4290 -291279
4320 -291041
4350 -290979
4380 -290859
4410 -290841
4440 -290788
4470 -290718
4500 -290648
4530 -290596
4560 -290522
4590 -290471
4620 -290437
4650 -290437
4680 -290265
4710 -290210
4740 -290153
4770 -290128
4800 -290085
4830 -290056
4860 -289844
4890 -289813
4920 -289731
4950 -289692
4980 -289623
5010 -289539
5040 -289383
5070 -289265
5100 -289144
5130 -289074
5160 -289009
5190 -288605
5220 -288572
5250 -288484
5280 -288456
5310 -288378
5340 -288367
5370 -288302
5400 -288297
5430 -288297
5460 -288166
5490 -288111
5520 -288062
5550 -288054
5580 -288020
5610 -287915
5640 -287877
5670 -287856
5700 -287805
5730 -287775
5760 -287765
5790 -287741
5820 -287667
5850 -287621
5880 -287607
5910 -287594
5940 -287579
5970 -287421
6000 -287408
6030 -287371
6060 -287313
6090 -287289
6120 -287268
6150 -287253
6180 -287236
6210 -287154
6240 -287075
6270 -287075
6300 -287066
6330 -287021
6360 -287004
6390 -286976
6420 -286845
6450 -286833
6480 -286812
6510 -286799
6540 -286716
6570 -286696
6600 -286574
6630 -286538
6660 -286530
6690 -286524
6720 -286521
6750 -286496
6780 -286471
6810 -286455
6840 -286424
6870 -286403
6900 -286393
6930 -286362
6960 -286280
6990 -286247
7020 -286222
7050 -286219
7080 -286195
7110 -286191
7140 -286170
7170 -286146
7200 -286146
7230 -286092
7260 -286072
7290 -286058
7320 -286048
7350 -286027
7380 -286023
7410 -285987
7440 -285986
7470 -285982
7500 -285980
7530 -285961
7560 -285908
7590 -285890
7620 -285883
7650 -285882
7680 -285875
7710 -285872
7740 -285868
7770 -285831
7800 -285824
7830 -285809
7860 -285782
7890 -285737
7920 -285732
7950 -285727
7980 -285723
8010 -285673
8040 -285665
8070 -285654
8100 -285654
8130 -285652
8160 -285632
8190 -285609
8220 -285590
8250 -285564
8280 -285536
8310 -285529
8340 -285526
8370 -285498
8400 -285485
8430 -285481
8460 -285451
8490 -285447
8520 -285397
8550 -285392
8580 -285375
8610 -285372
8640 -285356
8670 -285345
8700 -285336
8730 -285291
8760 -285282
8790 -285266
8820 -285246
8850 -285246
8880 -285198
8910 -285189
8940 -285143
8970 -285126
9000 -285122
9030 -285116
9060 -285116
9090 -285052
9120 -285052
9150 -285048
9180 -285038
9210 -284933
9240 -284919
9270 -284903
9300 -284892
9330 -284810
9360 -284766
9390 -284733
9420 -284674
9450 -284669
9480 -284656
9510 -284643
9540 -284607
9570 -284584
9600 -284573
9630 -284548
9660 -284530
9690 -284518
9720 -284466
9750 -284461
9780 -284435
9810 -284382
9840 -284365
9870 -284360
9900 -284274
9930 -284270
9960 -284259
9990 -284219
10020 -284122
10050 -284103
10080 -284103
10110 -284103
10140 -284096
10170 -284092
10200 -284051
10230 -284046
10260 -284012
10290 -284009
10320 -284002
10350 -283975
10380 -283936
10410 -283933
10440 -283933
10470 -283927
10500 -283904
10530 -283892
10560 -283867
10590 -283835
10620 -283835
10650 -283823
10680 -283792
10710 -283749
10740 -283749
10770 -283719
10800 -283716
10830 -283699
10860 -283653
10890 -283626
10920 -283622
10950 -283619
10980 -283607
11010 -283586
11040 -283586
11070 -283564
11100 -283536
11130 -283531
11160 -283478
11190 -283452
11220 -283439
11250 -283420
11280 -283341
11310 -283332
11340 -283330
11370 -283304
11400 -283260
11430 -283254
11460 -283215
11490 -283210
11520 -283194
11550 -283146
11580 -283143
11610 -283095
11640 -283079
11670 -283073
11700 -283041
11730 -283006
11760 -283006
11790 -282990
11820 -282989
11850 -282980
11880 -282970
11910 -282948
11940 -282948
11970 -282923
12000 -282910
12030 -282904
12060 -282895
12090 -282882
12120 -282878
12150 -282854
12180 -282847
12210 -282785
12240 -282770
12270 -282762
12300 -282762
12330 -282741
12360 -282728
12390 -282650
12420 -282642
12450 -282638
12480 -282635
12510 -282629
12540 -282613
12570 -282611
12600 -282555
12630 -282543
12660 -282530
12690 -282507
12720 -282445
12750 -282436
12780 -282432
12810 -282427
12840 -282414
12870 -282414
12900 -282414
12930 -282377
12960 -282374
12990 -282368
13020 -282334
13050 -282297
13080 -282293
13110 -282207
13140 -282198
13170 -282143
13200 -282127
13230 -282112
13260 -282110
13290 -282088
13320 -282054
13350 -282028
13380 -282026
13410 -282022
13440 -282021
13470 -282021
13500 -282002
13530 -281994
13560 -281973
13590 -281933
13620 -281925
13650 -281924
13680 -281911
13710 -281907
13740 -281849
13770 -281849
13800 -281847
13830 -281842
13860 -281789
13890 -281787
13920 -281765
13950 -281759
13980 -281727
14010 -281719
14040 -281676
14070 -281668
14100 -281659
14130 -281658
14160 -281624
14190 -281615
14220 -281613
14250 -281597
14280 -281591
14310 -281571
14340 -281559
14370 -281543
14400 -281537
14430 -281504
14460 -281496
14490 -281473
14520 -281462
14550 -281448
14580 -281437
14610 -281388
14640 -281383
14670 -281348
14700 -281323
14730 -281323
14760 -281313
14790 -281312
14820 -281310
14850 -281308
14880 -281277
14910 -281262
14940 -281222
14970 -281220
15000 -281202
15030 -281193
15060 -281193
15090 -281189
15120 -281180
15150 -281165
15180 -281145
15210 -281140
15240 -281140
15270 -281140
15300 -281076
15330 -281003
15360 -281003
15390 -280970
15420 -280939
15450 -280917
15480 -280914
15510 -280883
15540 -280862
15570 -280856
15600 -280834
15630 -280800
15660 -280793
15690 -280790
15720 -280785
15750 -280783
15780 -280735
15810 -280735
15840 -280697
15870 -280681
15900 -280674
15930 -280610
15960 -280596
15990 -280577
16020 -280570
16050 -280566
16080 -280551
16110 -280526
16140 -280509
16170 -280500
16200 -280496
16230 -280472
16260 -280448
16290 -280431
16320 -280428
16350 -280414
16380 -280414
16410 -280397
16440 -280358
16470 -280351
16500 -280345
16530 -280330
16560 -280325
16590 -280319
16620 -280311
16650 -280310
16680 -280310
16710 -280279
16740 -280274
16770 -280216
16800 -280204
16830 -280192
16860 -280184
16890 -280179
16920 -280140
16950 -280136
16980 -280136
17010 -280130
17040 -280130
17070 -280126
17100 -280063
17130 -280063
17160 -280062
17190 -280055
17220 -280046
17250 -280020
17280 -279978
17310 -279978
17340 -279958
17370 -279958
17400 -279937
17430 -279936
17460 -279936
17490 -279935
17520 -279863
17550 -279857
17580 -279849
17610 -279739
17640 -279676
17670 -279667
17700 -279641
17730 -279640
17760 -279627
17790 -279627
17820 -279622
17850 -279604
17880 -279604
17910 -279597
17940 -279566
17970 -279565
18000 -279549
18030 -279535
18060 -279528
18090 -279523
18120 -279509
18150 -279422
18180 -279422
18210 -279258
18240 -279244
18270 -279241
18300 -279239
18330 -279239
18360 -279239
18390 -279238
18420 -279233
18450 -279233
18480 -279202
18510 -279177
18540 -279161
18570 -279157
18600 -279147
18630 -279128
18660 -279115
18690 -279110
18720 -279105
18750 -279078
18780 -279051
18810 -279029
18840 -279015
18870 -278988
18900 -278980
18930 -278878
18960 -278840
18990 -278838
19020 -278835
19050 -278822
19080 -278785
19110 -278725
19140 -278686
19170 -278664
19200 -278658
19230 -278658
19260 -278620
19290 -278620
19320 -278618
19350 -278614
19380 -278561
19410 -278542
19440 -278507
19470 -278438
19500 -278431
19530 -278383
19560 -278383
19590 -278383
19620 -278367
19650 -278360
19680 -278357
19710 -278331
19740 -278331
19770 -278313
19800 -278293
19830 -278293
19860 -278291
19890 -278286
19920 -278249
19950 -278210
19980 -278201
20010 -278196
20040 -278195
20070 -278192
20100 -278188
20130 -278188
20160 -278163
20190 -278120
20220 -278119
20250 -278118
20280 -278108
20310 -278102
20340 -278101
20370 -278076
20400 -278002
20430 -278002
20460 -278001
20490 -277986
20520 -277983
20550 -277970
20580 -277959
20610 -277950
20640 -277950
20670 -277937
20700 -277937
20730 -277933
20760 -277915
20790 -277873
20820 -277861
20850 -277827
20880 -277825
20910 -277814
20940 -277786
20970 -277752
21000 -277750
21030 -277741
21060 -277737
21090 -277679
21120 -277676
21150 -277643
21180 -277625
21210 -277597
21240 -277569
21270 -277566
21300 -277540
21330 -277532
21360 -277515
21390 -277513
21420 -277500
21450 -277439
21480 -277438
21510 -277430
21540 -277430
21570 -277430
21600 -277420
21630 -277420
21660 -277414
21690 -277414
21720 -277384
21750 -277382
21780 -277380
21810 -277283
21840 -277268
21870 -277247
21900 -277238
21930 -277228
21960 -277228
21990 -277227
22020 -277227
22050 -277227
22080 -277225
22110 -277225
22140 -277223
22170 -277201
22200 -277197
22230 -277192
22260 -277161
22290 -277156
22320 -277123
22350 -277111
22380 -277084
22410 -277019
22440 -276997
22470 -276977
22500 -276977
22530 -276961
22560 -276955
22590 -276933
22620 -276919
22650 -276919
22680 -276915
22710 -276903
22740 -276891
22770 -276886
22800 -276879
22830 -276872
22860 -276869
22890 -276845
22920 -276821
22950 -276820
22980 -276799
23010 -276776
23040 -276761
23070 -276761
23100 -276761
23130 -276759
23160 -276759
23190 -276754
23220 -276747
23250 -276731
23280 -276731
23310 -276728
23340 -276708
23370 -276708
23400 -276698
23430 -276694
23460 -276677
23490 -276613
23520 -276612
23550 -276570
23580 -276566
23610 -276529
23640 -276505
23670 -276497
23700 -276486
23730 -276446
23760 -276438
23790 -276438
23820 -276434
23850 -276418
23880 -276390
23910 -276301
23940 -276301
23970 -276300
24000 -276300
24030 -276289
24060 -276289
24090 -276287
24120 -276282
24150 -276277
24180 -276268
24210 -276268
24240 -276265
24270 -276248
24300 -276236
24330 -276225
24360 -276203
24390 -276166
24420 -276151
24450 -276151
24480 -276132
24510 -276120
24540 -276118
24570 -276114
24600 -276114
24630 -276111
24660 -276068
24690 -276062
24720 -276037
24750 -276037
24780 -276032
24810 -276019
24840 -276019
24870 -275964
24900 -275963
24930 -275922
24960 -275920
24990 -275897
25020 -275891
25050 -275888
25080 -275852
25110 -275852
25140 -275785
25170 -275771
25200 -275769
25230 -275767
25260 -275757
25290 -275693
25320 -275693
25350 -275693
25380 -275693
25410 -275690
25440 -275681
25470 -275658
25500 -275634
25530 -275605
25560 -275570
25590 -275558
25620 -275532
25650 -275491
25680 -275491
25710 -275488
25740 -275441
25770 -275428
25800 -275419
25830 -275414
25860 -275408
25890 -275401
25920 -275387
25950 -275343
25980 -275343
26010 -275303
26040 -275302
26070 -275287
26100 -275278
26130 -275265
26160 -275265
26190 -275260
26220 -275257
26250 -275257
26280 -275256
26310 -275256
26340 -275245
26370 -275236
26400 -275236
26430 -275235
26460 -275221
26490 -275218
26520 -275204
26550 -275187
26580 -275185
26610 -275153
26640 -275129
26670 -275125
26700 -275125
26730 -275120
26760 -275120
26790 -275115
26820 -275103
26850 -275099
26880 -275089
26910 -275071
26940 -275067
26970 -275067
27000 -275067
27030 -275067
27060 -275067
27090 -275067
27120 -275066
27150 -275050
27180 -275046
27210 -275016
27240 -275006
27270 -275002
27300 -275001
27330 -274990
27360 -274990
27390 -274990
27420 -274989
27450 -274985
27480 -274970
27510 -274956
27540 -274948
27570 -274945
27600 -274943
27630 -274943
27660 -274943
27690 -274931
27720 -274910
27750 -274906
27780 -274897
27810 -274888
27840 -274886
27870 -274882
27900 -274864
27930 -274860
27960 -274860
27990 -274860
28020 -274860
28050 -274859
28080 -274849
28110 -274848
28140 -274848
28170 -274840
28200 -274837
28230 -274822
28260 -274819
28290 -274809
28320 -274761
28350 -274761
28380 -274761
28410 -274761
28440 -274761
28470 -274761
28500 -274759
28530 -274757
28560 -274757
28590 -274734
28620 -274729
28650 -274723
28680 -274698
28710 -274698
28740 -274698
28770 -274696
28800 -274693
28830 -274683
28860 -274660
28890 -274656
28920 -274644
28950 -274635
28980 -274635
29010 -274635
29040 -274630
29070 -274630
29100 -274623
29130 -274623
29160 -274616
29190 -274616
29220 -274594
29250 -274594
29280 -274593
29310 -274591
29340 -274584
29370 -274584
29400 -274577
29430 -274549
29460 -274549
29490 -274548
29520 -274531
29550 -274531
29580 -274531
29610 -274531
29640 -274528
29670 -274512
29700 -274494
29730 -274491
29760 -274490
29790 -274479
29820 -274476
29850 -274462
29880 -274459
29910 -274459
29940 -274458
29970 -274453
30000 -274447
30030 -274447
30060 -274446
30090 -274446
30120 -274437
30150 -274435
30180 -274435
30210 -274429
30240 -274416
30270 -274416
30300 -274416
30330 -274408
30360 -274405
30390 -274404
30420 -274397
30450 -274388
30480 -274388
30510 -274388
30540 -274388
30570 -274388
30600 -274379
30630 -274376
30660 -274362
30690 -274358
30720 -274344
30750 -274341
30780 -274310
30810 -274295
30840 -274293
30870 -274293
30900 -274291
30930 -274291
30960 -274278
30990 -274278
31020 -274272
31050 -274272
31080 -274254
31110 -274243
31140 -274224
31170 -274224
31200 -274209
31230 -274208
31260 -274208
31290 -274186
31320 -274167
31350 -274166
31380 -274166
31410 -274104
31440 -274104
31470 -274102
31500 -274101
31530 -274099
31560 -274097
31590 -274088
31620 -274088
31650 -274088
31680 -274077
31710 -274074
31740 -274058
31770 -274041
31800 -274035
31830 -274035
31860 -274035
31890 -274033
31920 -274030
31950 -274027
31980 -274027
32010 -274027
32040 -274026
32070 -274024
32100 -274020
32130 -274020
32160 -274020
32190 -274014
32220 -274003
32250 -274001
32280 -273997
32310 -273972
32340 -273972
32370 -273942
32400 -273927
32430 -273922
32460 -273919
32490 -273917
32520 -273907
32550 -273886
32580 -273870
32610 -273870
32640 -273870
32670 -273868
32700 -273866
32730 -273864
32760 -273819
32790 -273819
32820 -273819
32850 -273801
32880 -273799
32910 -273794
32940 -273788
32970 -273787
33000 -273774
33030 -273769
33060 -273753
33090 -273750
33120 -273750
33150 -273749
33180 -273745
33210 -273744
33240 -273741
33270 -273737
33300 -273728
33330 -273728
33360 -273728
33390 -273723
33420 -273712
33450 -273712
33480 -273711
33510 -273685
33540 -273679
33570 -273645
33600 -273635
33630 -273634
33660 -273633
33690 -273629
33720 -273628
33750 -273617
33780 -273609
33810 -273594
33840 -273593
33870 -273586
33900 -273586
33930 -273586
33960 -273585
33990 -273581
34020 -273576
34050 -273575
34080 -273568
34110 -273568
34140 -273550
34170 -273538
34200 -273520
34230 -273520
34260 -273520
34290 -273516
34320 -273512
34350 -273512
34380 -273498
34410 -273496
34440 -273490
34470 -273489
34500 -273478
34530 -273478
34560 -273478
34590 -273456
34620 -273449
34650 -273449
34680 -273440
34710 -273440
34740 -273434
34770 -273434
34800 -273431
34830 -273430
34860 -273428
34890 -273428
34920 -273421
34950 -273414
34980 -273414
35010 -273407
35040 -273399
35070 -273392
35100 -273385
35130 -273379
35160 -273378
35190 -273378
35220 -273365
35250 -273352
35280 -273349
35310 -273337
35340 -273324
35370 -273313
35400 -273297
35430 -273293
35460 -273293
35490 -273293
35520 -273293
35550 -273290
35580 -273287
35610 -273287
35640 -273282
35670 -273281
35700 -273281
35730 -273275
35760 -273273
35790 -273273
35820 -273273
35850 -273273
35880 -273265
35910 -273257
35940 -273255
35970 -273255
36000 -273243
36030 -273237
36060 -273236
36090 -273232
36120 -273207
36150 -273192
36180 -273192
36210 -273183
36240 -273150
36270 -273150
36300 -273141
36330 -273113
36360 -273112
36390 -273097
36420 -273097
36450 -273069
36480 -273067
36510 -273057
36540 -273054
36570 -273015
36600 -273014
36630 -273009
36660 -272999
36690 -272995
36720 -272994
36750 -272994
36780 -272994
36810 -272982
36840 -272981
36870 -272976
36900 -272976
36930 -272969
36960 -272963
36990 -272959
37020 -272958
37050 -272955
37080 -272916
37110 -272915
37140 -272914
37170 -272899
37200 -272899
37230 -272899
37260 -272892
37290 -272871
37320 -272869
37350 -272869
37380 -272867
37410 -272867
37440 -272867
37470 -272865
37500 -272865
37530 -272863
37560 -272863
37590 -272859
37620 -272858
37650 -272849
37680 -272849
37710 -272844
37740 -272841
37770 -272838
37800 -272838
37830 -272838
37860 -272834
37890 -272819
37920 -272819
37950 -272819
37980 -272818
38010 -272818
38040 -272798
38070 -272788
38100 -272781
38130 -272780
38160 -272776
38190 -272775
38220 -272770
38250 -272767
38280 -272758
38310 -272755
38340 -272755
38370 -272755
38400 -272742
38430 -272723
38460 -272717
38490 -272713
38520 -272713
38550 -272695
38580 -272691
38610 -272683
38640 -272681
38670 -272681
38700 -272680
38730 -272642
38760 -272631
38790 -272631
38820 -272626
38850 -272608
38880 -272605
38910 -272594
38940 -272570
38970 -272565
39000 -272565
39030 -272563
39060 -272563
39090 -272560
39120 -272560
39150 -272555
39180 -272555
39210 -272510
39240 -272502
39270 -272483
39300 -272483
39330 -272482
39360 -272482
39390 -272476
39420 -272475
39450 -272473
39480 -272473
39510 -272473
39540 -272473
39570 -272465
39600 -272463
39630 -272448
39660 -272442
39690 -272428
39720 -272428
39750 -272428
39780 -272422
39810 -272417
39840 -272416
39870 -272416
39900 -272404
39930 -272404
39960 -272404
39990 -272393
40020 -272383
40050 -272370
40080 -272367
40110 -272366
40140 -272366
40170 -272359
40200 -272344
40230 -272342
40260 -272342
40290 -272339
40320 -272336
40350 -272331
40380 -272330
40410 -272302
40440 -272302
40470 -272296
40500 -272296
40530 -272252
40560 -272247
40590 -272241
40620 -272236
40650 -272236
40680 -272234
40710 -272234
40740 -272234
40770 -272232
40800 -272224
40830 -272214
40860 -272214
40890 -272214
40920 -272211
40950 -272211
40980 -272205
41010 -272205
41040 -272205
41070 -272205
41100 -272202
41130 -272201
41160 -272200
41190 -272192
41220 -272178
41250 -272178
41280 -272176
41310 -272164
41340 -272164
41370 -272164
41400 -272164
41430 -272162
41460 -272162
41490 -272160
41520 -272159
41550 -272159
41580 -272159
41610 -272158
41640 -272154
41670 -272146
41700 -272134
41730 -272134
41760 -272130
41790 -272130
41820 -272130
41850 -272112
41880 -272112
41910 -272104
41940 -272097
41970 -272097
42000 -272094
42030 -272094
42060 -272094
42090 -272094
42120 -272094
42150 -272094
42180 -272094
42210 -272094
42240 -272083
42270 -272083
42300 -272083
42330 -272082
42360 -272082
42390 -272081
42420 -272075
42450 -272070
42480 -272067
42510 -272060
42540 -272057
42570 -272055
42600 -272044
42630 -272044
