60 -388032
90 -387106
120 -386129
150 -385037
180 -383885
210 -383264
240 -382855
270 -382268
300 -381879
330 -381288
360 -380620
390 -380076
420 -380018
450 -379390
480 -379008
510 -378268
540 -377631
570 -377281
600 -376850
630 -376614
660 -375618
690 -375420
720 -375136
750 -374579
780 -374177
810 -374017
840 -373682
870 -373525
900 -373118
930 -372856
960 -372663
990 -372438
1020 -372388
1050 -371904
1080 -371733
1110 -371548
1140 -371256
1170 -371205
1200 -371143
1230 -370981
1260 -370706
1290 -370619
1320 -370604
1350 -370343
1380 -370262
1410 -369826
1440 -369547
1470 -369431
1500 -369272
1530 -368978
1560 -368760
1590 -368397
1620 -368269
1650 -368169
1680 -367873
1710 -367550
1740 -367499
1770 -367401
1800 -367198
1830 -367041
1860 -366780
1890 -366780
1920 -366600
1950 -366286
1980 -366150
2010 -366044
2040 -365954
2070 -365843
2100 -365559
2130 -365478
2160 -365215
2190 -365182
2220 -365042
2250 -365019
2280 -364934
2310 -364907
2340 -364793
2370 -364754
2400 -364641
2430 -364574
2460 -364480
2490 -364443
2520 -364407
2550 -364401
2580 -364326
2610 -364174
2640 -364111
2670 -363887
2700 -363885
2730 -363696
2760 -363486
2790 -363435
2820 -363306
2850 -363240
2880 -363103
2910 -362978
2940 -362971
2970 -362967
3000 -362870
3030 -362824
3060 -362763
3090 -362571
3120 -362515
3150 -362402
3180 -362402
3210 -362375
3240 -362279
3270 -362247
3300 -362095
3330 -362028
3360 -362022
3390 -361942
3420 -361889
3450 -361889
3480 -361751
3510 -361748
3540 -361716
3570 -361655
3600 -361493
3630 -361424
3660 -361422
3690 -361399
3720 -361399
3750 -361298
3780 -361186
3810 -361170
3840 -360959
3870 -360955
3900 -360915
3930 -360822
3960 -360786
3990 -360726
4020 -360616
4050 -360494
4080 -360416
4110 -360406
4140 -360385
4170 -360367
4200 -360336
4230 -360295
4260 -360221
4290 -360182
4320 -360129
4350 -359940
4380 -359921
4410 -359859
4440 -359851
4470 -359819
4500 -359784
4530 -359781
4560 -359781
4590 -359752
4620 -359748
4650 -359647
4680 -359634
4710 -359568
4740 -359505
4770 -359469
4800 -359429
4830 -359314
4860 -359309
4890 -359309
4920 -359163
4950 -359159
4980 -359045
5010 -359021
5040 -358954
5070 -358947
5100 -358894
5130 -358894
5160 -358868
5190 -358776
5220 -358702
5250 -358604
5280 -358540
5310 -358378
5340 -358329
5370 -358188
5400 -358111
5430 -358110
5460 -358110
5490 -358040
5520 -357907
5550 -357810
5580 -357808
5610 -357807
5640 -357773
5670 -357773
5700 -357755
5730 -357730
5760 -357662
5790 -357662
5820 -357646
5850 -357583
5880 -357580
5910 -357578
5940 -357572
5970 -357525
6000 -357472
6030 -357472
6060 -357374
6090 -357360
6120 -357295
6150 -357276
6180 -357259
6210 -357259
6240 -357259
6270 -357240
6300 -357144
6330 -357144
6360 -357140
6390 -357131
6420 -357107
6450 -357063
6480 -357043
6510 -356999
6540 -356988
6570 -356900
6600 -356900
6630 -356883
6660 -356871
6690 -356867
6720 -356779
6750 -356767
6780 -356739
6810 -356728
6840 -356585
6870 -356545
6900 -356545
6930 -356506
6960 -356506
6990 -356505
7020 -356500
7050 -356492
7080 -356451
7110 -356445
7140 -356441
7170 -356395
7200 -356366
7230 -356332
7260 -356243
7290 -356243
7320 -356223
7350 -356171
7380 -356171
7410 -356107
7440 -355993
7470 -355878
7500 -355847
7530 -355840
7560 -355834
7590 -355783
7620 -355751
7650 -355730
7680 -355695
7710 -355610
7740 -355601
7770 -355601
7800 -355532
7830 -355478
7860 -355475
7890 -355475
7920 -355458
7950 -355419
7980 -355287
8010 -355268
8040 -355241
8070 -355229
8100 -355217
8130 -355168
8160 -355158
8190 -355104
8220 -355003
8250 -354903
8280 -354879
8310 -354730
8340 -354690
8370 -354677
8400 -354648
8430 -354539
8460 -354514
8490 -354489
8520 -354382
8550 -354355
8580 -354318
8610 -354295
8640 -354282
8670 -354274
8700 -354265
8730 -354158
8760 -354113
8790 -354045
8820 -354026
8850 -353980
8880 -353915
8910 -353886
8940 -353843
8970 -353825
9000 -353805
9030 -353774
9060 -353774
9090 -353756
9120 -353687
9150 -353639
9180 -353639
9210 -353633
9240 -353628
9270 -353613
9300 -353584
9330 -353584
9360 -353566
9390 -353508
9420 -353508
9450 -353508
9480 -353508
9510 -353508
9540 -353508
9570 -353487
9600 -353487
9630 -353474
9660 -353474
9690 -353474
9720 -353474
9750 -353467
9780 -353455
9810 -353455
9840 -353432
9870 -353432
9900 -353419
9930 -353406
9960 -353406
9990 -353406
10020 -353403
10050 -353403
10080 -353403
10110 -353380
10140 -353308
10170 -353232
10200 -353103
10230 -353093
10260 -353078
10290 -353076
10320 -353076
10350 -353076
10380 -352957
10410 -352937
10440 -352937
10470 -352935
10500 -352935
10530 -352923
10560 -352906
10590 -352900
10620 -352882
10650 -352862
10680 -352842
10710 -352780
10740 -352777
10770 -352768
10800 -352735
10830 -352734
10860 -352728
10890 -352715
10920 -352715
10950 -352703
10980 -352686
11010 -352686
11040 -352685
11070 -352685
11100 -352685
11130 -352637
11160 -352617
11190 -352589
11220 -352528
11250 -352526
11280 -352474
11310 -352436
11340 -352433
11370 -352409
11400 -352395
11430 -352270
11460 -352270
11490 -352258
11520 -352239
11550 -352181
11580 -352169
11610 -352169
11640 -352124
11670 -352082
11700 -352074
11730 -352062
11760 -352041
11790 -352012
11820 -351982
11850 -351951
11880 -351917
11910 -351905
11940 -351902
11970 -351892
12000 -351892
12030 -351765
12060 -351721
12090 -351719
12120 -351719
12150 -351719
12180 -351714
12210 -351690
12240 -351690
12270 -351670
12300 -351670
12330 -351662
12360 -351643
12390 -351643
12420 -351625
12450 -351616
12480 -351616
12510 -351616
12540 -351616
12570 -351541
12600 -351541
12630 -351514
12660 -351502
12690 -351460
12720 -351437
12750 -351358
12780 -351352
12810 -351352
12840 -351352
12870 -351338
12900 -351327
12930 -351261
12960 -351225
12990 -351182
13020 -351157
13050 -351145
13080 -351128
13110 -351082
13140 -351057
13170 -351051
13200 -350997
13230 -350994
13260 -350994
13290 -350990
13320 -350959
13350 -350959
13380 -350955
13410 -350955
13440 -350945
13470 -350859
13500 -350853
13530 -350852
13560 -350852
13590 -350852
13620 -350836
13650 -350819
13680 -350793
13710 -350784
13740 -350784
13770 -350769
13800 -350767
13830 -350760
13860 -350605
13890 -350605
13920 -350587
13950 -350567
13980 -350567
14010 -350501
14040 -350498
14070 -350477
14100 -350371
14130 -350356
14160 -350351
14190 -350291
14220 -350273
14250 -350273
14280 -350244
14310 -350244
14340 -350187
14370 -350187
14400 -350187
14430 -350187
14460 -350162
14490 -350160
14520 -350115
14550 -350085
14580 -350084
14610 -350082
14640 -350082
14670 -350068
14700 -350063
14730 -350040
14760 -350014
14790 -349990
14820 -349976
14850 -349938
14880 -349923
14910 -349921
14940 -349915
14970 -349915
15000 -349915
15030 -349900
15060 -349900
15090 -349896
15120 -349876
15150 -349864
15180 -349808
15210 -349805
15240 -349803
15270 -349788
15300 -349786
15330 -349756
15360 -349684
15390 -349675
15420 -349670
15450 -349621
15480 -349619
15510 -349615
15540 -349584
15570 -349570
15600 -349569
15630 -349555
15660 -349555
15690 -349541
15720 -349538
15750 -349514
15780 -349462
15810 -349461
15840 -349460
15870 -349408
15900 -349393
15930 -349393
15960 -349393
15990 -349380
16020 -349361
16050 -349358
16080 -349337
16110 -349336
16140 -349336
16170 -349326
16200 -349319
16230 -349318
16260 -349281
16290 -349279
16320 -349279
16350 -349279
16380 -349279
16410 -349271
16440 -349262
16470 -349192
16500 -349161
16530 -349127
16560 -349114
16590 -349114
16620 -349110
16650 -349105
16680 -349094
16710 -349094
16740 -349087
16770 -349083
16800 -349083
16830 -349080
16860 -349080
16890 -349079
16920 -349079
16950 -349062
16980 -349041
17010 -349005
17040 -348954
17070 -348949
17100 -348945
17130 -348913
17160 -348911
17190 -348907
17220 -348894
17250 -348872
17280 -348870
17310 -348863
17340 -348863
17370 -348860
17400 -348844
17430 -348844
17460 -348843
17490 -348843
17520 -348798
17550 -348798
17580 -348777
17610 -348745
17640 -348715
17670 -348713
17700 -348699
17730 -348686
17760 -348667
17790 -348667
17820 -348667
17850 -348659
17880 -348608
17910 -348596
17940 -348596
17970 -348585
18000 -348583
18030 -348566
18060 -348566
18090 -348566
18120 -348534
18150 -348533
18180 -348504
18210 -348504
18240 -348502
18270 -348502
18300 -348502
18330 -348502
18360 -348476
18390 -348470
18420 -348470
18450 -348470
18480 -348462
18510 -348452
18540 -348452
18570 -348444
18600 -348391
18630 -348378
18660 -348377
18690 -348365
18720 -348347
18750 -348291
18780 -348286
18810 -348258
18840 -348257
18870 -348252
18900 -348252
18930 -348192
18960 -348145
18990 -348122
19020 -348109
19050 -348108
19080 -348093
19110 -348086
19140 -347972
19170 -347972
19200 -347965
19230 -347929
19260 -347911
19290 -347911
19320 -347908
19350 -347908
19380 -347908
19410 -347901
19440 -347873
19470 -347826
19500 -347812
19530 -347797
19560 -347794
19590 -347794
19620 -347762
19650 -347760
19680 -347703
19710 -347703
19740 -347691
19770 -347652
19800 -347636
19830 -347636
19860 -347636
19890 -347636
19920 -347636
19950 -347608
19980 -347593
20010 -347593
20040 -347588
20070 -347588
20100 -347588
20130 -347581
20160 -347565
20190 -347561
20220 -347559
20250 -347559
20280 -347514
20310 -347514
20340 -347482
20370 -347476
20400 -347476
20430 -347476
20460 -347444
20490 -347444
20520 -347439
20550 -347438
20580 -347432
20610 -347402
20640 -347397
20670 -347377
20700 -347377
20730 -347368
20760 -347368
20790 -347358
20820 -347320
20850 -347317
20880 -347316
20910 -347211
20940 -347197
20970 -347195
21000 -347195
21030 -347133
21060 -347121
21090 -347111
21120 -347104
21150 -347082
21180 -347056
21210 -347049
21240 -347000
21270 -346981
21300 -346972
21330 -346960
21360 -346960
21390 -346939
21420 -346912
21450 -346912
21480 -346887
21510 -346886
21540 -346828
21570 -346816
21600 -346793
21630 -346786
21660 -346786
21690 -346786
21720 -346786
21750 -346785
21780 -346785
21810 -346645
21840 -346644
21870 -346642
21900 -346638
21930 -346636
21960 -346634
21990 -346634
22020 -346611
22050 -346611
22080 -346611
22110 -346611
22140 -346593
22170 -346593
22200 -346530
22230 -346530
22260 -346526
22290 -346524
22320 -346501
22350 -346501
22380 -346500
22410 -346492
22440 -346492
22470 -346478
22500 -346477
22530 -346477
22560 -346473
22590 -346473
22620 -346460
22650 -346458
22680 -346432
22710 -346432
22740 -346385
22770 -346377
22800 -346355
22830 -346315
22860 -346304
22890 -346290
22920 -346283
22950 -346276
22980 -346265
23010 -346238
23040 -346232
23070 -346231
23100 -346224
23130 -346224
23160 -346221
23190 -346206
23220 -346206
23250 -346198
23280 -346125
23310 -346122
23340 -346101
23370 -346020
23400 -345902
23430 -345893
23460 -345880
23490 -345872
23520 -345872
23550 -345872
23580 -345872
23610 -345867
23640 -345867
23670 -345862
23700 -345837
23730 -345835
23760 -345835
23790 -345829
23820 -345803
23850 -345803
23880 -345803
23910 -345790
23940 -345780
23970 -345780
24000 -345780
24030 -345777
24060 -345719
24090 -345716
24120 -345712
24150 -345685
24180 -345685
24210 -345660
24240 -345636
24270 -345594
24300 -345557
24330 -345556
24360 -345529
24390 -345515
24420 -345514
24450 -345513
24480 -345513
24510 -345513
24540 -345513
24570 -345506
24600 -345506
24630 -345501
24660 -345497
24690 -345478
24720 -345476
24750 -345414
24780 -345414
24810 -345390
24840 -345389
24870 -345389
24900 -345380
24930 -345379
24960 -345379
24990 -345375
25020 -345375
25050 -345375
25080 -345375
25110 -345366
25140 -345366
25170 -345331
25200 -345331
25230 -345316
25260 -345316
25290 -345316
25320 -345316
25350 -345314
25380 -345311
25410 -345305
25440 -345305
25470 -345278
25500 -345274
25530 -345274
25560 -345274
25590 -345272
25620 -345266
25650 -345218
25680 -345218
25710 -345213
25740 -345196
25770 -345180
25800 -345180
25830 -345172
25860 -345172
25890 -345165
25920 -345140
25950 -345130
25980 -345129
26010 -345129
26040 -345128
26070 -345128
26100 -345120
26130 -345120
26160 -345113
26190 -345095
26220 -345095
26250 -345094
26280 -345094
26310 -345089
26340 -345088
26370 -345077
26400 -345067
26430 -345067
26460 -345066
26490 -345066
26520 -345058
26550 -345058
26580 -345055
26610 -345051
26640 -345051
26670 -345046
26700 -345046
26730 -345041
26760 -345026
26790 -345026
26820 -345025
26850 -345016
26880 -345013
26910 -345013
26940 -345006
26970 -345003
27000 -345003
27030 -344970
27060 -344958
27090 -344955
27120 -344955
27150 -344899
27180 -344871
27210 -344846
27240 -344843
27270 -344828
27300 -344828
27330 -344797
27360 -344797
27390 -344795
27420 -344783
27450 -344782
27480 -344782
27510 -344782
27540 -344780
27570 -344757
27600 -344750
27630 -344740
27660 -344734
27690 -344734
27720 -344734
27750 -344712
27780 -344705
27810 -344703
27840 -344697
27870 -344696
27900 -344690
27930 -344686
27960 -344683
27990 -344674
28020 -344665
28050 -344665
28080 -344661
28110 -344654
28140 -344654
28170 -344654
28200 -344643
28230 -344618
28260 -344587
28290 -344580
28320 -344578
28350 -344553
28380 -344521
28410 -344510
28440 -344507
28470 -344507
28500 -344507
28530 -344507
28560 -344507
28590 -344500
28620 -344493
28650 -344492
28680 -344467
28710 -344453
28740 -344443
28770 -344443
28800 -344443
28830 -344427
28860 -344417
28890 -344417
28920 -344409
28950 -344409
28980 -344408
29010 -344400
29040 -344397
29070 -344356
29100 -344356
29130 -344320
29160 -344314
29190 -344313
29220 -344293
29250 -344279
29280 -344224
29310 -344224
29340 -344224
29370 -344224
29400 -344187
29430 -344187
29460 -344168
29490 -344168
29520 -344157
29550 -344152
29580 -344152
29610 -344102
29640 -344087
29670 -344087
29700 -344087
29730 -344085
29760 -344085
29790 -344084
29820 -344081
29850 -344080
29880 -344077
29910 -344077
29940 -344077
29970 -344073
30000 -344061
30030 -344045
30060 -344039
30090 -344034
30120 -344034
30150 -344034
30180 -344034
30210 -344030
30240 -344030
30270 -344030
30300 -344008
30330 -344008
30360 -344008
30390 -344008
30420 -344001
30450 -343998
30480 -343998
30510 -343990
30540 -343987
30570 -343987
30600 -343964
30630 -343964
30660 -343927
30690 -343927
30720 -343924
30750 -343920
30780 -343920
30810 -343918
30840 -343918
30870 -343916
30900 -343909
30930 -343909
30960 -343901
30990 -343900
31020 -343900
31050 -343861
31080 -343816
31110 -343809
31140 -343809
31170 -343790
31200 -343761
31230 -343740
31260 -343739
31290 -343672
31320 -343667
31350 -343664
31380 -343664
31410 -343625
31440 -343625
31470 -343580
31500 -343580
31530 -343579
31560 -343579
31590 -343578
31620 -343547
31650 -343547
31680 -343512
31710 -343512
31740 -343476
31770 -343455
31800 -343422
31830 -343406
31860 -343382
31890 -343382
31920 -343372
31950 -343372
31980 -343371
32010 -343369
32040 -343345
32070 -343345
32100 -343342
32130 -343337
32160 -343337
32190 -343337
32220 -343331
32250 -343326
32280 -343319
32310 -343310
32340 -343300
32370 -343300
32400 -343299
32430 -343298
32460 -343298
32490 -343271
32520 -343235
32550 -343235
32580 -343235
32610 -343212
32640 -343211
32670 -343211
32700 -343211
32730 -343208
32760 -343204
32790 -343204
32820 -343200
32850 -343194
32880 -343194
32910 -343191
32940 -343190
32970 -343190
33000 -343166
33030 -343166
33060 -343164
33090 -343135
33120 -343121
33150 -343120
33180 -343120
33210 -343120
33240 -343116
33270 -343116
33300 -343112
33330 -343112
33360 -343109
33390 -343102
33420 -343092
33450 -343092
33480 -343092
33510 -343078
33540 -343078
33570 -343078
33600 -343066
33630 -343066
33660 -343066
33690 -343062
33720 -343044
33750 -343041
33780 -343040
33810 -343040
33840 -343040
33870 -343040
33900 -343038
33930 -343031
33960 -343021
33990 -342902
34020 -342901
34050 -342901
34080 -342898
34110 -342894
34140 -342894
34170 -342885
34200 -342885
34230 -342856
34260 -342855
34290 -342838
34320 -342838
34350 -342838
34380 -342838
34410 -342836
34440 -342836
34470 -342818
34500 -342818
34530 -342818
34560 -342817
34590 -342817
34620 -342808
34650 -342764
34680 -342762
34710 -342755
34740 -342753
34770 -342747
34800 -342744
34830 -342744
34860 -342744
34890 -342743
34920 -342743
34950 -342743
34980 -342743
35010 -342728
35040 -342685
35070 -342685
35100 -342679
35130 -342679
35160 -342679
35190 -342679
35220 -342679
35250 -342676
35280 -342666
35310 -342630
35340 -342626
35370 -342585
35400 -342545
35430 -342542
35460 -342542
35490 -342525
35520 -342512
35550 -342512
35580 -342496
35610 -342473
35640 -342473
35670 -342473
35700 -342473
35730 -342452
35760 -342452
35790 -342445
35820 -342429
35850 -342429
35880 -342429
35910 -342427
35940 -342412
35970 -342412
36000 -342412
36030 -342409
36060 -342388
36090 -342388
36120 -342388
36150 -342368
36180 -342368
36210 -342367
36240 -342312
36270 -342305
36300 -342299
36330 -342299
36360 -342299
36390 -342293
36420 -342293
36450 -342280
36480 -342276
36510 -342276
36540 -342276
36570 -342276
36600 -342276
36630 -342275
36660 -342254
36690 -342240
36720 -342239
36750 -342225
36780 -342220
36810 -342220
36840 -342207
36870 -342207
36900 -342203
36930 -342203
36960 -342203
36990 -342202
37020 -342198
37050 -342187
37080 -342187
37110 -342185
37140 -342180
37170 -342180
37200 -342126
37230 -342123
37260 -342123
37290 -342123
37320 -342120
37350 -342085
37380 -342064
37410 -342064
37440 -342057
37470 -342057
37500 -342043
37530 -342043
37560 -342043
37590 -342043
37620 -342043
37650 -342043
37680 -342043
37710 -342040
37740 -342038
37770 -342023
37800 -342023
37830 -342023
37860 -342023
37890 -342008
37920 -341974
37950 -341974
37980 -341974
38010 -341955
38040 -341955
38070 -341930
38100 -341924
38130 -341924
38160 -341923
38190 -341919
38220 -341917
38250 -341917
38280 -341917
38310 -341917
38340 -341917
38370 -341911
38400 -341911
38430 -341897
38460 -341896
38490 -341888
38520 -341888
38550 -341883
38580 -341874
38610 -341874
38640 -341865
38670 -341865
38700 -341851
38730 -341835
38760 -341835
38790 -341835
38820 -341835
38850 -341817
38880 -341817
38910 -341817
38940 -341817
38970 -341816
39000 -341816
39030 -341816
39060 -341815
39090 -341815
39120 -341815
39150 -341815
39180 -341814
39210 -341805
39240 -341805
39270 -341794
39300 -341787
39330 -341781
39360 -341781
39390 -341781
39420 -341780
39450 -341780
39480 -341776
39510 -341776
39540 -341776
39570 -341775
39600 -341775
39630 -341775
39660 -341775
39690 -341775
39720 -341775
39750 -341764
39780 -341760
39810 -341760
39840 -341752
39870 -341743
39900 -341695
39930 -341695
39960 -341694
39990 -341694
40020 -341690
40050 -341685
40080 -341680
40110 -341678
40140 -341675
40170 -341663
40200 -341660
40230 -341657
40260 -341656
40290 -341655
40320 -341655
40350 -341649
40380 -341647
40410 -341646
40440 -341646
40470 -341645
40500 -341642
40530 -341642
40560 -341637
40590 -341636
40620 -341636
40650 -341636
40680 -341636
40710 -341631
40740 -341631
40770 -341631
40800 -341617
40830 -341617
40860 -341617
40890 -341617
40920 -341617
40950 -341617
40980 -341617
41010 -341595
41040 -341595
41070 -341561
41100 -341561
41130 -341561
41160 -341561
41190 -341561
41220 -341561
41250 -341561
41280 -341548
41310 -341516
41340 -341516
41370 -341512
41400 -341506
41430 -341492
41460 -341492
41490 -341477
41520 -341477
41550 -341477
41580 -341446
41610 -341445
41640 -341443
41670 -341438
41700 -341438
41730 -341438
41760 -341433
41790 -341431
41820 -341428
41850 -341423
41880 -341423
41910 -341379
41940 -341378
41970 -341374
42000 -341364
42030 -341364
42060 -341358
42090 -341358
42120 -341354
42150 -341354
42180 -341316
42210 -341308
42240 -341304
42270 -341304
42300 -341302
42330 -341302
42360 -341302
42390 -341302
42420 -341302
42450 -341301
42480 -341274
42510 -341274
42540 -341272
42570 -341272
42600 -341271
42630 -341270
42660 -341270
42690 -341267
42720 -341267
42750 -341267
42780 -341253
42810 -341253
42840 -341243
42870 -341239
42900 -341239
42930 -341233
42960 -341188
42990 -341164
43020 -341164
43050 -341153
43080 -341153
43110 -341153
43140 -341124
43170 -341120
43200 -341120
43230 -341115
43260 -341114
43290 -341114
43320 -341113
43350 -341113
43380 -341113
43410 -341103
43440 -341103
43470 -341092
43500 -341092
43530 -341062
43560 -341038
43590 -341019
43620 -341008
43650 -341008
43680 -341008
43710 -341008
43740 -341001
43770 -340997
43800 -340925
43830 -340924
43860 -340923
43890 -340923
43920 -340923
43950 -340923
43980 -340923
44010 -340923
44040 -340910
44070 -340910
44100 -340909
44130 -340892
44160 -340892
44190 -340892
44220 -340845
44250 -340845
44280 -340842
44310 -340831
44340 -340831
44370 -340831
44400 -340831
44430 -340830
44460 -340830
44490 -340830
44520 -340819
44550 -340794
44580 -340791
44610 -340781
44640 -340781
44670 -340781
44700 -340769
44730 -340769
44760 -340769
44790 -340768
44820 -340768
44850 -340768
44880 -340767
44910 -340767
44940 -340765
44970 -340749
45000 -340737
45030 -340721
45060 -340721
45090 -340690
45120 -340690
45150 -340686
45180 -340677
45210 -340664
45240 -340660
45270 -340660
45300 -340660
45330 -340652
45360 -340652
45390 -340652
45420 -340652
45450 -340652
45480 -340652
45510 -340652
45540 -340616
45570 -340605
45600 -340605
45630 -340601
45660 -340600
45690 -340600
45720 -340600
45750 -340600
45780 -340598
45810 -340598
45840 -340598
45870 -340596
45900 -340596
45930 -340583
45960 -340583
45990 -340581
46020 -340573
46050 -340573
46080 -340573
46110 -340572
46140 -340572
46170 -340572
46200 -340572
46230 -340572
46260 -340571
46290 -340571
46320 -340565
46350 -340528
46380 -340524
46410 -340522
46440 -340519
46470 -340519
46500 -340512
46530 -340506
46560 -340506
46590 -340506
46620 -340506
46650 -340506
46680 -340502
46710 -340502
46740 -340502
46770 -340494
46800 -340484
46830 -340472
46860 -340472
46890 -340472
46920 -340471
46950 -340471
46980 -340468
47010 -340448
47040 -340441
47070 -340441
47100 -340440
47130 -340440
47160 -340437
47190 -340414
47220 -340404
47250 -340399
47280 -340399
47310 -340399
47340 -340366
47370 -340350
47400 -340350
47430 -340343
47460 -340343
47490 -340340
47520 -340337
47550 -340337
47580 -340337
47610 -340337
47640 -340331
47670 -340331
47700 -340331
47730 -340331
47760 -340331
47790 -340331
47820 -340329
47850 -340285
47880 -340252
47910 -340252
47940 -340252
47970 -340246
48000 -340246
48030 -340243
48060 -340243
48090 -340240
48120 -340204
48150 -340204
48180 -340201
48210 -340201
48240 -340201
48270 -340201
48300 -340200
48330 -340196
48360 -340196
48390 -340194
48420 -340194
48450 -340189
48480 -340188
48510 -340184
48540 -340184
48570 -340184
48600 -340181
48630 -340181
48660 -340181
48690 -340174
48720 -340174
48750 -340174
48780 -340174
48810 -340174
48840 -340174
48870 -340174
48900 -340144
48930 -340142
48960 -340142
48990 -340142
49020 -340132
49050 -340132
49080 -340132
49110 -340132
49140 -340122
49170 -340120
49200 -340053
49230 -340050
49260 -340040
49290 -340020
49320 -340020
49350 -340020
49380 -340020
49410 -340020
49440 -340020
49470 -340020
49500 -340008
49530 -340008
49560 -340008
49590 -340008
49620 -340008
49650 -340008
49680 -339996
49710 -339996
49740 -339996
49770 -339996
49800 -339996
49830 -339948
49860 -339942
49890 -339932
49920 -339932
49950 -339932
49980 -339932
50010 -339931
50040 -339931
50070 -339929
50100 -339927
50130 -339925
50160 -339925
50190 -339920
50220 -339914
50250 -339914
50280 -339914
50310 -339914
50340 -339914
50370 -339914
50400 -339914
50430 -339914
50460 -339914
50490 -339912
50520 -339912
50550 -339912
50580 -339912
50610 -339862
50640 -339862
50670 -339862
50700 -339862
50730 -339862
50760 -339862
50790 -339859
50820 -339859
50850 -339859
50880 -339853
50910 -339852
50940 -339850
50970 -339850
51000 -339850
51030 -339849
51060 -339849
51090 -339849
51120 -339849
51150 -339828
51180 -339827
51210 -339827
51240 -339827
51270 -339826
51300 -339826
51330 -339826
51360 -339826
51390 -339826
51420 -339826
51450 -339826
51480 -339826
51510 -339826
51540 -339824
51570 -339824
51600 -339816
51630 -339816
51660 -339816
51690 -339815
51720 -339804
51750 -339804
51780 -339804
51810 -339803
51840 -339800
51870 -339800
51900 -339800
51930 -339800
51960 -339767
51990 -339766
52020 -339766
52050 -339686
52080 -339686
52110 -339684
52140 -339684
52170 -339669
52200 -339659
52230 -339641
52260 -339640
52290 -339639
52320 -339629
52350 -339611
52380 -339610
52410 -339610
52440 -339607
52470 -339607
52500 -339607
52530 -339607
52560 -339605
52590 -339605
52620 -339605
52650 -339605
52680 -339605
52710 -339585
52740 -339585
52770 -339576
52800 -339574
52830 -339571
52860 -339569
52890 -339567
52920 -339567
52950 -339567
52980 -339563
53010 -339563
53040 -339563
53070 -339543
53100 -339533
53130 -339528
53160 -339528
53190 -339528
53220 -339517
53250 -339517
53280 -339517
53310 -339474
53340 -339474
53370 -339472
53400 -339465
53430 -339465
53460 -339465
53490 -339465
53520 -339456
53550 -339452
53580 -339452
53610 -339450
53640 -339450
53670 -339450
53700 -339450
53730 -339448
53760 -339448
53790 -339448
53820 -339435
53850 -339435
53880 -339435
53910 -339435
53940 -339428
53970 -339424
54000 -339414
54030 -339365
54060 -339365
54090 -339365
54120 -339365
54150 -339364
54180 -339362
54210 -339359
54240 -339358
54270 -339354
54300 -339353
54330 -339353
54360 -339353
54390 -339353
54420 -339353
54450 -339321
54480 -339317
54510 -339317
54540 -339317
54570 -339305
54600 -339303
54630 -339302
54660 -339302
54690 -339302
54720 -339302
54750 -339295
54780 -339281
54810 -339281
54840 -339241
54870 -339238
54900 -339222
54930 -339222
54960 -339222
54990 -339222
55020 -339220
55050 -339220
55080 -339211
55110 -339211
55140 -339211
55170 -339190
55200 -339188
55230 -339170
55260 -339170
55290 -339170
55320 -339170
55350 -339170
55380 -339163
55410 -339158
55440 -339158
55470 -339129
55500 -339129
55530 -339123
55560 -339123
55590 -339123
55620 -339123
55650 -339123
55680 -339117
55710 -339117
55740 -339110
55770 -339110
55800 -339110
55830 -339110
55860 -339110
55890 -339090
55920 -339090
55950 -339089
55980 -339089
56010 -339089
56040 -339089
56070 -339034
56100 -339034
56130 -339031
56160 -339031
56190 -339030
56220 -339022
56250 -339022
56280 -339022
56310 -339009
56340 -338999
56370 -338999
56400 -338992
56430 -338991
56460 -338990
56490 -338990
56520 -338990
56550 -338990
56580 -338988
56610 -338988
56640 -338988
56670 -338968
56700 -338968
56730 -338968
56760 -338968
56790 -338968
56820 -338968
56850 -338962
56880 -338962
56910 -338957
56940 -338957
56970 -338957
57000 -338955
57030 -338953
57060 -338945
57090 -338945
57120 -338945
57150 -338945
57180 -338938
57210 -338931
57240 -338928
57270 -338928
57300 -338926
57330 -338926
57360 -338924
57390 -338924
57420 -338922
57450 -338922
57480 -338922
57510 -338918
57540 -338918
57570 -338918
57600 -338918
57630 -338918
57660 -338918
57690 -338917
57720 -338917
57750 -338917
57780 -338917
57810 -338917
57840 -338917
57870 -338917
57900 -338909
57930 -338900
