60 -471692
90 -470420
120 -468814
150 -468093
180 -467243
210 -465914
240 -465310
270 -465057
300 -464691
330 -463932
360 -462810
390 -462466
420 -461560
450 -460914
480 -460416
510 -459966
540 -459327
570 -458955
600 -458753
630 -458167
660 -457688
690 -457662
720 -457531
750 -457160
780 -456882
810 -456630
840 -456495
870 -456388
900 -456271
930 -456157
960 -456119
990 -455959
1020 -455825
1050 -455272
1080 -455025
1110 -454599
1140 -454541
1170 -454282
1200 -454209
1230 -454055
1260 -453777
1290 -453626
1320 -453217
1350 -453145
1380 -452982
1410 -452817
1440 -452772
1470 -452495
1500 -452328
1530 -452210
1560 -452147
1590 -451850
1620 -451693
1650 -451401
1680 -451109
1710 -450998
1740 -450883
1770 -450703
1800 -450490
1830 -450352
1860 -450140
1890 -449851
1920 -449744
1950 -449698
1980 -449690
2010 -449654
2040 -449605
2070 -449532
2100 -449433
2130 -449372
2160 -449103
2190 -449103
2220 -448803
2250 -448725
2280 -448635
2310 -448414
2340 -448363
2370 -448236
2400 -448069
2430 -447966
2460 -447910
2490 -447880
2520 -447630
2550 -447628
2580 -447587
2610 -447548
2640 -447180
2670 -447152
2700 -447072
2730 -447039
2760 -446995
2790 -446926
2820 -446761
2850 -446640
2880 -446592
2910 -446562
2940 -446503
2970 -446162
3000 -446089
3030 -445927
3060 -445851
3090 -445808
3120 -445664
3150 -445624
3180 -445419
3210 -445311
3240 -445227
3270 -445053
3300 -444820
3330 -444748
3360 -444607
3390 -444464
3420 -444390
3450 -444385
3480 -444248
3510 -444203
3540 -444164
3570 -444109
3600 -444104
3630 -444061
3660 -444026
3690 -443753
3720 -443703
3750 -443692
3780 -443658
3810 -443631
3840 -443535
3870 -443371
3900 -443270
3930 -443270
3960 -443174
3990 -443069
4020 -443034
4050 -442950
4080 -442943
4110 -442916
4140 -442894
4170 -442634
4200 -442599
4230 -442573
4260 -442468
4290 -442468
4320 -442453
4350 -442452
4380 -442429
4410 -442263
4440 -442253
4470 -442247
4500 -442097
4530 -442049
4560 -441874
4590 -441798
4620 -441546
4650 -441380
4680 -441326
4710 -441312
4740 -441204
4770 -441121
4800 -441092
4830 -441062
4860 -440933
4890 -440925
4920 -440877
4950 -440686
4980 -440643
5010 -440451
5040 -440410
5070 -440351
5100 -440312
5130 -440306
5160 -440292
5190 -440282
5220 -440282
5250 -440217
5280 -440129
5310 -440124
5340 -440066
5370 -439985
5400 -439967
5430 -439967
5460 -439967
5490 -439937
5520 -439927
5550 -439583
5580 -439386
5610 -439386
5640 -439382
5670 -439382
5700 -439363
5730 -439363
5760 -439232
5790 -439209
5820 -439173
5850 -439107
5880 -439106
5910 -439091
5940 -439091
5970 -439081
6000 -439015
6030 -439011
6060 -438931
6090 -438892
6120 -438882
6150 -438871
6180 -438839
6210 -438820
6240 -438805
6270 -438532
6300 -438516
6330 -438340
6360 -438176
6390 -438175
6420 -438091
6450 -438061
6480 -438026
6510 -438006
6540 -438006
6570 -437940
6600 -437861
6630 -437730
6660 -437702
6690 -437680
6720 -437680
6750 -437677
6780 -437669
6810 -437573
6840 -437518
6870 -437518
6900 -437518
6930 -437514
6960 -437490
6990 -437338
7020 -437337
7050 -437333
7080 -437333
7110 -437333
7140 -437275
7170 -437264
7200 -437228
7230 -437151
7260 -437151
7290 -437151
7320 -437117
7350 -437074
7380 -437065
7410 -437055
7440 -437053
7470 -436958
7500 -436939
7530 -436902
7560 -436881
7590 -436881
7620 -436881
7650 -436881
7680 -436769
7710 -436769
7740 -436764
7770 -436719
7800 -436709
7830 -436696
7860 -436690
7890 -436690
7920 -436676
7950 -436676
7980 -436613
8010 -436603
8040 -436596
8070 -436553
8100 -436553
8130 -436553
8160 -436549
8190 -436526
8220 -436523
8250 -436513
8280 -436499
8310 -436479
8340 -436414
8370 -436212
8400 -436212
8430 -436181
8460 -436181
8490 -436172
8520 -436172
8550 -436129
8580 -436120
8610 -436075
8640 -436071
8670 -436071
8700 -436071
8730 -436071
8760 -436055
8790 -436032
8820 -436025
8850 -436020
8880 -436008
8910 -435966
8940 -435966
8970 -435966
9000 -435966
9030 -435966
9060 -435960
9090 -435942
9120 -435891
9150 -435891
9180 -435863
9210 -435863
9240 -435813
9270 -435812
9300 -435810
9330 -435810
9360 -435805
9390 -435796
9420 -435774
9450 -435774
9480 -435765
9510 -435753
9540 -435737
9570 -435737
9600 -435710
9630 -435657
9660 -435602
9690 -435589
9720 -435589
9750 -435357
9780 -435347
9810 -435347
9840 -435329
9870 -435329
9900 -435329
9930 -435329
9960 -435329
9990 -435329
10020 -435300
10050 -435284
10080 -435192
10110 -435192
10140 -435192
10170 -435165
10200 -435165
10230 -435140
10260 -435140
10290 -435090
10320 -435088
10350 -435069
10380 -434950
10410 -434926
10440 -434910
10470 -434910
10500 -434910
10530 -434897
10560 -434897
10590 -434888
10620 -434874
10650 -434842
10680 -434835
10710 -434835
10740 -434769
10770 -434728
10800 -434719
10830 -434719
10860 -434718
10890 -434712
10920 -434696
10950 -434687
10980 -434658
11010 -434658
11040 -434649
11070 -434642
11100 -434618
11130 -434597
11160 -434597
11190 -434559
11220 -434445
11250 -434433
11280 -434432
11310 -434431
11340 -434375
11370 -434362
11400 -434362
11430 -434324
11460 -434290
11490 -434290
11520 -434290
11550 -434282
11580 -434278
11610 -434274
11640 -434273
11670 -434273
11700 -434219
11730 -434214
11760 -434188
11790 -434179
11820 -434179
11850 -434179
11880 -434179
11910 -434179
11940 -434094
11970 -434082
12000 -434062
12030 -434008
12060 -434004
12090 -433995
12120 -433892
12150 -433880
12180 -433875
12210 -433871
12240 -433843
12270 -433829
12300 -433762
12330 -433762
12360 -433762
12390 -433758
12420 -433758
12450 -433737
12480 -433737
12510 -433726
12540 -433726
12570 -433726
12600 -433726
12630 -433706
12660 -433688
12690 -433688
12720 -433673
12750 -433673
12780 -433596
12810 -433596
12840 -433594
12870 -433594
12900 -433594
12930 -433585
12960 -433583
12990 -433561
13020 -433558
13050 -433558
13080 -433558
13110 -433554
13140 -433535
13170 -433528
13200 -433494
13230 -433494
13260 -433494
13290 -433484
13320 -433484
13350 -433484
13380 -433484
13410 -433471
13440 -433471
13470 -433471
13500 -433464
13530 -433463
13560 -433399
13590 -433393
13620 -433374
13650 -433334
13680 -433334
13710 -433330
13740 -433281
13770 -433281
13800 -433256
13830 -433214
13860 -433138
13890 -433132
13920 -433132
13950 -433097
13980 -433080
14010 -433053
14040 -433053
14070 -433027
14100 -433027
14130 -433017
14160 -433017
14190 -433008
14220 -433007
14250 -432986
14280 -432986
14310 -432948
14340 -432936
14370 -432902
14400 -432881
14430 -432862
14460 -432856
14490 -432852
14520 -432845
14550 -432845
14580 -432845
14610 -432845
14640 -432845
14670 -432825
14700 -432772
14730 -432747
14760 -432747
14790 -432747
14820 -432743
14850 -432717
14880 -432717
14910 -432675
14940 -432671
14970 -432671
15000 -432657
15030 -432657
15060 -432649
15090 -432649
15120 -432637
15150 -432637
15180 -432637
15210 -432584
15240 -432584
15270 -432583
15300 -432570
15330 -432555
15360 -432517
15390 -432511
15420 -432511
15450 -432511
15480 -432511
15510 -432511
15540 -432498
15570 -432487
15600 -432432
15630 -432428
15660 -432426
15690 -432415
15720 -432404
15750 -432404
15780 -432404
15810 -432355
15840 -432338
15870 -432338
15900 -432291
15930 -432291
15960 -432284
15990 -432284
16020 -432284
16050 -432284
16080 -432240
16110 -432240
16140 -432231
16170 -432217
16200 -432217
16230 -432134
16260 -432114
16290 -432114
16320 -432096
16350 -432068
16380 -432068
16410 -432068
16440 -432057
16470 -432057
16500 -432053
16530 -432051
16560 -432051
16590 -432051
16620 -432043
16650 -432038
16680 -432038
16710 -432020
16740 -432008
16770 -431992
16800 -431992
16830 -431992
16860 -431992
16890 -431992
16920 -431968
16950 -431965
16980 -431913
17010 -431910
17040 -431653
17070 -431653
17100 -431645
17130 -431644
17160 -431642
17190 -431627
17220 -431620
17250 -431620
17280 -431618
17310 -431618
17340 -431618
17370 -431618
17400 -431586
17430 -431567
17460 -431567
17490 -431564
17520 -431550
17550 -431550
17580 -431549
17610 -431549
17640 -431549
17670 -431549
17700 -431549
17730 -431542
17760 -431542
17790 -431538
17820 -431528
17850 -431509
17880 -431508
17910 -431502
17940 -431424
17970 -431349
18000 -431343
18030 -431343
18060 -431321
18090 -431321
18120 -431321
18150 -431264
18180 -431259
18210 -431243
18240 -431243
18270 -431239
18300 -431239
18330 -431191
18360 -431191
18390 -431191
18420 -431191
18450 -431191
18480 -431191
18510 -431187
18540 -431187
18570 -431187
18600 -431187
18630 -431184
18660 -431184
18690 -431135
18720 -431135
18750 -431131
18780 -431123
18810 -431119
18840 -431119
18870 -431085
18900 -431085
18930 -431085
18960 -431084
18990 -431084
19020 -431015
19050 -431015
19080 -431008
19110 -431007
19140 -430985
19170 -430979
19200 -430978
19230 -430978
19260 -430976
19290 -430976
19320 -430973
19350 -430968
19380 -430968
19410 -430962
19440 -430954
19470 -430954
19500 -430954
19530 -430954
19560 -430949
19590 -430949
19620 -430893
19650 -430893
19680 -430882
19710 -430880
19740 -430824
19770 -430795
19800 -430795
19830 -430768
19860 -430732
19890 -430732
19920 -430732
19950 -430690
19980 -430655
20010 -430655
20040 -430648
20070 -430639
20100 -430639
20130 -430639
20160 -430630
20190 -430630
20220 -430588
20250 -430576
20280 -430574
20310 -430555
20340 -430536
20370 -430512
20400 -430507
20430 -430498
20460 -430474
20490 -430474
20520 -430468
20550 -430468
20580 -430453
20610 -430453
20640 -430453
20670 -430447
20700 -430409
20730 -430398
20760 -430392
20790 -430388
20820 -430388
20850 -430386
20880 -430386
20910 -430386
20940 -430385
20970 -430385
21000 -430375
21030 -430366
21060 -430358
21090 -430204
21120 -430204
21150 -430203
21180 -430203
21210 -430202
21240 -430202
21270 -430165
21300 -430165
21330 -430157
21360 -430149
21390 -430149
21420 -430149
21450 -430143
21480 -430124
21510 -430120
21540 -430120
21570 -430116
21600 -430044
21630 -430041
21660 -430041
21690 -430020
21720 -430017
21750 -430017
21780 -430016
21810 -430016
21840 -430014
21870 -429994
21900 -429968
21930 -429947
21960 -429941
21990 -429941
22020 -429934
22050 -429913
22080 -429898
22110 -429898
22140 -429887
22170 -429887
22200 -429864
22230 -429859
22260 -429858
22290 -429823
22320 -429815
22350 -429704
22380 -429704
22410 -429704
22440 -429660
22470 -429660
22500 -429650
22530 -429650
22560 -429644
22590 -429642
22620 -429640
22650 -429640
22680 -429639
22710 -429639
22740 -429635
22770 -429635
22800 -429635
22830 -429635
22860 -429591
22890 -429589
22920 -429589
22950 -429589
22980 -429589
23010 -429589
23040 -429589
23070 -429589
23100 -429580
23130 -429555
23160 -429555
23190 -429555
23220 -429555
23250 -429555
23280 -429509
23310 -429499
23340 -429499
23370 -429491
23400 -429487
23430 -429487
23460 -429487
23490 -429487
23520 -429480
23550 -429480
23580 -429480
23610 -429461
23640 -429455
23670 -429455
23700 -429413
23730 -429402
23760 -429396
23790 -429396
23820 -429387
23850 -429378
23880 -429367
23910 -429367
23940 -429363
23970 -429363
24000 -429363
24030 -429362
24060 -429335
24090 -429335
24120 -429299
24150 -429282
24180 -429282
24210 -429282
24240 -429282
24270 -429271
24300 -429271
24330 -429271
24360 -429271
24390 -429271
24420 -429271
24450 -429262
24480 -429250
24510 -429250
24540 -429246
24570 -429218
24600 -429218
24630 -429218
24660 -429209
24690 -429209
24720 -429209
24750 -429209
24780 -429209
24810 -429198
24840 -429185
24870 -429182
24900 -429182
24930 -429182
24960 -429182
24990 -429157
25020 -429157
25050 -429149
25080 -429149
25110 -429130
25140 -429126
25170 -429126
25200 -429126
25230 -429126
25260 -429121
25290 -429065
25320 -429065
25350 -429050
25380 -429034
25410 -429034
25440 -429034
25470 -429033
25500 -429028
25530 -429012
25560 -429012
25590 -429001
25620 -429001
25650 -429001
25680 -428986
25710 -428986
25740 -428983
25770 -428966
25800 -428964
25830 -428962
25860 -428962
25890 -428926
25920 -428923
25950 -428923
25980 -428923
26010 -428877
26040 -428868
26070 -428862
26100 -428861
26130 -428855
26160 -428855
26190 -428855
26220 -428845
26250 -428845
26280 -428845
26310 -428841
26340 -428832
26370 -428831
26400 -428831
26430 -428828
26460 -428828
26490 -428828
26520 -428811
26550 -428811
26580 -428803
26610 -428802
26640 -428802
26670 -428802
26700 -428802
26730 -428796
26760 -428796
26790 -428796
26820 -428791
26850 -428790
26880 -428776
26910 -428758
26940 -428758
26970 -428758
27000 -428746
27030 -428746
27060 -428704
27090 -428690
27120 -428685
27150 -428668
27180 -428668
27210 -428653
27240 -428631
27270 -428631
27300 -428631
27330 -428611
27360 -428600
27390 -428584
27420 -428577
27450 -428577
27480 -428577
27510 -428566
27540 -428562
27570 -428552
27600 -428552
27630 -428552
27660 -428548
27690 -428548
27720 -428548
27750 -428541
27780 -428535
27810 -428535
27840 -428439
27870 -428432
27900 -428432
27930 -428432
27960 -428432
27990 -428432
28020 -428418
28050 -428415
28080 -428415
28110 -428409
28140 -428409
28170 -428409
28200 -428406
28230 -428406
28260 -428406
28290 -428406
28320 -428406
28350 -428406
28380 -428406
28410 -428402
28440 -428402
28470 -428308
28500 -428296
28530 -428296
28560 -428296
28590 -428288
28620 -428288
28650 -428243
28680 -428242
28710 -428239
28740 -428239
28770 -428239
28800 -428239
28830 -428234
28860 -428227
28890 -428227
28920 -428227
28950 -428190
28980 -428190
29010 -428190
29040 -428177
29070 -428177
29100 -428167
29130 -428125
29160 -428125
29190 -428125
29220 -428094
29250 -428066
29280 -428066
29310 -428066
29340 -428066
29370 -428063
29400 -428063
29430 -428053
29460 -428053
29490 -428053
29520 -428053
29550 -428051
29580 -428049
29610 -428049
29640 -428049
29670 -428049
29700 -428049
29730 -428049
29760 -428046
29790 -427971
29820 -427971
29850 -427971
29880 -427970
29910 -427900
29940 -427900
29970 -427900
30000 -427833
30030 -427825
30060 -427821
30090 -427821
30120 -427821
30150 -427821
30180 -427792
30210 -427791
30240 -427791
30270 -427784
30300 -427781
30330 -427757
30360 -427748
30390 -427748
30420 -427736
30450 -427725
30480 -427725
30510 -427712
30540 -427712
30570 -427712
30600 -427677
30630 -427664
30660 -427646
30690 -427646
30720 -427646
30750 -427590
30780 -427590
30810 -427590
30840 -427589
30870 -427589
30900 -427589
30930 -427576
30960 -427575
30990 -427575
31020 -427575
31050 -427575
31080 -427575
31110 -427551
31140 -427546
31170 -427509
31200 -427499
31230 -427499
31260 -427495
31290 -427495
31320 -427495
31350 -427495
31380 -427495
31410 -427495
31440 -427495
31470 -427489
31500 -427485
31530 -427485
31560 -427453
31590 -427453
31620 -427449
31650 -427449
31680 -427449
31710 -427449
31740 -427449
31770 -427441
31800 -427438
31830 -427438
31860 -427424
31890 -427424
31920 -427424
31950 -427418
31980 -427414
32010 -427414
32040 -427411
32070 -427411
32100 -427411
32130 -427411
32160 -427411
32190 -427385
32220 -427385
32250 -427375
32280 -427375
32310 -427375
32340 -427374
32370 -427374
32400 -427365
32430 -427365
32460 -427365
32490 -427364
32520 -427363
32550 -427307
32580 -427307
32610 -427307
32640 -427304
32670 -427292
32700 -427292
32730 -427292
32760 -427277
32790 -427277
32820 -427277
32850 -427277
32880 -427275
32910 -427274
32940 -427264
32970 -427258
33000 -427258
33030 -427236
33060 -427231
33090 -427216
33120 -427214
33150 -427210
33180 -427210
33210 -427180
33240 -427177
33270 -427177
33300 -427177
33330 -427175
33360 -427172
33390 -427172
33420 -427170
33450 -427170
33480 -427114
33510 -427114
33540 -427114
33570 -427105
33600 -427105
33630 -427105
33660 -427105
33690 -427105
33720 -427105
33750 -427105
33780 -427104
33810 -427102
33840 -427102
33870 -427060
33900 -427055
33930 -427052
33960 -427047
33990 -427047
34020 -427046
34050 -427046
34080 -427006
34110 -427006
34140 -427001
34170 -427001
34200 -426958
34230 -426958
34260 -426956
34290 -426956
34320 -426956
34350 -426956
34380 -426939
34410 -426939
34440 -426939
34470 -426939
34500 -426939
34530 -426937
34560 -426937
34590 -426931
34620 -426928
34650 -426890
34680 -426890
34710 -426887
34740 -426871
34770 -426870
34800 -426870
34830 -426859
34860 -426859
34890 -426853
34920 -426823
34950 -426822
34980 -426822
35010 -426816
35040 -426799
35070 -426782
35100 -426782
35130 -426781
35160 -426781
35190 -426781
35220 -426781
35250 -426744
35280 -426742
35310 -426742
35340 -426737
35370 -426737
35400 -426734
35430 -426734
35460 -426734
35490 -426734
35520 -426731
35550 -426731
35580 -426728
35610 -426728
35640 -426721
35670 -426721
35700 -426721
35730 -426721
35760 -426698
35790 -426698
35820 -426694
35850 -426670
35880 -426647
35910 -426647
35940 -426598
35970 -426598
36000 -426546
36030 -426522
36060 -426512
36090 -426511
36120 -426510
36150 -426510
36180 -426508
36210 -426508
36240 -426508
36270 -426508
36300 -426508
36330 -426503
36360 -426496
36390 -426496
36420 -426496
36450 -426496
36480 -426482
36510 -426482
36540 -426478
36570 -426478
36600 -426473
36630 -426473
36660 -426473
36690 -426464
36720 -426464
36750 -426464
36780 -426464
36810 -426458
36840 -426458
36870 -426404
36900 -426377
36930 -426377
36960 -426377
36990 -426377
37020 -426375
37050 -426375
37080 -426375
37110 -426349
37140 -426348
37170 -426333
37200 -426268
37230 -426268
37260 -426268
37290 -426268
37320 -426268
37350 -426268
37380 -426268
37410 -426268
37440 -426268
37470 -426264
37500 -426263
37530 -426255
37560 -426252
37590 -426243
37620 -426243
37650 -426243
37680 -426231
37710 -426231
37740 -426224
37770 -426202
37800 -426202
37830 -426202
37860 -426202
37890 -426202
37920 -426192
37950 -426192
37980 -426192
38010 -426177
38040 -426161
38070 -426154
38100 -426153
38130 -426149
38160 -426149
38190 -426148
38220 -426140
38250 -426140
38280 -426133
38310 -426129
38340 -426122
38370 -426122
38400 -426122
38430 -426117
38460 -426116
38490 -426090
38520 -426090
38550 -426071
38580 -426071
38610 -426071
38640 -426071
38670 -426062
38700 -426060
38730 -426050
38760 -426050
38790 -426050
38820 -426050
38850 -426039
38880 -426039
38910 -426039
38940 -426039
38970 -426039
39000 -426039
39030 -426036
39060 -426030
39090 -426030
39120 -426030
39150 -426027
39180 -426024
39210 -426024
39240 -426023
39270 -426023
39300 -425992
39330 -425983
39360 -425981
39390 -425980
39420 -425980
39450 -425980
39480 -425976
39510 -425976
39540 -425973
39570 -425970
39600 -425933
39630 -425863
39660 -425863
39690 -425863
39720 -425863
39750 -425852
39780 -425816
39810 -425816
39840 -425815
39870 -425809
39900 -425803
39930 -425801
39960 -425801
39990 -425799
40020 -425799
40050 -425799
40080 -425799
40110 -425796
40140 -425793
40170 -425780
40200 -425750
40230 -425750
40260 -425748
40290 -425748
40320 -425748
40350 -425748
40380 -425748
40410 -425748
40440 -425699
40470 -425683
40500 -425683
40530 -425683
40560 -425680
40590 -425680
40620 -425680
40650 -425675
40680 -425668
40710 -425668
40740 -425666
40770 -425655
40800 -425655
40830 -425655
40860 -425655
40890 -425650
40920 -425647
40950 -425647
40980 -425647
41010 -425629
41040 -425629
41070 -425629
41100 -425613
41130 -425612
41160 -425612
41190 -425612
41220 -425609
41250 -425609
41280 -425605
41310 -425603
41340 -425603
41370 -425536
41400 -425534
41430 -425534
41460 -425534
41490 -425481
41520 -425481
41550 -425453
41580 -425449
41610 -425449
41640 -425449
41670 -425449
41700 -425449
41730 -425449
41760 -425449
41790 -425434
41820 -425434
41850 -425434
41880 -425434
41910 -425434
41940 -425434
41970 -425419
42000 -425419
42030 -425408
42060 -425407
42090 -425407
42120 -425401
42150 -425397
42180 -425397
42210 -425393
42240 -425393
42270 -425393
42300 -425393
42330 -425393
42360 -425393
42390 -425380
42420 -425380
42450 -425380
42480 -425380
42510 -425380
42540 -425380
42570 -425380
42600 -425380
42630 -425380
42660 -425380
42690 -425380
42720 -425380
42750 -425380
42780 -425372
42810 -425372
42840 -425372
42870 -425372
42900 -425370
42930 -425370
42960 -425370
42990 -425370
43020 -425368
43050 -425368
43080 -425368
43110 -425368
43140 -425339
43170 -425339
43200 -425339
43230 -425339
43260 -425339
43290 -425339
43320 -425339
43350 -425339
43380 -425337
43410 -425337
43440 -425326
43470 -425326
43500 -425326
43530 -425326
43560 -425326
43590 -425326
43620 -425326
43650 -425326
43680 -425304
43710 -425304
43740 -425304
43770 -425304
43800 -425304
43830 -425300
43860 -425300
43890 -425292
43920 -425287
43950 -425287
43980 -425287
44010 -425283
44040 -425282
44070 -425273
44100 -425273
44130 -425273
44160 -425273
44190 -425273
44220 -425273
44250 -425272
44280 -425272
44310 -425272
44340 -425268
44370 -425268
44400 -425268
44430 -425268
44460 -425268
44490 -425268
44520 -425268
44550 -425268
44580 -425260
44610 -425260
44640 -425251
44670 -425251
44700 -425251
44730 -425247
44760 -425247
44790 -425247
44820 -425245
44850 -425245
44880 -425245
44910 -425239
44940 -425239
44970 -425239
45000 -425239
45030 -425239
45060 -425213
45090 -425209
45120 -425209
45150 -425194
45180 -425193
45210 -425193
45240 -425184
45270 -425184
45300 -425184
45330 -425182
45360 -425182
45390 -425182
45420 -425177
45450 -425176
45480 -425176
45510 -425176
45540 -425176
45570 -425168
45600 -425168
45630 -425168
45660 -425168
45690 -425168
45720 -425168
45750 -425168
45780 -425168
45810 -425168
45840 -425168
45870 -425168
45900 -425140
45930 -425139
45960 -425139
45990 -425139
46020 -425139
46050 -425139
46080 -425134
46110 -425134
46140 -425134
46170 -425133
46200 -425123
46230 -425082
46260 -425082
46290 -425082
46320 -425077
46350 -425077
46380 -425077
46410 -425077
46440 -425077
46470 -425077
46500 -425055
46530 -425053
46560 -425053
46590 -425053
46620 -425049
46650 -425049
46680 -425049
46710 -425049
46740 -425049
46770 -425049
46800 -425049
46830 -425049
46860 -425048
46890 -425048
46920 -425028
46950 -425028
46980 -425028
47010 -425025
47040 -425022
47070 -425020
47100 -425020
47130 -425012
47160 -425006
47190 -425006
47220 -425006
47250 -425000
47280 -424971
47310 -424971
47340 -424971
47370 -424968
47400 -424968
47430 -424966
47460 -424963
47490 -424963
47520 -424963
47550 -424925
47580 -424924
47610 -424924
47640 -424924
47670 -424924
47700 -424924
47730 -424903
47760 -424903
47790 -424903
47820 -424903
47850 -424903
47880 -424881
47910 -424881
47940 -424881
47970 -424881
48000 -424881
48030 -424881
48060 -424877
48090 -424877
48120 -424877
48150 -424859
48180 -424859
48210 -424859
48240 -424852
48270 -424852
48300 -424852
48330 -424847
48360 -424847
48390 -424847
48420 -424838
48450 -424838
48480 -424838
48510 -424835
48540 -424835
48570 -424806
48600 -424789
48630 -424789
48660 -424789
48690 -424789
48720 -424789
48750 -424787
48780 -424784
48810 -424784
48840 -424784
48870 -424783
48900 -424783
48930 -424783
48960 -424777
48990 -424777
49020 -424777
49050 -424750
49080 -424750
49110 -424750
49140 -424750
49170 -424750
49200 -424748
49230 -424748
49260 -424748
49290 -424748
49320 -424744
49350 -424744
49380 -424738
49410 -424738
49440 -424733
49470 -424706
49500 -424700
49530 -424700
49560 -424692
49590 -424692
49620 -424692
49650 -424692
49680 -424690
49710 -424688
49740 -424687
49770 -424687
49800 -424646
49830 -424646
49860 -424646
49890 -424646
49920 -424646
49950 -424646
49980 -424646
50010 -424646
50040 -424646
50070 -424568
50100 -424568
50130 -424568
50160 -424554
50190 -424554
50220 -424554
50250 -424554
50280 -424554
50310 -424554
50340 -424551
50370 -424551
50400 -424551
50430 -424551
50460 -424551
50490 -424547
50520 -424547
50550 -424537
50580 -424511
50610 -424506
50640 -424503
50670 -424500
50700 -424500
50730 -424500
50760 -424499
50790 -424499
50820 -424499
50850 -424499
50880 -424477
50910 -424471
50940 -424470
50970 -424470
51000 -424470
51030 -424470
51060 -424465
51090 -424465
51120 -424465
51150 -424465
51180 -424465
51210 -424465
51240 -424460
51270 -424453
51300 -424453
51330 -424453
51360 -424453
51390 -424444
51420 -424444
51450 -424444
51480 -424444
51510 -424438
51540 -424438
51570 -424419
51600 -424419
51630 -424419
51660 -424419
51690 -424419
51720 -424419
51750 -424412
51780 -424412
51810 -424412
51840 -424412
51870 -424412
51900 -424412
51930 -424412
51960 -424412
51990 -424361
52020 -424361
52050 -424361
52080 -424361
52110 -424360
52140 -424360
52170 -424355
52200 -424351
52230 -424351
52260 -424351
52290 -424351
52320 -424351
52350 -424344
52380 -424335
52410 -424335
52440 -424335
52470 -424331
52500 -424331
52530 -424331
52560 -424331
52590 -424327
52620 -424327
52650 -424327
52680 -424327
52710 -424322
52740 -424322
52770 -424317
52800 -424317
52830 -424317
52860 -424317
52890 -424317
52920 -424317
52950 -424315
52980 -424311
53010 -424302
53040 -424302
53070 -424302
53100 -424302
53130 -424302
53160 -424296
53190 -424293
53220 -424293
53250 -424283
53280 -424283
53310 -424283
53340 -424283
53370 -424283
53400 -424281
53430 -424281
53460 -424186
53490 -424186
53520 -424186
53550 -424181
53580 -424181
53610 -424180
53640 -424180
53670 -424179
53700 -424179
53730 -424179
53760 -424179
53790 -424179
53820 -424179
53850 -424179
53880 -424179
53910 -424179
53940 -424179
53970 -424179
54000 -424173
54030 -424162
54060 -424077
54090 -424077
54120 -424072
54150 -424072
54180 -424072
54210 -424072
54240 -424072
54270 -424072
54300 -424064
54330 -424063
54360 -424063
54390 -424063
54420 -424054
54450 -424045
54480 -424045
54510 -424045
54540 -424045
54570 -424045
54600 -424045
54630 -424045
54660 -424042
54690 -424042
54720 -424041
54750 -424041
54780 -424040
54810 -424040
54840 -424031
54870 -424028
54900 -424028
54930 -424028
54960 -423998
54990 -423998
55020 -423998
55050 -423998
55080 -423998
55110 -423996
55140 -423992
55170 -423992
55200 -423992
55230 -423983
55260 -423983
55290 -423981
55320 -423967
55350 -423966
55380 -423966
55410 -423962
55440 -423948
55470 -423948
55500 -423943
55530 -423943
55560 -423943
55590 -423943
55620 -423943
55650 -423940
55680 -423940
55710 -423940
55740 -423935
55770 -423935
55800 -423867
55830 -423865
55860 -423865
55890 -423865
55920 -423863
55950 -423863
55980 -423863
56010 -423859
56040 -423859
56070 -423858
56100 -423858
56130 -423858
56160 -423858
56190 -423857
56220 -423857
56250 -423857
56280 -423857
56310 -423857
56340 -423855
56370 -423850
56400 -423846
56430 -423846
56460 -423845
56490 -423845
56520 -423840
56550 -423837
56580 -423837
56610 -423837
56640 -423837
56670 -423837
56700 -423805
56730 -423805
56760 -423805
56790 -423803
56820 -423798
56850 -423798
56880 -423729
56910 -423701
56940 -423697
56970 -423697
57000 -423695
57030 -423695
57060 -423695
57090 -423694
57120 -423674
57150 -423674
57180 -423674
57210 -423674
57240 -423674
57270 -423674
57300 -423674
57330 -423674
57360 -423674
57390 -423674
57420 -423674
57450 -423674
57480 -423674
57510 -423674
57540 -423674
57570 -423671
57600 -423671
57630 -423671
57660 -423671
57690 -423671
57720 -423671
57750 -423671
57780 -423671
57810 -423670
57840 -423670
57870 -423670
57900 -423670
57930 -423670
57960 -423655
57990 -423645
58020 -423645
58050 -423645
58080 -423645
58110 -423645
58140 -423645
58170 -423613
58200 -423613
58230 -423613
58260 -423613
58290 -423613
58320 -423613
58350 -423606
58380 -423606
58410 -423602
58440 -423602
58470 -423602
58500 -423588
58530 -423588
58560 -423575
58590 -423575
58620 -423575
58650 -423541
58680 -423541
58710 -423541
58740 -423541
58770 -423541
58800 -423541
58830 -423535
58860 -423535
58890 -423535
58920 -423535
58950 -423535
58980 -423535
59010 -423535
59040 -423525
59070 -423525
59100 -423525
59130 -423525
59160 -423525
59190 -423524
59220 -423524
59250 -423524
59280 -423524
59310 -423524
59340 -423524
59370 -423524
59400 -423524
59430 -423516
59460 -423516
59490 -423516
59520 -423516
59550 -423516
59580 -423516
59610 -423491
59640 -423491
59670 -423433
59700 -423425
59730 -423425
59760 -423418
59790 -423418
59820 -423418
59850 -423418
59880 -423418
59910 -423418
59940 -423413
59970 -423413
60000 -423413
60030 -423413
60060 -423413
60090 -423413
60120 -423413
60150 -423413
60180 -423413
60210 -423413
60240 -423413
60270 -423400
60300 -423395
60330 -423395
60360 -423395
60390 -423395
60420 -423395
60450 -423395
60480 -423388
60510 -423388
60540 -423365
60570 -423365
60600 -423365
60630 -423365
60660 -423360
60690 -423360
60720 -423360
60750 -423359
60780 -423359
60810 -423359
60840 -423340
60870 -423340
60900 -423340
60930 -423340
60960 -423340
60990 -423340
61020 -423340
61050 -423325
61080 -423325
61110 -423325
61140 -423325
61170 -423299
61200 -423299
61230 -423256
61260 -423256
61290 -423256
61320 -423256
61350 -423256
61380 -423256
61410 -423256
61440 -423255
61470 -423255
61500 -423255
61530 -423255
61560 -423255
61590 -423253
61620 -423253
61650 -423253
61680 -423252
61710 -423252
61740 -423252
61770 -423252
61800 -423252
61830 -423252
61860 -423252
61890 -423252
61920 -423252
61950 -423252
61980 -423243
62010 -423243
62040 -423232
62070 -423185
62100 -423182
62130 -423182
62160 -423182
62190 -423169
62220 -423169
62250 -423169
62280 -423169
62310 -423149
62340 -423119
62370 -423119
62400 -423116
62430 -423116
62460 -423116
62490 -423116
62520 -423116
62550 -423113
62580 -423113
62610 -423113
62640 -423106
62670 -423106
62700 -423106
62730 -423104
62760 -423104
62790 -423104
62820 -423100
62850 -423100
62880 -423100
62910 -423100
62940 -423100
62970 -423100
63000 -423100
63030 -423100
63060 -423100
63090 -423100
63120 -423100
63150 -423100
63180 -423100
63210 -423100
63240 -423100
63270 -423100
63300 -423100
63330 -423099
63360 -423099
63390 -423094
63420 -423094
63450 -423093
63480 -423093
63510 -423092
63540 -423092
63570 -423092
63600 -423068
63630 -423068
63660 -423039
63690 -423011
63720 -423011
63750 -423011
63780 -423011
63810 -423007
63840 -423007
63870 -423007
63900 -422999
63930 -422999
63960 -422999
63990 -422999
64020 -422996
64050 -422991
64080 -422990
64110 -422990
64140 -422990
64170 -422990
64200 -422990
64230 -422956
64260 -422956
64290 -422956
64320 -422953
64350 -422948
64380 -422946
64410 -422945
64440 -422940
64470 -422940
64500 -422940
64530 -422905
64560 -422905
64590 -422905
64620 -422905
64650 -422888
64680 -422888
64710 -422888
64740 -422888
64770 -422888
64800 -422875
64830 -422875
64860 -422875
64890 -422875
64920 -422875
64950 -422875
64980 -422867
65010 -422867
65040 -422865
65070 -422865
65100 -422865
65130 -422862
65160 -422862
65190 -422862
65220 -422853
65250 -422853
65280 -422853
65310 -422853
65340 -422853
65370 -422853
65400 -422853
65430 -422853
65460 -422853
65490 -422853
65520 -422853
65550 -422853
65580 -422848
65610 -422848
65640 -422848
65670 -422848
65700 -422848
65730 -422848
65760 -422848
65790 -422848
65820 -422848
65850 -422847
65880 -422847
65910 -422838
65940 -422838
65970 -422838
66000 -422834
66030 -422833
66060 -422833
66090 -422833
66120 -422833
66150 -422833
66180 -422833
66210 -422833
66240 -422833
66270 -422833
66300 -422833
66330 -422833
66360 -422832
66390 -422832
66420 -422827
66450 -422827
66480 -422827
66510 -422827
66540 -422827
66570 -422827
66600 -422827
66630 -422827
66660 -422827
66690 -422827
66720 -422827
66750 -422827
66780 -422827
66810 -422827
66840 -422827
66870 -422819
66900 -422783
66930 -422783
66960 -422783
66990 -422783
67020 -422783
67050 -422778
67080 -422778
67110 -422778
67140 -422778
67170 -422778
67200 -422778
67230 -422778
67260 -422778
67290 -422778
67320 -422778
67350 -422774
67380 -422774
67410 -422774
67440 -422774
67470 -422774
67500 -422774
67530 -422774
67560 -422774
67590 -422774
67620 -422774
67650 -422774
67680 -422774
67710 -422774
67740 -422774
67770 -422774
67800 -422768
67830 -422768
67860 -422768
67890 -422768
67920 -422760
67950 -422756
67980 -422755
68010 -422755
68040 -422755
68070 -422755
68100 -422755
68130 -422755
68160 -422755
68190 -422755
68220 -422745
68250 -422745
68280 -422745
68310 -422745
68340 -422639
68370 -422639
68400 -422639
68430 -422639
68460 -422639
68490 -422639
68520 -422639
68550 -422639
68580 -422639
68610 -422639
68640 -422639
68670 -422637
68700 -422637
68730 -422637
68760 -422637
68790 -422631
68820 -422631
68850 -422631
68880 -422631
68910 -422631
68940 -422626
68970 -422623
69000 -422623
69030 -422623
69060 -422623
69090 -422623
69120 -422623
69150 -422615
69180 -422615
69210 -422615
69240 -422615
69270 -422612
69300 -422612
69330 -422612
69360 -422612
69390 -422612
69420 -422612
69450 -422612
69480 -422612
69510 -422610
69540 -422607
69570 -422607
69600 -422607
69630 -422607
69660 -422607
69690 -422607
69720 -422604
69750 -422603
69780 -422598
69810 -422598
69840 -422577
69870 -422538
69900 -422538
69930 -422538
69960 -422538
69990 -422538
70020 -422538
70050 -422538
70080 -422538
70110 -422538
70140 -422538
70170 -422538
70200 -422538
70230 -422538
70260 -422538
70290 -422537
70320 -422537
70350 -422537
70380 -422537
70410 -422537
70440 -422537
70470 -422537
70500 -422537
70530 -422537
70560 -422537
70590 -422530
70620 -422530
70650 -422530
70680 -422530
70710 -422530
70740 -422530
70770 -422530
70800 -422530
70830 -422530
70860 -422530
70890 -422530
70920 -422530
70950 -422530
70980 -422530
71010 -422514
71040 -422514
71070 -422514
71100 -422506
71130 -422495
71160 -422475
71190 -422475
71220 -422475
71250 -422475
71280 -422460
71310 -422459
71340 -422459
71370 -422459
71400 -422459
71430 -422459
71460 -422459
71490 -422459
71520 -422459
71550 -422459
71580 -422459
71610 -422454
71640 -422454
71670 -422454
71700 -422454
71730 -422424
71760 -422423
71790 -422407
71820 -422407
71850 -422407
71880 -422375
71910 -422373
71940 -422373
71970 -422373
72000 -422373
72030 -422373
72060 -422373
72090 -422373
72120 -422373
72150 -422373
72180 -422373
72210 -422373
72240 -422373
72270 -422373
72300 -422373
72330 -422373
72360 -422373
72390 -422373
72420 -422373
72450 -422373
72480 -422373
72510 -422373
72540 -422370
72570 -422370
72600 -422370
72630 -422369
72660 -422367
72690 -422367
72720 -422367
72750 -422367
72780 -422367
72810 -422367
72840 -422367
72870 -422367
72900 -422367
72930 -422367
72960 -422367
72990 -422367
73020 -422359
73050 -422352
73080 -422352
73110 -422352
73140 -422352
73170 -422331
73200 -422331
73230 -422331
73260 -422302
73290 -422302
73320 -422301
73350 -422301
73380 -422299
73410 -422299
73440 -422299
73470 -422294
73500 -422294
73530 -422291
73560 -422291
73590 -422289
73620 -422289
73650 -422286
73680 -422286
73710 -422283
73740 -422283
73770 -422283
73800 -422278
73830 -422278
73860 -422278
73890 -422278
73920 -422278
73950 -422275
73980 -422275
74010 -422271
74040 -422271
74070 -422271
74100 -422271
74130 -422270
74160 -422270
74190 -422262
74220 -422251
74250 -422251
74280 -422251
74310 -422200
74340 -422200
74370 -422200
74400 -422200
74430 -422200
74460 -422199
74490 -422191
74520 -422183
74550 -422183
74580 -422177
74610 -422177
74640 -422158
74670 -422157
74700 -422157
74730 -422157
74760 -422156
74790 -422156
74820 -422156
74850 -422156
74880 -422156
74910 -422155
74940 -422155
74970 -422155
75000 -422155
75030 -422155
75060 -422155
75090 -422155
75120 -422155
75150 -422149
75180 -422134
75210 -422125
75240 -422125
75270 -422125
75300 -422119
75330 -422119
75360 -422119
75390 -422119
75420 -422119
75450 -422119
75480 -422097
75510 -422097
75540 -422097
75570 -422097
75600 -422097
75630 -422097
75660 -422097
75690 -422097
75720 -422055
75750 -422055
75780 -422055
75810 -422055
75840 -422044
75870 -422044
75900 -422044
75930 -422044
75960 -422041
75990 -422041
76020 -422041
76050 -422034
76080 -422034
76110 -422034
76140 -422023
76170 -422023
76200 -422023
76230 -422023
76260 -422023
76290 -422023
76320 -422015
76350 -422015
76380 -422015
76410 -422015
76440 -422015
76470 -422015
76500 -422015
76530 -422015
76560 -422010
76590 -422008
76620 -422008
76650 -422008
76680 -422008
76710 -422008
76740 -422008
76770 -422008
76800 -422008
76830 -421985
76860 -421982
76890 -421982
76920 -421970
76950 -421969
76980 -421946
77010 -421946
77040 -421946
77070 -421946
77100 -421937
77130 -421936
77160 -421935
77190 -421935
77220 -421927
77250 -421921
77280 -421921
77310 -421921
77340 -421904
77370 -421900
77400 -421872
77430 -421872
77460 -421872
77490 -421825
77520 -421814
77550 -421814
77580 -421814
77610 -421812
77640 -421812
77670 -421811
77700 -421811
77730 -421811
77760 -421811
77790 -421811
77820 -421811
77850 -421811
77880 -421808
77910 -421808
77940 -421808
77970 -421808
78000 -421808
78030 -421808
78060 -421808
78090 -421808
78120 -421802
78150 -421802
78180 -421802
78210 -421802
78240 -421802
78270 -421802
78300 -421798
78330 -421790
78360 -421769
78390 -421756
78420 -421756
78450 -421756
78480 -421748
78510 -421748
78540 -421748
78570 -421748
78600 -421745
78630 -421745
78660 -421745
78690 -421741
78720 -421741
78750 -421741
78780 -421741
78810 -421741
78840 -421741
78870 -421741
78900 -421739
78930 -421739
78960 -421739
78990 -421710
79020 -421710
79050 -421710
79080 -421710
79110 -421701
79140 -421691
79170 -421691
79200 -421691
79230 -421691
79260 -421691
79290 -421691
79320 -421655
79350 -421655
79380 -421653
79410 -421621
79440 -421621
79470 -421621
79500 -421621
79530 -421621
79560 -421621
79590 -421621
79620 -421620
79650 -421620
79680 -421620
79710 -421620
79740 -421620
79770 -421620
79800 -421620
79830 -421620
79860 -421584
79890 -421583
79920 -421582
79950 -421582
79980 -421582
80010 -421582
80040 -421582
80070 -421582
80100 -421582
80130 -421582
80160 -421581
80190 -421581
80220 -421581
80250 -421579
80280 -421575
80310 -421575
80340 -421575
80370 -421575
80400 -421572
80430 -421572
80460 -421563
80490 -421563
80520 -421563
80550 -421563
80580 -421563
80610 -421562
80640 -421562
80670 -421562
80700 -421562
80730 -421562
80760 -421562
80790 -421560
80820 -421560
80850 -421560
80880 -421560
80910 -421560
80940 -421560
80970 -421556
81000 -421556
81030 -421556
81060 -421556
81090 -421556
81120 -421556
81150 -421556
81180 -421556
81210 -421556
81240 -421556
81270 -421556
81300 -421556
81330 -421554
81360 -421533
81390 -421533
81420 -421435
81450 -421435
81480 -421435
81510 -421435
81540 -421435
81570 -421435
81600 -421435
81630 -421435
81660 -421435
81690 -421435
81720 -421435
81750 -421428
81780 -421428
81810 -421428
81840 -421428
81870 -421428
81900 -421421
81930 -421421
81960 -421404
81990 -421402
82020 -421391
82050 -421391
82080 -421391
82110 -421391
82140 -421391
82170 -421391
82200 -421391
82230 -421391
82260 -421391
82290 -421391
82320 -421391
82350 -421391
82380 -421391
82410 -421388
82440 -421388
82470 -421388
82500 -421388
82530 -421388
82560 -421363
82590 -421363
82620 -421363
82650 -421363
82680 -421363
82710 -421363
82740 -421345
82770 -421342
82800 -421342
82830 -421342
82860 -421342
82890 -421342
82920 -421342
82950 -421339
82980 -421335
83010 -421332
83040 -421329
83070 -421329
83100 -421329
83130 -421329
83160 -421329
83190 -421329
83220 -421329
83250 -421329
83280 -421326
83310 -421318
83340 -421318
83370 -421318
83400 -421318
83430 -421318
83460 -421311
83490 -421311
83520 -421310
83550 -421287
83580 -421276
83610 -421276
83640 -421266
83670 -421266
83700 -421266
83730 -421266
83760 -421266
83790 -421266
83820 -421266
83850 -421266
83880 -421263
83910 -421263
83940 -421263
83970 -421261
84000 -421261
84030 -421261
84060 -421260
84090 -421260
84120 -421260
84150 -421260
84180 -421258
84210 -421258
84240 -421248
84270 -421212
84300 -421212
84330 -421212
84360 -421210
84390 -421210
84420 -421182
84450 -421182
84480 -421182
84510 -421182
84540 -421182
84570 -421182
84600 -421182
84630 -421182
84660 -421182
84690 -421182
84720 -421182
84750 -421182
84780 -421182
84810 -421182
84840 -421182
84870 -421182
84900 -421182
84930 -421182
84960 -421166
84990 -421166
85020 -421166
85050 -421166
85080 -421166
85110 -421166
85140 -421144
85170 -421143
85200 -421143
85230 -421143
85260 -421143
85290 -421143
85320 -421143
85350 -421143
85380 -421143
85410 -421143
85440 -421143
85470 -421143
85500 -421143
85530 -421143
85560 -421142
85590 -421142
85620 -421142
85650 -421139
85680 -421119
85710 -421116
85740 -421116
85770 -421109
85800 -421107
85830 -421107
85860 -421107
85890 -421087
85920 -421078
85950 -421078
85980 -421078
86010 -421078
86040 -421078
86070 -421078
86100 -421078
86130 -421078
86160 -421078
86190 -421078
86220 -421078
86250 -421078
86280 -421078
86310 -421078
86340 -421078
86370 -421075
86400 -421075
86430 -421044
86460 -421044
86490 -421044
86520 -421044
86550 -421044
86580 -421039
86610 -421037
86640 -421037
86670 -421037
86700 -421037
86730 -421036
86760 -421036
86790 -421036
86820 -421036
86850 -421036
86880 -421036
86910 -421036
86940 -421036
86970 -421036
87000 -421036
87030 -421036
87060 -420999
87090 -420998
87120 -420998
87150 -420998
87180 -420998
87210 -420998
87240 -420998
87270 -420998
87300 -420998
87330 -420998
87360 -420998
87390 -420998
87420 -420998
87450 -420996
87480 -420996
87510 -420996
87540 -420994
87570 -420994
87600 -420994
87630 -420987
87660 -420987
87690 -420987
87720 -420987
87750 -420987
87780 -420987
87810 -420987
87840 -420987
87870 -420987
87900 -420987
87930 -420987
87960 -420987
87990 -420987
88020 -420987
88050 -420980
88080 -420977
88110 -420977
88140 -420977
88170 -420977
88200 -420977
88230 -420977
88260 -420977
88290 -420977
88320 -420977
88350 -420977
88380 -420977
88410 -420971
88440 -420971
88470 -420971
88500 -420971
88530 -420969
88560 -420965
88590 -420965
88620 -420965
88650 -420965
88680 -420965
88710 -420965
88740 -420963
88770 -420962
88800 -420949
88830 -420949
88860 -420949
88890 -420945
88920 -420945
88950 -420945
88980 -420945
89010 -420945
89040 -420945
89070 -420943
89100 -420943
89130 -420943
89160 -420943
89190 -420943
89220 -420943
89250 -420943
89280 -420940
89310 -420940
89340 -420940
89370 -420940
89400 -420940
89430 -420940
89460 -420940
89490 -420940
89520 -420940
89550 -420940
89580 -420933
89610 -420933
89640 -420933
89670 -420933
89700 -420933
89730 -420933
89760 -420931
89790 -420931
89820 -420931
89850 -420931
89880 -420931
89910 -420931
89940 -420931
89970 -420931
90000 -420931
90030 -420931
90060 -420931
90090 -420931
90120 -420931
90150 -420931
90180 -420922
90210 -420922
90240 -420922
90270 -420922
90300 -420916
90330 -420916
90360 -420910
90390 -420909
90420 -420908
90450 -420908
90480 -420908
90510 -420908
90540 -420908
90570 -420908
90600 -420898
90630 -420898
90660 -420896
90690 -420896
90720 -420896
90750 -420896
90780 -420896
90810 -420896
90840 -420896
90870 -420896
90900 -420896
90930 -420896
90960 -420896
90990 -420896
91020 -420891
91050 -420891
91080 -420891
91110 -420891
91140 -420891
91170 -420891
91200 -420891
91230 -420891
91260 -420884
91290 -420884
91320 -420884
91350 -420884
91380 -420878
91410 -420878
91440 -420878
91470 -420877
91500 -420877
91530 -420871
91560 -420871
91590 -420871
91620 -420864
91650 -420863
91680 -420848
91710 -420848
91740 -420848
91770 -420845
91800 -420830
91830 -420830
91860 -420830
91890 -420830
91920 -420830
91950 -420830
91980 -420804
92010 -420792
92040 -420792
92070 -420792
92100 -420792
92130 -420792
92160 -420792
92190 -420775
92220 -420775
92250 -420775
92280 -420772
92310 -420772
92340 -420772
92370 -420772
92400 -420772
92430 -420766
92460 -420753
92490 -420753
92520 -420752
92550 -420752
92580 -420742
92610 -420742
92640 -420742
92670 -420742
92700 -420742
92730 -420742
92760 -420740
92790 -420740
92820 -420740
92850 -420732
92880 -420732
92910 -420732
92940 -420732
92970 -420732
93000 -420732
93030 -420721
93060 -420721
93090 -420712
93120 -420712
93150 -420709
93180 -420709
93210 -420709
93240 -420707
93270 -420707
93300 -420707
93330 -420707
93360 -420707
93390 -420707
93420 -420707
93450 -420707
93480 -420707
93510 -420707
93540 -420707
93570 -420706
93600 -420706
93630 -420706
93660 -420706
93690 -420706
93720 -420706
93750 -420706
93780 -420702
93810 -420702
93840 -420702
93870 -420701
93900 -420701
93930 -420701
93960 -420701
93990 -420701
94020 -420697
94050 -420697
94080 -420697
94110 -420692
94140 -420692
94170 -420692
94200 -420692
94230 -420692
94260 -420692
94290 -420682
94320 -420673
94350 -420672
94380 -420672
94410 -420671
94440 -420671
94470 -420671
94500 -420671
94530 -420671
94560 -420671
94590 -420671
94620 -420671
94650 -420671
94680 -420671
94710 -420671
94740 -420671
94770 -420671
94800 -420669
94830 -420669
94860 -420669
94890 -420669
94920 -420669
94950 -420669
94980 -420669
95010 -420669
95040 -420669
95070 -420669
95100 -420669
95130 -420669
95160 -420669
95190 -420669
95220 -420669
95250 -420664
95280 -420663
95310 -420663
95340 -420663
95370 -420663
95400 -420657
95430 -420657
95460 -420657
95490 -420657
95520 -420657
95550 -420657
95580 -420656
95610 -420656
95640 -420656
95670 -420656
95700 -420656
95730 -420656
95760 -420656
95790 -420656
95820 -420656
95850 -420656
95880 -420656
95910 -420656
95940 -420656
95970 -420656
96000 -420656
96030 -420641
96060 -420641
96090 -420634
96120 -420634
96150 -420634
96180 -420634
96210 -420633
96240 -420633
96270 -420633
96300 -420633
96330 -420606
96360 -420606
96390 -420606
96420 -420604
96450 -420601
96480 -420599
96510 -420599
96540 -420587
96570 -420587
96600 -420587
96630 -420587
96660 -420587
96690 -420580
96720 -420580
96750 -420566
96780 -420566
96810 -420566
96840 -420566
96870 -420561
96900 -420561
96930 -420559
96960 -420559
96990 -420559
97020 -420559
97050 -420554
97080 -420554
97110 -420554
97140 -420554
97170 -420554
97200 -420554
97230 -420554
97260 -420554
97290 -420554
97320 -420552
97350 -420550
97380 -420550
97410 -420550
97440 -420550
97470 -420550
97500 -420550
97530 -420546
97560 -420546
97590 -420546
97620 -420540
97650 -420537
97680 -420537
97710 -420537
97740 -420537
97770 -420537
97800 -420537
97830 -420537
97860 -420537
97890 -420537
97920 -420537
97950 -420537
97980 -420520
98010 -420520
98040 -420520
98070 -420520
98100 -420520
98130 -420520
98160 -420520
98190 -420520
98220 -420507
98250 -420507
98280 -420507
98310 -420507
98340 -420484
98370 -420484
98400 -420449
98430 -420449
98460 -420449
98490 -420449
98520 -420449
98550 -420416
98580 -420416
98610 -420416
98640 -420416
98670 -420416
98700 -420416
98730 -420416
98760 -420416
98790 -420416
98820 -420416
98850 -420416
98880 -420416
98910 -420416
98940 -420416
98970 -420416
99000 -420414
99030 -420414
99060 -420414
99090 -420411
99120 -420408
99150 -420408
99180 -420408
99210 -420386
99240 -420369
99270 -420365
99300 -420365
99330 -420365
99360 -420365
99390 -420363
99420 -420363
99450 -420352
99480 -420352
99510 -420352
99540 -420352
99570 -420352
99600 -420352
99630 -420349
99660 -420349
99690 -420349
99720 -420349
99750 -420349
99780 -420349
99810 -420348
99840 -420348
99870 -420348
99900 -420348
99930 -420348
99960 -420344
99990 -420344
100020 -420344
100050 -420324
100080 -420324
100110 -420324
100140 -420324
100170 -420324
100200 -420324
100230 -420324
100260 -420324
100290 -420324
100320 -420324
100350 -420324
100380 -420310
100410 -420310
100440 -420289
100470 -420289
100500 -420289
100530 -420289
100560 -420282
100590 -420282
100620 -420281
100650 -420281
100680 -420276
100710 -420276
100740 -420276
100770 -420276
100800 -420276
100830 -420276
100860 -420276
100890 -420276
100920 -420276
100950 -420276
100980 -420276
101010 -420270
101040 -420270
101070 -420270
101100 -420270
101130 -420268
101160 -420267
101190 -420267
101220 -420267
101250 -420265
101280 -420265
101310 -420265
101340 -420265
101370 -420265
101400 -420265
101430 -420265
101460 -420265
101490 -420265
101520 -420265
101550 -420262
101580 -420262
101610 -420262
101640 -420262
101670 -420262
101700 -420262
101730 -420262
101760 -420262
101790 -420262
101820 -420262
101850 -420262
101880 -420262
101910 -420262
101940 -420262
101970 -420230
102000 -420230
102030 -420230
102060 -420230
102090 -420230
102120 -420230
102150 -420230
102180 -420230
102210 -420230
102240 -420230
102270 -420230
102300 -420230
102330 -420230
102360 -420230
102390 -420217
102420 -420216
102450 -420216
102480 -420216
102510 -420216
102540 -420216
102570 -420216
102600 -420216
102630 -420216
102660 -420212
102690 -420212
102720 -420212
102750 -420212
102780 -420212
102810 -420212
102840 -420208
102870 -420208
102900 -420208
102930 -420207
102960 -420207
102990 -420207
103020 -420207
103050 -420200
103080 -420200
103110 -420200
103140 -420200
103170 -420200
103200 -420199
103230 -420199
103260 -420199
103290 -420199
103320 -420199
103350 -420199
103380 -420194
103410 -420188
103440 -420188
103470 -420188
103500 -420188
103530 -420182
103560 -420182
103590 -420182
103620 -420182
103650 -420182
103680 -420182
103710 -420182
103740 -420182
103770 -420182
103800 -420182
103830 -420182
103860 -420182
103890 -420182
103920 -420182
103950 -420182
103980 -420182
104010 -420182
104040 -420182
104070 -420182
104100 -420182
104130 -420182
104160 -420179
104190 -420174
104220 -420174
104250 -420174
104280 -420174
104310 -420174
104340 -420174
104370 -420174
104400 -420174
104430 -420167
104460 -420167
104490 -420167
104520 -420167
104550 -420167
104580 -420167
104610 -420167
104640 -420167
104670 -420167
104700 -420167
104730 -420156
104760 -420156
104790 -420156
104820 -420156
104850 -420146
104880 -420146
104910 -420144
104940 -420144
104970 -420144
105000 -420144
105030 -420140
105060 -420140
105090 -420140
105120 -420140
105150 -420140
105180 -420140
105210 -420140
105240 -420128
105270 -420128
105300 -420128
105330 -420128
105360 -420128
105390 -420128
105420 -420128
105450 -420128
105480 -420128
105510 -420128
105540 -420126
105570 -420126
105600 -420126
105630 -420126
105660 -420115
105690 -420114
105720 -420114
105750 -420104
105780 -420104
105810 -420104
105840 -420102
105870 -420102
105900 -420102
105930 -420095
105960 -420095
105990 -420095
106020 -420091
106050 -420083
106080 -420083
106110 -420083
106140 -420083
106170 -420083
106200 -420083
106230 -420083
106260 -420083
106290 -420083
106320 -420083
106350 -420074
106380 -420074
106410 -420074
106440 -420074
106470 -420074
106500 -420074
106530 -420074
106560 -420074
106590 -420074
106620 -420074
106650 -420074
106680 -420072
106710 -420071
106740 -420071
106770 -420071
106800 -420071
106830 -420071
106860 -420071
106890 -420071
106920 -420071
106950 -420071
106980 -420067
107010 -420067
107040 -420067
107070 -420067
107100 -420067
107130 -420067
107160 -420067
107190 -420058
107220 -420054
107250 -420051
107280 -420046
107310 -420046
107340 -420045
107370 -420045
107400 -420045
107430 -420045
107460 -420045
107490 -420045
107520 -420045
107550 -420045
107580 -420045
107610 -420045
107640 -420045
107670 -420045
107700 -420044
107730 -420044
107760 -420044
107790 -420044
107820 -420044
107850 -420044
107880 -420044
107910 -420044
107940 -420044
107970 -420044
108000 -420044
108030 -420044
108060 -420044
108090 -420044
108120 -420042
108150 -420042
108180 -420042
108210 -420037
108240 -420034
108270 -420034
108300 -420034
108330 -420034
108360 -420034
108390 -420033
108420 -420033
108450 -420033
108480 -420033
108510 -420033
108540 -420033
108570 -420033
108600 -420021
108630 -420021
108660 -420021
108690 -420021
108720 -420001
108750 -420001
108780 -419960
108810 -419960
108840 -419957
108870 -419957
108900 -419956
108930 -419956
108960 -419956
108990 -419956
109020 -419956
109050 -419956
109080 -419956
109110 -419956
109140 -419956
109170 -419956
109200 -419956
109230 -419956
109260 -419956
109290 -419955
109320 -419955
109350 -419953
109380 -419953
109410 -419939
109440 -419929
109470 -419929
109500 -419929
109530 -419929
109560 -419929
109590 -419925
109620 -419925
109650 -419925
109680 -419925
109710 -419925
109740 -419925
109770 -419925
109800 -419920
109830 -419920
109860 -419920
109890 -419920
109920 -419914
109950 -419914
109980 -419914
110010 -419914
110040 -419912
110070 -419912
110100 -419912
110130 -419912
110160 -419912
110190 -419911
110220 -419911
110250 -419911
110280 -419911
110310 -419911
110340 -419911
110370 -419911
110400 -419911
110430 -419911
110460 -419911
110490 -419910
110520 -419910
110550 -419910
110580 -419910
110610 -419910
110640 -419909
110670 -419909
110700 -419909
110730 -419909
110760 -419901
110790 -419901
110820 -419901
110850 -419900
110880 -419900
110910 -419900
110940 -419900
110970 -419900
111000 -419891
111030 -419874
111060 -419874
111090 -419874
111120 -419856
111150 -419856
111180 -419853
111210 -419848
111240 -419848
111270 -419845
111300 -419836
111330 -419836
111360 -419836
111390 -419836
111420 -419836
111450 -419836
111480 -419836
111510 -419836
111540 -419836
111570 -419836
111600 -419832
111630 -419829
111660 -419829
111690 -419829
111720 -419820
111750 -419820
111780 -419820
111810 -419820
111840 -419814
111870 -419813
111900 -419813
111930 -419813
111960 -419813
111990 -419813
112020 -419810
112050 -419810
112080 -419810
112110 -419810
112140 -419810
112170 -419790
112200 -419790
112230 -419790
112260 -419790
112290 -419790
112320 -419790
112350 -419790
112380 -419760
112410 -419760
112440 -419748
112470 -419748
112500 -419748
112530 -419748
112560 -419748
112590 -419748
112620 -419748
112650 -419748
112680 -419748
112710 -419748
112740 -419747
112770 -419747
112800 -419747
112830 -419747
112860 -419747
112890 -419747
112920 -419747
112950 -419747
112980 -419747
113010 -419747
113040 -419747
113070 -419735
113100 -419735
113130 -419735
113160 -419732
113190 -419732
113220 -419732
113250 -419732
113280 -419732
113310 -419732
113340 -419732
113370 -419724
113400 -419724
