60 -372786
90 -371470
120 -371159
150 -369924
180 -368745
210 -367785
240 -367554
270 -367022
300 -366589
330 -365602
360 -364681
390 -364000
420 -363644
450 -363269
480 -362665
510 -362281
540 -361923
570 -361474
600 -360530
630 -360194
660 -359769
690 -359514
720 -359274
750 -358995
780 -358540
810 -358221
840 -357809
870 -357357
900 -357332
930 -357228
960 -356835
990 -356470
1020 -356030
1050 -355638
1080 -355584
1110 -355362
1140 -355228
1170 -354613
1200 -354514
1230 -354362
1260 -354331
1290 -354182
1320 -354058
1350 -353801
1380 -353476
1410 -353293
1440 -353156
1470 -353038
1500 -352876
1530 -352734
1560 -352392
1590 -351814
1620 -351785
1650 -351686
1680 -351471
1710 -351218
1740 -351147
1770 -351099
1800 -351070
1830 -351061
1860 -350902
1890 -350736
1920 -350660
1950 -350522
1980 -350151
2010 -350034
2040 -349989
2070 -349938
2100 -349867
2130 -349801
2160 -349765
2190 -349707
2220 -349675
2250 -349542
2280 -349425
2310 -349352
2340 -349118
2370 -349010
2400 -348969
2430 -348892
2460 -348892
2490 -348811
2520 -348800
2550 -348800
2580 -348641
2610 -348484
2640 -348464
2670 -348459
2700 -348454
2730 -348438
2760 -348408
2790 -348320
2820 -348252
2850 -348241
2880 -348218
2910 -348180
2940 -348157
2970 -348076
3000 -347945
3030 -347858
3060 -347769
3090 -347596
3120 -347498
3150 -347460
3180 -347311
3210 -347266
3240 -347201
3270 -347152
3300 -346968
3330 -346925
3360 -346754
3390 -346677
3420 -346640
3450 -346615
3480 -346455
3510 -346454
3540 -346412
3570 -346245
3600 -346218
3630 -346111
3660 -346108
3690 -346038
3720 -345972
3750 -345846
3780 -345845
3810 -345800
3840 -345591
3870 -345565
3900 -345484
3930 -345354
3960 -345352
3990 -345180
4020 -345074
4050 -345074
4080 -345061
4110 -345036
4140 -344895
4170 -344845
4200 -344766
4230 -344696
4260 -344658
4290 -344607
4320 -344553
4350 -344499
4380 -344206
4410 -344204
4440 -344182
4470 -344173
4500 -344078
4530 -344063
4560 -344015
4590 -344005
4620 -343903
4650 -343883
4680 -343879
4710 -343833
4740 -343824
4770 -343758
4800 -343655
4830 -343585
4860 -343518
4890 -343510
4920 -343447
4950 -343440
4980 -343440
5010 -343371
5040 -343358
5070 -343333
5100 -343291
5130 -343205
5160 -343168
5190 -343146
5220 -343134
5250 -343132
5280 -343113
5310 -342914
5340 -342777
5370 -342705
5400 -342698
5430 -342625
5460 -342625
5490 -342625
5520 -342580
5550 -342579
5580 -342466
5610 -342436
5640 -342426
5670 -342401
5700 -342380
5730 -342380
5760 -342227
5790 -342221
5820 -342176
5850 -342134
5880 -342034
5910 -341936
5940 -341917
5970 -341916
6000 -341910
6030 -341903
6060 -341791
6090 -341767
6120 -341759
6150 -341757
6180 -341750
6210 -341714
6240 -341714
6270 -341675
6300 -341650
6330 -341527
6360 -341527
6390 -341399
6420 -341381
6450 -341270
6480 -341204
6510 -341202
6540 -341160
6570 -341082
6600 -341071
6630 -341053
6660 -341052
6690 -341016
6720 -340982
6750 -340940
6780 -340917
6810 -340916
6840 -340878
6870 -340810
6900 -340773
6930 -340759
6960 -340757
6990 -340696
7020 -340646
7050 -340637
7080 -340637
7110 -340593
7140 -340591
7170 -340591
7200 -340494
7230 -340355
7260 -340342
7290 -340265
7320 -340213
7350 -340196
7380 -340195
7410 -340182
7440 -340120
7470 -340080
7500 -340014
7530 -339993
7560 -339993
7590 -339977
7620 -339959
7650 -339887
7680 -339872
7710 -339837
7740 -339833
7770 -339795
7800 -339764
7830 -339753
7860 -339723
7890 -339676
7920 -339676
7950 -339618
7980 -339613
8010 -339527
8040 -339480
8070 -339470
8100 -339402
8130 -339367
8160 -339365
8190 -339365
8220 -339351
8250 -339328
8280 -339319
8310 -339254
8340 -339163
8370 -339163
8400 -339130
8430 -338995
8460 -338992
8490 -338843
8520 -338830
8550 -338816
8580 -338768
8610 -338754
8640 -338737
8670 -338710
8700 -338674
8730 -338670
8760 -338650
8790 -338633
8820 -338501
8850 -338444
8880 -338361
8910 -338359
8940 -338284
8970 -338284
9000 -338284
9030 -338283
9060 -338276
9090 -338183
9120 -338160
9150 -338150
9180 -338120
9210 -338003
9240 -337997
9270 -337928
9300 -337775
9330 -337766
9360 -337570
9390 -337518
9420 -337510
9450 -337460
9480 -337444
9510 -337444
9540 -337376
9570 -337376
9600 -337298
9630 -337280
9660 -337253
9690 -337173
9720 -337091
9750 -337084
9780 -337054
9810 -337052
9840 -337017
9870 -337017
9900 -336928
9930 -336899
9960 -336855
9990 -336821
10020 -336804
10050 -336799
10080 -336796
10110 -336770
10140 -336770
10170 -336770
10200 -336767
10230 -336759
10260 -336751
10290 -336745
10320 -336714
10350 -336653
10380 -336636
10410 -336578
10440 -336578
10470 -336576
10500 -336567
10530 -336542
10560 -336542
10590 -336484
10620 -336448
10650 -336398
10680 -336385
10710 -336349
10740 -336349
10770 -336349
10800 -336349
10830 -336233
10860 -336185
10890 -336185
10920 -336177
10950 -336151
10980 -336151
11010 -336066
11040 -336050
11070 -336022
11100 -335962
11130 -335960
11160 -335948
11190 -335833
11220 -335798
11250 -335777
11280 -335770
11310 -335764
11340 -335760
11370 -335637
11400 -335630
11430 -335592
11460 -335578
11490 -335573
11520 -335560
11550 -335537
11580 -335522
11610 -335371
11640 -335358
11670 -335358
11700 -335324
11730 -335291
11760 -335252
11790 -335219
11820 -335160
11850 -335160
11880 -335125
11910 -335108
11940 -335083
11970 -335071
12000 -335071
12030 -335071
12060 -335069
12090 -335051
12120 -335044
12150 -335044
12180 -335009
12210 -334993
12240 -334955
12270 -334914
12300 -334905
12330 -334705
12360 -334705
12390 -334685
12420 -334649
12450 -334649
12480 -334648
12510 -334624
12540 -334617
12570 -334617
12600 -334605
12630 -334604
12660 -334578
12690 -334565
12720 -334563
12750 -334557
12780 -334549
12810 -334549
12840 -334512
12870 -334457
12900 -334430
12930 -334420
12960 -334372
12990 -334340
13020 -334314
13050 -334307
13080 -334271
13110 -334271
13140 -334271
13170 -334260
13200 -334237
13230 -334161
13260 -334151
13290 -334146
13320 -334117
13350 -334065
13380 -334063
13410 -334063
13440 -334063
13470 -334054
13500 -334050
13530 -334003
13560 -334003
13590 -333981
13620 -333981
13650 -333872
13680 -333865
13710 -333856
13740 -333847
13770 -333842
13800 -333832
13830 -333832
13860 -333817
13890 -333788
13920 -333787
13950 -333786
13980 -333771
14010 -333768
14040 -333724
14070 -333721
14100 -333710
14130 -333710
14160 -333669
14190 -333651
14220 -333651
14250 -333651
14280 -333637
14310 -333589
14340 -333559
14370 -333538
14400 -333530
14430 -333528
14460 -333510
14490 -333499
14520 -333499
14550 -333499
14580 -333479
14610 -333478
14640 -333478
14670 -333477
14700 -333466
14730 -333423
14760 -333399
14790 -333389
14820 -333378
14850 -333372
14880 -333370
14910 -333358
14940 -333356
14970 -333296
15000 -333256
15030 -333256
15060 -333253
15090 -333244
15120 -333204
15150 -333127
15180 -333127
15210 -333118
15240 -333112
15270 -333048
15300 -333048
15330 -333043
15360 -333040
15390 -333003
15420 -332999
15450 -332999
15480 -332996
15510 -332973
15540 -332931
15570 -332931
15600 -332931
15630 -332919
15660 -332911
15690 -332895
15720 -332895
15750 -332893
15780 -332893
15810 -332893
15840 -332891
15870 -332883
15900 -332782
15930 -332769
15960 -332766
15990 -332766
16020 -332732
16050 -332701
16080 -332701
16110 -332677
16140 -332676
16170 -332631
16200 -332587
16230 -332556
16260 -332556
16290 -332555
16320 -332555
16350 -332555
16380 -332554
16410 -332542
16440 -332521
16470 -332489
16500 -332480
16530 -332474
16560 -332464
16590 -332464
16620 -332463
16650 -332463
16680 -332463
16710 -332446
16740 -332446
16770 -332446
16800 -332442
16830 -332442
16860 -332442
16890 -332441
16920 -332432
16950 -332423
16980 -332415
17010 -332411
17040 -332395
17070 -332376
17100 -332376
17130 -332374
17160 -332372
17190 -332372
17220 -332371
17250 -332371
17280 -332358
17310 -332352
17340 -332346
17370 -332340
17400 -332340
17430 -332323
17460 -332320
17490 -332309
17520 -332304
17550 -332303
17580 -332289
17610 -332289
17640 -332289
17670 -332288
17700 -332288
17730 -332280
17760 -332278
17790 -332270
17820 -332224
17850 -332221
17880 -332204
17910 -332136
17940 -332122
17970 -332096
18000 -332091
18030 -332075
18060 -332075
18090 -332069
18120 -332069
18150 -331962
18180 -331962
18210 -331957
18240 -331938
18270 -331936
18300 -331912
18330 -331912
18360 -331912
18390 -331885
18420 -331868
18450 -331837
18480 -331825
18510 -331818
18540 -331788
18570 -331749
18600 -331749
18630 -331710
18660 -331699
18690 -331697
18720 -331674
18750 -331655
18780 -331610
18810 -331610
18840 -331602
18870 -331598
18900 -331585
18930 -331585
18960 -331577
18990 -331573
19020 -331561
19050 -331513
19080 -331495
19110 -331494
19140 -331488
19170 -331467
19200 -331467
19230 -331457
19260 -331457
19290 -331450
19320 -331438
19350 -331432
19380 -331405
19410 -331405
19440 -331405
19470 -331333
19500 -331313
19530 -331295
19560 -331284
19590 -331284
19620 -331284
19650 -331284
19680 -331278
19710 -331270
19740 -331220
19770 -331219
19800 -331218
19830 -331168
19860 -331168
19890 -331154
19920 -331132
19950 -331113
19980 -330996
20010 -330996
20040 -330993
20070 -330991
20100 -330960
20130 -330959
20160 -330955
20190 -330955
20220 -330955
20250 -330955
20280 -330952
20310 -330946
20340 -330946
20370 -330928
20400 -330928
20430 -330895
20460 -330895
20490 -330880
20520 -330817
20550 -330810
20580 -330810
20610 -330787
20640 -330777
20670 -330755
20700 -330754
20730 -330751
20760 -330751
20790 -330741
20820 -330739
20850 -330735
20880 -330733
20910 -330688
20940 -330684
20970 -330670
21000 -330668
21030 -330640
21060 -330584
21090 -330571
21120 -330545
21150 -330545
21180 -330524
21210 -330522
21240 -330522
21270 -330516
21300 -330516
21330 -330504
21360 -330502
21390 -330502
21420 -330493
21450 -330492
21480 -330492
21510 -330492
21540 -330470
21570 -330443
21600 -330434
21630 -330429
21660 -330415
21690 -330398
21720 -330395
21750 -330391
21780 -330391
21810 -330361
21840 -330361
21870 -330346
21900 -330324
21930 -330324
21960 -330321
21990 -330321
22020 -330321
22050 -330316
22080 -330316
22110 -330316
22140 -330316
22170 -330314
22200 -330314
22230 -330295
22260 -330160
22290 -330160
22320 -330136
22350 -330127
22380 -330127
22410 -330085
22440 -330085
22470 -330074
22500 -330059
22530 -330057
22560 -330017
22590 -329994
22620 -329994
22650 -329991
22680 -329991
22710 -329991
22740 -329989
22770 -329989
22800 -329989
22830 -329970
22860 -329965
22890 -329952
22920 -329945
22950 -329933
22980 -329932
23010 -329930
23040 -329930
23070 -329913
23100 -329913
23130 -329855
23160 -329849
23190 -329834
23220 -329827
23250 -329811
23280 -329811
23310 -329796
23340 -329796
23370 -329786
23400 -329779
23430 -329771
23460 -329771
23490 -329771
23520 -329771
23550 -329771
23580 -329761
23610 -329750
23640 -329722
23670 -329722
23700 -329688
23730 -329666
23760 -329651
23790 -329651
23820 -329650
23850 -329650
23880 -329650
23910 -329644
23940 -329644
23970 -329644
24000 -329643
24030 -329635
24060 -329633
24090 -329618
24120 -329545
24150 -329530
24180 -329491
24210 -329491
24240 -329461
24270 -329439
24300 -329439
24330 -329421
24360 -329416
24390 -329379
24420 -329379
24450 -329344
24480 -329287
24510 -329287
24540 -329280
24570 -329273
24600 -329266
24630 -329266
24660 -329266
24690 -329261
24720 -329260
24750 -329223
24780 -329204
24810 -329192
24840 -329192
24870 -329192
24900 -329187
24930 -329187
24960 -329186
24990 -329176
25020 -329137
25050 -329136
25080 -329114
25110 -329114
25140 -329104
25170 -329104
25200 -329104
25230 -329101
25260 -329073
25290 -329071
25320 -329065
25350 -329065
25380 -329065
25410 -329059
25440 -329050
25470 -329042
25500 -329018
25530 -328992
25560 -328917
25590 -328902
25620 -328900
25650 -328900
25680 -328900
25710 -328893
25740 -328893
25770 -328893
25800 -328841
25830 -328841
25860 -328837
25890 -328837
25920 -328803
25950 -328796
25980 -328796
26010 -328789
26040 -328777
26070 -328773
26100 -328772
26130 -328768
26160 -328767
26190 -328767
26220 -328764
26250 -328763
26280 -328763
26310 -328743
26340 -328742
26370 -328681
26400 -328681
26430 -328681
26460 -328679
26490 -328668
26520 -328664
26550 -328664
26580 -328664
26610 -328660
26640 -328655
26670 -328655
26700 -328627
26730 -328623
26760 -328613
26790 -328613
26820 -328588
26850 -328588
26880 -328588
26910 -328586
26940 -328586
26970 -328586
27000 -328571
27030 -328571
27060 -328542
27090 -328524
27120 -328498
27150 -328498
27180 -328498
27210 -328476
27240 -328468
27270 -328464
27300 -328464
27330 -328429
27360 -328421
27390 -328420
27420 -328417
27450 -328400
27480 -328400
27510 -328400
27540 -328400
27570 -328400
27600 -328400
27630 -328400
27660 -328400
27690 -328400
27720 -328365
27750 -328363
27780 -328317
27810 -328317
27840 -328313
27870 -328294
27900 -328284
27930 -328217
27960 -328192
27990 -328176
28020 -328172
28050 -328166
28080 -328166
28110 -328164
28140 -328154
28170 -328152
28200 -328152
28230 -328134
28260 -328116
28290 -328112
28320 -328112
28350 -328110
28380 -328109
28410 -328098
28440 -328093
28470 -328054
28500 -328054
28530 -328040
28560 -328034
28590 -328034
28620 -328034
28650 -328033
28680 -328026
28710 -328026
28740 -328025
28770 -328025
28800 -328014
28830 -327990
28860 -327980
28890 -327980
28920 -327980
28950 -327966
28980 -327962
29010 -327951
29040 -327949
29070 -327907
29100 -327907
29130 -327896
29160 -327855
29190 -327852
29220 -327822
29250 -327822
29280 -327814
29310 -327814
29340 -327814
29370 -327814
29400 -327814
29430 -327814
29460 -327799
29490 -327783
29520 -327783
29550 -327783
29580 -327780
29610 -327780
29640 -327780
29670 -327753
29700 -327753
29730 -327745
29760 -327737
29790 -327735
29820 -327735
29850 -327735
29880 -327728
29910 -327728
29940 -327728
29970 -327728
30000 -327713
30030 -327704
30060 -327683
30090 -327683
30120 -327683
30150 -327672
30180 -327672
30210 -327667
30240 -327667
30270 -327667
30300 -327649
30330 -327624
30360 -327624
30390 -327624
30420 -327624
30450 -327618
30480 -327616
30510 -327612
30540 -327612
30570 -327612
30600 -327612
30630 -327612
30660 -327612
30690 -327612
30720 -327612
30750 -327612
30780 -327612
30810 -327612
30840 -327594
30870 -327584
30900 -327584
30930 -327578
30960 -327542
30990 -327542
31020 -327529
31050 -327506
31080 -327504
31110 -327504
31140 -327504
31170 -327485
31200 -327478
31230 -327469
31260 -327463
31290 -327463
31320 -327441
31350 -327441
31380 -327432
31410 -327412
31440 -327407
31470 -327405
31500 -327383
31530 -327383
31560 -327383
31590 -327382
31620 -327382
31650 -327382
31680 -327382
31710 -327382
31740 -327370
31770 -327339
31800 -327339
31830 -327339
31860 -327339
31890 -327329
31920 -327312
31950 -327312
31980 -327312
32010 -327312
32040 -327310
32070 -327310
32100 -327310
32130 -327305
32160 -327301
32190 -327301
32220 -327301
32250 -327301
32280 -327301
32310 -327297
32340 -327297
32370 -327294
32400 -327277
32430 -327277
32460 -327253
32490 -327253
32520 -327247
32550 -327239
32580 -327236
32610 -327221
32640 -327221
32670 -327221
32700 -327218
32730 -327218
32760 -327218
32790 -327218
32820 -327205
32850 -327200
32880 -327194
32910 -327127
32940 -327114
32970 -327114
33000 -327098
33030 -327095
33060 -327095
33090 -327095
33120 -327091
33150 -327091
33180 -327086
33210 -327086
33240 -327084
33270 -327084
33300 -327072
33330 -327067
33360 -327059
33390 -327059
33420 -327047
33450 -327047
33480 -327046
33510 -327025
33540 -327025
33570 -327021
33600 -327021
33630 -327015
33660 -326994
33690 -326994
33720 -326994
33750 -326984
33780 -326984
33810 -326978
33840 -326967
33870 -326967
33900 -326956
33930 -326950
33960 -326950
33990 -326950
34020 -326950
34050 -326950
34080 -326950
34110 -326950
34140 -326944
34170 -326943
34200 -326943
34230 -326943
34260 -326943
34290 -326943
34320 -326934
34350 -326934
34380 -326934
34410 -326934
34440 -326932
34470 -326929
34500 -326864
34530 -326864
34560 -326837
34590 -326832
34620 -326832
34650 -326823
34680 -326813
34710 -326813
34740 -326813
34770 -326813
34800 -326802
34830 -326790
34860 -326766
34890 -326766
34920 -326766
34950 -326766
34980 -326765
35010 -326765
35040 -326765
35070 -326765
35100 -326764
35130 -326761
35160 -326761
35190 -326751
35220 -326751
35250 -326741
35280 -326729
35310 -326719
35340 -326718
35370 -326718
35400 -326716
35430 -326714
35460 -326714
35490 -326714
35520 -326714
35550 -326714
35580 -326714
35610 -326713
35640 -326713
35670 -326713
35700 -326699
35730 -326699
35760 -326696
35790 -326696
35820 -326673
35850 -326654
35880 -326654
35910 -326630
35940 -326625
35970 -326625
36000 -326578
36030 -326556
36060 -326556
36090 -326552
36120 -326552
36150 -326552
36180 -326552
36210 -326546
36240 -326546
36270 -326513
36300 -326507
36330 -326489
36360 -326488
36390 -326488
36420 -326484
36450 -326447
36480 -326447
36510 -326445
36540 -326400
36570 -326391
36600 -326391
36630 -326380
36660 -326380
36690 -326380
36720 -326376
36750 -326376
36780 -326376
36810 -326376
36840 -326376
36870 -326376
36900 -326368
36930 -326368
36960 -326368
36990 -326368
37020 -326368
37050 -326368
37080 -326350
37110 -326350
37140 -326349
37170 -326349
37200 -326349
37230 -326347
37260 -326330
37290 -326275
37320 -326275
37350 -326275
37380 -326275
37410 -326275
37440 -326275
37470 -326274
37500 -326266
37530 -326266
37560 -326266
37590 -326239
37620 -326239
37650 -326187
37680 -326187
37710 -326180
37740 -326179
37770 -326174
37800 -326172
37830 -326161
37860 -326159
37890 -326130
37920 -326130
37950 -326130
37980 -326130
38010 -326130
38040 -326119
38070 -326109
38100 -326092
38130 -326088
38160 -326088
38190 -326088
38220 -326086
38250 -326079
38280 -326079
38310 -326071
38340 -326071
38370 -326064
38400 -326059
38430 -326049
38460 -326049
38490 -326032
38520 -326031
38550 -326031
38580 -326014
38610 -326009
38640 -326009
38670 -326009
38700 -326006
38730 -326006
38760 -326006
38790 -326006
38820 -326006
38850 -326004
38880 -325977
38910 -325977
38940 -325977
38970 -325977
39000 -325973
39030 -325973
39060 -325973
39090 -325973
39120 -325973
39150 -325973
39180 -325968
39210 -325966
39240 -325962
39270 -325962
39300 -325931
39330 -325931
39360 -325919
39390 -325919
39420 -325919
39450 -325917
39480 -325917
39510 -325911
39540 -325901
39570 -325901
39600 -325893
39630 -325893
39660 -325891
39690 -325888
39720 -325888
39750 -325886
39780 -325886
39810 -325872
39840 -325859
39870 -325859
39900 -325859
39930 -325850
39960 -325834
39990 -325834
40020 -325830
40050 -325830
40080 -325828
40110 -325817
40140 -325817
40170 -325817
40200 -325809
40230 -325809
40260 -325807
40290 -325807
40320 -325798
40350 -325798
40380 -325798
40410 -325797
40440 -325795
40470 -325795
40500 -325761
40530 -325761
40560 -325752
40590 -325752
40620 -325726
40650 -325726
40680 -325726
40710 -325726
40740 -325726
40770 -325726
40800 -325726
40830 -325702
40860 -325702
40890 -325700
40920 -325700
40950 -325696
40980 -325687
41010 -325683
41040 -325683
41070 -325683
41100 -325682
41130 -325682
41160 -325682
41190 -325682
41220 -325678
41250 -325676
41280 -325676
41310 -325672
41340 -325662
41370 -325662
41400 -325660
41430 -325660
41460 -325660
41490 -325660
41520 -325657
41550 -325656
41580 -325656
41610 -325652
41640 -325626
41670 -325626
41700 -325626
41730 -325626
41760 -325623
41790 -325623
41820 -325617
41850 -325617
41880 -325615
41910 -325593
41940 -325593
41970 -325566
42000 -325557
42030 -325534
42060 -325534
42090 -325534
42120 -325521
42150 -325521
42180 -325521
42210 -325521
42240 -325521
42270 -325518
42300 -325512
42330 -325512
42360 -325512
42390 -325492
42420 -325481
42450 -325477
42480 -325469
42510 -325452
42540 -325452
42570 -325445
42600 -325445
42630 -325443
42660 -325443
42690 -325434
42720 -325434
42750 -325434
42780 -325434
42810 -325434
42840 -325433
42870 -325433
42900 -325413
42930 -325413
42960 -325413
42990 -325410
43020 -325401
43050 -325399
43080 -325399
43110 -325393
43140 -325393
43170 -325392
43200 -325385
43230 -325385
43260 -325379
43290 -325371
43320 -325362
43350 -325353
43380 -325348
43410 -325344
43440 -325314
43470 -325289
43500 -325282
43530 -325282
43560 -325282
43590 -325282
43620 -325275
43650 -325275
43680 -325275
43710 -325263
43740 -325242
43770 -325242
43800 -325242
43830 -325242
43860 -325242
43890 -325242
43920 -325242
43950 -325234
43980 -325234
44010 -325227
44040 -325211
44070 -325207
44100 -325198
44130 -325198
44160 -325196
44190 -325194
44220 -325175
44250 -325170
44280 -325158
44310 -325158
44340 -325158
44370 -325158
44400 -325156
44430 -325156
44460 -325156
44490 -325149
44520 -325148
44550 -325148
44580 -325131
44610 -325131
44640 -325122
44670 -325122
44700 -325122
44730 -325095
44760 -325094
44790 -325094
44820 -325094
44850 -325077
44880 -325059
44910 -325051
44940 -325045
44970 -325039
45000 -325026
45030 -325026
45060 -325026
45090 -325026
45120 -325024
45150 -325024
45180 -325024
45210 -324997
45240 -324997
45270 -324979
45300 -324979
45330 -324973
45360 -324969
45390 -324954
45420 -324943
45450 -324943
45480 -324933
45510 -324930
45540 -324930
45570 -324919
45600 -324919
45630 -324919
45660 -324916
45690 -324895
45720 -324889
45750 -324883
45780 -324883
45810 -324879
45840 -324858
45870 -324839
45900 -324839
45930 -324827
45960 -324823
45990 -324822
46020 -324817
46050 -324812
46080 -324812
46110 -324812
46140 -324812
46170 -324812
46200 -324812
46230 -324812
46260 -324800
46290 -324794
46320 -324794
46350 -324782
46380 -324780
46410 -324772
46440 -324770
46470 -324770
46500 -324770
46530 -324688
46560 -324688
46590 -324688
46620 -324688
46650 -324688
46680 -324688
46710 -324680
46740 -324680
46770 -324680
46800 -324676
46830 -324676
46860 -324676
46890 -324648
46920 -324648
46950 -324648
46980 -324648
47010 -324648
47040 -324639
47070 -324639
47100 -324639
47130 -324639
47160 -324639
47190 -324632
47220 -324631
47250 -324631
47280 -324631
47310 -324631
47340 -324596
47370 -324594
47400 -324594
47430 -324594
47460 -324573
47490 -324454
47520 -324445
47550 -324445
47580 -324433
47610 -324433
47640 -324433
47670 -324431
47700 -324431
47730 -324431
47760 -324431
47790 -324431
47820 -324418
47850 -324418
47880 -324418
47910 -324417
47940 -324401
47970 -324393
48000 -324393
48030 -324393
48060 -324390
48090 -324379
48120 -324379
48150 -324373
48180 -324373
48210 -324373
48240 -324373
48270 -324373
48300 -324373
48330 -324373
48360 -324368
48390 -324368
48420 -324368
48450 -324364
48480 -324332
48510 -324332
48540 -324328
48570 -324328
48600 -324328
48630 -324318
48660 -324303
48690 -324303
48720 -324303
48750 -324303
48780 -324303
48810 -324303
48840 -324299
48870 -324299
48900 -324299
48930 -324297
48960 -324296
48990 -324295
49020 -324295
49050 -324250
49080 -324250
49110 -324237
49140 -324237
49170 -324237
49200 -324219
49230 -324213
49260 -324213
49290 -324213
49320 -324200
49350 -324192
49380 -324192
49410 -324192
49440 -324192
49470 -324192
49500 -324192
49530 -324192
49560 -324192
49590 -324183
49620 -324177
49650 -324177
49680 -324177
49710 -324177
49740 -324169
49770 -324169
49800 -324146
49830 -324121
49860 -324120
49890 -324120
49920 -324116
49950 -324116
49980 -324104
50010 -324104
50040 -324092
50070 -324085
50100 -324085
50130 -324085
50160 -324085
50190 -324066
50220 -324066
50250 -324063
50280 -324053
50310 -324053
50340 -324039
50370 -324034
50400 -324032
50430 -324032
50460 -324032
50490 -324008
50520 -324008
50550 -323995
50580 -323995
50610 -323995
50640 -323995
50670 -323989
50700 -323985
50730 -323985
50760 -323983
50790 -323983
50820 -323983
50850 -323961
50880 -323961
50910 -323947
50940 -323947
50970 -323941
51000 -323941
51030 -323939
51060 -323939
51090 -323939
51120 -323939
51150 -323930
51180 -323930
51210 -323917
51240 -323917
51270 -323912
51300 -323912
51330 -323899
51360 -323899
51390 -323899
51420 -323896
51450 -323896
51480 -323896
51510 -323895
51540 -323892
51570 -323886
51600 -323886
51630 -323883
51660 -323868
51690 -323868
51720 -323865
51750 -323857
51780 -323853
51810 -323830
51840 -323830
51870 -323829
51900 -323791
51930 -323790
51960 -323790
51990 -323790
52020 -323790
52050 -323787
52080 -323787
52110 -323785
52140 -323784
52170 -323784
52200 -323784
52230 -323765
52260 -323760
52290 -323760
52320 -323748
52350 -323748
52380 -323748
52410 -323748
52440 -323748
52470 -323746
52500 -323732
52530 -323730
52560 -323729
52590 -323712
52620 -323712
52650 -323712
52680 -323681
52710 -323681
52740 -323669
52770 -323669
52800 -323667
52830 -323663
52860 -323657
52890 -323657
52920 -323657
52950 -323657
52980 -323643
53010 -323643
53040 -323643
53070 -323643
53100 -323643
53130 -323643
53160 -323643
53190 -323643
53220 -323643
53250 -323643
53280 -323641
53310 -323641
53340 -323641
53370 -323641
53400 -323641
53430 -323641
53460 -323640
53490 -323640
53520 -323640
53550 -323640
53580 -323640
53610 -323617
53640 -323617
53670 -323617
53700 -323617
53730 -323617
53760 -323615
53790 -323604
53820 -323604
53850 -323593
53880 -323593
53910 -323593
53940 -323560
53970 -323560
54000 -323551
54030 -323550
54060 -323550
54090 -323550
54120 -323550
54150 -323549
54180 -323549
54210 -323549
54240 -323549
54270 -323438
54300 -323426
54330 -323425
54360 -323419
54390 -323419
54420 -323419
54450 -323419
54480 -323416
54510 -323416
54540 -323397
54570 -323397
54600 -323397
54630 -323397
54660 -323397
54690 -323397
54720 -323383
54750 -323383
54780 -323352
54810 -323352
54840 -323345
54870 -323342
54900 -323342
54930 -323342
54960 -323342
54990 -323342
55020 -323342
55050 -323342
55080 -323340
55110 -323333
55140 -323333
55170 -323333
55200 -323332
55230 -323332
55260 -323327
55290 -323327
55320 -323324
55350 -323316
55380 -323316
55410 -323316
55440 -323316
55470 -323299
55500 -323299
55530 -323299
55560 -323296
55590 -323296
55620 -323293
55650 -323267
55680 -323267
55710 -323267
55740 -323267
55770 -323267
55800 -323267
55830 -323267
55860 -323267
55890 -323267
55920 -323267
55950 -323267
55980 -323261
56010 -323261
56040 -323261
56070 -323260
56100 -323260
56130 -323260
56160 -323260
56190 -323260
56220 -323260
56250 -323249
56280 -323212
56310 -323212
56340 -323212
56370 -323209
56400 -323187
56430 -323187
56460 -323187
56490 -323187
56520 -323159
56550 -323159
56580 -323157
56610 -323154
56640 -323148
56670 -323143
56700 -323134
56730 -323134
56760 -323130
56790 -323113
56820 -323112
56850 -323087
56880 -323077
56910 -323066
56940 -323066
56970 -323066
57000 -323066
57030 -323062
57060 -323062
57090 -323060
57120 -323060
57150 -323060
57180 -323050
57210 -323044
57240 -323044
57270 -323044
57300 -323044
57330 -323044
57360 -323044
57390 -323044
57420 -323044
57450 -323040
57480 -323040
57510 -323033
57540 -323033
57570 -323033
57600 -323033
57630 -323032
57660 -323032
57690 -323032
57720 -323031
57750 -323031
57780 -323019
57810 -323018
57840 -323018
57870 -323018
57900 -323018
57930 -323010
57960 -323007
57990 -323007
58020 -322999
58050 -322999
58080 -322999
58110 -322996
58140 -322995
58170 -322986
58200 -322983
58230 -322983
58260 -322977
58290 -322977
58320 -322970
58350 -322970
58380 -322969
58410 -322967
58440 -322967
58470 -322960
58500 -322949
58530 -322932
58560 -322919
58590 -322916
58620 -322916
58650 -322915
58680 -322915
58710 -322915
58740 -322915
58770 -322915
58800 -322915
58830 -322912
58860 -322912
58890 -322912
58920 -322912
58950 -322911
58980 -322911
59010 -322911
59040 -322911
59070 -322883
59100 -322883
59130 -322883
59160 -322883
59190 -322883
59220 -322883
59250 -322883
59280 -322881
59310 -322881
59340 -322881
59370 -322881
59400 -322880
59430 -322880
59460 -322879
59490 -322879
59520 -322869
59550 -322859
59580 -322859
59610 -322859
59640 -322859
59670 -322838
59700 -322838
59730 -322838
59760 -322817
59790 -322817
59820 -322815
59850 -322815
59880 -322814
59910 -322811
59940 -322809
59970 -322807
60000 -322807
60030 -322807
60060 -322807
60090 -322807
60120 -322806
60150 -322806
60180 -322800
60210 -322800
60240 -322800
60270 -322800
60300 -322800
60330 -322800
60360 -322800
60390 -322778
60420 -322778
60450 -322778
60480 -322761
60510 -322759
60540 -322740
60570 -322740
60600 -322740
60630 -322740
60660 -322740
60690 -322740
60720 -322740
60750 -322740
60780 -322739
60810 -322739
60840 -322739
60870 -322739
60900 -322739
60930 -322738
60960 -322738
60990 -322738
61020 -322738
61050 -322735
61080 -322735
61110 -322735
61140 -322735
61170 -322732
61200 -322730
61230 -322718
61260 -322718
61290 -322718
61320 -322714
61350 -322691
61380 -322679
61410 -322679
61440 -322661
61470 -322661
61500 -322661
61530 -322661
61560 -322661
61590 -322660
61620 -322660
61650 -322660
61680 -322649
61710 -322645
61740 -322627
61770 -322627
61800 -322627
61830 -322626
61860 -322626
61890 -322619
61920 -322619
61950 -322619
61980 -322587
62010 -322582
62040 -322582
62070 -322582
62100 -322559
62130 -322558
62160 -322558
62190 -322558
62220 -322550
62250 -322549
62280 -322544
62310 -322544
62340 -322533
62370 -322529
62400 -322529
62430 -322515
62460 -322515
62490 -322515
62520 -322511
62550 -322511
62580 -322511
62610 -322511
62640 -322511
62670 -322510
62700 -322496
62730 -322485
62760 -322485
62790 -322485
62820 -322485
62850 -322468
62880 -322463
62910 -322463
62940 -322426
62970 -322426
63000 -322426
63030 -322426
63060 -322426
63090 -322426
63120 -322425
63150 -322425
63180 -322417
63210 -322417
63240 -322417
63270 -322417
63300 -322417
63330 -322417
63360 -322416
63390 -322415
63420 -322387
63450 -322387
63480 -322383
63510 -322383
63540 -322383
63570 -322383
63600 -322383
63630 -322383
63660 -322348
63690 -322346
63720 -322346
63750 -322343
63780 -322343
63810 -322343
63840 -322341
63870 -322341
63900 -322341
63930 -322327
63960 -322327
63990 -322327
64020 -322327
64050 -322327
64080 -322327
64110 -322327
64140 -322313
64170 -322267
64200 -322228
64230 -322228
64260 -322228
64290 -322220
64320 -322217
64350 -322217
64380 -322204
64410 -322204
64440 -322204
64470 -322204
64500 -322185
64530 -322185
64560 -322185
64590 -322185
64620 -322183
64650 -322172
64680 -322172
64710 -322169
64740 -322151
64770 -322151
64800 -322150
64830 -322150
64860 -322150
64890 -322150
64920 -322150
64950 -322150
64980 -322149
65010 -322147
65040 -322147
65070 -322147
65100 -322138
65130 -322138
65160 -322138
65190 -322137
65220 -322137
65250 -322137
65280 -322137
65310 -322131
65340 -322131
65370 -322131
65400 -322123
65430 -322075
65460 -322055
65490 -322053
65520 -322053
65550 -322049
65580 -322049
65610 -322047
65640 -322007
65670 -322006
65700 -322005
65730 -322002
65760 -322000
65790 -322000
65820 -321993
65850 -321993
65880 -321989
65910 -321985
65940 -321983
65970 -321932
66000 -321894
66030 -321856
66060 -321856
66090 -321850
66120 -321850
66150 -321848
66180 -321819
66210 -321812
66240 -321812
66270 -321811
66300 -321811
66330 -321811
66360 -321808
66390 -321808
66420 -321808
66450 -321804
66480 -321800
66510 -321800
66540 -321800
66570 -321800
66600 -321796
66630 -321796
66660 -321795
66690 -321795
66720 -321795
66750 -321795
66780 -321795
66810 -321795
66840 -321793
66870 -321785
66900 -321785
66930 -321785
66960 -321785
66990 -321775
67020 -321762
67050 -321762
67080 -321762
67110 -321762
67140 -321762
67170 -321751
67200 -321737
67230 -321737
67260 -321737
67290 -321737
67320 -321737
67350 -321737
67380 -321712
67410 -321712
67440 -321712
67470 -321701
67500 -321701
67530 -321701
67560 -321701
67590 -321701
67620 -321698
67650 -321698
67680 -321698
67710 -321698
67740 -321698
67770 -321693
67800 -321685
67830 -321679
67860 -321679
67890 -321679
67920 -321679
67950 -321679
67980 -321679
68010 -321679
68040 -321678
68070 -321678
68100 -321675
68130 -321671
68160 -321610
68190 -321610
68220 -321610
68250 -321603
68280 -321601
68310 -321601
68340 -321601
68370 -321601
68400 -321601
68430 -321601
68460 -321598
68490 -321598
68520 -321598
68550 -321598
68580 -321598
68610 -321598
68640 -321577
68670 -321577
68700 -321550
68730 -321550
68760 -321550
68790 -321547
68820 -321543
68850 -321543
68880 -321543
68910 -321543
68940 -321541
68970 -321537
69000 -321537
69030 -321537
69060 -321536
69090 -321536
69120 -321536
69150 -321536
69180 -321536
69210 -321536
69240 -321536
69270 -321536
69300 -321515
69330 -321515
69360 -321515
69390 -321515
69420 -321515
69450 -321515
69480 -321514
69510 -321514
69540 -321514
69570 -321514
69600 -321514
69630 -321514
69660 -321514
69690 -321514
69720 -321508
69750 -321508
69780 -321508
69810 -321507
69840 -321507
69870 -321507
69900 -321505
69930 -321504
69960 -321502
69990 -321499
70020 -321489
70050 -321489
70080 -321489
70110 -321489
70140 -321489
70170 -321489
70200 -321489
70230 -321481
70260 -321477
70290 -321477
70320 -321477
70350 -321477
70380 -321473
70410 -321468
70440 -321465
70470 -321460
70500 -321460
70530 -321451
70560 -321451
70590 -321451
70620 -321449
70650 -321446
70680 -321446
70710 -321442
70740 -321442
70770 -321442
70800 -321442
70830 -321425
70860 -321422
70890 -321420
70920 -321417
70950 -321417
70980 -321417
71010 -321407
71040 -321399
71070 -321399
71100 -321399
71130 -321398
71160 -321398
71190 -321398
71220 -321398
71250 -321389
71280 -321388
71310 -321384
71340 -321384
71370 -321384
71400 -321384
71430 -321384
71460 -321383
71490 -321383
71520 -321383
71550 -321383
71580 -321383
71610 -321369
71640 -321369
71670 -321369
71700 -321369
71730 -321364
71760 -321360
71790 -321360
71820 -321357
71850 -321357
71880 -321357
71910 -321357
71940 -321340
71970 -321339
72000 -321338
72030 -321338
72060 -321338
72090 -321335
72120 -321325
72150 -321325
72180 -321325
72210 -321325
72240 -321325
72270 -321323
72300 -321313
72330 -321306
72360 -321306
72390 -321306
72420 -321306
72450 -321304
72480 -321304
72510 -321304
72540 -321304
72570 -321304
72600 -321302
72630 -321302
72660 -321293
72690 -321293
72720 -321293
72750 -321293
72780 -321293
72810 -321293
72840 -321293
72870 -321293
72900 -321293
72930 -321293
72960 -321271
72990 -321271
73020 -321262
73050 -321260
73080 -321260
73110 -321260
73140 -321260
73170 -321257
73200 -321257
73230 -321237
73260 -321237
73290 -321232
73320 -321228
73350 -321221
73380 -321221
73410 -321221
73440 -321221
73470 -321221
73500 -321221
73530 -321220
73560 -321216
73590 -321213
73620 -321213
73650 -321213
73680 -321213
73710 -321213
73740 -321213
73770 -321213
73800 -321213
73830 -321213
73860 -321213
73890 -321202
73920 -321202
73950 -321164
73980 -321164
74010 -321164
74040 -321164
74070 -321164
74100 -321161
74130 -321161
74160 -321160
74190 -321157
74220 -321157
74250 -321157
74280 -321157
74310 -321157
74340 -321157
74370 -321154
74400 -321154
74430 -321154
74460 -321154
74490 -321154
74520 -321153
74550 -321153
74580 -321153
74610 -321148
74640 -321148
74670 -321143
74700 -321135
74730 -321135
74760 -321125
74790 -321125
74820 -321114
74850 -321112
74880 -321112
74910 -321112
74940 -321112
74970 -321105
75000 -321105
75030 -321105
75060 -321105
75090 -321105
75120 -321105
75150 -321105
75180 -321105
75210 -321090
75240 -321090
75270 -321090
75300 -321090
75330 -321090
75360 -321083
75390 -321083
75420 -321083
75450 -321083
75480 -321072
75510 -321059
75540 -321059
75570 -321051
75600 -321051
75630 -321051
75660 -321043
75690 -321042
75720 -321035
75750 -321035
75780 -321032
75810 -321031
75840 -321031
75870 -321026
75900 -321024
75930 -321023
75960 -321021
75990 -321013
76020 -321013
76050 -321013
76080 -320997
76110 -320997
76140 -320997
76170 -320997
76200 -320997
76230 -320996
76260 -320996
76290 -320942
76320 -320942
76350 -320942
76380 -320942
76410 -320942
76440 -320942
76470 -320934
76500 -320934
76530 -320934
76560 -320934
76590 -320934
76620 -320934
76650 -320934
76680 -320934
76710 -320934
76740 -320934
76770 -320934
76800 -320932
76830 -320932
76860 -320932
76890 -320930
76920 -320890
76950 -320868
76980 -320868
77010 -320868
77040 -320865
77070 -320865
77100 -320857
77130 -320857
77160 -320845
77190 -320844
77220 -320844
77250 -320843
77280 -320843
77310 -320841
77340 -320841
77370 -320841
77400 -320837
77430 -320837
77460 -320837
77490 -320837
77520 -320837
77550 -320835
77580 -320835
77610 -320835
77640 -320835
77670 -320831
77700 -320831
77730 -320831
77760 -320831
77790 -320831
77820 -320831
77850 -320831
77880 -320830
77910 -320830
77940 -320826
77970 -320826
78000 -320822
78030 -320822
78060 -320820
78090 -320820
78120 -320812
78150 -320812
78180 -320812
78210 -320811
78240 -320801
78270 -320801
78300 -320795
78330 -320795
78360 -320795
78390 -320795
78420 -320795
78450 -320794
78480 -320794
78510 -320784
78540 -320777
78570 -320777
78600 -320775
78630 -320775
78660 -320773
78690 -320773
78720 -320773
78750 -320773
78780 -320757
78810 -320757
78840 -320757
78870 -320757
78900 -320753
78930 -320753
78960 -320753
78990 -320753
79020 -320740
79050 -320739
79080 -320739
79110 -320739
79140 -320739
79170 -320739
79200 -320739
79230 -320739
79260 -320739
79290 -320739
79320 -320724
79350 -320724
79380 -320719
79410 -320719
79440 -320719
79470 -320719
79500 -320690
79530 -320690
79560 -320690
79590 -320690
79620 -320690
79650 -320690
79680 -320684
79710 -320684
79740 -320684
79770 -320684
79800 -320684
79830 -320684
79860 -320684
79890 -320684
79920 -320682
79950 -320682
79980 -320682
80010 -320671
80040 -320671
80070 -320671
80100 -320662
80130 -320662
80160 -320662
80190 -320657
80220 -320657
80250 -320650
80280 -320649
80310 -320649
80340 -320649
80370 -320649
80400 -320649
80430 -320643
80460 -320643
80490 -320643
80520 -320643
80550 -320640
80580 -320640
80610 -320640
80640 -320640
80670 -320640
80700 -320638
80730 -320628
80760 -320626
80790 -320626
80820 -320529
80850 -320529
80880 -320529
80910 -320529
80940 -320529
80970 -320529
81000 -320529
81030 -320529
81060 -320500
81090 -320500
81120 -320500
81150 -320500
81180 -320500
81210 -320500
81240 -320500
81270 -320500
81300 -320500
81330 -320500
81360 -320497
81390 -320497
81420 -320497
81450 -320496
81480 -320496
81510 -320478
81540 -320466
81570 -320466
81600 -320466
81630 -320458
81660 -320454
81690 -320454
81720 -320454
81750 -320454
81780 -320451
81810 -320450
81840 -320450
81870 -320450
81900 -320447
81930 -320447
81960 -320447
81990 -320447
82020 -320447
82050 -320447
82080 -320447
82110 -320447
82140 -320447
82170 -320445
82200 -320445
82230 -320445
82260 -320445
82290 -320445
82320 -320438
82350 -320428
82380 -320428
82410 -320422
82440 -320422
82470 -320422
82500 -320422
82530 -320422
82560 -320414
82590 -320414
82620 -320412
82650 -320410
82680 -320410
82710 -320410
82740 -320410
82770 -320410
82800 -320408
82830 -320408
82860 -320407
82890 -320407
82920 -320407
82950 -320383
82980 -320383
83010 -320383
83040 -320383
83070 -320383
83100 -320383
83130 -320383
83160 -320383
83190 -320383
83220 -320378
83250 -320375
83280 -320364
83310 -320364
83340 -320364
83370 -320364
83400 -320364
83430 -320341
83460 -320341
83490 -320341
83520 -320339
83550 -320316
83580 -320312
83610 -320312
83640 -320312
83670 -320312
83700 -320308
83730 -320298
83760 -320298
83790 -320298
83820 -320298
83850 -320275
83880 -320273
83910 -320273
83940 -320273
83970 -320273
84000 -320273
84030 -320273
84060 -320269
84090 -320269
84120 -320269
84150 -320269
84180 -320269
84210 -320269
84240 -320269
84270 -320258
84300 -320258
84330 -320258
84360 -320249
84390 -320249
84420 -320246
84450 -320246
84480 -320246
84510 -320246
84540 -320246
84570 -320246
84600 -320243
84630 -320239
84660 -320239
84690 -320236
84720 -320236
84750 -320236
84780 -320236
84810 -320235
84840 -320235
84870 -320235
84900 -320235
84930 -320226
84960 -320222
84990 -320221
85020 -320221
85050 -320220
85080 -320220
85110 -320220
85140 -320220
85170 -320220
85200 -320220
85230 -320220
85260 -320220
85290 -320210
85320 -320199
85350 -320194
85380 -320194
85410 -320194
85440 -320194
85470 -320194
85500 -320178
85530 -320175
85560 -320175
85590 -320175
85620 -320175
85650 -320175
85680 -320175
85710 -320175
85740 -320172
85770 -320170
85800 -320170
85830 -320170
85860 -320170
85890 -320169
85920 -320169
85950 -320169
85980 -320169
86010 -320169
86040 -320158
86070 -320152
86100 -320127
86130 -320125
86160 -320125
86190 -320125
86220 -320125
86250 -320125
86280 -320125
86310 -320125
86340 -320125
86370 -320125
86400 -320125
86430 -320124
86460 -320124
86490 -320123
86520 -320123
86550 -320123
86580 -320112
86610 -320108
86640 -320101
86670 -320100
86700 -320100
86730 -320068
86760 -320066
86790 -320066
86820 -320064
86850 -320064
86880 -320061
86910 -320061
86940 -320060
86970 -320060
87000 -320060
87030 -320060
87060 -320060
87090 -320060
87120 -320060
87150 -320060
87180 -320060
87210 -320060
87240 -320059
87270 -320059
87300 -320059
87330 -320052
87360 -320052
87390 -320050
87420 -320049
87450 -320044
87480 -320041
87510 -320041
87540 -320041
87570 -320041
87600 -320041
87630 -320038
87660 -320033
87690 -320033
87720 -320006
87750 -320006
87780 -320005
87810 -320005
87840 -320004
87870 -320004
87900 -320003
87930 -320003
87960 -320003
87990 -320003
88020 -320003
88050 -320003
88080 -320003
88110 -320003
88140 -320003
88170 -320003
88200 -320003
88230 -320003
88260 -320002
88290 -319990
88320 -319990
88350 -319990
88380 -319990
88410 -319990
88440 -319973
88470 -319967
88500 -319967
88530 -319967
88560 -319967
88590 -319967
88620 -319967
88650 -319967
88680 -319967
88710 -319967
88740 -319967
88770 -319961
88800 -319961
88830 -319961
88860 -319961
88890 -319961
88920 -319961
88950 -319961
88980 -319961
89010 -319961
89040 -319948
89070 -319948
89100 -319948
89130 -319948
89160 -319948
89190 -319948
89220 -319948
89250 -319948
89280 -319948
89310 -319948
89340 -319948
89370 -319946
89400 -319946
89430 -319946
89460 -319946
89490 -319946
89520 -319946
89550 -319946
89580 -319946
89610 -319946
89640 -319946
89670 -319946
89700 -319946
89730 -319943
89760 -319943
89790 -319943
89820 -319943
89850 -319943
89880 -319943
89910 -319943
89940 -319942
89970 -319941
90000 -319939
90030 -319928
90060 -319928
90090 -319928
90120 -319928
90150 -319928
90180 -319928
90210 -319928
90240 -319909
90270 -319909
90300 -319909
90330 -319909
90360 -319905
90390 -319903
90420 -319903
90450 -319903
90480 -319903
90510 -319890
90540 -319890
90570 -319890
90600 -319890
90630 -319887
90660 -319887
90690 -319887
90720 -319887
90750 -319887
90780 -319887
90810 -319880
90840 -319880
90870 -319871
90900 -319871
90930 -319871
90960 -319871
90990 -319871
91020 -319871
91050 -319871
91080 -319871
91110 -319870
91140 -319870
91170 -319857
91200 -319857
91230 -319837
91260 -319837
91290 -319837
91320 -319837
91350 -319837
91380 -319833
91410 -319833
91440 -319833
91470 -319832
91500 -319822
91530 -319788
91560 -319788
91590 -319788
91620 -319788
91650 -319788
91680 -319788
91710 -319784
91740 -319784
91770 -319784
91800 -319782
91830 -319782
91860 -319782
91890 -319782
91920 -319779
91950 -319779
91980 -319779
92010 -319778
92040 -319778
92070 -319778
92100 -319778
92130 -319778
92160 -319778
92190 -319776
92220 -319776
92250 -319776
92280 -319723
92310 -319720
92340 -319720
92370 -319720
92400 -319716
92430 -319716
92460 -319716
92490 -319716
92520 -319716
92550 -319711
92580 -319711
92610 -319711
92640 -319711
92670 -319711
92700 -319711
92730 -319691
92760 -319688
92790 -319676
92820 -319676
92850 -319676
92880 -319639
92910 -319639
92940 -319639
92970 -319636
93000 -319606
93030 -319606
93060 -319595
93090 -319595
93120 -319595
93150 -319595
93180 -319595
93210 -319585
93240 -319585
93270 -319578
93300 -319562
93330 -319562
93360 -319558
93390 -319558
93420 -319554
93450 -319554
93480 -319554
93510 -319541
93540 -319540
93570 -319540
93600 -319540
93630 -319540
93660 -319540
93690 -319540
93720 -319540
93750 -319526
93780 -319526
93810 -319526
93840 -319526
93870 -319526
93900 -319520
93930 -319519
93960 -319519
93990 -319519
94020 -319504
94050 -319504
94080 -319504
94110 -319504
94140 -319491
94170 -319491
94200 -319487
94230 -319466
94260 -319460
94290 -319460
94320 -319460
94350 -319458
94380 -319458
94410 -319456
94440 -319456
94470 -319456
94500 -319450
94530 -319450
94560 -319450
94590 -319450
94620 -319449
94650 -319449
94680 -319449
94710 -319449
94740 -319423
94770 -319423
94800 -319423
94830 -319423
94860 -319420
94890 -319420
94920 -319420
94950 -319420
94980 -319419
95010 -319419
95040 -319414
95070 -319414
95100 -319410
95130 -319402
95160 -319402
95190 -319399
95220 -319390
95250 -319390
95280 -319390
95310 -319390
95340 -319389
95370 -319388
95400 -319388
95430 -319388
95460 -319388
95490 -319386
95520 -319386
95550 -319383
95580 -319383
95610 -319383
95640 -319383
95670 -319376
95700 -319376
95730 -319376
95760 -319376
95790 -319369
95820 -319352
95850 -319352
95880 -319352
95910 -319352
95940 -319352
95970 -319352
96000 -319352
96030 -319351
96060 -319351
96090 -319351
96120 -319349
96150 -319349
96180 -319349
96210 -319349
96240 -319349
96270 -319345
96300 -319312
96330 -319311
96360 -319311
96390 -319311
96420 -319311
96450 -319311
96480 -319311
96510 -319308
96540 -319301
96570 -319301
96600 -319301
96630 -319301
96660 -319301
96690 -319301
96720 -319301
96750 -319301
96780 -319301
96810 -319294
96840 -319294
96870 -319294
96900 -319293
96930 -319292
96960 -319292
96990 -319292
97020 -319292
97050 -319292
97080 -319292
97110 -319292
97140 -319292
97170 -319292
97200 -319292
97230 -319292
97260 -319292
97290 -319292
97320 -319292
97350 -319248
97380 -319248
97410 -319248
97440 -319242
97470 -319240
97500 -319240
97530 -319240
97560 -319234
97590 -319234
97620 -319234
97650 -319232
97680 -319232
97710 -319226
97740 -319226
97770 -319226
97800 -319226
97830 -319226
97860 -319211
97890 -319115
97920 -319115
97950 -319115
97980 -319115
98010 -319115
98040 -319112
98070 -319112
98100 -319104
98130 -319104
98160 -319104
98190 -319104
98220 -319104
98250 -319104
98280 -319104
98310 -319104
98340 -319104
98370 -319104
98400 -319103
98430 -319103
98460 -319101
98490 -319101
98520 -319099
98550 -319094
98580 -319066
98610 -319059
98640 -319059
98670 -319057
98700 -319057
98730 -319055
98760 -319055
98790 -319050
98820 -319050
98850 -319050
98880 -319050
98910 -319050
98940 -319050
98970 -319050
99000 -319050
99030 -319050
99060 -319034
99090 -319032
99120 -319031
99150 -319028
99180 -319028
99210 -319023
99240 -319023
99270 -319023
99300 -319023
99330 -319023
99360 -319023
99390 -319023
99420 -319016
99450 -319016
99480 -319016
99510 -319014
99540 -319014
99570 -319008
99600 -319008
99630 -318992
99660 -318992
99690 -318992
99720 -318989
99750 -318989
99780 -318989
99810 -318989
99840 -318988
99870 -318986
99900 -318986
99930 -318986
99960 -318986
99990 -318986
100020 -318979
100050 -318975
100080 -318975
100110 -318953
100140 -318953
100170 -318953
100200 -318953
100230 -318947
100260 -318947
100290 -318946
100320 -318936
100350 -318936
100380 -318936
100410 -318926
100440 -318921
100470 -318921
100500 -318921
100530 -318921
100560 -318921
100590 -318921
100620 -318921
100650 -318921
100680 -318921
100710 -318920
100740 -318920
100770 -318920
100800 -318920
100830 -318920
100860 -318914
100890 -318900
100920 -318899
100950 -318899
100980 -318899
101010 -318895
101040 -318895
101070 -318895
101100 -318893
101130 -318893
101160 -318893
101190 -318893
101220 -318890
101250 -318890
101280 -318882
101310 -318873
101340 -318872
101370 -318872
101400 -318872
101430 -318872
101460 -318868
101490 -318868
101520 -318868
101550 -318868
101580 -318868
101610 -318859
101640 -318859
101670 -318859
101700 -318859
101730 -318859
101760 -318859
101790 -318859
101820 -318856
101850 -318856
101880 -318856
101910 -318856
101940 -318854
101970 -318854
102000 -318854
102030 -318846
102060 -318846
102090 -318846
102120 -318837
102150 -318837
102180 -318805
102210 -318805
102240 -318805
102270 -318801
102300 -318801
102330 -318749
102360 -318749
102390 -318749
102420 -318749
102450 -318749
102480 -318749
102510 -318749
102540 -318749
102570 -318749
102600 -318749
102630 -318745
102660 -318745
102690 -318743
102720 -318743
102750 -318742
102780 -318742
102810 -318742
102840 -318742
102870 -318742
102900 -318742
102930 -318736
102960 -318734
102990 -318734
103020 -318734
103050 -318726
103080 -318726
103110 -318726
103140 -318726
103170 -318718
103200 -318714
103230 -318711
103260 -318711
103290 -318711
103320 -318711
103350 -318711
103380 -318711
103410 -318704
103440 -318700
103470 -318700
103500 -318700
103530 -318700
103560 -318700
103590 -318700
103620 -318693
103650 -318693
103680 -318693
103710 -318693
103740 -318673
103770 -318673
103800 -318672
103830 -318672
103860 -318672
103890 -318672
103920 -318672
103950 -318672
103980 -318665
104010 -318665
104040 -318665
104070 -318665
104100 -318665
104130 -318662
104160 -318662
104190 -318662
104220 -318662
104250 -318662
104280 -318655
104310 -318655
104340 -318655
104370 -318655
104400 -318655
104430 -318655
104460 -318655
104490 -318655
104520 -318655
104550 -318651
104580 -318651
104610 -318651
104640 -318649
104670 -318649
104700 -318649
104730 -318649
104760 -318649
104790 -318645
104820 -318644
104850 -318644
104880 -318636
104910 -318636
104940 -318636
104970 -318636
105000 -318634
105030 -318634
105060 -318634
105090 -318634
105120 -318634
105150 -318634
105180 -318634
105210 -318634
105240 -318634
105270 -318629
105300 -318629
105330 -318629
105360 -318629
105390 -318629
105420 -318625
105450 -318601
105480 -318599
105510 -318599
105540 -318599
105570 -318599
105600 -318599
105630 -318599
105660 -318599
105690 -318581
105720 -318576
105750 -318553
105780 -318553
105810 -318553
105840 -318553
105870 -318551
105900 -318547
105930 -318547
105960 -318547
105990 -318547
106020 -318542
106050 -318542
106080 -318542
106110 -318542
106140 -318542
106170 -318542
106200 -318537
106230 -318537
106260 -318537
106290 -318537
106320 -318536
106350 -318536
106380 -318536
106410 -318536
106440 -318536
106470 -318536
106500 -318528
106530 -318528
106560 -318528
106590 -318528
106620 -318528
106650 -318523
106680 -318523
106710 -318506
106740 -318492
106770 -318492
106800 -318492
106830 -318483
106860 -318480
106890 -318477
106920 -318477
106950 -318477
106980 -318477
107010 -318477
107040 -318477
107070 -318477
107100 -318477
107130 -318477
107160 -318475
107190 -318468
107220 -318466
107250 -318466
107280 -318459
107310 -318457
107340 -318457
107370 -318452
107400 -318452
107430 -318452
107460 -318452
107490 -318452
107520 -318452
107550 -318452
107580 -318442
107610 -318442
107640 -318427
107670 -318424
107700 -318424
107730 -318421
107760 -318412
107790 -318412
107820 -318406
107850 -318404
107880 -318404
107910 -318404
107940 -318404
107970 -318404
108000 -318401
108030 -318396
108060 -318396
108090 -318396
108120 -318396
108150 -318381
108180 -318381
108210 -318381
108240 -318381
108270 -318381
108300 -318381
108330 -318381
108360 -318381
108390 -318381
108420 -318381
108450 -318381
108480 -318379
108510 -318379
108540 -318379
108570 -318379
108600 -318379
108630 -318379
108660 -318379
108690 -318379
108720 -318379
108750 -318379
108780 -318375
108810 -318375
108840 -318375
108870 -318373
108900 -318373
108930 -318373
108960 -318373
108990 -318373
109020 -318373
109050 -318373
109080 -318371
109110 -318371
109140 -318371
109170 -318371
109200 -318371
109230 -318371
109260 -318360
109290 -318360
109320 -318360
109350 -318358
109380 -318358
109410 -318358
109440 -318358
109470 -318358
109500 -318358
109530 -318358
109560 -318358
109590 -318358
109620 -318358
109650 -318358
109680 -318358
109710 -318358
109740 -318358
109770 -318358
109800 -318358
109830 -318357
109860 -318357
109890 -318357
109920 -318356
109950 -318356
109980 -318356
110010 -318356
110040 -318356
110070 -318351
110100 -318351
110130 -318343
110160 -318333
110190 -318333
110220 -318333
110250 -318333
110280 -318333
110310 -318331
110340 -318331
110370 -318331
110400 -318331
110430 -318331
110460 -318331
110490 -318331
110520 -318331
110550 -318327
110580 -318327
110610 -318325
110640 -318325
110670 -318325
110700 -318325
110730 -318325
110760 -318325
110790 -318324
110820 -318324
110850 -318323
110880 -318323
110910 -318323
110940 -318323
110970 -318323
111000 -318323
111030 -318323
111060 -318323
111090 -318313
111120 -318313
111150 -318313
111180 -318313
111210 -318312
111240 -318307
111270 -318307
111300 -318307
111330 -318307
111360 -318307
111390 -318305
111420 -318290
111450 -318290
111480 -318290
111510 -318278
111540 -318278
111570 -318278
111600 -318278
111630 -318277
111660 -318277
111690 -318277
111720 -318277
111750 -318277
111780 -318254
111810 -318254
111840 -318254
111870 -318254
111900 -318254
111930 -318254
111960 -318254
111990 -318254
112020 -318231
112050 -318149
112080 -318149
112110 -318144
112140 -318144
112170 -318144
112200 -318143
112230 -318139
112260 -318139
112290 -318139
112320 -318133
112350 -318133
112380 -318133
112410 -318133
112440 -318133
112470 -318133
112500 -318133
112530 -318133
112560 -318133
112590 -318133
112620 -318132
112650 -318132
112680 -318131
112710 -318124
112740 -318122
112770 -318117
112800 -318098
112830 -318098
112860 -318098
112890 -318098
112920 -318082
112950 -318082
112980 -318082
113010 -318082
113040 -318082
113070 -318082
113100 -318082
113130 -318066
113160 -318066
113190 -318066
113220 -318059
113250 -318059
113280 -318058
113310 -318058
113340 -318058
113370 -318058
113400 -318058
113430 -318058
113460 -318058
113490 -318055
113520 -318055
113550 -318052
113580 -318051
113610 -318051
113640 -318051
113670 -318051
113700 -318051
113730 -318051
113760 -318051
113790 -318047
113820 -318047
113850 -318045
113880 -318045
113910 -318045
113940 -318045
113970 -318045
114000 -318042
114030 -318042
114060 -318042
114090 -318041
114120 -318041
114150 -318041
114180 -318041
114210 -318040
114240 -318000
114270 -318000
114300 -317998
114330 -317998
114360 -317998
114390 -317998
114420 -317998
114450 -317979
114480 -317979
114510 -317979
114540 -317940
114570 -317940
114600 -317940
114630 -317933
114660 -317933
114690 -317931
114720 -317931
114750 -317931
114780 -317929
114810 -317929
114840 -317929
114870 -317924
114900 -317924
114930 -317924
114960 -317924
114990 -317922
115020 -317922
115050 -317921
115080 -317921
115110 -317917
115140 -317917
115170 -317898
115200 -317898
115230 -317898
115260 -317897
115290 -317897
115320 -317896
115350 -317894
115380 -317894
115410 -317894
115440 -317894
115470 -317894
115500 -317894
115530 -317894
115560 -317894
115590 -317894
115620 -317892
115650 -317892
115680 -317892
115710 -317892
115740 -317892
115770 -317892
115800 -317890
115830 -317882
115860 -317882
115890 -317882
115920 -317880
115950 -317880
115980 -317880
116010 -317879
116040 -317879
116070 -317879
116100 -317879
116130 -317879
116160 -317869
116190 -317866
116220 -317866
116250 -317861
116280 -317860
116310 -317859
116340 -317831
116370 -317831
116400 -317831
116430 -317831
116460 -317831
116490 -317831
116520 -317831
116550 -317831
116580 -317831
116610 -317823
116640 -317823
116670 -317823
116700 -317823
116730 -317817
116760 -317814
116790 -317814
116820 -317814
116850 -317814
116880 -317812
116910 -317812
116940 -317810
116970 -317805
117000 -317805
117030 -317805
117060 -317805
117090 -317805
117120 -317805
117150 -317799
117180 -317799
117210 -317799
117240 -317799
117270 -317799
117300 -317797
117330 -317797
117360 -317776
117390 -317776
117420 -317776
117450 -317776
117480 -317768
117510 -317768
117540 -317766
117570 -317766
117600 -317765
117630 -317760
117660 -317760
117690 -317760
117720 -317760
117750 -317760
117780 -317760
117810 -317760
117840 -317759
117870 -317733
117900 -317733
117930 -317733
117960 -317733
117990 -317733
118020 -317733
118050 -317733
118080 -317733
118110 -317733
118140 -317733
118170 -317733
118200 -317728
118230 -317728
118260 -317728
118290 -317713
118320 -317693
118350 -317693
118380 -317691
118410 -317684
118440 -317684
118470 -317673
118500 -317673
118530 -317660
118560 -317660
118590 -317660
118620 -317659
118650 -317659
118680 -317648
118710 -317634
118740 -317634
118770 -317634
118800 -317634
118830 -317634
118860 -317634
118890 -317630
118920 -317630
118950 -317630
118980 -317630
119010 -317620
119040 -317620
119070 -317620
119100 -317619
119130 -317617
119160 -317617
119190 -317615
119220 -317615
119250 -317615
119280 -317608
119310 -317608
119340 -317608
119370 -317606
119400 -317606
119430 -317606
119460 -317603
119490 -317599
119520 -317599
119550 -317596
119580 -317596
119610 -317596
119640 -317596
119670 -317596
119700 -317596
119730 -317596
119760 -317596
119790 -317596
119820 -317592
119850 -317592
119880 -317592
119910 -317592
119940 -317589
119970 -317589
120000 -317588
120030 -317582
120060 -317582
120090 -317582
120120 -317582
120150 -317578
120180 -317578
120210 -317578
120240 -317578
120270 -317576
120300 -317574
120330 -317574
120360 -317574
120390 -317574
120420 -317574
120450 -317566
120480 -317557
120510 -317557
120540 -317553
120570 -317553
120600 -317553
120630 -317551
120660 -317551
120690 -317551
120720 -317524
120750 -317514
120780 -317514
120810 -317514
120840 -317513
120870 -317513
120900 -317513
120930 -317513
120960 -317507
120990 -317507
121020 -317507
121050 -317507
121080 -317507
121110 -317507
121140 -317507
121170 -317507
121200 -317506
121230 -317506
121260 -317506
121290 -317506
121320 -317506
121350 -317506
121380 -317496
121410 -317491
121440 -317491
121470 -317491
121500 -317491
121530 -317491
121560 -317491
121590 -317491
121620 -317491
121650 -317480
121680 -317480
121710 -317476
121740 -317471
121770 -317471
121800 -317471
121830 -317469
121860 -317469
121890 -317469
121920 -317469
121950 -317464
121980 -317464
122010 -317457
122040 -317455
122070 -317450
122100 -317450
122130 -317448
122160 -317448
122190 -317448
122220 -317445
122250 -317445
122280 -317445
122310 -317445
122340 -317445
122370 -317442
122400 -317442
122430 -317442
122460 -317441
122490 -317439
122520 -317436
122550 -317436
122580 -317434
122610 -317434
122640 -317434
122670 -317434
122700 -317434
122730 -317430
122760 -317430
122790 -317430
122820 -317430
122850 -317430
122880 -317430
122910 -317430
122940 -317425
122970 -317425
123000 -317425
123030 -317425
123060 -317425
123090 -317425
123120 -317411
123150 -317411
123180 -317411
123210 -317411
123240 -317411
123270 -317406
123300 -317406
123330 -317406
123360 -317406
123390 -317406
123420 -317406
123450 -317406
123480 -317406
123510 -317406
123540 -317406
123570 -317406
123600 -317406
123630 -317400
123660 -317400
123690 -317398
123720 -317397
123750 -317397
123780 -317397
123810 -317397
123840 -317392
123870 -317392
123900 -317392
123930 -317392
123960 -317387
123990 -317384
124020 -317384
124050 -317375
124080 -317369
124110 -317369
124140 -317369
124170 -317369
124200 -317369
124230 -317369
124260 -317369
124290 -317369
124320 -317369
124350 -317369
124380 -317363
124410 -317352
124440 -317352
124470 -317350
124500 -317350
124530 -317350
124560 -317350
124590 -317339
124620 -317339
124650 -317332
124680 -317329
124710 -317325
124740 -317320
124770 -317320
124800 -317320
124830 -317320
124860 -317320
124890 -317320
124920 -317320
124950 -317320
124980 -317320
125010 -317320
125040 -317320
125070 -317320
125100 -317320
125130 -317320
125160 -317315
125190 -317315
125220 -317315
125250 -317315
125280 -317306
125310 -317306
125340 -317306
125370 -317305
125400 -317305
125430 -317295
125460 -317295
125490 -317295
125520 -317293
125550 -317293
125580 -317293
125610 -317289
125640 -317289
125670 -317289
125700 -317289
125730 -317289
125760 -317289
125790 -317289
125820 -317289
125850 -317289
125880 -317277
125910 -317277
125940 -317277
125970 -317277
126000 -317277
126030 -317277
126060 -317277
126090 -317277
126120 -317274
126150 -317274
126180 -317274
126210 -317272
126240 -317272
126270 -317265
126300 -317261
126330 -317261
126360 -317261
126390 -317261
126420 -317261
126450 -317260
126480 -317260
126510 -317260
126540 -317256
126570 -317256
126600 -317255
126630 -317239
126660 -317239
126690 -317239
126720 -317239
126750 -317239
126780 -317236
126810 -317236
126840 -317236
126870 -317235
126900 -317235
126930 -317235
126960 -317235
126990 -317235
127020 -317235
127050 -317235
127080 -317232
127110 -317232
127140 -317232
127170 -317232
127200 -317232
127230 -317231
127260 -317229
127290 -317225
127320 -317225
127350 -317225
127380 -317225
127410 -317225
127440 -317224
127470 -317209
127500 -317209
127530 -317209
127560 -317208
127590 -317205
127620 -317205
127650 -317204
127680 -317200
127710 -317200
127740 -317200
127770 -317192
127800 -317192
127830 -317192
127860 -317188
127890 -317187
127920 -317187
127950 -317187
127980 -317182
128010 -317182
128040 -317178
128070 -317178
128100 -317178
128130 -317178
128160 -317164
128190 -317163
128220 -317163
128250 -317163
128280 -317161
128310 -317161
128340 -317161
128370 -317161
128400 -317160
128430 -317160
128460 -317158
128490 -317152
128520 -317152
128550 -317152
128580 -317144
128610 -317144
128640 -317144
128670 -317144
128700 -317144
128730 -317144
128760 -317141
128790 -317141
128820 -317137
128850 -317133
128880 -317123
128910 -317123
128940 -317123
128970 -317120
129000 -317120
129030 -317118
129060 -317118
129090 -317118
129120 -317115
129150 -317115
129180 -317115
129210 -317115
129240 -317112
129270 -317112
129300 -317112
129330 -317112
129360 -317091
129390 -317090
129420 -317083
129450 -317083
129480 -317083
129510 -317083
129540 -317083
129570 -317083
129600 -317079
129630 -317079
129660 -317079
129690 -317079
129720 -317079
129750 -317079
129780 -317079
129810 -317069
129840 -317069
129870 -317068
129900 -317068
129930 -317068
129960 -317068
129990 -317068
130020 -317068
130050 -317068
130080 -317038
130110 -317034
130140 -317034
130170 -317034
130200 -317029
130230 -317003
130260 -317003
130290 -317003
130320 -316999
130350 -316999
130380 -316999
130410 -316999
130440 -316999
130470 -316998
130500 -316998
130530 -316998
130560 -316998
130590 -316998
130620 -316998
130650 -316985
130680 -316967
130710 -316967
130740 -316967
130770 -316966
130800 -316966
130830 -316964
130860 -316962
130890 -316962
130920 -316962
130950 -316962
130980 -316962
131010 -316951
131040 -316951
131070 -316951
131100 -316951
131130 -316951
131160 -316951
131190 -316951
131220 -316951
131250 -316951
131280 -316951
131310 -316951
131340 -316951
131370 -316951
131400 -316951
131430 -316951
131460 -316951
131490 -316951
131520 -316951
131550 -316951
131580 -316951
131610 -316951
131640 -316951
131670 -316948
131700 -316948
131730 -316948
131760 -316948
131790 -316948
131820 -316948
131850 -316945
131880 -316945
131910 -316945
131940 -316919
131970 -316918
132000 -316918
132030 -316918
132060 -316918
132090 -316918
132120 -316918
132150 -316918
132180 -316917
132210 -316905
132240 -316905
132270 -316905
132300 -316905
132330 -316903
132360 -316903
132390 -316903
132420 -316903
132450 -316903
132480 -316903
132510 -316903
132540 -316903
132570 -316903
132600 -316903
132630 -316903
132660 -316903
132690 -316902
132720 -316902
132750 -316902
132780 -316902
132810 -316902
132840 -316902
132870 -316902
132900 -316902
132930 -316902
132960 -316890
132990 -316890
133020 -316890
133050 -316890
133080 -316890
133110 -316888
133140 -316888
133170 -316888
133200 -316888
133230 -316888
133260 -316888
133290 -316888
133320 -316885
133350 -316885
133380 -316879
133410 -316879
133440 -316879
133470 -316879
133500 -316876
133530 -316876
133560 -316876
133590 -316876
133620 -316863
133650 -316838
133680 -316838
133710 -316838
133740 -316838
133770 -316838
133800 -316838
133830 -316838
133860 -316836
133890 -316836
133920 -316836
133950 -316836
133980 -316836
134010 -316836
134040 -316836
134070 -316836
134100 -316836
134130 -316836
134160 -316836
134190 -316833
134220 -316833
134250 -316833
134280 -316833
134310 -316833
134340 -316833
134370 -316828
134400 -316828
134430 -316817
134460 -316817
134490 -316817
134520 -316792
134550 -316792
134580 -316788
134610 -316788
134640 -316780
134670 -316780
134700 -316780
134730 -316780
134760 -316780
134790 -316780
134820 -316780
134850 -316780
134880 -316780
134910 -316780
134940 -316780
134970 -316775
135000 -316775
135030 -316775
135060 -316775
135090 -316775
135120 -316774
135150 -316774
135180 -316774
135210 -316774
135240 -316774
135270 -316774
135300 -316774
135330 -316774
135360 -316774
135390 -316774
135420 -316774
135450 -316766
135480 -316766
135510 -316757
135540 -316757
135570 -316757
135600 -316757
135630 -316757
135660 -316757
135690 -316756
135720 -316756
135750 -316756
135780 -316756
135810 -316754
135840 -316754
135870 -316737
135900 -316737
135930 -316737
135960 -316737
135990 -316736
136020 -316736
136050 -316736
136080 -316736
136110 -316736
136140 -316736
136170 -316736
136200 -316728
136230 -316728
136260 -316728
136290 -316728
136320 -316728
136350 -316728
136380 -316728
136410 -316728
136440 -316726
136470 -316726
136500 -316712
136530 -316711
136560 -316711
136590 -316696
136620 -316688
136650 -316688
136680 -316688
136710 -316686
136740 -316686
136770 -316686
136800 -316686
136830 -316686
136860 -316679
136890 -316677
136920 -316675
136950 -316674
136980 -316670
137010 -316670
137040 -316670
137070 -316670
137100 -316670
137130 -316670
137160 -316669
137190 -316665
137220 -316661
137250 -316661
137280 -316661
137310 -316661
137340 -316661
137370 -316656
137400 -316656
137430 -316653
137460 -316653
137490 -316653
137520 -316644
137550 -316632
137580 -316632
137610 -316631
137640 -316631
137670 -316631
137700 -316631
137730 -316631
137760 -316631
137790 -316620
137820 -316620
137850 -316620
137880 -316620
137910 -316620
137940 -316620
137970 -316620
138000 -316620
138030 -316620
138060 -316620
138090 -316620
138120 -316617
138150 -316617
138180 -316617
138210 -316617
138240 -316615
138270 -316615
138300 -316615
138330 -316615
138360 -316615
138390 -316615
138420 -316615
138450 -316615
138480 -316615
138510 -316615
138540 -316615
138570 -316613
138600 -316613
138630 -316606
138660 -316606
138690 -316583
138720 -316583
138750 -316581
138780 -316581
138810 -316581
138840 -316558
138870 -316558
138900 -316558
138930 -316558
138960 -316558
138990 -316558
139020 -316558
139050 -316558
139080 -316556
139110 -316554
139140 -316554
139170 -316554
139200 -316554
139230 -316554
139260 -316554
139290 -316553
139320 -316553
139350 -316553
139380 -316553
139410 -316553
139440 -316553
139470 -316543
139500 -316542
139530 -316542
139560 -316542
139590 -316542
139620 -316542
139650 -316536
139680 -316536
139710 -316536
139740 -316536
139770 -316536
139800 -316536
139830 -316536
139860 -316531
139890 -316523
139920 -316523
139950 -316523
139980 -316518
140010 -316518
140040 -316518
140070 -316518
140100 -316518
140130 -316518
140160 -316516
140190 -316516
140220 -316516
140250 -316513
140280 -316513
140310 -316513
140340 -316513
140370 -316513
140400 -316513
140430 -316513
140460 -316473
140490 -316473
140520 -316473
140550 -316473
140580 -316473
140610 -316465
140640 -316464
140670 -316464
140700 -316464
140730 -316464
140760 -316464
140790 -316458
140820 -316458
140850 -316458
140880 -316458
140910 -316456
140940 -316456
140970 -316446
141000 -316443
141030 -316443
141060 -316443
141090 -316443
141120 -316443
141150 -316443
141180 -316443
141210 -316441
141240 -316440
141270 -316440
141300 -316438
141330 -316438
141360 -316431
141390 -316424
141420 -316424
141450 -316424
141480 -316418
141510 -316418
141540 -316402
141570 -316402
141600 -316402
141630 -316402
141660 -316402
141690 -316400
141720 -316400
141750 -316400
141780 -316400
141810 -316400
141840 -316400
141870 -316399
141900 -316399
141930 -316399
141960 -316399
141990 -316399
142020 -316399
142050 -316399
142080 -316399
142110 -316399
142140 -316399
142170 -316399
142200 -316399
142230 -316399
142260 -316399
142290 -316399
142320 -316399
142350 -316397
142380 -316397
142410 -316397
142440 -316396
142470 -316396
142500 -316396
142530 -316396
142560 -316396
142590 -316396
142620 -316396
142650 -316396
142680 -316396
142710 -316396
142740 -316393
142770 -316393
142800 -316393
142830 -316393
142860 -316393
142890 -316393
142920 -316393
142950 -316393
142980 -316393
143010 -316393
143040 -316393
143070 -316393
143100 -316393
143130 -316390
143160 -316381
143190 -316381
143220 -316381
143250 -316381
143280 -316381
143310 -316377
143340 -316369
143370 -316369
143400 -316365
143430 -316350
143460 -316350
143490 -316350
143520 -316346
143550 -316346
143580 -316346
143610 -316346
143640 -316340
143670 -316340
143700 -316340
143730 -316340
143760 -316335
143790 -316334
143820 -316334
143850 -316334
143880 -316334
143910 -316334
143940 -316334
143970 -316315
144000 -316315
144030 -316315
144060 -316312
144090 -316306
144120 -316298
144150 -316298
144180 -316287
144210 -316287
144240 -316287
144270 -316285
144300 -316285
144330 -316278
144360 -316278
144390 -316278
144420 -316278
144450 -316278
144480 -316278
144510 -316265
144540 -316265
144570 -316265
144600 -316261
144630 -316261
144660 -316261
144690 -316256
144720 -316256
144750 -316256
144780 -316256
144810 -316252
144840 -316248
144870 -316248
144900 -316248
144930 -316237
144960 -316237
144990 -316237
145020 -316237
145050 -316236
145080 -316236
145110 -316236
145140 -316228
145170 -316228
145200 -316228
145230 -316228
145260 -316228
145290 -316228
145320 -316228
145350 -316228
145380 -316228
145410 -316228
145440 -316228
145470 -316228
145500 -316228
145530 -316228
145560 -316228
145590 -316228
145620 -316228
145650 -316228
145680 -316228
145710 -316224
145740 -316224
145770 -316224
145800 -316218
145830 -316214
145860 -316214
145890 -316214
145920 -316214
145950 -316214
145980 -316214
146010 -316214
146040 -316214
146070 -316214
146100 -316214
146130 -316214
146160 -316214
146190 -316211
146220 -316210
146250 -316210
146280 -316210
146310 -316210
146340 -316209
146370 -316209
146400 -316201
146430 -316201
146460 -316192
146490 -316192
146520 -316192
146550 -316192
146580 -316192
146610 -316192
146640 -316192
146670 -316192
146700 -316187
146730 -316187
146760 -316184
146790 -316184
146820 -316184
146850 -316184
146880 -316178
146910 -316178
146940 -316178
146970 -316178
147000 -316178
147030 -316178
147060 -316178
147090 -316176
147120 -316176
147150 -316176
147180 -316176
147210 -316176
147240 -316176
147270 -316175
147300 -316175
147330 -316175
147360 -316170
147390 -316170
147420 -316170
147450 -316170
147480 -316170
147510 -316170
147540 -316169
147570 -316158
147600 -316158
147630 -316158
147660 -316158
147690 -316158
147720 -316154
147750 -316153
147780 -316153
147810 -316138
147840 -316138
147870 -316135
147900 -316135
147930 -316123
147960 -316123
147990 -316123
148020 -316123
148050 -316123
148080 -316123
148110 -316114
148140 -316114
148170 -316114
148200 -316114
148230 -316114
148260 -316109
148290 -316109
148320 -316109
148350 -316107
148380 -316103
148410 -316099
148440 -316099
148470 -316099
148500 -316099
148530 -316099
148560 -316099
148590 -316099
148620 -316099
148650 -316099
148680 -316099
148710 -316096
148740 -316096
148770 -316096
148800 -316096
148830 -316096
148860 -316096
148890 -316096
148920 -316093
148950 -316093
148980 -316092
149010 -316092
149040 -316092
149070 -316088
149100 -316088
149130 -316088
149160 -316088
149190 -316088
149220 -316088
149250 -316088
149280 -316088
149310 -316083
149340 -316083
149370 -316083
149400 -316083
149430 -316083
149460 -316082
149490 -316074
149520 -316074
149550 -316074
149580 -316074
149610 -316074
149640 -316074
149670 -316072
149700 -316072
149730 -316072
149760 -316072
149790 -316072
149820 -316072
149850 -316072
149880 -316072
149910 -316072
149940 -316071
149970 -316071
150000 -316071
150030 -316071
150060 -316071
150090 -316071
150120 -316071
150150 -316071
150180 -316069
150210 -316062
150240 -316062
150270 -316062
150300 -316062
150330 -316062
150360 -316061
150390 -316060
150420 -316060
150450 -316060
150480 -316060
150510 -316060
150540 -316060
150570 -316060
150600 -316060
150630 -316052
150660 -316050
150690 -316049
150720 -316049
150750 -316022
150780 -316022
150810 -316022
150840 -316022
150870 -316012
150900 -316012
150930 -316012
150960 -316012
150990 -316012
151020 -316012
151050 -316012
151080 -316012
151110 -316011
151140 -316011
151170 -316010
151200 -316010
151230 -316008
151260 -316008
151290 -316008
151320 -316008
151350 -316008
151380 -316008
151410 -316008
151440 -316008
151470 -316008
151500 -316008
151530 -316003
151560 -316003
151590 -316002
151620 -316002
151650 -316002
151680 -316000
151710 -315999
151740 -315999
151770 -315990
151800 -315990
151830 -315990
151860 -315990
151890 -315990
151920 -315990
151950 -315990
151980 -315984
152010 -315976
152040 -315976
152070 -315976
152100 -315976
152130 -315976
152160 -315976
152190 -315968
152220 -315968
152250 -315968
152280 -315968
152310 -315968
152340 -315968
152370 -315968
152400 -315968
152430 -315968
152460 -315968
152490 -315967
152520 -315967
152550 -315967
152580 -315967
152610 -315967
152640 -315964
152670 -315964
152700 -315964
152730 -315964
152760 -315964
152790 -315962
152820 -315962
152850 -315958
152880 -315957
152910 -315957
152940 -315957
152970 -315957
153000 -315957
153030 -315957
153060 -315957
153090 -315957
153120 -315957
153150 -315956
153180 -315956
153210 -315956
153240 -315956
153270 -315956
153300 -315956
153330 -315956
153360 -315956
153390 -315951
153420 -315951
153450 -315951
153480 -315951
153510 -315951
153540 -315951
153570 -315951
153600 -315941
153630 -315940
153660 -315938
153690 -315938
153720 -315938
153750 -315938
153780 -315938
153810 -315938
153840 -315938
153870 -315937
153900 -315937
153930 -315937
153960 -315928
153990 -315928
154020 -315928
154050 -315928
154080 -315925
154110 -315925
154140 -315925
154170 -315925
154200 -315925
154230 -315910
154260 -315910
154290 -315910
154320 -315910
154350 -315910
154380 -315910
154410 -315910
154440 -315908
154470 -315904
154500 -315904
154530 -315904
154560 -315904
154590 -315904
154620 -315904
154650 -315904
154680 -315904
154710 -315904
154740 -315894
154770 -315894
154800 -315894
154830 -315894
154860 -315888
154890 -315888
154920 -315888
154950 -315888
154980 -315888
155010 -315888
155040 -315888
155070 -315886
155100 -315885
155130 -315881
155160 -315881
155190 -315881
155220 -315878
155250 -315878
155280 -315878
155310 -315878
155340 -315878
155370 -315876
155400 -315876
155430 -315876
155460 -315876
155490 -315860
155520 -315856
155550 -315856
155580 -315856
155610 -315856
155640 -315851
155670 -315851
155700 -315851
155730 -315851
155760 -315851
155790 -315851
155820 -315844
155850 -315844
155880 -315844
155910 -315844
155940 -315844
155970 -315844
156000 -315844
156030 -315844
156060 -315844
156090 -315844
156120 -315844
156150 -315844
156180 -315844
156210 -315844
156240 -315844
156270 -315844
156300 -315842
156330 -315842
156360 -315842
156390 -315842
156420 -315822
156450 -315819
156480 -315819
156510 -315819
156540 -315819
156570 -315819
156600 -315819
156630 -315812
156660 -315812
156690 -315812
156720 -315812
156750 -315812
156780 -315812
156810 -315812
156840 -315812
156870 -315812
156900 -315812
156930 -315810
156960 -315810
156990 -315810
157020 -315809
157050 -315809
157080 -315809
157110 -315809
157140 -315809
157170 -315809
157200 -315807
157230 -315807
157260 -315807
157290 -315807
157320 -315807
157350 -315807
157380 -315807
157410 -315807
157440 -315807
157470 -315805
157500 -315805
157530 -315805
157560 -315805
157590 -315805
157620 -315805
157650 -315805
157680 -315805
157710 -315805
157740 -315805
157770 -315805
157800 -315805
157830 -315805
157860 -315805
157890 -315803
157920 -315798
157950 -315798
157980 -315798
158010 -315798
158040 -315783
158070 -315783
158100 -315783
158130 -315783
158160 -315783
158190 -315783
158220 -315783
158250 -315783
158280 -315779
158310 -315774
158340 -315774
158370 -315772
158400 -315772
158430 -315772
158460 -315772
158490 -315772
158520 -315772
158550 -315772
158580 -315772
158610 -315772
158640 -315772
158670 -315768
158700 -315768
158730 -315768
158760 -315765
158790 -315765
158820 -315759
158850 -315759
158880 -315759
158910 -315759
158940 -315759
158970 -315755
159000 -315755
159030 -315755
159060 -315755
159090 -315755
159120 -315755
159150 -315755
159180 -315748
159210 -315748
159240 -315733
159270 -315733
159300 -315733
159330 -315733
159360 -315733
159390 -315733
159420 -315733
159450 -315733
159480 -315730
159510 -315730
159540 -315730
159570 -315730
159600 -315730
159630 -315724
159660 -315724
159690 -315724
159720 -315715
159750 -315715
159780 -315715
159810 -315715
159840 -315715
159870 -315710
159900 -315708
159930 -315708
159960 -315708
159990 -315708
160020 -315708
160050 -315708
160080 -315708
160110 -315708
160140 -315708
160170 -315708
160200 -315701
160230 -315701
160260 -315701
160290 -315701
160320 -315701
160350 -315701
160380 -315701
160410 -315701
160440 -315701
160470 -315701
160500 -315701
160530 -315701
160560 -315701
160590 -315701
160620 -315701
160650 -315700
160680 -315700
160710 -315700
160740 -315700
160770 -315700
160800 -315700
160830 -315698
160860 -315698
160890 -315698
160920 -315698
160950 -315698
160980 -315698
161010 -315698
161040 -315698
161070 -315698
161100 -315697
161130 -315697
161160 -315697
161190 -315697
161220 -315697
161250 -315697
161280 -315689
161310 -315689
161340 -315689
161370 -315688
161400 -315683
161430 -315683
161460 -315683
161490 -315683
161520 -315683
161550 -315683
161580 -315683
161610 -315683
161640 -315683
161670 -315683
161700 -315683
161730 -315683
161760 -315681
161790 -315681
161820 -315681
161850 -315680
161880 -315680
161910 -315680
161940 -315680
161970 -315680
162000 -315678
162030 -315674
162060 -315674
162090 -315674
162120 -315674
162150 -315673
162180 -315673
162210 -315673
162240 -315673
162270 -315673
162300 -315670
162330 -315670
162360 -315670
162390 -315670
162420 -315670
162450 -315668
162480 -315666
162510 -315666
162540 -315666
162570 -315666
162600 -315658
162630 -315658
162660 -315658
162690 -315658
162720 -315658
162750 -315658
162780 -315652
162810 -315650
162840 -315650
162870 -315650
162900 -315650
162930 -315650
162960 -315650
162990 -315650
163020 -315650
163050 -315650
163080 -315650
163110 -315650
163140 -315645
163170 -315642
163200 -315642
163230 -315642
163260 -315641
163290 -315641
163320 -315641
163350 -315641
163380 -315641
163410 -315641
163440 -315641
163470 -315641
163500 -315641
163530 -315641
163560 -315641
163590 -315641
163620 -315641
163650 -315641
163680 -315641
163710 -315641
163740 -315641
163770 -315641
163800 -315640
163830 -315639
163860 -315639
163890 -315637
163920 -315637
163950 -315637
163980 -315637
164010 -315634
164040 -315634
164070 -315634
164100 -315632
164130 -315632
164160 -315628
164190 -315628
164220 -315628
164250 -315628
164280 -315626
164310 -315626
164340 -315622
164370 -315622
164400 -315622
164430 -315622
164460 -315622
164490 -315622
164520 -315622
164550 -315622
164580 -315620
164610 -315620
164640 -315620
164670 -315620
164700 -315620
164730 -315620
164760 -315620
164790 -315620
164820 -315620
164850 -315620
164880 -315620
164910 -315620
164940 -315619
164970 -315619
165000 -315619
165030 -315619
165060 -315619
165090 -315619
165120 -315608
165150 -315608
165180 -315608
165210 -315608
165240 -315608
165270 -315608
165300 -315608
165330 -315608
165360 -315608
165390 -315608
165420 -315608
165450 -315594
165480 -315594
165510 -315594
165540 -315590
165570 -315590
165600 -315590
165630 -315590
165660 -315590
165690 -315590
165720 -315590
165750 -315590
165780 -315589
165810 -315586
165840 -315586
165870 -315584
165900 -315584
165930 -315584
165960 -315584
165990 -315584
166020 -315584
166050 -315584
166080 -315562
166110 -315562
166140 -315562
166170 -315562
166200 -315562
166230 -315562
166260 -315562
166290 -315555
166320 -315555
166350 -315555
166380 -315555
166410 -315555
166440 -315555
166470 -315555
166500 -315555
166530 -315555
166560 -315555
166590 -315555
166620 -315555
166650 -315555
166680 -315555
166710 -315555
166740 -315555
166770 -315555
166800 -315555
166830 -315555
166860 -315534
166890 -315534
166920 -315533
166950 -315533
166980 -315533
167010 -315533
167040 -315531
167070 -315531
167100 -315531
167130 -315527
167160 -315510
167190 -315510
167220 -315510
167250 -315510
167280 -315510
167310 -315510
167340 -315510
167370 -315510
167400 -315510
167430 -315510
167460 -315510
167490 -315510
167520 -315510
167550 -315507
167580 -315504
167610 -315502
167640 -315502
167670 -315502
167700 -315488
167730 -315488
167760 -315488
167790 -315488
167820 -315488
167850 -315484
167880 -315484
167910 -315484
167940 -315466
167970 -315466
168000 -315466
168030 -315466
168060 -315466
168090 -315466
168120 -315466
168150 -315466
168180 -315466
168210 -315459
168240 -315459
168270 -315459
168300 -315459
168330 -315459
168360 -315459
168390 -315459
168420 -315459
168450 -315459
168480 -315459
168510 -315458
168540 -315458
168570 -315458
168600 -315458
168630 -315458
168660 -315458
168690 -315458
168720 -315458
168750 -315458
168780 -315458
168810 -315458
168840 -315458
168870 -315457
168900 -315457
168930 -315457
168960 -315457
168990 -315457
169020 -315457
169050 -315457
169080 -315457
169110 -315457
169140 -315457
169170 -315457
169200 -315457
169230 -315457
169260 -315457
169290 -315457
169320 -315457
169350 -315457
169380 -315456
169410 -315456
169440 -315456
169470 -315450
169500 -315450
169530 -315450
169560 -315450
169590 -315450
169620 -315450
169650 -315450
169680 -315450
169710 -315450
169740 -315450
169770 -315450
169800 -315450
169830 -315448
169860 -315448
169890 -315448
169920 -315448
169950 -315448
169980 -315448
170010 -315448
170040 -315448
170070 -315443
170100 -315443
170130 -315443
170160 -315443
170190 -315440
170220 -315440
170250 -315440
170280 -315440
170310 -315440
170340 -315440
170370 -315440
170400 -315440
170430 -315440
170460 -315437
170490 -315437
170520 -315434
170550 -315434
170580 -315434
170610 -315434
170640 -315434
170670 -315434
170700 -315434
170730 -315434
170760 -315434
170790 -315434
170820 -315434
170850 -315434
170880 -315432
170910 -315431
170940 -315425
170970 -315425
171000 -315425
171030 -315425
171060 -315424
171090 -315424
171120 -315424
171150 -315424
171180 -315424
171210 -315424
171240 -315422
171270 -315422
171300 -315422
171330 -315422
171360 -315422
171390 -315422
171420 -315422
171450 -315422
171480 -315422
171510 -315414
171540 -315408
171570 -315408
171600 -315407
171630 -315407
171660 -315406
171690 -315406
171720 -315406
171750 -315404
171780 -315404
171810 -315404
171840 -315404
171870 -315404
171900 -315403
171930 -315402
171960 -315402
171990 -315402
172020 -315402
172050 -315402
172080 -315402
172110 -315402
172140 -315402
172170 -315402
172200 -315402
172230 -315402
172260 -315402
172290 -315402
172320 -315402
172350 -315398
172380 -315398
172410 -315398
172440 -315398
172470 -315398
172500 -315398
172530 -315398
172560 -315398
172590 -315397
172620 -315397
172650 -315397
172680 -315397
172710 -315397
172740 -315397
172770 -315394
172800 -315394
172830 -315394
172860 -315394
172890 -315394
172920 -315394
172950 -315393
172980 -315393
173010 -315393
173040 -315393
173070 -315393
173100 -315393
173130 -315393
173160 -315393
173190 -315393
173220 -315393
173250 -315393
173280 -315393
173310 -315393
173340 -315393
173370 -315388
173400 -315388
173430 -315388
173460 -315388
173490 -315388
173520 -315388
173550 -315388
173580 -315388
173610 -315386
173640 -315386
173670 -315386
173700 -315380
173730 -315380
173760 -315380
173790 -315380
173820 -315377
173850 -315377
173880 -315377
173910 -315377
173940 -315377
173970 -315377
174000 -315377
174030 -315377
174060 -315377
174090 -315377
174120 -315377
174150 -315377
174180 -315377
174210 -315377
174240 -315377
174270 -315377
174300 -315377
174330 -315370
174360 -315370
174390 -315370
174420 -315370
174450 -315370
174480 -315370
174510 -315370
174540 -315370
174570 -315370
174600 -315370
174630 -315370
174660 -315370
174690 -315370
174720 -315370
174750 -315361
174780 -315360
174810 -315360
174840 -315358
174870 -315358
174900 -315358
174930 -315351
174960 -315351
174990 -315351
175020 -315351
175050 -315347
175080 -315347
175110 -315347
175140 -315347
175170 -315343
175200 -315336
175230 -315330
175260 -315330
175290 -315330
175320 -315321
175350 -315295
175380 -315295
175410 -315295
175440 -315295
175470 -315295
175500 -315291
175530 -315291
175560 -315291
175590 -315291
175620 -315291
175650 -315291
175680 -315291
175710 -315291
175740 -315291
175770 -315291
175800 -315289
175830 -315289
175860 -315289
175890 -315289
175920 -315289
175950 -315289
175980 -315288
176010 -315288
176040 -315288
176070 -315288
176100 -315288
176130 -315288
176160 -315288
176190 -315288
176220 -315288
176250 -315288
176280 -315288
176310 -315287
176340 -315287
176370 -315287
176400 -315287
176430 -315287
176460 -315287
176490 -315287
176520 -315287
176550 -315287
176580 -315287
176610 -315287
176640 -315286
176670 -315286
176700 -315286
176730 -315286
176760 -315286
176790 -315286
176820 -315276
176850 -315276
176880 -315276
176910 -315276
176940 -315276
176970 -315276
177000 -315254
177030 -315254
177060 -315252
177090 -315252
177120 -315252
177150 -315252
177180 -315252
177210 -315252
177240 -315252
177270 -315250
177300 -315242
177330 -315242
177360 -315242
177390 -315242
177420 -315242
177450 -315242
177480 -315242
177510 -315242
177540 -315242
177570 -315242
177600 -315242
177630 -315242
177660 -315242
177690 -315242
177720 -315242
177750 -315210
177780 -315210
177810 -315210
177840 -315210
177870 -315208
177900 -315208
177930 -315208
177960 -315208
177990 -315208
178020 -315208
178050 -315202
178080 -315195
178110 -315195
178140 -315194
178170 -315194
178200 -315189
178230 -315189
178260 -315189
178290 -315189
178320 -315189
178350 -315188
178380 -315188
178410 -315184
178440 -315180
178470 -315180
178500 -315180
178530 -315180
178560 -315178
178590 -315178
178620 -315178
178650 -315178
178680 -315178
178710 -315178
178740 -315173
178770 -315173
178800 -315173
178830 -315173
178860 -315173
178890 -315173
178920 -315173
178950 -315173
178980 -315173
179010 -315173
179040 -315173
179070 -315173
179100 -315173
179130 -315173
179160 -315173
179190 -315173
179220 -315173
179250 -315169
179280 -315169
179310 -315164
179340 -315164
179370 -315164
179400 -315164
179430 -315164
179460 -315164
179490 -315164
179520 -315164
179550 -315164
179580 -315164
179610 -315164
179640 -315164
179670 -315161
179700 -315161
179730 -315161
179760 -315161
179790 -315154
179820 -315154
179850 -315154
179880 -315135
179910 -315135
179940 -315135
179970 -315135
180000 -315135
180030 -315135
180060 -315134
180090 -315134
180120 -315134
180150 -315134
180180 -315127
180210 -315126
180240 -315126
180270 -315126
180300 -315126
180330 -315126
180360 -315126
180390 -315126
180420 -315126
180450 -315126
180480 -315118
180510 -315118
180540 -315118
180570 -315118
180600 -315118
180630 -315118
180660 -315118
180690 -315118
180720 -315118
180750 -315118
180780 -315118
180810 -315118
180840 -315118
180870 -315118
180900 -315118
180930 -315118
180960 -315118
180990 -315118
181020 -315118
181050 -315118
181080 -315118
181110 -315118
181140 -315118
181170 -315118
181200 -315118
181230 -315118
181260 -315118
181290 -315117
181320 -315117
181350 -315117
181380 -315117
181410 -315117
181440 -315117
181470 -315117
181500 -315117
181530 -315117
181560 -315117
181590 -315117
181620 -315117
181650 -315117
181680 -315117
181710 -315117
181740 -315117
181770 -315117
181800 -315117
181830 -315117
181860 -315117
181890 -315117
181920 -315117
181950 -315111
181980 -315111
182010 -315109
182040 -315109
182070 -315109
182100 -315109
182130 -315109
182160 -315109
182190 -315108
182220 -315108
182250 -315108
182280 -315108
182310 -315108
182340 -315106
182370 -315106
182400 -315106
182430 -315104
182460 -315104
182490 -315104
182520 -315104
182550 -315104
182580 -315104
182610 -315099
182640 -315099
182670 -315099
182700 -315099
182730 -315099
182760 -315099
182790 -315099
182820 -315099
182850 -315096
182880 -315084
182910 -315084
182940 -315071
182970 -315071
183000 -315065
183030 -315065
183060 -315065
183090 -315065
183120 -315065
183150 -315065
183180 -315061
183210 -315060
183240 -315060
183270 -315060
183300 -315060
183330 -315060
183360 -315060
183390 -315060
183420 -315060
183450 -315060
183480 -315060
183510 -315060
183540 -315060
183570 -315060
183600 -315060
183630 -315060
183660 -315060
183690 -315060
183720 -315060
183750 -315060
183780 -315057
183810 -315057
183840 -315057
183870 -315046
183900 -315046
183930 -315037
183960 -315037
183990 -315037
184020 -315030
184050 -315030
184080 -315030
184110 -315030
184140 -315030
184170 -315030
184200 -315030
184230 -315030
184260 -315030
184290 -315030
184320 -315030
184350 -315030
184380 -315030
184410 -315030
184440 -315030
184470 -315030
184500 -315030
184530 -315025
184560 -315024
184590 -315024
184620 -315024
184650 -315024
184680 -315024
184710 -315024
184740 -315024
184770 -315024
184800 -315024
184830 -315024
184860 -315024
184890 -315022
184920 -315022
184950 -315022
184980 -315022
185010 -315022
185040 -315022
185070 -315022
185100 -315022
185130 -315022
185160 -315022
185190 -315022
185220 -315022
185250 -315022
185280 -315022
185310 -315022
185340 -315022
185370 -315022
185400 -315022
185430 -315022
185460 -315019
185490 -315019
185520 -315017
185550 -315017
185580 -315014
185610 -315014
185640 -315014
185670 -315014
185700 -315014
185730 -315014
185760 -315014
185790 -315014
185820 -315012
185850 -315012
185880 -315012
185910 -315012
185940 -315012
185970 -315012
186000 -315012
186030 -315011
186060 -314997
186090 -314989
186120 -314989
186150 -314989
186180 -314989
186210 -314989
186240 -314989
186270 -314989
186300 -314989
186330 -314989
186360 -314989
186390 -314989
186420 -314989
186450 -314989
186480 -314989
186510 -314989
186540 -314989
186570 -314989
186600 -314989
186630 -314989
186660 -314989
186690 -314989
186720 -314989
186750 -314989
186780 -314989
186810 -314989
186840 -314989
186870 -314989
186900 -314989
186930 -314989
186960 -314989
186990 -314989
187020 -314989
187050 -314989
187080 -314989
187110 -314989
187140 -314989
187170 -314989
187200 -314989
187230 -314989
187260 -314989
187290 -314989
187320 -314989
187350 -314989
187380 -314989
187410 -314989
187440 -314989
187470 -314989
187500 -314989
187530 -314989
187560 -314989
187590 -314989
187620 -314989
187650 -314989
187680 -314989
187710 -314989
187740 -314989
187770 -314989
187800 -314989
187830 -314989
187860 -314989
187890 -314989
187920 -314989
187950 -314988
187980 -314988
188010 -314988
188040 -314988
188070 -314988
188100 -314988
188130 -314987
188160 -314987
188190 -314987
188220 -314983
188250 -314983
188280 -314983
188310 -314983
188340 -314983
188370 -314983
188400 -314983
188430 -314983
188460 -314983
188490 -314983
188520 -314983
188550 -314983
188580 -314983
188610 -314983
188640 -314980
188670 -314980
188700 -314979
188730 -314979
188760 -314979
188790 -314979
188820 -314979
188850 -314979
188880 -314979
188910 -314965
188940 -314965
188970 -314965
189000 -314965
189030 -314962
189060 -314962
189090 -314962
189120 -314956
189150 -314956
189180 -314950
189210 -314950
189240 -314950
189270 -314950
189300 -314949
189330 -314949
189360 -314949
189390 -314949
189420 -314949
189450 -314949
189480 -314949
189510 -314949
189540 -314949
189570 -314949
189600 -314948
189630 -314948
189660 -314948
189690 -314948
189720 -314938
189750 -314938
189780 -314938
189810 -314938
189840 -314938
189870 -314936
189900 -314936
189930 -314936
189960 -314936
189990 -314936
190020 -314936
190050 -314936
190080 -314936
190110 -314936
190140 -314936
190170 -314936
190200 -314936
190230 -314936
190260 -314936
190290 -314936
190320 -314936
190350 -314936
190380 -314931
190410 -314931
190440 -314931
190470 -314931
190500 -314929
190530 -314929
190560 -314929
190590 -314929
190620 -314923
190650 -314923
190680 -314923
190710 -314923
190740 -314923
190770 -314923
190800 -314923
190830 -314923
190860 -314923
190890 -314923
190920 -314923
190950 -314923
190980 -314923
191010 -314913
191040 -314913
191070 -314912
191100 -314912
191130 -314912
191160 -314912
191190 -314912
191220 -314912
191250 -314912
191280 -314910
191310 -314910
191340 -314909
191370 -314909
191400 -314909
191430 -314909
191460 -314903
191490 -314903
191520 -314903
191550 -314899
191580 -314899
191610 -314899
191640 -314899
191670 -314899
191700 -314899
191730 -314899
191760 -314899
191790 -314899
191820 -314899
191850 -314899
191880 -314899
191910 -314899
191940 -314899
191970 -314895
192000 -314895
192030 -314895
192060 -314895
192090 -314895
192120 -314895
192150 -314895
192180 -314895
192210 -314895
192240 -314895
192270 -314895
192300 -314895
192330 -314895
192360 -314895
192390 -314895
192420 -314895
192450 -314895
192480 -314895
192510 -314893
192540 -314893
192570 -314893
192600 -314893
192630 -314893
192660 -314893
192690 -314893
192720 -314892
192750 -314892
192780 -314889
192810 -314889
192840 -314889
192870 -314889
192900 -314889
192930 -314889
192960 -314889
192990 -314889
193020 -314889
193050 -314887
193080 -314868
193110 -314868
193140 -314867
193170 -314867
193200 -314867
193230 -314867
193260 -314854
193290 -314854
193320 -314854
193350 -314854
193380 -314854
193410 -314854
193440 -314854
193470 -314854
193500 -314854
193530 -314854
193560 -314854
193590 -314854
193620 -314854
193650 -314854
193680 -314854
193710 -314854
193740 -314854
193770 -314854
193800 -314854
193830 -314854
193860 -314854
193890 -314854
193920 -314854
193950 -314854
193980 -314843
194010 -314843
194040 -314843
194070 -314843
194100 -314843
194130 -314843
194160 -314835
194190 -314835
194220 -314831
194250 -314831
194280 -314831
194310 -314831
194340 -314831
194370 -314831
194400 -314831
194430 -314831
194460 -314830
194490 -314830
194520 -314830
194550 -314830
194580 -314830
194610 -314828
194640 -314828
194670 -314826
194700 -314826
194730 -314826
194760 -314826
194790 -314826
194820 -314826
194850 -314826
194880 -314826
194910 -314826
194940 -314826
194970 -314826
195000 -314826
195030 -314826
195060 -314826
195090 -314826
195120 -314826
195150 -314826
195180 -314826
195210 -314826
195240 -314826
195270 -314824
195300 -314824
195330 -314824
195360 -314824
195390 -314824
195420 -314824
195450 -314824
195480 -314824
195510 -314824
195540 -314824
195570 -314824
195600 -314822
195630 -314822
195660 -314822
195690 -314822
195720 -314822
195750 -314822
195780 -314822
195810 -314822
195840 -314813
195870 -314813
195900 -314813
195930 -314813
195960 -314813
195990 -314813
196020 -314813
196050 -314813
196080 -314813
196110 -314813
196140 -314813
196170 -314813
196200 -314813
196230 -314813
196260 -314813
196290 -314809
196320 -314809
196350 -314808
196380 -314808
196410 -314808
196440 -314808
196470 -314808
196500 -314808
196530 -314808
196560 -314808
196590 -314808
196620 -314808
196650 -314808
196680 -314808
196710 -314807
196740 -314807
196770 -314803
196800 -314803
196830 -314803
196860 -314803
196890 -314803
196920 -314803
196950 -314803
196980 -314803
197010 -314803
197040 -314803
197070 -314803
197100 -314796
197130 -314796
197160 -314796
197190 -314796
197220 -314796
197250 -314796
197280 -314796
197310 -314796
197340 -314796
197370 -314796
197400 -314796
197430 -314796
197460 -314796
197490 -314796
197520 -314796
197550 -314796
197580 -314796
197610 -314796
197640 -314796
197670 -314796
197700 -314796
197730 -314796
197760 -314796
197790 -314792
197820 -314792
197850 -314792
197880 -314791
197910 -314791
197940 -314791
197970 -314787
198000 -314787
198030 -314787
198060 -314787
198090 -314787
198120 -314787
198150 -314787
198180 -314787
198210 -314787
198240 -314787
198270 -314787
198300 -314787
198330 -314787
198360 -314787
198390 -314787
198420 -314787
198450 -314787
198480 -314782
198510 -314782
198540 -314782
198570 -314782
198600 -314782
198630 -314782
198660 -314782
198690 -314782
198720 -314780
198750 -314780
198780 -314780
198810 -314780
198840 -314780
198870 -314780
198900 -314780
198930 -314780
198960 -314780
198990 -314780
199020 -314780
199050 -314777
199080 -314777
199110 -314777
199140 -314777
199170 -314777
199200 -314777
199230 -314777
199260 -314775
199290 -314775
199320 -314775
199350 -314775
199380 -314775
199410 -314775
199440 -314775
199470 -314775
199500 -314775
199530 -314765
199560 -314763
199590 -314763
199620 -314763
199650 -314759
199680 -314759
199710 -314759
199740 -314755
199770 -314755
199800 -314755
199830 -314755
199860 -314754
199890 -314754
199920 -314754
199950 -314754
199980 -314754
200010 -314754
200040 -314754
200070 -314753
200100 -314753
200130 -314753
200160 -314753
200190 -314744
200220 -314744
200250 -314744
200280 -314744
200310 -314737
200340 -314737
200370 -314737
200400 -314737
200430 -314737
200460 -314737
200490 -314737
200520 -314737
200550 -314737
200580 -314737
200610 -314736
200640 -314736
200670 -314736
200700 -314736
200730 -314729
200760 -314729
200790 -314729
200820 -314729
200850 -314729
200880 -314729
200910 -314728
200940 -314728
200970 -314728
201000 -314728
201030 -314728
201060 -314728
201090 -314728
201120 -314728
201150 -314728
201180 -314728
201210 -314727
201240 -314720
201270 -314720
201300 -314720
201330 -314720
201360 -314720
201390 -314718
201420 -314718
201450 -314718
201480 -314718
201510 -314718
201540 -314718
201570 -314718
201600 -314718
201630 -314718
201660 -314718
201690 -314718
201720 -314717
