60 -363156
90 -362268
120 -360773
150 -360220
180 -359295
210 -359027
240 -357816
270 -356782
300 -355817
330 -355319
360 -355204
390 -354514
420 -353401
450 -352838
480 -351890
510 -351508
540 -351214
570 -350790
600 -350479
630 -350107
660 -349913
690 -349808
720 -349316
750 -348942
780 -348263
810 -348187
840 -347986
870 -347651
900 -347518
930 -347228
960 -347056
990 -347042
1020 -346695
1050 -346589
1080 -346368
1110 -346228
1140 -345854
1170 -345581
1200 -345206
1230 -345104
1260 -344782
1290 -344311
1320 -344041
1350 -343709
1380 -343577
1410 -343229
1440 -343013
1470 -342909
1500 -342438
1530 -342334
1560 -342223
1590 -342197
1620 -342046
1650 -341990
1680 -341889
1710 -341698
1740 -341626
1770 -341363
1800 -341089
1830 -341040
1860 -340920
1890 -340891
1920 -340868
1950 -340821
1980 -340686
2010 -340356
2040 -340204
2070 -340106
2100 -340078
2130 -340021
2160 -339907
2190 -339846
2220 -339685
2250 -339533
2280 -339443
2310 -339238
2340 -339049
2370 -338862
2400 -338821
2430 -338817
2460 -338583
2490 -338564
2520 -338544
2550 -338483
2580 -338404
2610 -338337
2640 -338316
2670 -338002
2700 -337896
2730 -337896
2760 -337807
2790 -337713
2820 -337426
2850 -336974
2880 -336876
2910 -336770
2940 -336669
2970 -336602
3000 -336240
3030 -336097
3060 -336091
3090 -335842
3120 -335785
3150 -335716
3180 -335715
3210 -335701
3240 -335619
3270 -335508
3300 -335502
3330 -335351
3360 -335342
3390 -335251
3420 -335122
3450 -334999
3480 -334993
3510 -334928
3540 -334866
3570 -334837
3600 -334583
3630 -334429
3660 -334402
3690 -334082
3720 -334044
3750 -334029
3780 -333941
3810 -333903
3840 -333795
3870 -333699
3900 -333631
3930 -333499
3960 -333490
3990 -333487
4020 -333457
4050 -333456
4080 -333172
4110 -333142
4140 -333139
4170 -333117
4200 -332741
4230 -332672
4260 -332603
4290 -332538
4320 -332517
4350 -332517
4380 -332442
4410 -332379
4440 -332340
4470 -332269
4500 -332235
4530 -332180
4560 -332162
4590 -332126
4620 -332067
4650 -332063
4680 -332025
4710 -331846
4740 -331832
4770 -331770
4800 -331696
4830 -331655
4860 -331648
4890 -331630
4920 -331627
4950 -331607
4980 -331593
5010 -331569
5040 -331543
5070 -331537
5100 -331525
5130 -331525
5160 -331524
5190 -331381
5220 -331361
5250 -331343
5280 -331316
5310 -331297
5340 -331234
5370 -331221
5400 -331221
5430 -331189
5460 -331158
5490 -331129
5520 -331123
5550 -331116
5580 -331082
5610 -331081
5640 -331078
5670 -331077
5700 -331002
5730 -330992
5760 -330959
5790 -330954
5820 -330870
5850 -330870
5880 -330822
5910 -330822
5940 -330784
5970 -330749
6000 -330709
6030 -330708
6060 -330702
6090 -330646
6120 -330571
6150 -330556
6180 -330546
6210 -330508
6240 -330462
6270 -330438
6300 -330435
6330 -330399
6360 -330242
6390 -330242
6420 -330242
6450 -330198
6480 -330179
6510 -330112
6540 -330038
6570 -329942
6600 -329867
6630 -329838
6660 -329818
6690 -329727
6720 -329677
6750 -329621
6780 -329608
6810 -329605
6840 -329587
6870 -329587
6900 -329525
6930 -329524
6960 -329475
6990 -329418
7020 -329409
7050 -329364
7080 -329252
7110 -329215
7140 -329206
7170 -329206
7200 -329193
7230 -329178
7260 -329144
7290 -328992
7320 -328803
7350 -328680
7380 -328628
7410 -328624
7440 -328569
7470 -328562
7500 -328536
7530 -328472
7560 -328443
7590 -328295
7620 -328244
7650 -328200
7680 -328180
7710 -328168
7740 -328087
7770 -328087
7800 -327994
7830 -327994
7860 -327994
7890 -327993
7920 -327980
7950 -327980
7980 -327951
8010 -327948
8040 -327928
8070 -327928
8100 -327897
8130 -327877
8160 -327871
8190 -327828
8220 -327812
8250 -327811
8280 -327811
8310 -327793
8340 -327760
8370 -327760
8400 -327760
8430 -327719
8460 -327703
8490 -327690
8520 -327664
8550 -327659
8580 -327648
8610 -327648
8640 -327553
8670 -327552
8700 -327549
8730 -327509
8760 -327475
8790 -327406
8820 -327399
8850 -327296
8880 -327268
8910 -327252
8940 -327211
8970 -327193
9000 -327193
9030 -327184
9060 -327179
9090 -327002
9120 -326992
9150 -326985
9180 -326931
9210 -326916
9240 -326915
9270 -326915
9300 -326866
9330 -326840
9360 -326799
9390 -326782
9420 -326769
9450 -326733
9480 -326621
9510 -326583
9540 -326566
9570 -326561
9600 -326561
9630 -326542
9660 -326501
9690 -326489
9720 -326454
9750 -326450
9780 -326285
9810 -326278
9840 -326273
9870 -326265
9900 -326214
9930 -326199
9960 -326196
9990 -326179
10020 -326139
10050 -326104
10080 -326081
10110 -326040
10140 -326003
10170 -326003
10200 -325985
10230 -325915
10260 -325902
10290 -325895
10320 -325861
10350 -325857
10380 -325844
10410 -325844
10440 -325844
10470 -325805
10500 -325796
10530 -325779
10560 -325774
10590 -325761
10620 -325760
10650 -325748
10680 -325740
10710 -325723
10740 -325686
10770 -325683
10800 -325630
10830 -325622
10860 -325621
10890 -325571
10920 -325468
10950 -325456
10980 -325450
11010 -325427
11040 -325426
11070 -325415
11100 -325395
11130 -325395
11160 -325395
11190 -325395
11220 -325207
11250 -325112
11280 -324980
11310 -324969
11340 -324950
11370 -324898
11400 -324880
11430 -324880
11460 -324880
11490 -324858
11520 -324845
11550 -324837
11580 -324837
11610 -324811
11640 -324799
11670 -324795
11700 -324745
11730 -324745
11760 -324735
11790 -324735
11820 -324732
11850 -324732
11880 -324697
11910 -324692
11940 -324680
11970 -324630
12000 -324508
12030 -324480
12060 -324464
12090 -324464
12120 -324436
12150 -324407
12180 -324407
12210 -324402
12240 -324384
12270 -324383
12300 -324383
12330 -324377
12360 -324375
12390 -324348
12420 -324347
12450 -324339
12480 -324333
12510 -324330
12540 -324264
12570 -324254
12600 -324237
12630 -324237
12660 -324226
12690 -324205
12720 -324193
12750 -324193
12780 -324185
12810 -324172
12840 -324160
12870 -324157
12900 -324129
12930 -324129
12960 -324121
12990 -324121
13020 -324098
13050 -324061
13080 -324050
13110 -324024
13140 -324006
13170 -324005
13200 -324000
13230 -324000
13260 -323997
13290 -323982
13320 -323901
13350 -323883
13380 -323873
13410 -323865
13440 -323862
13470 -323826
13500 -323756
13530 -323756
13560 -323735
13590 -323731
13620 -323731
13650 -323711
13680 -323700
13710 -323695
13740 -323680
13770 -323663
13800 -323628
13830 -323624
13860 -323582
13890 -323580
13920 -323514
13950 -323514
13980 -323473
14010 -323402
14040 -323398
14070 -323386
14100 -323359
14130 -323351
14160 -323347
14190 -323339
14220 -323315
14250 -323311
14280 -323311
14310 -323311
14340 -323249
14370 -323222
14400 -323211
14430 -323211
14460 -323207
14490 -323189
14520 -323167
14550 -323167
14580 -323167
14610 -323149
14640 -323149
14670 -323141
14700 -323135
14730 -323134
14760 -323111
14790 -323106
14820 -323106
14850 -323072
14880 -323037
14910 -323037
14940 -323037
14970 -322929
15000 -322871
15030 -322859
15060 -322853
15090 -322841
15120 -322832
15150 -322650
15180 -322565
15210 -322563
15240 -322553
15270 -322517
15300 -322504
15330 -322504
15360 -322497
15390 -322464
15420 -322432
15450 -322432
15480 -322426
15510 -322426
15540 -322420
15570 -322420
15600 -322412
15630 -322412
15660 -322410
15690 -322410
15720 -322410
15750 -322341
15780 -322337
15810 -322294
15840 -322289
15870 -322289
15900 -322273
15930 -322273
15960 -322273
15990 -322237
16020 -322210
16050 -322198
16080 -322184
16110 -322181
16140 -322170
16170 -322167
16200 -322151
16230 -322151
16260 -322067
16290 -322028
16320 -322001
16350 -321998
16380 -321987
16410 -321985
16440 -321985
16470 -321985
16500 -321977
16530 -321977
16560 -321974
16590 -321958
16620 -321954
16650 -321951
16680 -321931
16710 -321928
16740 -321928
16770 -321861
16800 -321835
16830 -321835
16860 -321824
16890 -321759
16920 -321749
16950 -321745
16980 -321745
17010 -321722
17040 -321717
17070 -321717
17100 -321716
17130 -321716
17160 -321696
17190 -321685
17220 -321685
17250 -321592
17280 -321592
17310 -321568
17340 -321568
17370 -321552
17400 -321543
17430 -321541
17460 -321541
17490 -321530
17520 -321517
17550 -321517
17580 -321497
17610 -321497
17640 -321466
17670 -321465
17700 -321458
17730 -321415
17760 -321415
17790 -321381
17820 -321339
17850 -321336
17880 -321294
17910 -321293
17940 -321278
17970 -321260
18000 -321220
18030 -321211
18060 -321211
18090 -321193
18120 -321159
18150 -320993
18180 -320956
18210 -320956
18240 -320951
18270 -320945
18300 -320929
18330 -320928
18360 -320913
18390 -320913
18420 -320913
18450 -320904
18480 -320902
18510 -320886
18540 -320826
18570 -320826
18600 -320753
18630 -320749
18660 -320740
18690 -320738
18720 -320696
18750 -320696
18780 -320667
18810 -320661
18840 -320658
18870 -320648
18900 -320648
18930 -320631
18960 -320630
18990 -320624
19020 -320623
19050 -320620
19080 -320574
19110 -320573
19140 -320570
19170 -320570
19200 -320570
19230 -320484
19260 -320484
19290 -320484
19320 -320462
19350 -320460
19380 -320396
19410 -320396
19440 -320396
19470 -320396
19500 -320388
19530 -320387
19560 -320344
19590 -320315
19620 -320290
19650 -320285
19680 -320270
19710 -320270
19740 -320250
19770 -320240
19800 -320237
19830 -320198
19860 -320198
19890 -320169
19920 -320169
19950 -320169
19980 -320165
20010 -320154
20040 -320101
20070 -320094
20100 -320062
20130 -320057
20160 -320027
20190 -320026
20220 -320016
20250 -320003
20280 -319998
20310 -319998
20340 -319998
20370 -319950
20400 -319925
20430 -319925
20460 -319923
20490 -319913
20520 -319913
20550 -319883
20580 -319864
20610 -319864
20640 -319855
20670 -319847
20700 -319847
20730 -319847
20760 -319847
20790 -319846
20820 -319790
20850 -319779
20880 -319774
20910 -319774
20940 -319774
20970 -319757
21000 -319757
21030 -319757
21060 -319717
21090 -319698
21120 -319657
21150 -319657
21180 -319657
21210 -319616
21240 -319616
21270 -319615
21300 -319602
21330 -319602
21360 -319595
21390 -319595
21420 -319586
21450 -319555
21480 -319545
21510 -319542
21540 -319536
21570 -319536
21600 -319493
21630 -319481
21660 -319468
21690 -319468
21720 -319468
21750 -319458
21780 -319458
21810 -319454
21840 -319446
21870 -319444
21900 -319438
21930 -319425
21960 -319425
21990 -319425
22020 -319413
22050 -319372
22080 -319364
22110 -319360
22140 -319355
22170 -319332
22200 -319320
22230 -319320
22260 -319287
22290 -319280
22320 -319280
22350 -319273
22380 -319262
22410 -319262
22440 -319261
22470 -319259
22500 -319259
22530 -319259
22560 -319253
22590 -319253
22620 -319252
22650 -319252
22680 -319248
22710 -319244
22740 -319231
22770 -319224
22800 -319215
22830 -319211
22860 -319211
22890 -319171
22920 -319171
22950 -319171
22980 -319171
23010 -319144
23040 -319144
23070 -319128
23100 -319127
23130 -319115
23160 -319103
23190 -319103
23220 -319100
23250 -319095
23280 -319094
23310 -319094
23340 -319085
23370 -319082
23400 -319067
23430 -319067
23460 -319066
23490 -319034
23520 -319034
23550 -319034
23580 -319028
23610 -318984
23640 -318957
23670 -318957
23700 -318957
23730 -318949
23760 -318949
23790 -318949
23820 -318924
23850 -318924
23880 -318922
23910 -318922
23940 -318913
23970 -318913
24000 -318913
24030 -318910
24060 -318908
24090 -318901
24120 -318901
24150 -318901
24180 -318892
24210 -318876
24240 -318858
24270 -318833
24300 -318833
24330 -318832
24360 -318827
24390 -318827
24420 -318820
24450 -318820
24480 -318796
24510 -318794
24540 -318788
24570 -318788
24600 -318788
24630 -318787
24660 -318787
24690 -318787
24720 -318787
24750 -318766
24780 -318750
24810 -318750
24840 -318740
24870 -318732
24900 -318732
24930 -318701
24960 -318699
24990 -318693
25020 -318693
25050 -318673
25080 -318668
25110 -318668
25140 -318668
25170 -318634
25200 -318631
25230 -318631
25260 -318623
25290 -318623
25320 -318601
25350 -318576
25380 -318576
25410 -318576
25440 -318563
25470 -318560
25500 -318542
25530 -318475
25560 -318470
25590 -318470
25620 -318453
25650 -318453
25680 -318453
25710 -318453
25740 -318453
25770 -318399
25800 -318399
25830 -318392
25860 -318338
25890 -318323
25920 -318310
25950 -318288
25980 -318285
26010 -318277
26040 -318272
26070 -318272
26100 -318251
26130 -318251
26160 -318251
26190 -318224
26220 -318224
26250 -318223
26280 -318209
26310 -318115
26340 -318094
26370 -318087
26400 -318081
26430 -318080
26460 -318062
26490 -318062
26520 -318005
26550 -318005
26580 -318000
26610 -318000
26640 -318000
26670 -317994
26700 -317994
26730 -317989
26760 -317982
26790 -317982
26820 -317982
26850 -317978
26880 -317977
26910 -317977
26940 -317977
26970 -317973
27000 -317971
27030 -317943
27060 -317942
27090 -317939
27120 -317930
27150 -317926
27180 -317911
27210 -317911
27240 -317896
27270 -317894
27300 -317894
27330 -317850
27360 -317850
27390 -317834
27420 -317834
27450 -317828
27480 -317828
27510 -317815
27540 -317815
27570 -317779
27600 -317765
27630 -317765
27660 -317747
27690 -317719
27720 -317713
27750 -317713
27780 -317713
27810 -317713
27840 -317708
27870 -317708
27900 -317692
27930 -317638
27960 -317638
27990 -317638
28020 -317637
28050 -317621
28080 -317617
28110 -317617
28140 -317605
28170 -317588
28200 -317583
28230 -317574
28260 -317511
28290 -317490
28320 -317470
28350 -317467
28380 -317467
28410 -317462
28440 -317462
28470 -317462
28500 -317387
28530 -317373
28560 -317373
28590 -317373
28620 -317373
28650 -317373
28680 -317371
28710 -317369
28740 -317368
28770 -317368
28800 -317368
28830 -317367
28860 -317354
28890 -317347
28920 -317316
28950 -317304
28980 -317292
29010 -317289
29040 -317287
29070 -317270
29100 -317266
29130 -317261
29160 -317225
29190 -317218
29220 -317211
29250 -317211
29280 -317201
29310 -317200
29340 -317200
29370 -317200
29400 -317200
29430 -317200
29460 -317200
29490 -317194
29520 -317191
29550 -317185
29580 -317184
29610 -317161
29640 -317160
29670 -317160
29700 -317160
29730 -317160
29760 -317156
29790 -317140
29820 -317140
29850 -317125
29880 -317125
29910 -317124
29940 -317096
29970 -317085
30000 -317084
30030 -317075
30060 -317075
30090 -317069
30120 -317031
30150 -317031
30180 -317030
30210 -317025
30240 -317022
30270 -317021
30300 -317018
30330 -317017
30360 -317017
30390 -317014
30420 -317014
30450 -316998
30480 -316983
30510 -316983
30540 -316970
30570 -316970
30600 -316970
30630 -316939
30660 -316939
30690 -316936
30720 -316936
30750 -316936
30780 -316936
30810 -316931
30840 -316928
30870 -316888
30900 -316884
30930 -316855
30960 -316847
30990 -316847
31020 -316846
31050 -316835
31080 -316831
31110 -316831
31140 -316831
31170 -316813
31200 -316806
31230 -316806
31260 -316806
31290 -316806
31320 -316798
31350 -316798
31380 -316791
31410 -316786
31440 -316775
31470 -316723
31500 -316717
31530 -316717
31560 -316717
31590 -316709
31620 -316709
31650 -316706
31680 -316706
31710 -316706
31740 -316706
31770 -316706
31800 -316701
31830 -316701
31860 -316701
31890 -316701
31920 -316701
31950 -316647
31980 -316647
32010 -316624
32040 -316619
32070 -316619
32100 -316619
32130 -316609
32160 -316609
32190 -316597
32220 -316597
32250 -316595
32280 -316589
32310 -316585
32340 -316571
32370 -316564
32400 -316564
32430 -316564
32460 -316564
32490 -316559
32520 -316559
32550 -316559
32580 -316554
32610 -316546
32640 -316543
32670 -316543
32700 -316542
32730 -316542
32760 -316535
32790 -316535
32820 -316529
32850 -316517
32880 -316517
32910 -316516
32940 -316516
32970 -316515
33000 -316515
33030 -316514
33060 -316513
33090 -316513
33120 -316512
33150 -316512
33180 -316511
33210 -316470
33240 -316470
33270 -316463
33300 -316463
33330 -316462
33360 -316462
33390 -316455
33420 -316452
33450 -316452
33480 -316447
33510 -316447
33540 -316447
33570 -316447
33600 -316447
33630 -316447
33660 -316441
33690 -316438
33720 -316438
33750 -316430
33780 -316430
33810 -316402
33840 -316402
33870 -316402
33900 -316402
33930 -316402
33960 -316396
33990 -316380
34020 -316380
34050 -316380
34080 -316380
34110 -316380
34140 -316375
34170 -316373
34200 -316373
34230 -316329
34260 -316329
34290 -316324
34320 -316324
34350 -316324
34380 -316324
34410 -316324
34440 -316324
34470 -316324
34500 -316324
34530 -316324
34560 -316288
34590 -316288
34620 -316277
34650 -316277
34680 -316276
34710 -316273
34740 -316273
34770 -316273
34800 -316272
34830 -316272
34860 -316272
34890 -316272
34920 -316225
34950 -316219
34980 -316213
35010 -316212
35040 -316208
35070 -316208
35100 -316208
35130 -316206
35160 -316205
35190 -316205
35220 -316155
35250 -316154
35280 -316148
35310 -316147
35340 -316146
35370 -316146
35400 -316139
35430 -316139
35460 -316139
35490 -316132
35520 -316132
35550 -316132
35580 -316132
35610 -316132
35640 -316132
35670 -316132
35700 -316132
35730 -316132
35760 -316132
35790 -316132
35820 -316132
35850 -316132
35880 -316130
35910 -316119
35940 -316119
35970 -316119
36000 -316108
36030 -316106
36060 -316102
36090 -316102
36120 -316091
36150 -316090
36180 -316049
36210 -316049
36240 -316024
36270 -316024
36300 -316024
36330 -316023
36360 -316023
36390 -316022
36420 -316021
36450 -316013
36480 -316009
36510 -315997
36540 -315992
36570 -315992
36600 -315992
36630 -315992
36660 -315990
36690 -315959
36720 -315959
36750 -315959
36780 -315959
36810 -315959
36840 -315949
36870 -315899
36900 -315870
36930 -315870
36960 -315822
36990 -315822
37020 -315748
37050 -315748
37080 -315708
37110 -315706
37140 -315669
37170 -315666
37200 -315648
37230 -315645
37260 -315644
37290 -315639
37320 -315635
37350 -315635
37380 -315635
37410 -315635
37440 -315635
37470 -315635
37500 -315635
37530 -315632
37560 -315632
37590 -315629
37620 -315615
37650 -315615
37680 -315615
37710 -315615
37740 -315615
37770 -315610
37800 -315602
37830 -315588
37860 -315582
37890 -315575
37920 -315573
37950 -315573
37980 -315573
38010 -315573
38040 -315572
38070 -315570
38100 -315567
38130 -315545
38160 -315528
38190 -315528
38220 -315527
38250 -315527
38280 -315506
38310 -315497
38340 -315497
38370 -315496
38400 -315496
38430 -315487
38460 -315480
38490 -315474
38520 -315474
38550 -315472
38580 -315472
38610 -315472
38640 -315460
38670 -315457
38700 -315453
38730 -315444
38760 -315444
38790 -315444
38820 -315444
38850 -315444
38880 -315427
38910 -315427
38940 -315427
38970 -315425
39000 -315425
39030 -315417
39060 -315417
39090 -315417
39120 -315417
39150 -315417
39180 -315411
39210 -315408
39240 -315408
39270 -315408
39300 -315408
39330 -315408
39360 -315388
39390 -315388
39420 -315388
39450 -315387
39480 -315357
39510 -315346
39540 -315346
39570 -315344
39600 -315338
39630 -315333
39660 -315333
39690 -315329
39720 -315323
39750 -315323
39780 -315323
39810 -315321
39840 -315321
39870 -315321
39900 -315318
39930 -315315
39960 -315315
39990 -315315
40020 -315314
40050 -315314
40080 -315305
40110 -315305
40140 -315305
40170 -315298
40200 -315298
40230 -315298
40260 -315297
40290 -315297
40320 -315272
40350 -315272
40380 -315271
40410 -315270
40440 -315250
40470 -315223
40500 -315223
40530 -315223
40560 -315223
40590 -315199
40620 -315199
40650 -315181
40680 -315176
40710 -315175
40740 -315175
40770 -315175
40800 -315175
40830 -315162
40860 -315162
40890 -315162
40920 -315162
40950 -315162
40980 -315155
41010 -315147
41040 -315147
41070 -315147
41100 -315147
41130 -315141
41160 -315141
41190 -315124
41220 -315067
41250 -315067
41280 -315067
41310 -315067
41340 -315066
41370 -315065
41400 -315062
41430 -315044
41460 -315043
41490 -315043
41520 -315022
41550 -315015
41580 -315004
41610 -315004
41640 -315004
41670 -314987
41700 -314987
41730 -314983
41760 -314983
41790 -314968
41820 -314960
41850 -314960
41880 -314960
41910 -314960
41940 -314958
41970 -314958
42000 -314958
42030 -314958
42060 -314949
42090 -314930
42120 -314930
42150 -314929
42180 -314929
42210 -314900
42240 -314861
42270 -314852
42300 -314835
42330 -314835
42360 -314835
42390 -314835
42420 -314834
42450 -314833
42480 -314810
42510 -314810
42540 -314806
42570 -314806
42600 -314806
42630 -314796
42660 -314796
42690 -314782
42720 -314777
42750 -314776
42780 -314776
42810 -314766
42840 -314766
42870 -314759
42900 -314759
42930 -314759
42960 -314759
42990 -314754
43020 -314753
43050 -314747
43080 -314747
43110 -314737
43140 -314718
43170 -314718
43200 -314713
43230 -314713
43260 -314697
43290 -314691
43320 -314677
43350 -314671
43380 -314663
43410 -314663
43440 -314635
43470 -314634
43500 -314622
43530 -314622
43560 -314622
43590 -314611
43620 -314611
43650 -314611
43680 -314603
43710 -314603
43740 -314603
43770 -314598
43800 -314598
43830 -314582
43860 -314577
43890 -314576
43920 -314559
43950 -314559
43980 -314559
44010 -314559
44040 -314559
44070 -314555
44100 -314555
44130 -314554
44160 -314554
44190 -314548
44220 -314541
44250 -314536
44280 -314536
44310 -314536
44340 -314535
44370 -314515
44400 -314513
44430 -314513
44460 -314504
44490 -314504
44520 -314504
44550 -314504
44580 -314501
44610 -314501
44640 -314501
44670 -314492
44700 -314471
44730 -314471
44760 -314471
44790 -314471
44820 -314469
44850 -314465
44880 -314422
44910 -314422
44940 -314422
44970 -314356
45000 -314356
45030 -314354
45060 -314354
45090 -314354
45120 -314354
45150 -314354
45180 -314353
45210 -314346
45240 -314346
45270 -314346
45300 -314346
45330 -314320
45360 -314318
45390 -314318
45420 -314318
45450 -314318
45480 -314314
45510 -314312
45540 -314312
45570 -314312
45600 -314295
45630 -314295
45660 -314295
45690 -314295
45720 -314295
45750 -314295
45780 -314295
45810 -314291
45840 -314287
45870 -314287
45900 -314285
45930 -314279
45960 -314276
45990 -314276
46020 -314276
46050 -314276
46080 -314274
46110 -314271
46140 -314271
46170 -314251
46200 -314251
46230 -314251
46260 -314251
46290 -314251
46320 -314251
46350 -314250
46380 -314234
46410 -314234
46440 -314234
46470 -314231
46500 -314231
46530 -314231
46560 -314231
46590 -314231
46620 -314231
46650 -314231
46680 -314231
46710 -314228
46740 -314228
46770 -314222
46800 -314222
46830 -314216
46860 -314214
46890 -314214
46920 -314214
46950 -314214
46980 -314211
47010 -314211
47040 -314211
47070 -314209
47100 -314209
47130 -314206
47160 -314206
47190 -314198
47220 -314198
47250 -314190
47280 -314190
47310 -314165
47340 -314136
47370 -314136
47400 -314136
47430 -314136
47460 -314136
47490 -314136
47520 -314136
47550 -314135
47580 -314123
47610 -314123
47640 -314120
47670 -314120
47700 -314120
47730 -314112
47760 -314112
47790 -314112
47820 -314112
47850 -314111
47880 -314111
47910 -314111
47940 -314111
47970 -314091
48000 -314091
48030 -314091
48060 -314090
48090 -314085
48120 -314075
48150 -314075
48180 -314075
48210 -314075
48240 -314075
48270 -314075
48300 -314069
48330 -314069
48360 -314069
48390 -314046
48420 -314009
48450 -314004
48480 -314004
48510 -314004
48540 -314004
48570 -314003
48600 -314003
48630 -314003
48660 -314003
48690 -314003
48720 -314003
48750 -313984
48780 -313982
48810 -313982
48840 -313982
48870 -313979
48900 -313979
48930 -313975
48960 -313975
48990 -313975
49020 -313965
49050 -313965
49080 -313963
49110 -313963
49140 -313961
49170 -313961
49200 -313948
49230 -313939
49260 -313939
49290 -313939
49320 -313937
49350 -313937
49380 -313937
49410 -313937
49440 -313937
49470 -313937
49500 -313937
49530 -313936
49560 -313936
49590 -313935
49620 -313935
49650 -313935
49680 -313932
49710 -313931
49740 -313925
49770 -313925
49800 -313925
49830 -313920
49860 -313910
49890 -313908
49920 -313899
49950 -313899
49980 -313899
50010 -313899
50040 -313899
50070 -313894
50100 -313894
50130 -313894
50160 -313894
50190 -313894
50220 -313891
50250 -313889
50280 -313889
50310 -313889
50340 -313889
50370 -313889
50400 -313889
50430 -313889
50460 -313889
50490 -313873
50520 -313872
50550 -313872
50580 -313871
50610 -313871
50640 -313871
50670 -313869
50700 -313863
50730 -313862
50760 -313862
50790 -313862
50820 -313862
50850 -313859
50880 -313859
50910 -313859
50940 -313847
50970 -313847
51000 -313847
51030 -313847
51060 -313847
51090 -313844
51120 -313844
51150 -313837
51180 -313834
51210 -313794
51240 -313794
51270 -313791
51300 -313771
51330 -313757
51360 -313757
51390 -313757
51420 -313755
51450 -313752
51480 -313746
51510 -313743
51540 -313743
51570 -313743
51600 -313743
51630 -313743
51660 -313737
51690 -313736
51720 -313733
51750 -313733
51780 -313733
51810 -313733
51840 -313723
51870 -313717
51900 -313717
51930 -313717
51960 -313717
51990 -313717
52020 -313717
52050 -313717
52080 -313697
52110 -313693
52140 -313693
52170 -313693
52200 -313693
52230 -313693
52260 -313693
52290 -313693
52320 -313693
52350 -313693
52380 -313693
52410 -313693
52440 -313639
52470 -313635
52500 -313635
52530 -313635
52560 -313635
52590 -313635
52620 -313635
52650 -313635
52680 -313635
52710 -313604
52740 -313604
52770 -313604
52800 -313604
52830 -313595
52860 -313590
52890 -313590
52920 -313585
52950 -313585
52980 -313585
53010 -313585
53040 -313585
53070 -313570
53100 -313570
53130 -313570
53160 -313568
53190 -313568
53220 -313568
53250 -313563
53280 -313556
53310 -313555
53340 -313552
53370 -313552
53400 -313546
53430 -313545
53460 -313539
53490 -313535
53520 -313535
53550 -313535
53580 -313535
53610 -313535
53640 -313535
53670 -313529
53700 -313529
53730 -313529
53760 -313529
53790 -313508
53820 -313505
53850 -313505
53880 -313499
53910 -313499
53940 -313499
53970 -313497
54000 -313497
54030 -313496
54060 -313491
54090 -313491
54120 -313491
54150 -313491
54180 -313475
54210 -313474
54240 -313424
54270 -313424
54300 -313424
54330 -313424
54360 -313424
54390 -313407
54420 -313404
54450 -313404
54480 -313404
54510 -313404
54540 -313404
54570 -313404
54600 -313404
54630 -313404
54660 -313396
54690 -313396
54720 -313395
54750 -313389
54780 -313384
54810 -313357
54840 -313356
54870 -313356
54900 -313356
54930 -313356
54960 -313356
54990 -313356
55020 -313356
55050 -313356
55080 -313348
55110 -313343
55140 -313339
55170 -313328
55200 -313328
55230 -313328
55260 -313328
55290 -313328
55320 -313328
55350 -313328
55380 -313328
55410 -313328
55440 -313327
55470 -313327
55500 -313319
55530 -313319
55560 -313316
55590 -313316
55620 -313316
55650 -313316
55680 -313316
55710 -313314
55740 -313314
55770 -313314
55800 -313314
55830 -313314
55860 -313314
55890 -313314
55920 -313314
55950 -313314
55980 -313298
56010 -313298
56040 -313298
56070 -313298
56100 -313298
56130 -313298
56160 -313298
56190 -313284
56220 -313284
56250 -313278
56280 -313274
56310 -313268
56340 -313259
56370 -313259
56400 -313259
56430 -313256
56460 -313256
56490 -313256
56520 -313256
56550 -313256
56580 -313256
56610 -313256
56640 -313255
56670 -313255
56700 -313254
56730 -313251
56760 -313208
56790 -313203
56820 -313203
56850 -313203
56880 -313203
56910 -313195
56940 -313184
56970 -313184
57000 -313175
57030 -313167
57060 -313167
57090 -313158
57120 -313158
57150 -313158
57180 -313158
57210 -313158
57240 -313158
57270 -313147
57300 -313147
57330 -313147
57360 -313147
57390 -313144
57420 -313144
57450 -313141
57480 -313129
57510 -313125
57540 -313125
57570 -313125
57600 -313125
57630 -313124
57660 -313123
57690 -313123
57720 -313107
57750 -313107
57780 -313107
57810 -313107
57840 -313105
57870 -313105
57900 -313105
57930 -313105
57960 -313105
57990 -313105
58020 -313105
58050 -313105
58080 -313105
58110 -313097
58140 -313086
58170 -313081
58200 -313081
58230 -313081
58260 -313081
58290 -313081
58320 -313065
58350 -313063
58380 -313063
58410 -313063
58440 -313063
58470 -313057
58500 -313057
58530 -313057
58560 -313057
58590 -313057
58620 -313050
58650 -313050
58680 -313048
58710 -313046
58740 -313046
58770 -313040
58800 -313040
58830 -313031
58860 -313001
58890 -312987
58920 -312966
58950 -312966
58980 -312966
59010 -312966
59040 -312966
59070 -312966
59100 -312963
59130 -312963
59160 -312956
59190 -312956
59220 -312956
59250 -312956
59280 -312955
59310 -312955
59340 -312954
59370 -312954
59400 -312954
59430 -312951
59460 -312951
59490 -312945
59520 -312945
59550 -312937
59580 -312931
59610 -312931
59640 -312919
59670 -312919
59700 -312919
59730 -312919
59760 -312919
59790 -312919
59820 -312919
59850 -312919
59880 -312919
59910 -312919
59940 -312915
59970 -312876
60000 -312874
60030 -312867
60060 -312864
60090 -312864
60120 -312864
60150 -312856
60180 -312856
60210 -312856
60240 -312856
60270 -312856
60300 -312856
60330 -312836
60360 -312835
60390 -312828
60420 -312828
60450 -312828
60480 -312828
60510 -312828
60540 -312815
60570 -312814
60600 -312804
60630 -312804
60660 -312804
60690 -312801
60720 -312801
60750 -312801
60780 -312801
60810 -312801
60840 -312801
60870 -312795
60900 -312795
60930 -312794
60960 -312794
60990 -312794
61020 -312794
61050 -312794
61080 -312794
61110 -312794
61140 -312780
61170 -312779
61200 -312779
61230 -312771
61260 -312768
61290 -312768
61320 -312768
61350 -312763
61380 -312763
61410 -312763
61440 -312758
61470 -312752
61500 -312752
61530 -312752
61560 -312752
61590 -312752
61620 -312751
61650 -312751
61680 -312751
61710 -312751
61740 -312751
61770 -312744
61800 -312740
61830 -312738
61860 -312732
61890 -312732
61920 -312727
61950 -312727
61980 -312727
62010 -312727
62040 -312654
62070 -312649
62100 -312649
62130 -312649
62160 -312649
62190 -312646
62220 -312645
62250 -312642
62280 -312638
62310 -312638
62340 -312638
62370 -312638
62400 -312638
62430 -312638
62460 -312557
62490 -312547
62520 -312544
62550 -312544
62580 -312544
62610 -312544
62640 -312539
62670 -312539
62700 -312534
62730 -312529
62760 -312525
62790 -312519
62820 -312487
62850 -312487
62880 -312487
62910 -312487
62940 -312477
62970 -312477
63000 -312477
63030 -312468
63060 -312464
63090 -312464
63120 -312464
63150 -312464
63180 -312464
63210 -312462
63240 -312462
63270 -312462
63300 -312462
63330 -312462
63360 -312462
63390 -312459
63420 -312459
63450 -312459
63480 -312459
63510 -312459
63540 -312459
63570 -312459
63600 -312459
63630 -312459
63660 -312451
63690 -312427
63720 -312369
63750 -312369
63780 -312369
63810 -312365
63840 -312365
63870 -312363
63900 -312357
63930 -312357
63960 -312357
63990 -312357
64020 -312351
64050 -312344
64080 -312344
64110 -312338
64140 -312338
64170 -312338
64200 -312338
64230 -312338
64260 -312338
64290 -312338
64320 -312338
64350 -312338
64380 -312338
64410 -312338
64440 -312338
64470 -312338
64500 -312338
64530 -312338
64560 -312332
64590 -312332
64620 -312332
64650 -312332
64680 -312328
64710 -312328
64740 -312328
64770 -312328
64800 -312328
64830 -312326
64860 -312326
64890 -312324
64920 -312324
64950 -312324
64980 -312316
65010 -312316
65040 -312316
65070 -312316
65100 -312316
65130 -312316
65160 -312310
65190 -312310
65220 -312310
65250 -312307
65280 -312307
65310 -312307
65340 -312300
65370 -312300
65400 -312299
65430 -312299
65460 -312299
65490 -312299
65520 -312299
65550 -312296
65580 -312294
65610 -312294
65640 -312294
65670 -312294
65700 -312293
65730 -312293
65760 -312293
65790 -312279
65820 -312275
65850 -312275
65880 -312275
65910 -312275
65940 -312275
65970 -312240
66000 -312240
66030 -312240
66060 -312240
66090 -312239
66120 -312239
66150 -312239
66180 -312231
66210 -312228
66240 -312213
66270 -312213
66300 -312213
66330 -312213
66360 -312213
66390 -312213
66420 -312213
66450 -312213
66480 -312211
66510 -312211
66540 -312205
66570 -312204
66600 -312204
66630 -312201
66660 -312199
66690 -312199
66720 -312199
66750 -312195
66780 -312195
66810 -312182
66840 -312182
66870 -312177
66900 -312177
66930 -312177
66960 -312177
66990 -312160
67020 -312160
67050 -312160
67080 -312154
67110 -312154
67140 -312154
67170 -312154
67200 -312140
67230 -312140
67260 -312138
67290 -312138
67320 -312138
67350 -312138
67380 -312138
67410 -312138
67440 -312137
67470 -312136
67500 -312136
67530 -312088
67560 -312088
67590 -312048
67620 -312048
67650 -312045
67680 -312035
67710 -312035
67740 -312020
67770 -312020
67800 -312011
67830 -312011
67860 -312011
67890 -312009
67920 -311999
67950 -311994
67980 -311993
68010 -311972
68040 -311969
68070 -311969
68100 -311969
68130 -311969
68160 -311969
68190 -311969
68220 -311969
68250 -311969
68280 -311969
68310 -311963
68340 -311963
68370 -311963
68400 -311963
68430 -311956
68460 -311943
68490 -311943
68520 -311943
68550 -311943
68580 -311943
68610 -311943
68640 -311943
68670 -311943
68700 -311943
68730 -311940
68760 -311940
68790 -311921
68820 -311919
68850 -311919
68880 -311919
68910 -311919
68940 -311919
68970 -311919
69000 -311919
69030 -311919
69060 -311919
69090 -311919
69120 -311919
69150 -311919
69180 -311909
69210 -311877
69240 -311877
69270 -311877
69300 -311877
69330 -311872
69360 -311872
69390 -311872
69420 -311872
69450 -311857
69480 -311857
69510 -311857
69540 -311857
69570 -311857
69600 -311852
69630 -311851
69660 -311850
69690 -311850
69720 -311844
69750 -311844
69780 -311844
69810 -311844
69840 -311843
69870 -311836
69900 -311836
69930 -311836
69960 -311836
69990 -311836
70020 -311823
70050 -311822
70080 -311822
70110 -311822
70140 -311822
70170 -311822
70200 -311822
70230 -311822
70260 -311821
70290 -311821
70320 -311821
70350 -311816
70380 -311816
70410 -311811
70440 -311808
70470 -311808
70500 -311802
70530 -311802
70560 -311802
70590 -311802
70620 -311793
70650 -311793
70680 -311793
70710 -311793
70740 -311782
70770 -311782
70800 -311782
70830 -311778
70860 -311778
70890 -311778
70920 -311778
70950 -311776
70980 -311776
71010 -311773
71040 -311767
71070 -311767
71100 -311767
71130 -311767
71160 -311765
71190 -311765
71220 -311737
71250 -311722
71280 -311717
71310 -311717
71340 -311712
71370 -311708
71400 -311708
71430 -311708
71460 -311708
71490 -311708
71520 -311708
71550 -311708
71580 -311703
71610 -311702
71640 -311702
71670 -311702
71700 -311702
71730 -311702
71760 -311702
71790 -311699
71820 -311699
71850 -311699
71880 -311660
71910 -311660
71940 -311660
71970 -311660
72000 -311660
72030 -311660
72060 -311660
72090 -311654
72120 -311654
72150 -311654
72180 -311650
72210 -311650
72240 -311649
72270 -311649
72300 -311649
72330 -311649
72360 -311649
72390 -311649
72420 -311649
72450 -311647
72480 -311623
72510 -311623
72540 -311623
72570 -311623
72600 -311617
72630 -311612
72660 -311612
72690 -311612
72720 -311606
72750 -311606
72780 -311606
72810 -311589
72840 -311589
72870 -311589
72900 -311577
72930 -311577
72960 -311576
72990 -311576
73020 -311576
73050 -311575
73080 -311575
73110 -311575
73140 -311571
73170 -311571
73200 -311571
73230 -311571
73260 -311571
73290 -311571
73320 -311569
73350 -311569
73380 -311569
73410 -311569
73440 -311567
73470 -311560
73500 -311560
73530 -311559
73560 -311557
73590 -311557
73620 -311557
73650 -311556
73680 -311552
73710 -311545
73740 -311544
73770 -311544
73800 -311543
73830 -311534
73860 -311534
73890 -311534
73920 -311534
73950 -311534
73980 -311534
74010 -311534
74040 -311534
74070 -311534
74100 -311534
74130 -311533
74160 -311529
74190 -311524
74220 -311523
74250 -311523
74280 -311521
74310 -311521
74340 -311516
74370 -311511
74400 -311511
74430 -311510
74460 -311510
74490 -311506
74520 -311506
74550 -311506
74580 -311506
74610 -311506
74640 -311506
74670 -311506
74700 -311506
74730 -311506
74760 -311506
74790 -311506
74820 -311505
74850 -311504
74880 -311495
74910 -311495
74940 -311495
74970 -311495
75000 -311495
75030 -311495
75060 -311488
75090 -311488
75120 -311488
75150 -311485
75180 -311485
75210 -311445
75240 -311445
75270 -311445
75300 -311445
75330 -311445
75360 -311439
75390 -311431
75420 -311431
75450 -311431
75480 -311431
75510 -311431
75540 -311430
75570 -311430
75600 -311428
75630 -311376
75660 -311376
75690 -311374
75720 -311374
75750 -311374
75780 -311374
75810 -311374
75840 -311372
75870 -311372
75900 -311370
75930 -311370
75960 -311368
75990 -311368
76020 -311368
76050 -311368
76080 -311368
76110 -311368
76140 -311367
76170 -311367
76200 -311363
76230 -311357
76260 -311354
76290 -311351
76320 -311351
76350 -311351
76380 -311351
76410 -311351
76440 -311342
76470 -311341
76500 -311341
76530 -311341
76560 -311341
76590 -311341
76620 -311320
76650 -311320
76680 -311320
76710 -311316
76740 -311316
76770 -311299
76800 -311299
76830 -311298
76860 -311298
76890 -311298
76920 -311298
76950 -311298
76980 -311298
77010 -311298
77040 -311296
77070 -311296
77100 -311284
77130 -311284
77160 -311284
77190 -311282
77220 -311282
77250 -311282
77280 -311282
77310 -311282
77340 -311282
77370 -311282
77400 -311282
77430 -311282
77460 -311282
77490 -311280
77520 -311280
77550 -311280
77580 -311280
77610 -311273
77640 -311273
77670 -311273
77700 -311273
77730 -311273
77760 -311273
77790 -311273
77820 -311261
77850 -311258
77880 -311258
77910 -311258
77940 -311258
77970 -311258
78000 -311251
78030 -311251
78060 -311251
78090 -311251
78120 -311235
78150 -311235
78180 -311235
78210 -311234
78240 -311229
78270 -311207
78300 -311207
78330 -311204
78360 -311190
78390 -311190
78420 -311190
78450 -311190
78480 -311189
78510 -311189
78540 -311189
78570 -311188
78600 -311188
78630 -311187
78660 -311187
78690 -311187
78720 -311187
78750 -311165
78780 -311165
78810 -311165
78840 -311165
78870 -311165
78900 -311164
78930 -311164
78960 -311163
78990 -311163
79020 -311163
79050 -311162
79080 -311162
79110 -311162
79140 -311154
79170 -311154
79200 -311154
79230 -311154
79260 -311147
79290 -311147
79320 -311147
79350 -311147
79380 -311145
79410 -311138
79440 -311138
79470 -311118
79500 -311118
79530 -311118
79560 -311116
79590 -311116
79620 -311114
79650 -311114
79680 -311114
79710 -311114
79740 -311113
79770 -311113
79800 -311113
79830 -311113
79860 -311096
79890 -311095
79920 -311095
79950 -311094
79980 -311094
80010 -311094
80040 -311094
80070 -311094
80100 -311094
80130 -311094
80160 -311094
80190 -311094
80220 -311094
80250 -311094
80280 -311089
80310 -311089
80340 -311089
80370 -311089
80400 -311089
80430 -311089
80460 -311089
80490 -311089
80520 -311069
80550 -311069
80580 -311069
80610 -311069
80640 -311069
80670 -311069
80700 -311069
80730 -311069
80760 -311069
80790 -311069
80820 -311069
80850 -311069
80880 -311069
80910 -311069
80940 -311069
80970 -311068
81000 -311061
81030 -311061
81060 -311061
81090 -311060
81120 -311060
81150 -311050
81180 -311050
81210 -311050
81240 -311050
81270 -311050
81300 -311050
81330 -311046
81360 -311045
81390 -311045
81420 -311045
81450 -311045
81480 -311045
81510 -311042
81540 -311039
81570 -311039
81600 -311039
81630 -311039
81660 -311032
81690 -311029
81720 -311018
81750 -311018
81780 -311009
81810 -311000
81840 -311000
81870 -311000
81900 -311000
81930 -311000
81960 -310998
81990 -310995
82020 -310995
82050 -310995
82080 -310990
82110 -310984
82140 -310982
82170 -310982
82200 -310982
82230 -310982
82260 -310982
82290 -310978
82320 -310978
82350 -310978
82380 -310978
82410 -310978
82440 -310978
82470 -310978
82500 -310978
82530 -310978
82560 -310978
82590 -310977
82620 -310977
82650 -310977
82680 -310977
82710 -310977
82740 -310968
82770 -310968
82800 -310968
82830 -310959
82860 -310959
82890 -310959
82920 -310959
82950 -310959
82980 -310959
83010 -310952
83040 -310952
83070 -310951
83100 -310951
83130 -310951
83160 -310950
83190 -310950
83220 -310949
83250 -310949
83280 -310949
83310 -310948
83340 -310947
83370 -310947
83400 -310947
83430 -310947
83460 -310947
83490 -310947
83520 -310945
83550 -310945
83580 -310945
83610 -310945
83640 -310945
83670 -310945
83700 -310945
83730 -310945
83760 -310943
83790 -310943
83820 -310943
83850 -310943
83880 -310939
83910 -310939
83940 -310936
83970 -310932
84000 -310932
84030 -310932
84060 -310932
84090 -310932
84120 -310932
84150 -310932
84180 -310932
84210 -310932
84240 -310932
84270 -310932
84300 -310910
84330 -310910
84360 -310910
84390 -310909
84420 -310909
84450 -310907
84480 -310907
84510 -310906
84540 -310894
84570 -310886
84600 -310886
84630 -310884
84660 -310884
84690 -310884
84720 -310879
84750 -310879
84780 -310878
84810 -310878
84840 -310878
84870 -310877
84900 -310877
84930 -310868
84960 -310868
84990 -310868
85020 -310868
85050 -310868
85080 -310868
85110 -310868
85140 -310868
85170 -310863
85200 -310863
85230 -310863
85260 -310863
85290 -310863
85320 -310863
85350 -310863
85380 -310841
85410 -310841
85440 -310838
85470 -310838
85500 -310837
85530 -310837
85560 -310837
85590 -310837
85620 -310837
85650 -310837
85680 -310837
85710 -310827
85740 -310827
85770 -310827
85800 -310827
85830 -310827
85860 -310827
85890 -310827
85920 -310827
85950 -310821
85980 -310821
86010 -310821
86040 -310821
86070 -310821
86100 -310810
86130 -310810
86160 -310810
86190 -310810
86220 -310810
86250 -310810
86280 -310810
86310 -310810
86340 -310809
86370 -310809
86400 -310809
86430 -310809
86460 -310805
86490 -310797
86520 -310797
86550 -310797
86580 -310797
86610 -310797
86640 -310793
86670 -310793
86700 -310791
86730 -310791
86760 -310784
86790 -310783
86820 -310781
86850 -310781
86880 -310780
86910 -310780
86940 -310780
86970 -310780
87000 -310778
87030 -310774
87060 -310774
87090 -310774
87120 -310772
87150 -310772
87180 -310772
87210 -310758
87240 -310757
87270 -310757
87300 -310756
87330 -310756
87360 -310756
87390 -310756
87420 -310756
87450 -310753
87480 -310753
87510 -310743
87540 -310738
87570 -310738
87600 -310738
87630 -310725
87660 -310725
87690 -310725
87720 -310724
87750 -310721
87780 -310721
87810 -310706
87840 -310706
87870 -310706
87900 -310706
87930 -310706
87960 -310706
87990 -310706
88020 -310706
88050 -310706
88080 -310706
88110 -310706
88140 -310690
88170 -310690
88200 -310690
88230 -310690
88260 -310687
88290 -310687
88320 -310681
88350 -310680
88380 -310680
88410 -310680
88440 -310680
88470 -310680
88500 -310680
88530 -310670
88560 -310670
88590 -310670
88620 -310670
88650 -310664
88680 -310664
88710 -310664
88740 -310662
88770 -310662
88800 -310662
88830 -310645
88860 -310645
88890 -310634
88920 -310634
88950 -310634
88980 -310634
89010 -310634
89040 -310634
89070 -310627
89100 -310624
89130 -310624
89160 -310624
89190 -310624
89220 -310624
89250 -310624
89280 -310610
89310 -310608
89340 -310608
89370 -310608
89400 -310608
89430 -310607
89460 -310607
89490 -310602
89520 -310602
89550 -310598
89580 -310598
89610 -310598
89640 -310598
89670 -310598
89700 -310586
89730 -310580
89760 -310561
89790 -310547
89820 -310547
89850 -310547
89880 -310547
89910 -310526
89940 -310526
89970 -310515
90000 -310497
90030 -310491
90060 -310491
90090 -310489
90120 -310489
90150 -310487
90180 -310413
90210 -310413
90240 -310413
90270 -310413
90300 -310413
90330 -310413
90360 -310394
90390 -310394
90420 -310394
90450 -310394
90480 -310394
90510 -310377
90540 -310377
90570 -310377
90600 -310377
90630 -310373
90660 -310373
90690 -310373
90720 -310364
90750 -310364
90780 -310364
90810 -310364
90840 -310364
90870 -310364
90900 -310364
90930 -310358
90960 -310357
90990 -310345
91020 -310345
91050 -310341
91080 -310339
91110 -310339
91140 -310339
91170 -310338
91200 -310338
91230 -310338
91260 -310325
91290 -310325
91320 -310325
91350 -310325
91380 -310325
91410 -310325
91440 -310325
91470 -310325
91500 -310322
91530 -310310
91560 -310290
91590 -310288
91620 -310288
91650 -310288
91680 -310286
91710 -310282
91740 -310282
91770 -310268
91800 -310268
91830 -310268
91860 -310268
91890 -310263
91920 -310258
91950 -310258
91980 -310258
92010 -310256
92040 -310256
92070 -310256
92100 -310254
92130 -310247
92160 -310247
92190 -310247
92220 -310246
92250 -310235
92280 -310235
92310 -310230
92340 -310221
92370 -310221
92400 -310221
92430 -310221
92460 -310221
92490 -310221
92520 -310220
92550 -310220
92580 -310220
92610 -310219
92640 -310219
92670 -310219
92700 -310219
92730 -310219
92760 -310219
92790 -310219
92820 -310216
92850 -310216
92880 -310216
92910 -310216
92940 -310216
92970 -310202
93000 -310202
93030 -310201
93060 -310201
93090 -310201
93120 -310192
93150 -310188
93180 -310188
93210 -310188
93240 -310180
93270 -310180
93300 -310173
93330 -310170
93360 -310170
93390 -310167
93420 -310167
93450 -310167
93480 -310167
93510 -310167
93540 -310156
93570 -310154
93600 -310154
93630 -310148
93660 -310148
93690 -310147
93720 -310147
93750 -310147
93780 -310137
93810 -310135
93840 -310133
93870 -310133
93900 -310133
93930 -310109
93960 -310109
93990 -310104
94020 -310104
94050 -310104
94080 -310104
94110 -310095
94140 -310095
94170 -310095
94200 -310095
94230 -310095
94260 -310095
94290 -310095
94320 -310095
94350 -310095
94380 -310094
94410 -310094
94440 -310094
94470 -310094
94500 -310094
94530 -310094
94560 -310094
94590 -310094
94620 -310094
94650 -310093
94680 -310092
94710 -310092
94740 -310092
94770 -310092
94800 -310089
94830 -310089
94860 -310089
94890 -310089
94920 -310067
94950 -310067
94980 -310067
95010 -310067
95040 -310067
95070 -310067
95100 -310067
95130 -310061
95160 -310061
95190 -310061
95220 -310061
95250 -310060
95280 -310060
95310 -310055
95340 -310055
95370 -310055
95400 -310055
95430 -310055
95460 -310055
95490 -310055
95520 -310055
95550 -310055
95580 -310055
95610 -310055
95640 -310055
95670 -310053
95700 -310053
95730 -310053
95760 -310053
95790 -310053
95820 -310053
95850 -310053
95880 -310053
95910 -310053
95940 -310049
95970 -310049
96000 -310049
96030 -310049
96060 -310049
96090 -310049
96120 -310049
96150 -310047
96180 -310044
96210 -310044
96240 -310044
96270 -310044
96300 -310043
96330 -310043
96360 -310043
96390 -310043
96420 -310040
96450 -310040
96480 -310038
96510 -310032
96540 -310032
96570 -310023
96600 -310013
96630 -310013
96660 -310008
96690 -310008
96720 -310008
96750 -310008
96780 -310008
96810 -310008
96840 -310008
96870 -310008
96900 -310008
96930 -310008
96960 -310008
96990 -310008
97020 -310008
97050 -309989
97080 -309989
97110 -309981
97140 -309981
97170 -309981
97200 -309979
97230 -309979
97260 -309979
97290 -309979
97320 -309979
97350 -309979
97380 -309979
97410 -309974
97440 -309974
97470 -309974
97500 -309974
97530 -309974
97560 -309974
97590 -309974
97620 -309974
97650 -309974
97680 -309974
97710 -309972
97740 -309972
97770 -309972
97800 -309972
97830 -309969
97860 -309968
97890 -309968
97920 -309968
97950 -309957
97980 -309957
98010 -309951
98040 -309941
98070 -309941
98100 -309941
98130 -309939
98160 -309939
98190 -309935
98220 -309935
98250 -309933
98280 -309933
98310 -309933
98340 -309933
98370 -309933
98400 -309933
98430 -309933
98460 -309933
98490 -309932
98520 -309932
98550 -309925
98580 -309921
98610 -309921
98640 -309914
98670 -309910
98700 -309910
98730 -309910
98760 -309909
98790 -309900
98820 -309900
98850 -309900
98880 -309900
98910 -309900
98940 -309896
98970 -309895
99000 -309895
99030 -309895
99060 -309881
99090 -309881
99120 -309874
99150 -309864
99180 -309864
99210 -309863
99240 -309863
99270 -309848
99300 -309848
99330 -309840
99360 -309840
99390 -309839
99420 -309839
99450 -309838
99480 -309838
99510 -309838
99540 -309838
99570 -309838
99600 -309838
99630 -309838
99660 -309834
99690 -309834
99720 -309834
99750 -309834
99780 -309834
99810 -309834
99840 -309834
99870 -309834
99900 -309834
99930 -309834
99960 -309834
99990 -309834
100020 -309834
100050 -309834
100080 -309832
100110 -309832
100140 -309832
100170 -309832
100200 -309832
100230 -309832
100260 -309832
100290 -309832
100320 -309832
100350 -309832
100380 -309832
100410 -309832
100440 -309832
100470 -309832
100500 -309832
100530 -309824
100560 -309824
100590 -309821
100620 -309821
100650 -309816
100680 -309813
100710 -309813
100740 -309813
100770 -309813
100800 -309813
100830 -309813
100860 -309813
100890 -309813
100920 -309813
100950 -309803
100980 -309797
101010 -309797
101040 -309794
101070 -309794
101100 -309782
101130 -309781
101160 -309781
101190 -309778
101220 -309777
101250 -309777
101280 -309776
101310 -309776
101340 -309772
101370 -309772
101400 -309772
101430 -309772
101460 -309766
101490 -309766
101520 -309766
101550 -309755
101580 -309754
101610 -309754
101640 -309754
101670 -309754
101700 -309754
101730 -309754
101760 -309754
101790 -309739
101820 -309739
101850 -309739
101880 -309732
101910 -309728
101940 -309728
101970 -309728
102000 -309727
102030 -309727
102060 -309722
102090 -309722
102120 -309722
102150 -309722
102180 -309722
102210 -309722
102240 -309722
102270 -309720
102300 -309720
102330 -309720
102360 -309720
102390 -309720
102420 -309720
102450 -309711
102480 -309711
102510 -309711
102540 -309711
102570 -309708
102600 -309706
102630 -309706
102660 -309706
102690 -309706
102720 -309706
102750 -309706
102780 -309706
102810 -309701
102840 -309701
102870 -309700
102900 -309700
102930 -309700
102960 -309700
102990 -309700
103020 -309695
103050 -309692
103080 -309685
103110 -309685
103140 -309680
103170 -309680
103200 -309680
103230 -309680
103260 -309680
103290 -309680
103320 -309680
103350 -309678
103380 -309678
103410 -309678
103440 -309678
103470 -309678
103500 -309674
103530 -309674
103560 -309667
103590 -309667
103620 -309667
103650 -309666
103680 -309666
103710 -309666
103740 -309666
103770 -309655
103800 -309655
103830 -309654
103860 -309654
103890 -309645
103920 -309638
103950 -309637
103980 -309637
104010 -309637
104040 -309637
104070 -309637
104100 -309637
104130 -309630
104160 -309627
104190 -309627
104220 -309627
104250 -309627
104280 -309618
104310 -309617
104340 -309617
104370 -309617
104400 -309617
104430 -309617
104460 -309617
104490 -309617
104520 -309617
104550 -309617
104580 -309617
104610 -309617
104640 -309615
104670 -309603
104700 -309603
104730 -309603
104760 -309603
104790 -309601
104820 -309598
104850 -309598
104880 -309598
104910 -309598
104940 -309598
104970 -309598
105000 -309598
105030 -309598
105060 -309598
105090 -309598
105120 -309598
105150 -309597
105180 -309590
105210 -309590
105240 -309590
105270 -309590
105300 -309590
105330 -309589
105360 -309589
105390 -309589
105420 -309589
105450 -309589
105480 -309588
105510 -309564
105540 -309559
105570 -309554
105600 -309554
105630 -309554
105660 -309554
105690 -309554
105720 -309554
105750 -309554
105780 -309554
105810 -309548
105840 -309548
105870 -309545
105900 -309545
105930 -309545
105960 -309545
105990 -309545
106020 -309545
106050 -309545
106080 -309545
106110 -309545
106140 -309545
106170 -309545
106200 -309544
106230 -309544
106260 -309544
106290 -309544
106320 -309544
106350 -309544
106380 -309544
106410 -309544
106440 -309538
106470 -309538
106500 -309538
106530 -309538
106560 -309538
106590 -309538
106620 -309538
106650 -309525
106680 -309525
106710 -309525
106740 -309525
106770 -309525
106800 -309519
106830 -309519
106860 -309519
106890 -309519
106920 -309519
106950 -309519
106980 -309519
107010 -309519
107040 -309519
107070 -309519
107100 -309519
107130 -309519
107160 -309516
107190 -309516
107220 -309516
107250 -309514
107280 -309506
107310 -309506
107340 -309506
107370 -309506
107400 -309506
107430 -309506
107460 -309506
107490 -309506
107520 -309506
107550 -309498
107580 -309498
107610 -309498
107640 -309498
107670 -309498
107700 -309498
107730 -309498
107760 -309498
107790 -309498
107820 -309498
107850 -309496
107880 -309496
107910 -309496
107940 -309495
107970 -309495
108000 -309471
108030 -309471
108060 -309471
108090 -309471
108120 -309471
108150 -309452
108180 -309452
108210 -309451
108240 -309450
108270 -309450
108300 -309450
108330 -309450
108360 -309450
108390 -309450
108420 -309450
108450 -309445
108480 -309445
108510 -309445
108540 -309441
108570 -309441
108600 -309441
108630 -309441
108660 -309441
108690 -309432
108720 -309432
108750 -309432
108780 -309432
108810 -309432
108840 -309432
108870 -309432
108900 -309432
108930 -309432
108960 -309432
108990 -309421
109020 -309421
109050 -309421
109080 -309420
109110 -309420
109140 -309420
109170 -309415
109200 -309415
109230 -309413
109260 -309396
109290 -309396
109320 -309396
109350 -309396
109380 -309396
109410 -309396
109440 -309396
109470 -309395
109500 -309394
109530 -309394
109560 -309394
109590 -309394
109620 -309394
109650 -309394
109680 -309394
109710 -309394
109740 -309394
109770 -309394
109800 -309394
109830 -309394
109860 -309394
109890 -309380
109920 -309380
109950 -309380
109980 -309379
110010 -309379
110040 -309379
110070 -309378
110100 -309374
110130 -309374
110160 -309372
110190 -309372
110220 -309372
110250 -309371
110280 -309369
110310 -309367
110340 -309367
110370 -309365
110400 -309365
110430 -309365
110460 -309365
110490 -309362
110520 -309362
110550 -309362
110580 -309362
110610 -309344
110640 -309344
110670 -309344
110700 -309344
110730 -309344
110760 -309344
110790 -309344
110820 -309344
110850 -309338
110880 -309338
110910 -309338
110940 -309337
110970 -309337
111000 -309337
111030 -309336
111060 -309336
111090 -309336
111120 -309336
111150 -309336
111180 -309336
111210 -309336
111240 -309336
111270 -309335
111300 -309335
111330 -309335
111360 -309328
111390 -309323
111420 -309323
111450 -309313
111480 -309305
111510 -309305
111540 -309305
111570 -309305
111600 -309305
111630 -309303
111660 -309303
111690 -309277
111720 -309277
111750 -309277
111780 -309277
111810 -309277
111840 -309277
111870 -309277
111900 -309277
111930 -309277
111960 -309276
111990 -309276
112020 -309276
112050 -309276
112080 -309276
112110 -309276
112140 -309253
112170 -309253
112200 -309253
112230 -309253
112260 -309250
112290 -309250
112320 -309250
112350 -309250
112380 -309250
112410 -309234
112440 -309234
112470 -309234
112500 -309234
112530 -309234
112560 -309234
112590 -309234
112620 -309234
112650 -309234
112680 -309234
112710 -309234
112740 -309205
112770 -309204
112800 -309204
112830 -309201
112860 -309201
112890 -309201
112920 -309200
112950 -309200
112980 -309197
113010 -309196
113040 -309196
113070 -309196
113100 -309196
113130 -309190
113160 -309181
113190 -309181
113220 -309163
113250 -309163
113280 -309163
113310 -309163
113340 -309163
113370 -309163
113400 -309161
113430 -309161
113460 -309161
113490 -309161
113520 -309161
113550 -309161
113580 -309161
113610 -309160
113640 -309159
113670 -309156
113700 -309156
113730 -309155
113760 -309155
113790 -309154
113820 -309154
113850 -309154
113880 -309154
113910 -309154
113940 -309154
113970 -309154
114000 -309153
114030 -309153
114060 -309153
114090 -309153
114120 -309152
114150 -309149
114180 -309147
114210 -309137
114240 -309137
114270 -309137
114300 -309137
114330 -309103
114360 -309103
114390 -309103
114420 -309103
114450 -309103
114480 -309103
114510 -309103
114540 -309100
114570 -309098
114600 -309098
114630 -309097
114660 -309083
114690 -309083
114720 -309083
114750 -309063
114780 -309063
114810 -309063
114840 -309063
114870 -309063
114900 -309059
114930 -309059
114960 -309059
114990 -309059
115020 -309059
115050 -309059
115080 -309059
115110 -309059
115140 -309059
115170 -309059
115200 -309059
115230 -309051
115260 -309051
115290 -309051
115320 -309051
115350 -309051
115380 -309051
115410 -309051
115440 -309051
115470 -309051
115500 -309051
115530 -309051
115560 -309051
115590 -309051
115620 -309051
115650 -309051
115680 -309051
115710 -309051
115740 -309041
115770 -309041
115800 -309041
115830 -309029
115860 -309029
115890 -309029
115920 -309029
115950 -309027
115980 -309027
116010 -309027
116040 -309027
116070 -309027
116100 -309023
116130 -309023
116160 -308994
116190 -308994
116220 -308994
116250 -308994
116280 -308994
116310 -308994
116340 -308994
116370 -308994
116400 -308994
116430 -308994
116460 -308994
116490 -308994
116520 -308994
116550 -308994
116580 -308994
116610 -308994
116640 -308990
116670 -308990
116700 -308990
116730 -308989
116760 -308989
116790 -308989
116820 -308989
116850 -308989
116880 -308989
116910 -308988
116940 -308988
116970 -308988
117000 -308988
117030 -308988
117060 -308988
117090 -308986
117120 -308985
117150 -308984
117180 -308984
117210 -308984
117240 -308984
117270 -308983
117300 -308983
117330 -308983
117360 -308983
117390 -308983
117420 -308901
117450 -308901
117480 -308901
117510 -308901
117540 -308901
117570 -308900
117600 -308900
117630 -308900
117660 -308900
117690 -308900
117720 -308900
117750 -308900
117780 -308900
117810 -308900
117840 -308900
117870 -308899
117900 -308899
117930 -308899
117960 -308899
117990 -308899
118020 -308899
118050 -308899
118080 -308899
118110 -308899
118140 -308899
118170 -308899
118200 -308899
118230 -308899
118260 -308899
118290 -308899
118320 -308899
118350 -308899
118380 -308896
118410 -308896
118440 -308896
118470 -308896
118500 -308889
118530 -308889
118560 -308889
118590 -308889
118620 -308889
118650 -308889
118680 -308889
118710 -308882
118740 -308882
118770 -308882
118800 -308882
118830 -308882
118860 -308866
118890 -308859
118920 -308859
118950 -308858
118980 -308858
119010 -308848
119040 -308848
119070 -308848
119100 -308848
119130 -308848
119160 -308848
119190 -308848
119220 -308848
119250 -308848
119280 -308848
119310 -308848
119340 -308848
119370 -308848
119400 -308848
119430 -308846
119460 -308846
119490 -308846
119520 -308846
119550 -308846
119580 -308845
119610 -308845
119640 -308845
119670 -308845
119700 -308840
119730 -308840
119760 -308838
119790 -308838
119820 -308838
119850 -308838
119880 -308838
119910 -308794
119940 -308794
119970 -308794
120000 -308794
120030 -308794
120060 -308782
120090 -308782
120120 -308782
120150 -308782
120180 -308782
120210 -308782
120240 -308782
120270 -308782
120300 -308774
120330 -308774
120360 -308774
120390 -308774
120420 -308770
120450 -308770
120480 -308770
120510 -308770
120540 -308755
120570 -308755
120600 -308754
120630 -308753
120660 -308748
120690 -308748
120720 -308748
120750 -308748
120780 -308748
120810 -308739
120840 -308739
120870 -308735
120900 -308735
120930 -308732
120960 -308732
120990 -308732
121020 -308724
121050 -308724
121080 -308704
121110 -308698
121140 -308698
121170 -308698
121200 -308698
121230 -308698
121260 -308698
121290 -308697
121320 -308693
121350 -308685
121380 -308685
121410 -308685
121440 -308685
121470 -308685
121500 -308685
121530 -308685
121560 -308685
121590 -308685
121620 -308685
121650 -308677
121680 -308677
121710 -308673
121740 -308673
121770 -308673
121800 -308673
121830 -308673
121860 -308673
121890 -308673
121920 -308673
121950 -308673
121980 -308673
122010 -308673
122040 -308673
122070 -308671
122100 -308671
122130 -308671
122160 -308671
122190 -308671
122220 -308671
122250 -308668
122280 -308667
122310 -308667
122340 -308665
122370 -308665
122400 -308665
122430 -308665
122460 -308665
122490 -308664
122520 -308664
122550 -308664
122580 -308664
122610 -308664
122640 -308664
122670 -308664
122700 -308664
122730 -308664
122760 -308664
122790 -308664
122820 -308664
122850 -308664
122880 -308664
122910 -308664
122940 -308664
122970 -308664
123000 -308663
123030 -308663
123060 -308642
123090 -308642
123120 -308642
123150 -308642
123180 -308642
123210 -308642
123240 -308642
123270 -308634
123300 -308634
123330 -308634
123360 -308634
123390 -308627
123420 -308627
123450 -308627
123480 -308627
123510 -308627
123540 -308627
123570 -308625
123600 -308625
123630 -308625
123660 -308625
123690 -308625
123720 -308625
123750 -308621
123780 -308621
123810 -308621
123840 -308621
123870 -308621
123900 -308620
123930 -308619
123960 -308619
123990 -308618
124020 -308618
124050 -308618
124080 -308618
124110 -308616
124140 -308616
124170 -308616
124200 -308616
124230 -308611
124260 -308611
124290 -308611
124320 -308611
124350 -308611
124380 -308611
124410 -308611
124440 -308611
124470 -308611
124500 -308603
124530 -308603
124560 -308603
124590 -308603
124620 -308603
124650 -308603
124680 -308603
124710 -308603
124740 -308603
124770 -308603
124800 -308603
124830 -308603
124860 -308603
124890 -308603
124920 -308603
124950 -308603
124980 -308603
125010 -308603
125040 -308603
125070 -308603
125100 -308603
125130 -308603
125160 -308603
125190 -308603
125220 -308603
125250 -308603
125280 -308603
125310 -308603
125340 -308603
125370 -308602
125400 -308602
125430 -308602
125460 -308602
125490 -308602
125520 -308602
125550 -308602
125580 -308602
125610 -308594
125640 -308588
125670 -308570
125700 -308570
125730 -308570
125760 -308567
125790 -308567
125820 -308567
125850 -308567
125880 -308567
125910 -308567
125940 -308567
125970 -308556
126000 -308556
126030 -308554
126060 -308552
126090 -308552
126120 -308552
126150 -308552
126180 -308552
126210 -308552
126240 -308552
126270 -308552
126300 -308552
126330 -308552
126360 -308552
126390 -308552
126420 -308549
126450 -308547
126480 -308547
126510 -308547
126540 -308547
126570 -308547
126600 -308547
126630 -308547
126660 -308547
126690 -308546
126720 -308545
126750 -308545
126780 -308545
126810 -308545
126840 -308545
126870 -308545
126900 -308522
126930 -308522
126960 -308520
126990 -308519
127020 -308519
127050 -308519
127080 -308516
127110 -308516
127140 -308516
127170 -308512
127200 -308512
127230 -308508
127260 -308508
127290 -308496
127320 -308496
127350 -308496
127380 -308496
127410 -308496
127440 -308496
127470 -308496
127500 -308495
127530 -308495
127560 -308495
127590 -308495
127620 -308492
127650 -308492
127680 -308492
127710 -308492
127740 -308492
127770 -308492
127800 -308492
127830 -308488
127860 -308488
127890 -308488
127920 -308488
127950 -308482
127980 -308478
128010 -308478
128040 -308478
128070 -308476
128100 -308472
128130 -308467
128160 -308459
128190 -308459
128220 -308459
128250 -308459
128280 -308459
128310 -308459
128340 -308457
128370 -308457
128400 -308457
128430 -308457
128460 -308456
128490 -308456
128520 -308456
128550 -308456
128580 -308456
128610 -308456
