60 -467252
90 -463604
120 -462488
150 -461572
180 -460166
210 -458594
240 -457929
270 -457150
300 -456146
330 -455858
360 -455588
390 -455002
420 -454403
450 -453894
480 -453416
510 -453130
540 -452862
570 -452206
600 -451751
630 -451705
660 -451478
690 -451265
720 -451125
750 -451074
780 -450841
810 -450651
840 -450438
870 -450022
900 -449955
930 -449680
960 -449483
990 -449256
1020 -448925
1050 -448854
1080 -448340
1110 -447941
1140 -447661
1170 -447458
1200 -447336
1230 -447289
1260 -447268
1290 -447232
1320 -447184
1350 -447052
1380 -446950
1410 -446892
1440 -446611
1470 -446559
1500 -446491
1530 -446409
1560 -446072
1590 -445983
1620 -445615
1650 -445300
1680 -445171
1710 -445008
1740 -444819
1770 -444710
1800 -444582
1830 -444444
1860 -444242
1890 -443963
1920 -443702
1950 -443682
1980 -443613
2010 -443577
2040 -443543
2070 -443376
2100 -443318
2130 -443215
2160 -443088
2190 -442995
2220 -442825
2250 -441990
2280 -441969
2310 -441814
2340 -441703
2370 -441674
2400 -441642
2430 -441605
2460 -441462
2490 -441398
2520 -441301
2550 -441150
2580 -440999
2610 -440946
2640 -440937
2670 -440899
2700 -440793
2730 -440509
2760 -440500
2790 -440332
2820 -440262
2850 -440137
2880 -439957
2910 -439957
2940 -439891
2970 -439846
3000 -439781
3030 -439501
3060 -439386
3090 -439336
3120 -439320
3150 -439244
3180 -439164
3210 -438835
3240 -438748
3270 -438684
3300 -438589
3330 -438567
3360 -438470
3390 -438330
3420 -438308
3450 -438304
3480 -437945
3510 -437920
3540 -437920
3570 -437902
3600 -437902
3630 -437888
3660 -437861
3690 -437861
3720 -437839
3750 -437830
3780 -437696
3810 -437685
3840 -437620
3870 -437620
3900 -437620
3930 -437512
3960 -437492
3990 -437490
4020 -437428
4050 -437230
4080 -437174
4110 -437108
4140 -436940
4170 -436930
4200 -436872
4230 -436654
4260 -436583
4290 -436540
4320 -436533
4350 -436512
4380 -436368
4410 -436329
4440 -436322
4470 -436322
4500 -436295
4530 -436292
4560 -436214
4590 -435999
4620 -435966
4650 -435940
4680 -435899
4710 -435875
4740 -435759
4770 -435759
4800 -435731
4830 -435698
4860 -435572
4890 -435572
4920 -435512
4950 -435506
4980 -435443
5010 -435434
5040 -435408
5070 -435337
5100 -435260
5130 -435260
5160 -435221
5190 -435217
5220 -435108
5250 -435020
5280 -434988
5310 -434935
5340 -434935
5370 -434823
5400 -434823
5430 -434765
5460 -434704
5490 -434644
5520 -434601
5550 -434601
5580 -434588
5610 -434564
5640 -434519
5670 -434515
5700 -434490
5730 -434473
5760 -434459
5790 -434459
5820 -434407
5850 -434366
5880 -434366
5910 -434310
5940 -434100
5970 -434075
6000 -434075
6030 -434032
6060 -434016
6090 -433959
6120 -433935
6150 -433900
6180 -433886
6210 -433858
6240 -433858
6270 -433834
6300 -433818
6330 -433713
6360 -433701
6390 -433696
6420 -433646
6450 -433574
6480 -433526
6510 -433473
6540 -433472
6570 -433470
6600 -433426
6630 -433368
6660 -433368
6690 -433357
6720 -433356
6750 -433313
6780 -433299
6810 -433298
6840 -433213
6870 -433209
6900 -433156
6930 -433108
6960 -433053
6990 -433043
7020 -432936
7050 -432810
7080 -432810
7110 -432659
7140 -432655
7170 -432651
7200 -432620
7230 -432604
7260 -432604
7290 -432604
7320 -432602
7350 -432453
7380 -432416
7410 -432397
7440 -432317
7470 -432313
7500 -432294
7530 -432272
7560 -432216
7590 -432210
7620 -432170
7650 -432170
7680 -432165
7710 -432039
7740 -432010
7770 -431906
7800 -431904
7830 -431904
7860 -431849
7890 -431823
7920 -431774
7950 -431735
7980 -431735
8010 -431735
8040 -431728
8070 -431728
8100 -431717
8130 -431709
8160 -431695
8190 -431691
8220 -431661
8250 -431623
8280 -431613
8310 -431570
8340 -431532
8370 -431532
8400 -431509
8430 -431480
8460 -431473
8490 -431461
8520 -431461
8550 -431458
8580 -431388
8610 -431388
8640 -431358
8670 -431330
8700 -431320
8730 -431271
8760 -431246
8790 -431229
8820 -431139
8850 -431112
8880 -430995
8910 -430960
8940 -430871
8970 -430818
9000 -430795
9030 -430743
9060 -430743
9090 -430742
9120 -430693
9150 -430686
9180 -430663
9210 -430663
9240 -430663
9270 -430632
9300 -430626
9330 -430548
9360 -430515
9390 -430506
9420 -430506
9450 -430490
9480 -430459
9510 -430441
9540 -430437
9570 -430418
9600 -430418
9630 -430400
9660 -430400
9690 -430400
9720 -430388
9750 -430322
9780 -430305
9810 -430260
9840 -430236
9870 -430236
9900 -430227
9930 -430213
9960 -430190
9990 -430190
10020 -430155
10050 -430077
10080 -430057
10110 -430057
10140 -430057
10170 -429982
10200 -429951
10230 -429948
10260 -429921
10290 -429857
10320 -429848
10350 -429814
10380 -429803
10410 -429795
10440 -429795
10470 -429795
10500 -429738
10530 -429719
10560 -429719
10590 -429702
10620 -429700
10650 -429668
10680 -429647
10710 -429640
10740 -429640
10770 -429615
10800 -429588
10830 -429554
10860 -429424
10890 -429405
10920 -429386
10950 -429382
10980 -429380
11010 -429335
11040 -429307
11070 -429132
11100 -429067
11130 -429058
11160 -429035
11190 -429034
11220 -428998
11250 -428985
11280 -428797
11310 -428790
11340 -428771
11370 -428765
11400 -428720
11430 -428706
11460 -428706
11490 -428676
11520 -428676
11550 -428671
11580 -428653
11610 -428616
11640 -428602
11670 -428602
11700 -428574
11730 -428569
11760 -428510
11790 -428510
11820 -428496
11850 -428496
11880 -428491
11910 -428487
11940 -428486
11970 -428486
12000 -428472
12030 -428450
12060 -428450
12090 -428422
12120 -428390
12150 -428363
12180 -428363
12210 -428302
12240 -428302
12270 -428302
12300 -428291
12330 -428290
12360 -428279
12390 -428279
12420 -428272
12450 -428257
12480 -428242
12510 -428126
12540 -428126
12570 -428126
12600 -428126
12630 -428089
12660 -428089
12690 -428089
12720 -428073
12750 -428073
12780 -428000
12810 -427996
12840 -427992
12870 -427989
12900 -427966
12930 -427943
12960 -427812
12990 -427812
13020 -427792
13050 -427792
13080 -427787
13110 -427749
13140 -427734
13170 -427734
13200 -427734
13230 -427716
13260 -427716
13290 -427660
13320 -427633
13350 -427612
13380 -427612
13410 -427609
13440 -427609
13470 -427609
13500 -427608
13530 -427599
13560 -427560
13590 -427558
13620 -427551
13650 -427548
13680 -427548
13710 -427527
13740 -427527
13770 -427527
13800 -427527
13830 -427518
13860 -427492
13890 -427482
13920 -427459
13950 -427459
13980 -427450
14010 -427416
14040 -427403
14070 -427403
14100 -427337
14130 -427304
14160 -427304
14190 -427131
14220 -427131
14250 -427080
14280 -427080
14310 -427080
14340 -427053
14370 -427020
14400 -426974
14430 -426946
14460 -426935
14490 -426935
14520 -426935
14550 -426903
14580 -426884
14610 -426884
14640 -426864
14670 -426864
14700 -426864
14730 -426864
14760 -426864
14790 -426864
