60 -320440
90 -319882
120 -317704
150 -317455
180 -316560
210 -314911
240 -314084
270 -313700
300 -313568
330 -313369
360 -311852
390 -311240
420 -310266
450 -309982
480 -309298
510 -308428
540 -308323
570 -308174
600 -307560
630 -307239
660 -306758
690 -306497
720 -306153
750 -305930
780 -305633
810 -305359
840 -304851
870 -304752
900 -304688
930 -304283
960 -304113
990 -303649
1020 -303487
1050 -303274
1080 -303262
1110 -302688
1140 -302349
1170 -302229
1200 -302105
1230 -301928
1260 -301820
1290 -301753
1320 -301609
1350 -301480
1380 -301406
1410 -301374
1440 -301155
1470 -301104
1500 -301058
1530 -300856
1560 -300813
1590 -300669
1620 -300553
1650 -300282
1680 -300167
1710 -300143
1740 -300072
1770 -299923
1800 -299888
1830 -299760
1860 -299684
1890 -299638
1920 -299551
1950 -299456
1980 -299340
2010 -299031
2040 -298874
2070 -298717
2100 -298679
2130 -298498
2160 -298362
2190 -298296
2220 -298217
2250 -297897
2280 -297715
2310 -297635
2340 -297549
2370 -297358
2400 -297302
2430 -297236
2460 -297172
2490 -297030
2520 -296997
2550 -296946
2580 -296914
2610 -296809
2640 -296782
2670 -296672
2700 -296625
2730 -296516
2760 -296413
2790 -296341
2820 -296112
2850 -295913
2880 -295847
2910 -295812
2940 -295707
2970 -295673
3000 -295528
3030 -295483
3060 -295328
3090 -295115
3120 -295018
3150 -294943
3180 -294799
3210 -294673
3240 -294516
3270 -294383
3300 -294269
3330 -294118
3360 -294092
3390 -294051
3420 -293921
3450 -293688
3480 -293680
3510 -293676
3540 -293653
3570 -293560
3600 -293528
3630 -293528
3660 -293464
3690 -293399
3720 -293331
3750 -293309
3780 -293183
3810 -293109
3840 -293031
3870 -293027
3900 -293010
3930 -292971
3960 -292906
3990 -292838
4020 -292805
4050 -292750
4080 -292703
4110 -292697
4140 -292696
4170 -292634
4200 -292589
4230 -292498
4260 -292468
4290 -292440
4320 -292375
4350 -292329
4380 -292218
4410 -292211
4440 -292160
4470 -292091
4500 -292083
4530 -292060
4560 -292060
4590 -292035
4620 -292014
4650 -292013
4680 -291811
4710 -291756
4740 -291721
4770 -291655
4800 -291635
4830 -291614
4860 -291546
4890 -291546
4920 -291546
4950 -291399
4980 -291370
5010 -291208
5040 -291202
5070 -291202
5100 -291175
5130 -291175
5160 -291079
5190 -290931
5220 -290917
5250 -290917
5280 -290866
5310 -290731
5340 -290657
5370 -290568
5400 -290525
5430 -290523
5460 -290474
5490 -290372
5520 -290358
5550 -290276
5580 -290237
5610 -290234
5640 -290227
5670 -290204
5700 -290202
5730 -290194
5760 -290181
5790 -290079
5820 -290033
5850 -290011
5880 -289945
5910 -289906
5940 -289861
5970 -289847
6000 -289800
6030 -289774
6060 -289756
6090 -289722
6120 -289635
6150 -289605
6180 -289466
6210 -289438
6240 -289402
6270 -289377
6300 -289366
6330 -289322
6360 -289276
6390 -289208
6420 -289124
6450 -289053
6480 -289032
6510 -288865
6540 -288846
6570 -288825
6600 -288796
6630 -288679
6660 -288679
6690 -288676
6720 -288343
6750 -288299
6780 -288280
6810 -288120
6840 -288103
6870 -288096
6900 -288085
6930 -287977
6960 -287899
6990 -287884
7020 -287833
7050 -287801
7080 -287797
7110 -287785
7140 -287745
7170 -287743
7200 -287677
7230 -287677
7260 -287653
7290 -287649
7320 -287644
7350 -287634
7380 -287597
7410 -287594
7440 -287531
7470 -287517
7500 -287476
7530 -287463
7560 -287436
7590 -287402
7620 -287400
7650 -287395
7680 -287234
7710 -287234
7740 -287190
7770 -287185
7800 -287167
7830 -287159
7860 -287128
7890 -287079
7920 -287041
7950 -286927
7980 -286927
8010 -286908
8040 -286866
8070 -286866
8100 -286860
8130 -286858
8160 -286855
8190 -286805
8220 -286799
8250 -286770
8280 -286700
8310 -286670
8340 -286659
8370 -286532
8400 -286446
8430 -286406
8460 -286363
8490 -286343
8520 -286273
8550 -286270
8580 -286270
8610 -286249
8640 -286249
8670 -286204
8700 -286158
8730 -286082
8760 -286075
8790 -286074
8820 -286041
8850 -286027
8880 -286014
8910 -285995
8940 -285980
8970 -285976
9000 -285901
9030 -285882
9060 -285869
9090 -285838
9120 -285824
9150 -285764
9180 -285720
9210 -285714
9240 -285696
9270 -285687
9300 -285610
9330 -285599
9360 -285568
9390 -285530
9420 -285526
9450 -285511
9480 -285498
9510 -285476
9540 -285474
9570 -285440
9600 -285440
9630 -285427
9660 -285417
9690 -285355
9720 -285312
9750 -285300
9780 -285290
9810 -285201
9840 -285169
9870 -285115
9900 -285110
9930 -285036
9960 -284963
9990 -284946
10020 -284842
10050 -284776
10080 -284742
10110 -284717
10140 -284659
10170 -284644
10200 -284594
10230 -284556
10260 -284550
10290 -284549
10320 -284507
10350 -284504
10380 -284433
10410 -284421
10440 -284407
10470 -284378
10500 -284378
10530 -284262
10560 -284232
10590 -284230
10620 -284228
10650 -284228
10680 -284144
10710 -284125
10740 -284101
10770 -284088
10800 -284073
10830 -284049
10860 -284028
10890 -284001
10920 -283978
10950 -283962
10980 -283962
11010 -283956
11040 -283875
11070 -283872
11100 -283845
11130 -283829
11160 -283813
11190 -283732
11220 -283717
11250 -283619
11280 -283596
11310 -283594
11340 -283587
11370 -283548
11400 -283521
11430 -283514
11460 -283509
11490 -283497
11520 -283491
11550 -283483
11580 -283453
11610 -283451
11640 -283443
11670 -283419
11700 -283392
11730 -283389
11760 -283388
11790 -283375
11820 -283359
11850 -283328
11880 -283254
11910 -283239
11940 -283218
11970 -283218
12000 -283109
12030 -283107
12060 -283100
12090 -283087
12120 -283078
12150 -283054
12180 -283040
12210 -283033
12240 -282999
12270 -282820
12300 -282820
12330 -282816
12360 -282814
12390 -282797
12420 -282782
12450 -282782
12480 -282775
12510 -282765
12540 -282719
12570 -282714
12600 -282712
12630 -282708
12660 -282708
12690 -282644
12720 -282631
12750 -282627
12780 -282573
12810 -282569
12840 -282566
12870 -282557
12900 -282529
12930 -282521
12960 -282520
12990 -282518
13020 -282507
13050 -282379
13080 -282379
13110 -282377
13140 -282362
13170 -282346
13200 -282337
13230 -282330
13260 -282330
13290 -282325
13320 -282281
13350 -282279
13380 -282273
13410 -282265
13440 -282258
13470 -282244
13500 -282222
13530 -282207
13560 -282166
13590 -282139
13620 -282125
13650 -282102
13680 -282072
13710 -282033
13740 -282004
13770 -281975
13800 -281949
13830 -281943
13860 -281940
13890 -281904
13920 -281879
13950 -281868
13980 -281832
14010 -281813
14040 -281810
14070 -281803
14100 -281798
14130 -281775
14160 -281760
14190 -281735
14220 -281698
14250 -281698
14280 -281696
14310 -281674
14340 -281614
14370 -281597
14400 -281584
14430 -281483
14460 -281482
14490 -281440
14520 -281440
14550 -281420
14580 -281404
14610 -281395
14640 -281370
14670 -281366
14700 -281327
14730 -281323
14760 -281313
14790 -281310
14820 -281309
14850 -281307
14880 -281296
14910 -281296
14940 -281290
14970 -281289
15000 -281286
15030 -281232
15060 -281215
15090 -281188
15120 -281150
15150 -281080
15180 -281049
15210 -281049
15240 -281034
15270 -281027
15300 -281027
15330 -281026
15360 -281009
15390 -280985
15420 -280972
15450 -280926
15480 -280888
15510 -280876
15540 -280874
15570 -280843
15600 -280802
15630 -280800
15660 -280800
15690 -280798
15720 -280745
15750 -280738
15780 -280722
15810 -280699
15840 -280686
15870 -280651
15900 -280651
15930 -280577
15960 -280570
15990 -280570
16020 -280555
16050 -280549
16080 -280538
16110 -280530
16140 -280507
16170 -280507
16200 -280492
16230 -280471
16260 -280461
16290 -280453
16320 -280453
16350 -280452
16380 -280446
16410 -280410
16440 -280390
16470 -280382
16500 -280379
16530 -280335
16560 -280335
16590 -280300
16620 -280262
16650 -280235
16680 -280216
16710 -280214
16740 -280204
16770 -280196
16800 -280195
16830 -280195
16860 -280177
16890 -280164
16920 -280149
16950 -280149
16980 -280136
17010 -280128
17040 -280124
17070 -280122
17100 -280116
17130 -280096
17160 -280079
17190 -280062
17220 -280060
17250 -280041
17280 -280034
17310 -279958
17340 -279948
17370 -279948
17400 -279915
17430 -279908
17460 -279900
17490 -279896
17520 -279886
17550 -279876
17580 -279861
17610 -279855
17640 -279830
17670 -279824
17700 -279803
17730 -279799
17760 -279795
17790 -279792
17820 -279764
17850 -279753
17880 -279747
17910 -279747
17940 -279716
17970 -279715
18000 -279702
18030 -279702
18060 -279702
18090 -279696
18120 -279674
18150 -279666
18180 -279660
18210 -279658
18240 -279637
18270 -279606
18300 -279594
18330 -279588
18360 -279565
18390 -279565
18420 -279528
18450 -279519
18480 -279513
18510 -279494
18540 -279485
18570 -279478
18600 -279464
18630 -279456
18660 -279434
18690 -279434
18720 -279426
18750 -279410
18780 -279381
18810 -279310
18840 -279304
18870 -279290
18900 -279290
18930 -279239
18960 -279234
18990 -279191
19020 -279158
19050 -279158
19080 -279122
19110 -279097
19140 -279089
19170 -279054
19200 -279047
19230 -279033
19260 -279015
19290 -279013
19320 -279013
19350 -279009
19380 -279009
19410 -279002
19440 -279002
19470 -278994
19500 -278954
19530 -278954
19560 -278942
19590 -278939
19620 -278869
19650 -278860
19680 -278856
19710 -278810
19740 -278804
19770 -278788
19800 -278786
19830 -278767
19860 -278734
19890 -278734
19920 -278731
19950 -278720
19980 -278704
20010 -278674
20040 -278664
20070 -278655
20100 -278648
20130 -278632
20160 -278622
20190 -278604
20220 -278600
20250 -278600
20280 -278586
20310 -278586
20340 -278586
20370 -278573
20400 -278571
20430 -278562
20460 -278562
20490 -278562
20520 -278562
20550 -278562
20580 -278554
20610 -278541
20640 -278524
20670 -278506
20700 -278480
20730 -278470
20760 -278469
20790 -278441
20820 -278438
20850 -278438
20880 -278419
20910 -278399
20940 -278390
20970 -278388
21000 -278387
21030 -278387
21060 -278375
21090 -278364
21120 -278354
21150 -278349
21180 -278336
21210 -278329
21240 -278318
21270 -278303
21300 -278284
21330 -278284
21360 -278266
21390 -278222
21420 -278210
21450 -278190
21480 -278186
21510 -278176
21540 -278156
21570 -278155
21600 -278121
21630 -278068
21660 -278047
21690 -278021
21720 -278021
21750 -278021
21780 -278021
21810 -277994
21840 -277981
21870 -277981
21900 -277965
21930 -277965
21960 -277963
21990 -277936
22020 -277936
22050 -277931
22080 -277921
22110 -277921
22140 -277921
22170 -277909
22200 -277892
22230 -277887
22260 -277821
22290 -277804
22320 -277793
22350 -277793
22380 -277780
22410 -277754
22440 -277746
22470 -277745
22500 -277706
22530 -277683
22560 -277677
22590 -277677
22620 -277675
22650 -277656
22680 -277656
22710 -277654
22740 -277654
22770 -277610
22800 -277586
22830 -277576
22860 -277476
22890 -277476
22920 -277469
22950 -277469
22980 -277460
23010 -277453
23040 -277449
23070 -277449
23100 -277426
23130 -277415
23160 -277405
23190 -277402
23220 -277402
23250 -277389
23280 -277385
23310 -277332
23340 -277327
23370 -277314
23400 -277311
23430 -277292
23460 -277271
23490 -277262
23520 -277221
23550 -277183
23580 -277144
23610 -277136
23640 -277134
23670 -277131
23700 -277127
23730 -277109
23760 -277073
23790 -277071
23820 -277046
23850 -277027
23880 -277015
23910 -277012
23940 -277012
23970 -276989
24000 -276988
24030 -276982
24060 -276982
24090 -276981
24120 -276981
24150 -276977
24180 -276972
24210 -276961
24240 -276961
24270 -276955
24300 -276955
24330 -276942
24360 -276928
24390 -276928
24420 -276917
24450 -276891
24480 -276879
24510 -276837
24540 -276830
24570 -276809
24600 -276809
24630 -276803
24660 -276796
24690 -276796
24720 -276794
24750 -276792
24780 -276792
24810 -276784
24840 -276781
24870 -276781
24900 -276777
24930 -276768
24960 -276755
24990 -276725
25020 -276702
25050 -276702
25080 -276702
25110 -276700
25140 -276694
25170 -276679
25200 -276655
25230 -276655
25260 -276655
25290 -276623
25320 -276618
25350 -276600
25380 -276600
25410 -276566
25440 -276541
25470 -276540
25500 -276540
25530 -276534
25560 -276534
25590 -276530
25620 -276530
25650 -276517
25680 -276511
25710 -276504
25740 -276502
25770 -276502
25800 -276502
25830 -276502
25860 -276498
25890 -276488
25920 -276488
25950 -276476
25980 -276476
26010 -276474
26040 -276464
26070 -276447
26100 -276432
26130 -276428
26160 -276405
26190 -276394
26220 -276393
26250 -276392
26280 -276389
26310 -276375
26340 -276293
26370 -276293
26400 -276292
26430 -276256
26460 -276256
26490 -276202
26520 -276200
26550 -276200
26580 -276199
26610 -276180
26640 -276179
26670 -276173
26700 -276173
26730 -276151
26760 -276151
26790 -276151
26820 -276139
26850 -276139
26880 -276136
26910 -276134
26940 -276128
26970 -276103
27000 -276093
27030 -276076
27060 -276076
27090 -276042
27120 -276040
27150 -276037
27180 -276027
27210 -276018
27240 -276014
27270 -276001
27300 -275961
27330 -275943
27360 -275943
27390 -275923
27420 -275903
27450 -275900
27480 -275893
27510 -275892
27540 -275891
27570 -275878
27600 -275870
27630 -275867
27660 -275861
27690 -275857
27720 -275855
27750 -275836
27780 -275823
27810 -275820
27840 -275790
27870 -275774
27900 -275771
27930 -275741
27960 -275733
27990 -275669
28020 -275669
28050 -275666
28080 -275640
28110 -275638
28140 -275638
28170 -275637
28200 -275619
28230 -275614
28260 -275603
28290 -275595
28320 -275586
28350 -275581
28380 -275564
28410 -275557
28440 -275548
28470 -275534
28500 -275532
28530 -275522
28560 -275522
28590 -275485
28620 -275474
28650 -275458
28680 -275440
28710 -275440
28740 -275435
28770 -275426
28800 -275424
28830 -275404
28860 -275387
28890 -275366
28920 -275366
28950 -275361
28980 -275336
29010 -275335
29040 -275335
29070 -275322
29100 -275321
29130 -275321
29160 -275321
29190 -275321
29220 -275319
29250 -275316
29280 -275315
29310 -275311
29340 -275311
29370 -275308
29400 -275300
29430 -275300
29460 -275279
29490 -275270
29520 -275261
29550 -275254
29580 -275254
29610 -275252
29640 -275250
29670 -275241
29700 -275240
29730 -275224
29760 -275202
29790 -275183
29820 -275182
29850 -275182
29880 -275182
29910 -275162
29940 -275088
29970 -275087
30000 -275083
30030 -275069
30060 -275052
30090 -275052
30120 -275040
30150 -275038
30180 -275023
30210 -275011
30240 -274967
30270 -274963
30300 -274963
30330 -274959
30360 -274959
30390 -274959
30420 -274953
30450 -274950
30480 -274922
30510 -274920
30540 -274915
30570 -274892
30600 -274877
30630 -274855
30660 -274832
30690 -274825
30720 -274825
30750 -274807
30780 -274805
30810 -274804
30840 -274803
30870 -274802
30900 -274797
30930 -274794
30960 -274770
30990 -274769
31020 -274769
31050 -274767
31080 -274758
31110 -274755
31140 -274755
31170 -274740
31200 -274733
31230 -274724
31260 -274718
31290 -274712
31320 -274710
31350 -274710
31380 -274691
31410 -274691
31440 -274686
31470 -274686
31500 -274673
31530 -274673
31560 -274656
31590 -274656
31620 -274643
31650 -274643
31680 -274632
31710 -274611
31740 -274611
31770 -274610
31800 -274603
31830 -274600
31860 -274600
31890 -274600
31920 -274573
31950 -274555
31980 -274555
32010 -274555
32040 -274555
32070 -274553
32100 -274553
32130 -274551
32160 -274551
32190 -274530
32220 -274530
32250 -274524
32280 -274478
32310 -274477
32340 -274477
32370 -274470
32400 -274465
32430 -274450
32460 -274445
32490 -274444
32520 -274444
32550 -274444
32580 -274444
32610 -274440
32640 -274423
32670 -274421
32700 -274421
32730 -274414
32760 -274398
32790 -274391
32820 -274391
32850 -274386
32880 -274385
32910 -274379
32940 -274371
32970 -274371
33000 -274351
33030 -274346
33060 -274346
33090 -274346
33120 -274341
33150 -274327
33180 -274327
33210 -274318
33240 -274312
33270 -274293
33300 -274284
33330 -274283
33360 -274266
33390 -274253
33420 -274215
33450 -274211
33480 -274143
33510 -274143
33540 -274131
33570 -274123
33600 -274120
33630 -274120
33660 -274119
33690 -274118
33720 -274118
33750 -274108
33780 -274105
33810 -274105
33840 -274095
33870 -274053
33900 -274029
33930 -274016
33960 -273988
33990 -273985
34020 -273981
34050 -273972
34080 -273942
34110 -273942
34140 -273941
34170 -273928
34200 -273928
34230 -273922
34260 -273922
34290 -273922
34320 -273917
34350 -273913
34380 -273912
34410 -273910
34440 -273910
34470 -273900
34500 -273891
34530 -273891
34560 -273883
34590 -273880
34620 -273863
34650 -273863
34680 -273863
34710 -273860
34740 -273860
34770 -273853
34800 -273850
34830 -273850
34860 -273847
34890 -273847
34920 -273818
34950 -273812
34980 -273808
35010 -273801
35040 -273787
35070 -273784
35100 -273781
35130 -273777
35160 -273777
35190 -273771
35220 -273771
35250 -273761
35280 -273752
35310 -273749
35340 -273748
35370 -273748
35400 -273747
35430 -273740
35460 -273730
35490 -273730
35520 -273730
35550 -273728
35580 -273724
35610 -273723
35640 -273723
35670 -273698
35700 -273698
35730 -273688
35760 -273688
35790 -273688
35820 -273688
35850 -273688
35880 -273688
35910 -273688
35940 -273688
35970 -273638
36000 -273621
36030 -273600
36060 -273599
36090 -273589
36120 -273589
36150 -273589
36180 -273589
36210 -273558
36240 -273558
36270 -273516
36300 -273511
36330 -273511
36360 -273511
36390 -273511
36420 -273503
36450 -273503
36480 -273501
36510 -273488
36540 -273488
36570 -273483
36600 -273470
36630 -273467
36660 -273466
36690 -273463
36720 -273463
36750 -273458
36780 -273458
36810 -273452
36840 -273449
36870 -273446
36900 -273443
36930 -273438
36960 -273436
36990 -273421
37020 -273409
37050 -273402
37080 -273399
37110 -273396
37140 -273392
37170 -273392
37200 -273377
37230 -273377
37260 -273377
37290 -273377
37320 -273377
37350 -273370
37380 -273362
37410 -273362
37440 -273361
37470 -273361
37500 -273356
37530 -273348
37560 -273344
37590 -273333
37620 -273319
37650 -273319
37680 -273312
37710 -273312
37740 -273312
37770 -273311
37800 -273311
37830 -273248
37860 -273240
37890 -273238
37920 -273226
37950 -273199
37980 -273199
38010 -273199
38040 -273199
38070 -273194
38100 -273194
38130 -273184
38160 -273179
38190 -273176
38220 -273176
38250 -273176
38280 -273176
38310 -273176
38340 -273174
38370 -273173
38400 -273172
38430 -273164
38460 -273164
38490 -273156
38520 -273156
38550 -273156
38580 -273156
38610 -273155
38640 -273133
38670 -273132
38700 -273131
38730 -273130
38760 -273125
38790 -273125
38820 -273125
38850 -273120
38880 -273109
38910 -273109
38940 -273081
38970 -273081
39000 -273069
39030 -273059
39060 -273053
39090 -273051
39120 -273043
39150 -273043
39180 -273043
39210 -273031
39240 -273026
39270 -273026
39300 -273026
39330 -273026
39360 -273026
39390 -273019
39420 -273019
39450 -273005
39480 -272989
39510 -272988
39540 -272977
39570 -272969
39600 -272969
39630 -272953
39660 -272953
39690 -272952
39720 -272950
39750 -272941
39780 -272932
39810 -272919
39840 -272919
39870 -272919
39900 -272919
39930 -272900
39960 -272900
39990 -272900
40020 -272871
40050 -272871
40080 -272866
40110 -272859
40140 -272859
40170 -272857
40200 -272844
40230 -272833
40260 -272824
40290 -272823
40320 -272823
40350 -272808
40380 -272800
40410 -272800
40440 -272800
40470 -272798
40500 -272798
40530 -272788
40560 -272786
40590 -272782
40620 -272778
40650 -272741
40680 -272739
40710 -272710
40740 -272706
40770 -272706
40800 -272702
40830 -272699
40860 -272699
40890 -272677
40920 -272674
40950 -272674
40980 -272674
41010 -272674
41040 -272674
41070 -272674
41100 -272674
41130 -272662
41160 -272662
41190 -272662
41220 -272662
41250 -272662
41280 -272659
41310 -272659
41340 -272659
41370 -272659
41400 -272616
41430 -272616
41460 -272616
41490 -272616
41520 -272600
41550 -272600
41580 -272599
41610 -272599
41640 -272595
41670 -272595
41700 -272593
41730 -272593
41760 -272593
41790 -272593
41820 -272590
41850 -272584
41880 -272584
41910 -272584
41940 -272582
41970 -272578
42000 -272571
42030 -272571
42060 -272570
42090 -272565
42120 -272565
42150 -272559
42180 -272559
42210 -272558
42240 -272548
42270 -272546
42300 -272546
42330 -272546
42360 -272546
42390 -272520
42420 -272520
42450 -272520
42480 -272503
42510 -272499
42540 -272482
42570 -272482
42600 -272482
42630 -272481
42660 -272471
42690 -272471
42720 -272450
42750 -272450
42780 -272446
42810 -272440
42840 -272440
42870 -272431
42900 -272431
42930 -272431
42960 -272431
42990 -272402
43020 -272402
43050 -272402
43080 -272386
43110 -272378
43140 -272376
43170 -272374
43200 -272374
43230 -272373
43260 -272373
43290 -272373
43320 -272366
43350 -272349
43380 -272333
43410 -272325
43440 -272281
43470 -272281
43500 -272277
43530 -272277
43560 -272274
43590 -272274
43620 -272266
43650 -272258
43680 -272257
43710 -272257
43740 -272256
43770 -272240
43800 -272218
43830 -272216
43860 -272213
43890 -272210
43920 -272210
43950 -272198
43980 -272168
44010 -272168
44040 -272164
44070 -272160
44100 -272158
44130 -272158
44160 -272149
44190 -272118
44220 -272062
44250 -272060
44280 -272060
44310 -272060
44340 -272060
44370 -272059
44400 -272059
44430 -272059
44460 -272058
44490 -272058
44520 -272054
44550 -272054
44580 -272039
44610 -272038
44640 -272032
44670 -272029
44700 -272000
44730 -271996
44760 -271991
44790 -271991
44820 -271989
44850 -271984
44880 -271984
44910 -271974
44940 -271932
44970 -271932
45000 -271927
45030 -271919
45060 -271919
45090 -271918
45120 -271918
45150 -271918
45180 -271918
45210 -271905
45240 -271898
45270 -271898
45300 -271898
45330 -271897
45360 -271897
45390 -271897
45420 -271890
45450 -271887
45480 -271880
45510 -271880
45540 -271867
45570 -271861
45600 -271861
45630 -271839
45660 -271835
45690 -271835
45720 -271833
45750 -271831
45780 -271830
45810 -271818
45840 -271807
45870 -271807
45900 -271807
45930 -271801
45960 -271769
45990 -271768
46020 -271768
46050 -271715
46080 -271715
46110 -271708
46140 -271692
46170 -271687
46200 -271687
46230 -271674
46260 -271672
46290 -271657
46320 -271657
46350 -271656
46380 -271650
46410 -271632
46440 -271632
46470 -271628
46500 -271628
46530 -271625
46560 -271623
46590 -271623
46620 -271623
46650 -271620
46680 -271617
46710 -271609
46740 -271606
46770 -271605
46800 -271605
46830 -271596
46860 -271590
46890 -271588
46920 -271587
46950 -271587
46980 -271587
47010 -271582
47040 -271570
47070 -271560
47100 -271560
47130 -271560
47160 -271560
47190 -271560
47220 -271560
47250 -271560
47280 -271560
47310 -271560
47340 -271555
47370 -271534
47400 -271521
47430 -271516
47460 -271511
47490 -271510
47520 -271510
47550 -271510
47580 -271510
47610 -271510
47640 -271510
47670 -271509
47700 -271504
47730 -271501
47760 -271497
47790 -271497
47820 -271497
47850 -271462
47880 -271460
47910 -271452
47940 -271452
47970 -271452
48000 -271452
48030 -271434
48060 -271378
48090 -271371
48120 -271370
48150 -271363
48180 -271358
48210 -271353
48240 -271351
48270 -271345
48300 -271345
48330 -271338
48360 -271329
48390 -271329
48420 -271329
48450 -271328
48480 -271326
48510 -271316
48540 -271316
48570 -271310
48600 -271310
48630 -271310
48660 -271291
48690 -271287
48720 -271278
48750 -271250
48780 -271248
48810 -271245
48840 -271244
48870 -271242
48900 -271242
48930 -271240
48960 -271219
48990 -271219
49020 -271183
49050 -271178
49080 -271173
49110 -271173
49140 -271173
49170 -271172
49200 -271162
49230 -271152
49260 -271152
49290 -271148
49320 -271146
49350 -271144
49380 -271135
49410 -271135
49440 -271129
49470 -271129
49500 -271129
49530 -271129
49560 -271126
49590 -271126
49620 -271120
49650 -271120
49680 -271120
49710 -271120
49740 -271118
49770 -271114
49800 -271113
49830 -271103
49860 -271103
49890 -271103
49920 -271103
49950 -271066
49980 -271066
50010 -271046
50040 -271046
50070 -271045
50100 -271045
50130 -271045
50160 -271036
50190 -271026
50220 -271019
50250 -271018
50280 -271012
50310 -271012
50340 -271012
50370 -271012
50400 -271009
50430 -271009
50460 -270972
50490 -270972
50520 -270971
50550 -270971
50580 -270971
50610 -270971
50640 -270966
50670 -270947
50700 -270940
50730 -270940
50760 -270940
50790 -270940
50820 -270934
50850 -270934
50880 -270934
50910 -270934
50940 -270932
50970 -270927
51000 -270925
51030 -270922
51060 -270922
51090 -270922
51120 -270909
51150 -270909
51180 -270909
51210 -270909
51240 -270902
51270 -270902
51300 -270902
51330 -270897
51360 -270896
51390 -270876
51420 -270876
51450 -270873
51480 -270870
51510 -270870
51540 -270857
51570 -270836
51600 -270799
51630 -270799
51660 -270769
51690 -270768
51720 -270761
51750 -270761
51780 -270761
51810 -270751
51840 -270751
51870 -270748
51900 -270748
51930 -270738
51960 -270731
51990 -270731
52020 -270698
52050 -270691
52080 -270685
52110 -270681
52140 -270680
52170 -270675
52200 -270675
52230 -270673
52260 -270673
52290 -270666
52320 -270663
52350 -270663
52380 -270663
52410 -270662
52440 -270661
52470 -270651
52500 -270650
52530 -270650
52560 -270650
52590 -270640
52620 -270640
52650 -270637
52680 -270618
52710 -270618
52740 -270618
52770 -270614
52800 -270614
52830 -270613
52860 -270613
52890 -270610
52920 -270609
52950 -270606
52980 -270606
53010 -270603
53040 -270597
53070 -270588
53100 -270588
53130 -270588
53160 -270580
53190 -270571
53220 -270552
53250 -270538
53280 -270536
53310 -270529
53340 -270529
53370 -270524
53400 -270523
53430 -270514
53460 -270476
53490 -270475
53520 -270475
53550 -270460
53580 -270460
53610 -270446
53640 -270446
53670 -270445
53700 -270440
53730 -270427
53760 -270427
53790 -270425
53820 -270425
53850 -270419
53880 -270419
53910 -270413
53940 -270411
53970 -270405
54000 -270396
54030 -270395
54060 -270387
54090 -270386
54120 -270378
54150 -270359
54180 -270359
54210 -270359
54240 -270359
54270 -270342
54300 -270342
54330 -270338
54360 -270332
54390 -270332
54420 -270330
54450 -270330
54480 -270330
54510 -270330
54540 -270330
54570 -270330
54600 -270329
54630 -270329
54660 -270313
54690 -270313
54720 -270298
54750 -270292
54780 -270292
54810 -270292
54840 -270281
54870 -270257
54900 -270248
54930 -270248
54960 -270240
54990 -270234
55020 -270234
55050 -270234
55080 -270231
55110 -270224
55140 -270224
55170 -270224
55200 -270219
55230 -270217
55260 -270203
55290 -270194
55320 -270188
55350 -270188
55380 -270188
55410 -270187
55440 -270187
55470 -270184
55500 -270183
55530 -270183
55560 -270182
55590 -270168
55620 -270168
55650 -270165
55680 -270150
55710 -270146
55740 -270146
55770 -270145
55800 -270132
55830 -270128
55860 -270118
55890 -270116
55920 -270106
55950 -270104
55980 -270104
56010 -270104
56040 -270100
56070 -270097
56100 -270097
56130 -270078
56160 -270078
56190 -270067
56220 -270039
56250 -270039
56280 -270020
56310 -270020
56340 -270020
56370 -270020
56400 -270018
56430 -270014
56460 -270014
56490 -270014
56520 -270014
56550 -269961
56580 -269956
56610 -269956
56640 -269956
56670 -269956
56700 -269954
56730 -269954
56760 -269947
56790 -269938
56820 -269938
56850 -269917
56880 -269917
56910 -269906
56940 -269906
56970 -269904
57000 -269900
57030 -269890
57060 -269836
57090 -269832
57120 -269826
57150 -269826
57180 -269826
57210 -269824
57240 -269768
57270 -269766
57300 -269749
57330 -269749
57360 -269746
57390 -269744
57420 -269743
57450 -269743
57480 -269743
57510 -269743
57540 -269702
57570 -269702
57600 -269702
57630 -269700
57660 -269682
57690 -269682
57720 -269682
57750 -269661
57780 -269660
57810 -269660
57840 -269660
57870 -269657
57900 -269657
57930 -269650
57960 -269645
57990 -269645
58020 -269645
58050 -269645
58080 -269644
58110 -269640
58140 -269640
58170 -269640
58200 -269640
58230 -269633
58260 -269633
58290 -269633
58320 -269626
58350 -269612
58380 -269609
58410 -269607
58440 -269607
58470 -269607
58500 -269604
58530 -269601
58560 -269588
58590 -269588
58620 -269588
58650 -269588
58680 -269577
58710 -269577
58740 -269577
58770 -269577
58800 -269576
58830 -269575
58860 -269570
58890 -269569
58920 -269557
58950 -269551
58980 -269551
59010 -269551
59040 -269546
59070 -269546
59100 -269546
59130 -269520
59160 -269520
59190 -269520
59220 -269515
59250 -269511
59280 -269511
59310 -269511
59340 -269502
59370 -269481
59400 -269462
59430 -269462
59460 -269462
59490 -269462
59520 -269456
59550 -269454
59580 -269454
59610 -269454
59640 -269454
59670 -269449
59700 -269444
59730 -269437
59760 -269437
59790 -269416
59820 -269412
59850 -269412
59880 -269412
59910 -269408
59940 -269408
59970 -269408
60000 -269405
60030 -269405
60060 -269401
60090 -269400
60120 -269400
60150 -269400
60180 -269400
60210 -269398
60240 -269373
60270 -269368
60300 -269368
60330 -269368
60360 -269368
60390 -269368
60420 -269305
60450 -269304
60480 -269304
60510 -269304
60540 -269300
60570 -269300
60600 -269300
60630 -269299
60660 -269292
60690 -269292
60720 -269286
60750 -269285
60780 -269283
60810 -269246
60840 -269244
60870 -269232
60900 -269232
60930 -269232
60960 -269232
60990 -269232
61020 -269232
61050 -269229
61080 -269229
61110 -269205
61140 -269205
61170 -269205
61200 -269205
61230 -269205
61260 -269205
61290 -269205
61320 -269205
61350 -269195
61380 -269195
61410 -269189
61440 -269189
61470 -269189
61500 -269188
61530 -269187
61560 -269185
61590 -269184
61620 -269184
61650 -269175
61680 -269175
61710 -269161
61740 -269159
61770 -269159
61800 -269159
61830 -269142
61860 -269142
61890 -269142
61920 -269139
61950 -269139
61980 -269136
62010 -269135
62040 -269135
62070 -269135
62100 -269135
62130 -269135
62160 -269133
62190 -269128
62220 -269127
62250 -269126
62280 -269126
62310 -269117
62340 -269085
62370 -269084
62400 -269084
62430 -269084
62460 -269050
62490 -269048
62520 -269048
62550 -269048
62580 -269048
62610 -269045
62640 -269045
62670 -269045
62700 -269037
62730 -269037
62760 -269037
62790 -269036
62820 -269036
62850 -269035
62880 -269026
62910 -269020
62940 -269018
62970 -269018
63000 -269017
63030 -269009
63060 -269005
63090 -268998
63120 -268995
63150 -268992
63180 -268986
63210 -268982
63240 -268982
63270 -268982
63300 -268981
63330 -268979
63360 -268976
63390 -268951
63420 -268951
63450 -268951
63480 -268948
63510 -268941
63540 -268935
63570 -268901
63600 -268896
63630 -268896
63660 -268883
63690 -268883
63720 -268871
63750 -268865
63780 -268838
63810 -268822
63840 -268822
63870 -268795
63900 -268788
63930 -268782
63960 -268782
63990 -268781
64020 -268780
64050 -268780
64080 -268780
64110 -268779
64140 -268779
64170 -268778
64200 -268778
64230 -268775
64260 -268772
64290 -268761
64320 -268753
64350 -268752
64380 -268749
64410 -268749
64440 -268749
64470 -268747
64500 -268743
64530 -268743
64560 -268743
64590 -268743
64620 -268742
64650 -268742
64680 -268741
64710 -268740
64740 -268740
64770 -268736
64800 -268736
64830 -268736
64860 -268686
64890 -268686
64920 -268683
64950 -268680
64980 -268670
65010 -268665
65040 -268632
65070 -268632
65100 -268632
65130 -268630
65160 -268630
65190 -268630
65220 -268630
65250 -268629
65280 -268629
65310 -268629
65340 -268629
65370 -268616
65400 -268608
65430 -268594
65460 -268574
65490 -268574
65520 -268574
65550 -268562
65580 -268559
65610 -268551
65640 -268551
65670 -268551
65700 -268548
65730 -268548
65760 -268548
65790 -268547
65820 -268544
65850 -268544
65880 -268544
65910 -268543
65940 -268542
65970 -268541
66000 -268540
66030 -268540
66060 -268539
66090 -268538
66120 -268538
66150 -268538
66180 -268516
66210 -268510
66240 -268510
66270 -268500
66300 -268497
66330 -268497
66360 -268497
66390 -268497
66420 -268497
66450 -268496
66480 -268496
66510 -268471
66540 -268466
66570 -268464
66600 -268464
66630 -268464
66660 -268464
66690 -268464
66720 -268464
66750 -268464
66780 -268460
66810 -268450
66840 -268450
66870 -268444
66900 -268443
66930 -268437
66960 -268437
66990 -268437
67020 -268437
67050 -268436
67080 -268436
67110 -268436
67140 -268431
67170 -268431
67200 -268431
67230 -268426
67260 -268426
67290 -268426
67320 -268426
67350 -268411
67380 -268411
67410 -268411
67440 -268411
67470 -268409
67500 -268401
67530 -268387
67560 -268384
67590 -268384
67620 -268367
67650 -268367
67680 -268367
67710 -268367
67740 -268367
67770 -268362
67800 -268362
67830 -268362
67860 -268356
67890 -268349
67920 -268338
67950 -268338
67980 -268327
68010 -268318
68040 -268318
68070 -268297
68100 -268297
68130 -268264
68160 -268264
68190 -268262
68220 -268260
68250 -268260
68280 -268255
68310 -268246
68340 -268246
68370 -268245
68400 -268232
68430 -268232
68460 -268230
68490 -268230
68520 -268230
68550 -268230
68580 -268193
68610 -268188
68640 -268187
68670 -268185
68700 -268184
68730 -268183
68760 -268183
68790 -268181
68820 -268178
68850 -268177
68880 -268177
68910 -268177
68940 -268177
68970 -268177
69000 -268177
69030 -268171
69060 -268165
69090 -268162
69120 -268150
69150 -268142
69180 -268140
69210 -268140
69240 -268139
69270 -268130
69300 -268130
69330 -268119
69360 -268115
69390 -268098
69420 -268091
69450 -268091
69480 -268078
69510 -268078
69540 -268078
69570 -268076
69600 -268076
69630 -268076
69660 -268073
69690 -268047
69720 -268040
69750 -268006
69780 -268003
69810 -268003
69840 -268001
69870 -267991
69900 -267991
69930 -267979
69960 -267972
69990 -267946
70020 -267944
70050 -267944
70080 -267944
70110 -267925
70140 -267909
70170 -267909
70200 -267906
70230 -267906
70260 -267906
70290 -267904
70320 -267900
70350 -267900
70380 -267892
70410 -267888
70440 -267884
70470 -267881
70500 -267881
70530 -267881
70560 -267881
70590 -267872
70620 -267872
70650 -267872
70680 -267864
70710 -267864
70740 -267854
70770 -267830
70800 -267826
70830 -267825
70860 -267823
70890 -267822
70920 -267822
70950 -267822
70980 -267822
71010 -267814
71040 -267811
71070 -267810
71100 -267810
71130 -267804
71160 -267804
71190 -267804
71220 -267800
71250 -267800
71280 -267800
71310 -267799
71340 -267788
71370 -267776
71400 -267776
71430 -267776
71460 -267775
71490 -267773
71520 -267772
71550 -267772
71580 -267771
71610 -267771
71640 -267760
71670 -267760
71700 -267748
71730 -267737
71760 -267735
71790 -267734
71820 -267722
71850 -267719
71880 -267719
71910 -267712
71940 -267711
71970 -267709
72000 -267707
72030 -267705
72060 -267705
72090 -267704
72120 -267703
72150 -267703
72180 -267703
72210 -267701
72240 -267701
72270 -267701
72300 -267701
72330 -267696
72360 -267688
72390 -267688
72420 -267688
72450 -267686
72480 -267672
72510 -267648
72540 -267646
72570 -267642
72600 -267638
72630 -267637
72660 -267636
72690 -267635
72720 -267635
72750 -267635
72780 -267633
72810 -267632
72840 -267632
72870 -267631
72900 -267630
72930 -267629
72960 -267627
72990 -267627
73020 -267615
73050 -267615
73080 -267613
73110 -267613
73140 -267613
73170 -267612
73200 -267612
73230 -267606
73260 -267606
73290 -267605
73320 -267605
73350 -267565
73380 -267565
73410 -267565
73440 -267560
73470 -267559
73500 -267554
73530 -267554
73560 -267548
73590 -267548
73620 -267547
73650 -267546
73680 -267545
73710 -267542
73740 -267542
73770 -267542
73800 -267538
73830 -267538
73860 -267535
73890 -267535
73920 -267535
73950 -267535
73980 -267535
74010 -267520
74040 -267520
74070 -267515
74100 -267510
74130 -267509
74160 -267509
74190 -267509
74220 -267509
74250 -267509
74280 -267504
74310 -267504
74340 -267504
74370 -267504
74400 -267504
74430 -267489
74460 -267489
74490 -267475
74520 -267475
74550 -267475
74580 -267475
74610 -267475
74640 -267475
74670 -267475
74700 -267475
74730 -267474
74760 -267474
74790 -267473
74820 -267470
74850 -267467
74880 -267467
74910 -267465
74940 -267460
74970 -267459
75000 -267459
75030 -267458
75060 -267458
75090 -267458
75120 -267458
75150 -267456
75180 -267456
75210 -267456
75240 -267456
75270 -267456
75300 -267452
75330 -267452
75360 -267450
75390 -267450
75420 -267449
75450 -267445
75480 -267439
75510 -267439
75540 -267437
75570 -267404
75600 -267404
75630 -267404
75660 -267404
75690 -267404
75720 -267404
75750 -267399
75780 -267396
75810 -267396
75840 -267379
75870 -267370
75900 -267368
75930 -267368
75960 -267347
75990 -267347
76020 -267347
76050 -267344
76080 -267344
76110 -267344
76140 -267344
76170 -267343
76200 -267271
76230 -267266
76260 -267266
76290 -267266
76320 -267265
76350 -267258
76380 -267258
76410 -267258
76440 -267258
76470 -267256
76500 -267237
76530 -267235
76560 -267229
76590 -267229
76620 -267227
76650 -267222
76680 -267222
76710 -267220
76740 -267190
76770 -267185
76800 -267185
76830 -267184
76860 -267183
76890 -267179
76920 -267179
76950 -267179
76980 -267170
77010 -267169
77040 -267169
77070 -267169
77100 -267169
77130 -267169
77160 -267169
77190 -267160
77220 -267160
77250 -267158
77280 -267152
77310 -267152
77340 -267152
77370 -267125
77400 -267113
77430 -267113
77460 -267113
77490 -267113
77520 -267113
77550 -267112
77580 -267112
77610 -267111
77640 -267105
77670 -267105
77700 -267105
77730 -267105
77760 -267098
77790 -267098
77820 -267098
77850 -267078
77880 -267072
77910 -267072
77940 -267053
77970 -267053
78000 -267045
78030 -267045
78060 -267036
78090 -267036
78120 -267036
78150 -267036
78180 -267035
78210 -267021
78240 -267021
78270 -267019
78300 -267012
78330 -267008
78360 -267005
78390 -267005
78420 -267005
78450 -267005
78480 -267005
78510 -267005
78540 -267005
78570 -267000
78600 -267000
78630 -266994
78660 -266994
78690 -266994
78720 -266994
78750 -266993
78780 -266988
78810 -266987
78840 -266986
78870 -266986
78900 -266980
78930 -266979
78960 -266975
78990 -266959
79020 -266959
79050 -266954
79080 -266954
79110 -266952
79140 -266951
79170 -266949
79200 -266943
79230 -266942
79260 -266941
79290 -266938
79320 -266938
79350 -266938
79380 -266938
79410 -266938
79440 -266936
79470 -266926
79500 -266924
79530 -266922
79560 -266921
79590 -266916
79620 -266916
79650 -266902
79680 -266902
79710 -266889
79740 -266884
79770 -266884
79800 -266873
79830 -266864
79860 -266863
79890 -266863
79920 -266863
79950 -266863
79980 -266863
80010 -266860
80040 -266860
80070 -266857
80100 -266857
80130 -266857
80160 -266855
80190 -266855
80220 -266855
80250 -266829
80280 -266829
80310 -266829
80340 -266828
80370 -266828
80400 -266825
80430 -266812
80460 -266805
80490 -266803
80520 -266803
80550 -266803
80580 -266793
80610 -266793
80640 -266792
80670 -266792
80700 -266792
80730 -266789
80760 -266788
80790 -266787
80820 -266785
80850 -266785
80880 -266785
80910 -266785
80940 -266781
80970 -266776
81000 -266775
81030 -266774
81060 -266773
81090 -266770
81120 -266770
81150 -266768
81180 -266768
81210 -266746
81240 -266738
81270 -266738
81300 -266736
81330 -266736
81360 -266736
81390 -266722
81420 -266720
81450 -266720
81480 -266720
81510 -266720
81540 -266711
81570 -266708
81600 -266708
81630 -266695
81660 -266691
81690 -266691
81720 -266687
81750 -266687
81780 -266679
81810 -266679
81840 -266675
81870 -266675
81900 -266675
81930 -266668
81960 -266668
81990 -266668
82020 -266668
82050 -266667
82080 -266665
82110 -266662
82140 -266662
82170 -266659
82200 -266659
82230 -266659
82260 -266659
82290 -266659
82320 -266638
82350 -266638
82380 -266632
82410 -266632
82440 -266629
82470 -266629
82500 -266629
82530 -266629
82560 -266629
82590 -266629
82620 -266628
82650 -266624
82680 -266624
82710 -266624
82740 -266624
82770 -266624
82800 -266624
82830 -266624
82860 -266624
82890 -266620
82920 -266620
82950 -266620
82980 -266610
83010 -266610
83040 -266610
83070 -266610
83100 -266600
83130 -266599
83160 -266599
83190 -266598
83220 -266598
83250 -266593
83280 -266593
83310 -266593
83340 -266586
83370 -266586
83400 -266579
83430 -266579
83460 -266579
83490 -266566
83520 -266565
83550 -266555
83580 -266551
83610 -266539
83640 -266532
83670 -266532
83700 -266532
83730 -266532
83760 -266526
83790 -266526
83820 -266526
83850 -266524
83880 -266519
83910 -266519
83940 -266519
83970 -266506
84000 -266506
84030 -266506
84060 -266506
84090 -266506
84120 -266503
84150 -266501
84180 -266495
84210 -266494
84240 -266493
84270 -266460
84300 -266460
84330 -266450
84360 -266449
84390 -266449
84420 -266443
84450 -266443
84480 -266442
84510 -266442
84540 -266442
84570 -266442
84600 -266442
84630 -266442
84660 -266431
84690 -266422
84720 -266408
84750 -266406
84780 -266405
84810 -266405
84840 -266405
84870 -266395
84900 -266395
84930 -266395
84960 -266388
84990 -266388
85020 -266388
85050 -266382
85080 -266375
85110 -266375
85140 -266375
85170 -266364
85200 -266364
85230 -266364
85260 -266364
85290 -266363
85320 -266357
85350 -266355
85380 -266355
85410 -266352
85440 -266351
85470 -266351
85500 -266349
85530 -266349
85560 -266349
85590 -266343
85620 -266341
85650 -266341
85680 -266341
85710 -266329
85740 -266329
85770 -266329
85800 -266329
85830 -266329
85860 -266289
85890 -266287
85920 -266287
85950 -266287
85980 -266286
86010 -266286
86040 -266286
86070 -266286
86100 -266286
86130 -266277
86160 -266275
86190 -266273
86220 -266272
86250 -266272
86280 -266272
86310 -266272
86340 -266259
86370 -266259
86400 -266257
86430 -266238
86460 -266236
86490 -266234
86520 -266231
86550 -266231
86580 -266200
86610 -266199
86640 -266199
86670 -266199
86700 -266199
86730 -266193
86760 -266193
86790 -266193
86820 -266192
86850 -266189
86880 -266189
86910 -266186
86940 -266184
86970 -266184
87000 -266184
87030 -266184
87060 -266183
87090 -266183
87120 -266180
87150 -266180
87180 -266180
87210 -266180
87240 -266180
87270 -266180
87300 -266173
87330 -266173
87360 -266173
87390 -266173
87420 -266173
87450 -266173
87480 -266171
87510 -266169
87540 -266169
87570 -266169
87600 -266161
87630 -266161
87660 -266156
87690 -266154
87720 -266154
87750 -266154
87780 -266154
87810 -266152
87840 -266151
87870 -266150
87900 -266150
87930 -266146
87960 -266146
87990 -266136
88020 -266134
88050 -266134
88080 -266134
88110 -266133
88140 -266129
88170 -266119
88200 -266113
88230 -266112
88260 -266111
88290 -266111
88320 -266111
88350 -266111
88380 -266111
88410 -266107
88440 -266101
88470 -266098
88500 -266098
88530 -266098
88560 -266098
88590 -266085
88620 -266085
88650 -266084
88680 -266084
88710 -266078
88740 -266078
88770 -266078
88800 -266074
88830 -266074
88860 -266070
88890 -266068
88920 -266063
88950 -266061
88980 -266058
89010 -266032
89040 -266032
89070 -266031
89100 -266031
89130 -266031
89160 -266020
89190 -266019
89220 -266019
89250 -266016
89280 -266015
89310 -266013
89340 -266007
89370 -266007
89400 -266001
89430 -265976
89460 -265975
89490 -265970
89520 -265970
89550 -265970
89580 -265969
89610 -265969
89640 -265966
89670 -265966
89700 -265957
89730 -265957
89760 -265957
89790 -265942
89820 -265942
89850 -265942
89880 -265936
89910 -265926
89940 -265924
89970 -265924
90000 -265924
90030 -265915
90060 -265912
90090 -265912
90120 -265912
90150 -265912
90180 -265912
90210 -265912
90240 -265909
90270 -265906
90300 -265905
90330 -265905
90360 -265895
90390 -265895
90420 -265889
90450 -265885
90480 -265884
90510 -265836
90540 -265833
90570 -265833
90600 -265833
90630 -265832
90660 -265830
90690 -265830
90720 -265829
90750 -265829
90780 -265825
90810 -265825
90840 -265819
90870 -265818
90900 -265818
90930 -265818
90960 -265808
90990 -265805
91020 -265805
91050 -265794
91080 -265789
91110 -265786
91140 -265784
91170 -265784
91200 -265778
91230 -265778
91260 -265778
91290 -265776
91320 -265776
91350 -265776
91380 -265776
91410 -265776
91440 -265776
91470 -265774
91500 -265771
91530 -265771
91560 -265743
91590 -265743
91620 -265742
91650 -265742
91680 -265736
91710 -265736
91740 -265735
91770 -265735
91800 -265735
91830 -265727
91860 -265727
91890 -265723
91920 -265723
91950 -265723
91980 -265720
92010 -265714
92040 -265714
92070 -265714
92100 -265714
92130 -265714
92160 -265714
92190 -265714
92220 -265708
92250 -265708
92280 -265704
92310 -265697
92340 -265691
92370 -265691
92400 -265691
92430 -265691
92460 -265691
92490 -265689
92520 -265689
92550 -265674
92580 -265674
92610 -265672
92640 -265660
92670 -265660
92700 -265658
92730 -265658
92760 -265631
92790 -265631
92820 -265631
92850 -265631
92880 -265631
92910 -265631
92940 -265629
92970 -265628
93000 -265628
93030 -265628
93060 -265628
93090 -265626
93120 -265617
93150 -265617
93180 -265616
93210 -265615
93240 -265615
93270 -265615
93300 -265615
93330 -265600
93360 -265600
93390 -265594
93420 -265591
93450 -265590
93480 -265590
93510 -265590
93540 -265590
93570 -265589
93600 -265560
93630 -265560
93660 -265560
93690 -265558
93720 -265558
93750 -265558
93780 -265558
93810 -265557
93840 -265552
93870 -265540
93900 -265540
93930 -265537
93960 -265537
93990 -265537
94020 -265536
94050 -265536
94080 -265536
94110 -265529
94140 -265527
94170 -265527
94200 -265527
94230 -265527
94260 -265527
94290 -265527
94320 -265523
94350 -265511
94380 -265497
94410 -265493
94440 -265493
94470 -265488
94500 -265487
94530 -265487
94560 -265484
94590 -265478
94620 -265478
94650 -265476
94680 -265474
94710 -265474
94740 -265472
94770 -265470
94800 -265464
94830 -265464
94860 -265460
94890 -265460
94920 -265456
94950 -265445
94980 -265434
95010 -265434
95040 -265434
95070 -265426
95100 -265423
95130 -265411
95160 -265408
95190 -265408
95220 -265408
95250 -265408
95280 -265408
95310 -265406
95340 -265406
95370 -265405
95400 -265405
95430 -265394
95460 -265394
95490 -265389
95520 -265388
95550 -265386
95580 -265375
95610 -265375
95640 -265375
95670 -265368
95700 -265368
95730 -265368
95760 -265368
95790 -265368
95820 -265368
95850 -265368
95880 -265359
95910 -265356
95940 -265356
95970 -265355
96000 -265344
96030 -265344
96060 -265344
96090 -265344
96120 -265344
96150 -265344
96180 -265344
96210 -265344
96240 -265344
96270 -265344
96300 -265333
96330 -265332
96360 -265332
96390 -265327
96420 -265325
96450 -265316
96480 -265316
96510 -265316
96540 -265312
96570 -265312
96600 -265312
96630 -265308
96660 -265308
96690 -265304
96720 -265302
96750 -265302
96780 -265302
96810 -265300
96840 -265300
96870 -265300
96900 -265296
96930 -265296
96960 -265292
96990 -265292
97020 -265281
97050 -265281
97080 -265278
97110 -265273
97140 -265273
97170 -265264
97200 -265262
97230 -265259
97260 -265259
97290 -265256
97320 -265256
97350 -265256
97380 -265256
97410 -265256
97440 -265256
97470 -265255
97500 -265254
97530 -265254
97560 -265253
97590 -265253
97620 -265247
97650 -265245
97680 -265243
97710 -265238
97740 -265238
97770 -265238
97800 -265225
97830 -265225
97860 -265223
97890 -265223
97920 -265197
97950 -265191
97980 -265186
98010 -265184
98040 -265176
98070 -265176
98100 -265176
98130 -265176
98160 -265176
98190 -265176
98220 -265176
98250 -265175
98280 -265175
98310 -265175
98340 -265175
98370 -265175
98400 -265175
98430 -265175
98460 -265175
98490 -265173
98520 -265173
98550 -265173
98580 -265173
98610 -265169
98640 -265168
98670 -265164
98700 -265164
98730 -265161
98760 -265156
98790 -265156
98820 -265150
98850 -265150
98880 -265147
98910 -265147
98940 -265147
98970 -265147
99000 -265147
99030 -265145
99060 -265122
99090 -265120
99120 -265118
99150 -265118
99180 -265108
99210 -265106
99240 -265105
99270 -265105
99300 -265104
99330 -265103
99360 -265103
99390 -265103
99420 -265103
99450 -265103
99480 -265103
99510 -265095
99540 -265090
99570 -265090
99600 -265090
99630 -265090
99660 -265090
99690 -265090
99720 -265090
99750 -265089
99780 -265088
99810 -265086
99840 -265066
99870 -265066
99900 -265066
99930 -265066
99960 -265066
99990 -265066
100020 -265065
100050 -265060
100080 -265060
100110 -265060
100140 -265060
100170 -265060
100200 -265060
100230 -265060
100260 -265055
100290 -265055
100320 -265041
100350 -265038
100380 -265037
100410 -265037
100440 -265037
100470 -265037
100500 -265036
100530 -265022
100560 -265005
100590 -265005
100620 -265002
100650 -265002
100680 -264997
100710 -264997
100740 -264996
100770 -264994
100800 -264994
100830 -264994
100860 -264994
100890 -264987
100920 -264984
100950 -264981
100980 -264981
101010 -264979
101040 -264978
101070 -264978
101100 -264978
101130 -264978
101160 -264978
101190 -264978
101220 -264978
101250 -264977
101280 -264977
101310 -264956
101340 -264956
101370 -264956
101400 -264956
101430 -264954
101460 -264954
101490 -264954
101520 -264954
101550 -264954
101580 -264953
101610 -264953
101640 -264953
101670 -264953
101700 -264951
101730 -264951
101760 -264951
101790 -264951
101820 -264948
101850 -264948
101880 -264943
101910 -264943
101940 -264943
101970 -264942
102000 -264938
102030 -264938
102060 -264938
102090 -264936
102120 -264932
102150 -264932
102180 -264931
102210 -264931
102240 -264929
102270 -264923
102300 -264922
102330 -264909
102360 -264909
102390 -264896
102420 -264896
102450 -264896
102480 -264896
102510 -264896
102540 -264889
102570 -264889
102600 -264884
102630 -264884
102660 -264884
102690 -264884
102720 -264877
102750 -264876
102780 -264875
102810 -264866
102840 -264866
102870 -264866
102900 -264866
102930 -264865
102960 -264865
102990 -264865
103020 -264863
103050 -264862
103080 -264856
103110 -264856
103140 -264856
103170 -264856
103200 -264856
103230 -264856
103260 -264854
103290 -264854
103320 -264854
103350 -264854
103380 -264854
103410 -264852
103440 -264849
103470 -264839
103500 -264829
103530 -264829
103560 -264829
103590 -264825
103620 -264825
103650 -264825
103680 -264825
103710 -264825
103740 -264825
103770 -264823
103800 -264823
103830 -264819
103860 -264819
103890 -264819
103920 -264819
103950 -264819
103980 -264801
104010 -264797
104040 -264796
104070 -264796
104100 -264796
104130 -264796
104160 -264785
104190 -264785
104220 -264780
104250 -264780
104280 -264780
104310 -264780
104340 -264780
104370 -264780
104400 -264780
104430 -264780
104460 -264780
104490 -264780
104520 -264780
104550 -264777
104580 -264777
104610 -264771
104640 -264757
104670 -264756
104700 -264756
104730 -264754
104760 -264754
104790 -264754
104820 -264744
104850 -264744
104880 -264744
104910 -264744
104940 -264741
104970 -264741
105000 -264741
105030 -264738
105060 -264738
105090 -264733
105120 -264733
105150 -264733
105180 -264728
105210 -264728
105240 -264728
105270 -264726
105300 -264726
105330 -264726
105360 -264714
105390 -264714
105420 -264714
105450 -264709
105480 -264706
105510 -264706
105540 -264705
105570 -264705
105600 -264704
105630 -264704
105660 -264691
105690 -264691
105720 -264688
105750 -264688
105780 -264687
105810 -264676
105840 -264676
105870 -264674
105900 -264674
105930 -264674
105960 -264674
105990 -264674
106020 -264665
106050 -264664
106080 -264664
106110 -264661
106140 -264661
106170 -264661
106200 -264661
106230 -264661
106260 -264661
106290 -264657
106320 -264654
106350 -264646
106380 -264646
106410 -264646
106440 -264646
106470 -264645
106500 -264645
106530 -264627
106560 -264621
106590 -264621
106620 -264621
106650 -264586
106680 -264586
106710 -264568
106740 -264568
106770 -264568
106800 -264547
106830 -264537
106860 -264537
106890 -264534
106920 -264533
106950 -264530
106980 -264522
107010 -264511
107040 -264502
107070 -264502
107100 -264490
107130 -264479
107160 -264479
107190 -264478
107220 -264475
107250 -264469
107280 -264469
107310 -264469
107340 -264469
107370 -264463
107400 -264462
107430 -264462
107460 -264462
107490 -264462
107520 -264462
107550 -264458
107580 -264458
107610 -264458
107640 -264453
107670 -264453
107700 -264453
107730 -264452
107760 -264452
107790 -264450
107820 -264442
107850 -264436
107880 -264435
107910 -264435
107940 -264434
107970 -264430
108000 -264430
108030 -264426
108060 -264426
108090 -264426
108120 -264426
108150 -264418
108180 -264417
108210 -264417
108240 -264416
108270 -264410
108300 -264408
108330 -264408
108360 -264408
108390 -264408
108420 -264408
108450 -264408
108480 -264404
108510 -264394
108540 -264393
108570 -264393
108600 -264393
108630 -264393
108660 -264393
108690 -264390
108720 -264390
108750 -264390
108780 -264390
108810 -264390
108840 -264387
108870 -264386
108900 -264380
108930 -264380
108960 -264369
108990 -264369
109020 -264354
109050 -264351
109080 -264351
109110 -264351
109140 -264351
109170 -264351
109200 -264347
109230 -264347
109260 -264345
109290 -264343
109320 -264339
109350 -264339
109380 -264339
109410 -264333
109440 -264319
109470 -264316
109500 -264316
109530 -264316
109560 -264306
109590 -264306
109620 -264294
109650 -264287
109680 -264285
109710 -264285
109740 -264285
109770 -264285
109800 -264285
109830 -264285
109860 -264285
109890 -264283
109920 -264283
109950 -264283
109980 -264279
110010 -264278
110040 -264277
