1000 609837
1500 623610
2000 635171
2500 645317
3000 655285
3500 662434
4000 669583
4500 677511
5000 683600
5500 690450
6000 696025
6500 703761
7000 709610
7500 714975
8000 719785
8500 725063
9000 728922
9500 733115
10000 737222
10500 740872
11000 744824
11500 747979
12000 751125
12500 753534
13000 756541
13500 759100
14000 761524
14500 764199
15000 766441
15500 768168
16000 769873
16500 771672
17000 773721
17500 775005
18000 776344
18500 777955
19000 779153
19500 780715
20000 782409
20500 783862
21000 784824
21500 786401
22000 787619
22500 788595
23000 789624
23500 790698
24000 791843
