1000 608144
1500 621556
2000 632443
2500 643438
3000 653300
3500 661668
4000 669881
4500 677575
5000 683847
5500 691996
6000 698888
6500 704694
7000 711678
7500 716257
8000 720986
8500 724731
9000 728917
9500 733287
10000 737139
10500 740609
11000 743949
11500 747162
12000 750656
12500 753549
13000 756389
13500 758670
14000 760617
14500 762370
15000 764377
15500 766357
16000 768525
16500 770344
17000 771911
17500 773380
18000 774740
18500 776194
19000 777416
19500 778586
20000 779931
20500 781038
21000 782604
21500 783759
22000 784856
22500 786460
23000 787440
23500 788602
24000 789622
24500 791031
25000 792087
25500 793248
26000 794156
26500 795191
27000 796104
27500 796853
28000 797637
28500 798866
29000 799593
29500 800357
