20 -2.40036e+07
30 -2.39485e+07
40 -2.39126e+07
50 -2.38948e+07
60 -2.38879e+07
70 -2.38879e+07
80 -2.38879e+07
90 -2.38841e+07
100 -2.38817e+07
110 -2.38817e+07
120 -2.38817e+07
130 -2.38786e+07
140 -2.38786e+07
150 -2.38572e+07
160 -2.38317e+07
170 -2.38317e+07
180 -2.38317e+07
190 -2.38301e+07
200 -2.38065e+07
210 -2.38055e+07
220 -2.38055e+07
230 -2.37986e+07
240 -2.37958e+07
250 -2.37958e+07
260 -2.37958e+07
270 -2.37891e+07
280 -2.37891e+07
290 -2.37891e+07
300 -2.37891e+07
310 -2.37891e+07
320 -2.37891e+07
330 -2.37891e+07
340 -2.37891e+07
350 -2.37891e+07
360 -2.37891e+07
370 -2.37868e+07
380 -2.37868e+07
390 -2.37868e+07
400 -2.37868e+07
410 -2.37868e+07
420 -2.37868e+07
430 -2.37868e+07
440 -2.37868e+07
450 -2.37868e+07
460 -2.37868e+07
470 -2.37811e+07
480 -2.37811e+07
490 -2.37811e+07
500 -2.37811e+07
510 -2.37811e+07
520 -2.37811e+07
530 -2.37811e+07
540 -2.37811e+07
550 -2.37811e+07
560 -2.37717e+07
570 -2.37701e+07
580 -2.37701e+07
590 -2.3769e+07
600 -2.3769e+07
610 -2.3769e+07
620 -2.3769e+07
630 -2.3769e+07
640 -2.3769e+07
650 -2.3769e+07
660 -2.3769e+07
670 -2.3769e+07
