1000 625945
1500 625945
2000 625945
2500 642933
3000 644609
3500 649016
4000 649016
4500 659612
5000 659612
5500 659612
6000 667847
6500 669848
7000 669848
7500 693862
8000 693862
8500 698471
9000 698471
9500 698471
10000 698471
10500 698471
11000 698471
11500 698471
12000 699636
12500 699636
13000 699636
13500 701984
14000 710268
14500 710268
15000 710268
15500 712762
16000 712762
16500 712762
17000 714365
17500 714365
18000 722974
18500 722974
19000 722974
19500 722974
20000 722974
20500 722974
21000 731967
21500 731967
22000 731967
22500 731967
23000 731967
23500 731967
24000 731967
24500 731967
25000 731967
25500 731967
26000 731967
26500 731967
27000 731967
27500 732325
28000 736752
28500 736752
29000 736752
29500 736752
