200 -292282
300 -289819
400 -289819
500 -289367
600 -287566
700 -281388
800 -281388
900 -281388
1000 -281388
1100 -281388
1200 -279116
1300 -279116
1400 -279116
1500 -279116
1600 -278968
1700 -278236
1800 -278236
1900 -278236
2000 -278236
2100 -278236
2200 -278236
2300 -278110
2400 -275998
2500 -275998
2600 -274935
2700 -274778
2800 -274778
2900 -271277
3000 -270058
3100 -270058
3200 -270058
3300 -270058
3400 -270058
3500 -270058
3600 -270058
3700 -270058
3800 -270058
3900 -270058
4000 -269522
4100 -269522
4200 -269522
4300 -269522
4400 -269522
4500 -269522
4600 -269522
4700 -265801
4800 -265801
4900 -265801
5000 -265801
5100 -265801
5200 -265801
5300 -265801
5400 -265801
5500 -265801
5600 -265801
5700 -265801
5800 -265801
5900 -265801
6000 -265801
6100 -265801
6200 -263434
6300 -263434
6400 -263434
6500 -263434
6600 -263434
6700 -263434
6800 -263434
6900 -263434
7000 -263434
7100 -263434
7200 -263434
7300 -263434
7400 -263434
7500 -263434
7600 -263434
7700 -263434
7800 -263434
7900 -263434
8000 -263434
8100 -263434
8200 -263434
8300 -263434
8400 -263434
8500 -263434
8600 -263434
8700 -263434
8800 -263434
8900 -263434
9000 -263434
9100 -263434
9200 -263434
9300 -263434
9400 -263434
9500 -263434
9600 -263434
9700 -263434
9800 -263434
9900 -263434
10000 -263434
10100 -263434
10200 -263434
10300 -263434
10400 -263434
10500 -263434
10600 -263434
10700 -263205
10800 -263205
10900 -263205
11000 -263205
11100 -261833
11200 -261833
11300 -261833
11400 -261833
11500 -261833
11600 -261833
11700 -261833
11800 -261833
11900 -261833
12000 -261833
12100 -261833
12200 -261833
12300 -261833
12400 -261833
12500 -261833
12600 -261833
12700 -261833
12800 -261833
12900 -261833
13000 -261833
13100 -259958
13200 -259958
13300 -259958
13400 -259958
13500 -259958
13600 -259958
13700 -259958
13800 -259958
13900 -259958
14000 -259958
14100 -259958
14200 -259958
14300 -259958
14400 -259958
14500 -259958
14600 -259958
14700 -259958
14800 -259958
14900 -259958
15000 -259958
15100 -259958
15200 -259958
15300 -259958
15400 -259958
15500 -259958
15600 -259958
15700 -259958
15800 -259958
15900 -259958
16000 -259958
16100 -259958
16200 -259958
16300 -259958
16400 -259958
16500 -259958
16600 -259958
16700 -258754
16800 -258754
16900 -258754
17000 -258754
17100 -258754
17200 -258754
17300 -258754
17400 -258754
17500 -258754
17600 -258754
17700 -258754
17800 -258754
17900 -258754
18000 -258754
18100 -258754
18200 -258754
18300 -258754
18400 -258754
18500 -258754
18600 -258754
18700 -258754
18800 -258754
18900 -258754
19000 -258754
19100 -258754
19200 -258754
19300 -258754
19400 -258754
19500 -258754
19600 -258754
19700 -258754
19800 -258754
19900 -258754
20000 -258754
20100 -258754
20200 -258754
20300 -258754
20400 -258754
20500 -258754
20600 -258754
20700 -258754
20800 -258754
20900 -258754
21000 -258754
21100 -258754
21200 -258754
21300 -258754
21400 -258754
21500 -258754
21600 -258754
21700 -258754
21800 -258754
21900 -258754
22000 -258754
22100 -258754
22200 -258754
22300 -258754
22400 -258754
22500 -258754
22600 -258754
22700 -258754
22800 -258754
22900 -258754
23000 -258754
23100 -258754
23200 -258754
23300 -258754
23400 -258754
23500 -258754
23600 -258754
23700 -258754
23800 -258754
23900 -258754
24000 -258754
24100 -258754
24200 -258754
24300 -258754
24400 -258754
24500 -258754
24600 -258754
24700 -258754
24800 -258754
24900 -258754
25000 -257466
25100 -257466
25200 -257466
25300 -257466
25400 -257466
25500 -257466
25600 -257466
25700 -257466
25800 -257466
25900 -257466
26000 -257466
26100 -257466
26200 -257466
26300 -257466
26400 -257466
26500 -257466
26600 -257466
26700 -257466
26800 -257466
26900 -257466
27000 -257466
27100 -257466
27200 -257466
27300 -257466
27400 -257466
27500 -257466
27600 -257466
27700 -257466
27800 -257466
27900 -257466
28000 -257466
28100 -257466
28200 -257466
28300 -257466
28400 -257466
28500 -257466
28600 -257466
28700 -257466
28800 -257466
28900 -257466
29000 -257466
29100 -257466
29200 -257466
29300 -257466
29400 -257466
29500 -257466
29600 -257466
29700 -257466
29800 -257466
29900 -257466
30000 -257466
30100 -257466
30200 -257466
30300 -257466
30400 -257466
30500 -257466
30600 -257466
30700 -257466
30800 -257466
30900 -257466
31000 -257466
31100 -257466
31200 -257466
31300 -257466
31400 -257466
31500 -257466
31600 -257466
31700 -257466
31800 -257466
31900 -257466
32000 -257466
32100 -257466
32200 -257466
32300 -257466
32400 -257466
32500 -257466
32600 -257466
32700 -257466
32800 -257466
32900 -257466
33000 -257466
33100 -257466
33200 -257466
33300 -257466
33400 -257466
33500 -257466
33600 -257466
33700 -257466
33800 -257466
33900 -257466
34000 -257466
34100 -257466
34200 -257466
34300 -257466
34400 -257466
34500 -257466
34600 -257466
34700 -257466
34800 -257466
34900 -257466
35000 -257466
35100 -257466
35200 -257466
35300 -257466
35400 -257466
35500 -257466
35600 -257466
35700 -257466
35800 -257466
35900 -257466
36000 -257466
36100 -257466
36200 -257466
36300 -257466
36400 -257466
36500 -257466
36600 -257466
36700 -257466
36800 -257466
36900 -257466
37000 -257466
37100 -257466
37200 -257466
37300 -257466
37400 -257466
37500 -257466
37600 -257466
37700 -257466
37800 -257466
37900 -257466
38000 -257466
38100 -257466
38200 -257466
38300 -257466
38400 -257466
38500 -257148
38600 -257148
38700 -256849
38800 -256849
38900 -256849
39000 -256849
39100 -256849
39200 -256849
39300 -256849
39400 -256849
39500 -256849
39600 -256849
39700 -256849
39800 -256849
39900 -256849
40000 -256849
40100 -256849
40200 -256849
40300 -256849
40400 -256849
40500 -256849
40600 -256849
40700 -256849
40800 -256849
40900 -256849
41000 -256849
41100 -256849
41200 -256849
41300 -256849
41400 -256849
41500 -256849
41600 -256849
41700 -256849
41800 -256849
41900 -256849
42000 -256849
42100 -256327
42200 -256327
42300 -256327
42400 -256327
42500 -256327
42600 -256327
42700 -256327
42800 -256327
42900 -256327
43000 -256327
43100 -256327
43200 -256327
43300 -256327
43400 -256327
43500 -256327
43600 -256327
43700 -256327
43800 -256327
43900 -256129
44000 -256129
44100 -256129
44200 -256129
44300 -256129
44400 -256129
44500 -256129
44600 -256129
44700 -256129
44800 -256129
44900 -256129
45000 -256129
45100 -256129
45200 -256129
45300 -256129
45400 -256129
45500 -256129
45600 -256129
45700 -256129
45800 -256129
45900 -256129
46000 -256129
46100 -256129
46200 -256129
46300 -256129
46400 -256129
46500 -256129
46600 -256129
46700 -256129
46800 -256129
46900 -256129
47000 -256129
47100 -256129
47200 -256129
47300 -256129
47400 -256129
47500 -256129
47600 -256129
47700 -256129
47800 -256129
47900 -256129
48000 -256129
48100 -256129
48200 -256129
48300 -256129
48400 -256129
48500 -256129
48600 -256129
48700 -256129
48800 -256129
48900 -256129
49000 -256129
49100 -256129
49200 -256129
49300 -256129
49400 -256129
49500 -256129
49600 -256129
49700 -256129
49800 -256129
49900 -256129
50000 -256129
50100 -256129
50200 -256129
50300 -256129
50400 -256129
50500 -256129
50600 -256129
50700 -256129
50800 -256129
50900 -256129
51000 -256129
51100 -256129
51200 -256129
51300 -256129
51400 -256129
51500 -256129
51600 -256129
51700 -256129
51800 -256129
51900 -256129
52000 -256129
52100 -256129
52200 -256129
52300 -256129
52400 -256129
52500 -256129
52600 -256129
52700 -256129
52800 -256129
52900 -256129
53000 -256129
53100 -256129
53200 -256129
53300 -256129
53400 -256129
53500 -256129
53600 -256129
53700 -256129
53800 -256129
53900 -256129
54000 -256129
54100 -256129
54200 -256129
54300 -256129
54400 -256129
54500 -256129
54600 -256129
54700 -256129
54800 -256129
54900 -256129
55000 -256129
55100 -256129
55200 -256129
55300 -256129
55400 -256129
55500 -256129
55600 -256129
55700 -256129
55800 -256129
55900 -256129
56000 -256129
56100 -256129
56200 -256129
56300 -256129
56400 -256129
56500 -256129
56600 -256129
56700 -256129
56800 -256129
56900 -256129
57000 -256129
57100 -256129
57200 -256129
57300 -256129
57400 -256129
57500 -256129
57600 -256129
57700 -256129
57800 -256129
57900 -256129
58000 -256129
58100 -256129
58200 -256129
58300 -256129
58400 -256129
58500 -256129
58600 -256129
58700 -256129
58800 -256129
58900 -256129
59000 -256129
59100 -256129
59200 -256129
59300 -256129
59400 -256129
59500 -256129
59600 -256129
59700 -256129
59800 -256129
59900 -256129
60000 -256129
60100 -256129
60200 -256129
60300 -256129
60400 -256129
60500 -256129
60600 -256129
60700 -256129
60800 -256129
60900 -256129
61000 -256129
61100 -256129
61200 -256129
61300 -256129
61400 -256129
61500 -256129
61600 -256129
61700 -256129
61800 -256129
61900 -256129
62000 -256129
62100 -256129
62200 -256129
62300 -255654
62400 -255654
62500 -255654
62600 -255654
62700 -255654
62800 -255654
62900 -255654
63000 -255654
63100 -255654
63200 -255654
63300 -255654
63400 -255654
