600 -457032
900 -457032
1200 -455825
1500 -453097
1800 -453097
2100 -450167
2400 -450167
2700 -450167
3000 -450140
3300 -449648
3600 -449648
3900 -447853
4200 -447853
4500 -444325
4800 -444247
5100 -444247
5400 -444038
5700 -443211
6000 -443211
6300 -443211
6600 -442520
6900 -441560
7200 -441560
7500 -441560
7800 -441560
8100 -441554
8400 -437571
8700 -437571
9000 -437571
9300 -437571
9600 -437571
9900 -437571
10200 -437571
10500 -437571
10800 -435285
11100 -435285
11400 -435285
11700 -435285
12000 -435285
12300 -435285
12600 -435285
12900 -435285
13200 -435285
13500 -435285
13800 -435285
14100 -435285
14400 -435285
14700 -435285
15000 -435285
15300 -435285
15600 -431411
15900 -431411
16200 -431411
16500 -431411
16800 -431411
17100 -431411
17400 -431411
17700 -431411
18000 -431411
18300 -431411
18600 -431411
18900 -431411
19200 -431411
19500 -431411
19800 -431411
20100 -431411
20400 -431411
20700 -431411
21000 -431411
21300 -431411
21600 -431411
21900 -431411
22200 -431411
22500 -431411
22800 -431411
23100 -431411
23400 -431411
23700 -431411
24000 -431411
24300 -431411
24600 -431411
24900 -431411
25200 -431411
25500 -431411
25800 -428948
26100 -428948
26400 -428948
26700 -428948
27000 -428948
27300 -428948
27600 -428948
27900 -428948
28200 -428948
28500 -428948
28800 -428948
29100 -428948
29400 -428948
29700 -428948
30000 -428948
30300 -428948
30600 -428948
30900 -428948
31200 -428948
31500 -428948
31800 -428948
32100 -428948
32400 -428948
32700 -428948
33000 -428948
33300 -428948
33600 -428948
33900 -428948
34200 -428948
34500 -428948
34800 -428948
35100 -428948
35400 -428948
35700 -428948
36000 -428948
36300 -428948
36600 -428948
36900 -428948
37200 -428948
37500 -428948
37800 -428948
38100 -428948
38400 -428948
38700 -428948
39000 -428948
39300 -428948
39600 -428948
39900 -428948
40200 -428948
40500 -428948
40800 -428948
41100 -428948
41400 -428948
41700 -428948
42000 -428948
42300 -428948
42600 -428948
42900 -428948
43200 -428948
43500 -428948
43800 -428948
44100 -428948
44400 -428948
44700 -428899
45000 -428899
45300 -428899
45600 -428899
45900 -428788
46200 -428788
46500 -428788
46800 -428788
47100 -428788
47400 -428788
47700 -428788
48000 -428788
48300 -428788
48600 -428788
48900 -428788
49200 -428788
49500 -428788
49800 -428788
50100 -428788
50400 -428788
50700 -428788
51000 -428228
51300 -428228
51600 -428228
51900 -428228
52200 -428228
52500 -428228
52800 -428228
53100 -428228
53400 -428228
53700 -428228
54000 -428228
54300 -428228
54600 -428228
54900 -428228
55200 -428228
55500 -428228
55800 -428228
56100 -428228
56400 -428228
56700 -428228
57000 -428228
57300 -428228
57600 -428228
57900 -428228
58200 -428228
58500 -428228
58800 -428228
59100 -428228
59400 -428228
59700 -428228
60000 -428228
60300 -428228
60600 -428228
60900 -426978
61200 -426978
61500 -426978
61800 -426978
62100 -426978
62400 -426978
62700 -426978
63000 -426978
63300 -426978
63600 -426978
63900 -426978
64200 -426978
64500 -426978
64800 -426978
65100 -426978
65400 -426978
65700 -426978
66000 -426978
66300 -426978
66600 -426978
66900 -426978
67200 -425045
67500 -425045
67800 -425045
68100 -425045
68400 -425045
68700 -425045
69000 -425045
69300 -425045
69600 -425045
69900 -425045
70200 -425045
70500 -425045
70800 -425045
71100 -425045
71400 -425045
71700 -425045
72000 -425045
72300 -425045
