200 -295485
300 -295485
400 -295485
500 -291077
600 -288250
700 -288250
800 -288250
900 -288250
1000 -283856
1100 -283856
1200 -283856
1300 -283226
1400 -280911
1500 -280911
1600 -280911
1700 -278858
1800 -278858
1900 -278858
2000 -277798
2100 -275814
2200 -275814
2300 -275814
2400 -275814
2500 -275814
2600 -275814
2700 -275814
2800 -275814
2900 -275814
3000 -273500
3100 -273500
3200 -273500
3300 -273500
3400 -273500
3500 -273500
3600 -273500
3700 -273500
3800 -273500
3900 -273500
4000 -273500
4100 -273500
4200 -273500
4300 -273500
4400 -273281
4500 -273281
4600 -273281
4700 -271471
4800 -271471
4900 -271471
5000 -271471
5100 -271471
5200 -271471
5300 -271471
5400 -271471
5500 -271471
5600 -270471
5700 -270471
5800 -270471
5900 -270471
6000 -270471
6100 -270471
6200 -270471
6300 -267473
6400 -267473
6500 -267473
6600 -267473
6700 -267473
6800 -267473
6900 -267473
7000 -267473
7100 -267473
7200 -267473
7300 -267473
7400 -267473
7500 -267473
7600 -267473
7700 -267473
7800 -267473
7900 -267473
8000 -267473
8100 -267473
8200 -267473
8300 -267473
8400 -267473
8500 -267351
8600 -267351
8700 -267351
8800 -267351
8900 -267351
9000 -267351
9100 -267351
9200 -267351
9300 -267351
9400 -267351
9500 -267351
9600 -267351
9700 -267351
9800 -267060
9900 -267060
10000 -267060
10100 -267060
10200 -267060
10300 -267060
10400 -267060
10500 -267060
10600 -267060
10700 -267060
10800 -267060
10900 -267060
11000 -267060
11100 -267060
11200 -267060
11300 -267060
11400 -266739
11500 -266739
11600 -266739
11700 -266739
11800 -266739
11900 -266739
12000 -266739
12100 -266739
12200 -266739
12300 -266739
12400 -266739
12500 -266625
12600 -264572
12700 -264572
12800 -264572
12900 -264572
13000 -264572
13100 -264572
13200 -264572
13300 -264572
13400 -264572
13500 -264572
13600 -264572
13700 -264572
13800 -264572
13900 -264572
14000 -264572
14100 -264572
14200 -264572
14300 -264572
14400 -264572
14500 -264572
14600 -264572
14700 -264572
14800 -264572
14900 -264572
15000 -264572
15100 -264572
15200 -264572
15300 -264572
15400 -264572
15500 -264572
15600 -264572
15700 -264572
15800 -264572
15900 -264572
16000 -264572
16100 -264572
16200 -264572
16300 -264572
16400 -264572
16500 -264572
16600 -264572
16700 -264572
16800 -264516
16900 -264516
17000 -264516
17100 -264516
17200 -264516
17300 -264516
17400 -264516
17500 -264516
17600 -264516
17700 -264516
17800 -264516
17900 -264516
18000 -264516
18100 -264516
18200 -264516
18300 -264516
18400 -264516
18500 -264516
18600 -264516
18700 -264516
18800 -264516
18900 -264516
19000 -264516
19100 -264516
19200 -264516
19300 -264516
19400 -264516
19500 -264516
19600 -264516
19700 -264516
19800 -264516
19900 -264516
20000 -264516
20100 -264516
20200 -264516
20300 -264516
20400 -264516
20500 -264516
20600 -264516
20700 -264516
20800 -264516
20900 -264516
21000 -264516
21100 -264516
21200 -264516
21300 -264516
21400 -264516
21500 -264516
21600 -264516
21700 -264516
21800 -264516
21900 -264516
22000 -264516
22100 -264516
22200 -264516
22300 -264516
22400 -264516
22500 -264516
22600 -264516
22700 -264516
22800 -264516
22900 -264516
23000 -263943
23100 -263943
23200 -263943
23300 -263943
23400 -263943
23500 -263943
23600 -263943
23700 -263943
23800 -263943
23900 -263943
24000 -263943
24100 -263943
24200 -263943
24300 -263943
24400 -263943
24500 -263943
24600 -263943
24700 -263943
24800 -263943
24900 -263943
25000 -263943
25100 -263943
25200 -263943
25300 -263943
25400 -263943
25500 -263943
25600 -263943
25700 -263943
25800 -263943
25900 -263657
26000 -263657
26100 -263657
26200 -263657
26300 -263657
26400 -263657
26500 -263657
26600 -263657
26700 -263657
26800 -263657
26900 -263657
27000 -263657
27100 -263657
27200 -263657
27300 -263657
27400 -263657
27500 -263657
27600 -263657
27700 -263657
27800 -263657
27900 -263657
28000 -263657
28100 -263657
28200 -263657
28300 -263657
28400 -263657
