200 -305454
300 -305454
400 -303223
500 -300332
600 -294594
700 -294594
800 -294594
900 -294594
1000 -293981
1100 -291530
1200 -289962
1300 -289962
1400 -289962
1500 -289962
1600 -289079
1700 -288281
1800 -285462
1900 -284774
2000 -284774
2100 -284774
2200 -284774
2300 -284774
2400 -284774
2500 -282736
2600 -281558
2700 -281558
2800 -281558
2900 -281558
3000 -281558
3100 -279725
3200 -279725
3300 -279725
3400 -279725
3500 -279725
3600 -279725
3700 -279725
3800 -279725
3900 -279725
4000 -279725
4100 -279128
4200 -279128
4300 -279128
4400 -279128
4500 -279128
4600 -279128
4700 -279128
4800 -275519
4900 -275519
5000 -275519
5100 -275519
5200 -275519
5300 -275519
5400 -275519
5500 -274719
5600 -274719
5700 -274719
5800 -274719
5900 -274719
6000 -274719
6100 -274719
6200 -274719
6300 -274719
6400 -274719
6500 -274719
6600 -274719
6700 -274719
6800 -274719
6900 -274719
7000 -274719
7100 -274719
7200 -274407
7300 -274407
7400 -274407
7500 -274372
7600 -274372
7700 -274372
7800 -274372
7900 -274372
8000 -274372
8100 -274372
8200 -274372
8300 -274372
8400 -274372
8500 -274372
8600 -274372
8700 -274372
8800 -274372
8900 -274372
9000 -274372
9100 -274372
9200 -274372
9300 -274017
9400 -273599
9500 -272537
9600 -272537
9700 -272537
9800 -272537
9900 -272537
10000 -272537
10100 -272537
10200 -272537
10300 -272537
10400 -272537
10500 -272537
10600 -272537
10700 -272537
10800 -272537
10900 -272537
11000 -272537
11100 -272537
11200 -272537
11300 -270550
11400 -270550
11500 -270550
11600 -270550
11700 -270550
11800 -270550
11900 -270550
12000 -270550
12100 -270550
12200 -270550
12300 -270550
12400 -270550
12500 -270550
12600 -270550
12700 -270550
12800 -270550
12900 -270550
13000 -270550
13100 -270550
13200 -270550
13300 -270550
13400 -270550
13500 -270550
13600 -270550
13700 -270550
13800 -270550
13900 -270550
14000 -270550
14100 -270550
14200 -270550
14300 -270550
14400 -270550
14500 -270550
14600 -270550
14700 -270550
14800 -270550
14900 -270550
15000 -270550
15100 -270550
15200 -270550
15300 -270550
15400 -270550
15500 -270214
15600 -270214
15700 -270214
15800 -270214
15900 -270214
16000 -270214
16100 -270214
16200 -270214
16300 -270214
16400 -270214
16500 -270214
16600 -270214
16700 -270214
16800 -270214
16900 -270214
17000 -270214
17100 -270214
17200 -270214
17300 -270214
17400 -270214
17500 -270214
17600 -270214
17700 -270214
17800 -270214
17900 -270214
18000 -270214
18100 -270214
18200 -270214
18300 -270214
18400 -270214
18500 -270214
18600 -269715
18700 -269715
18800 -269715
18900 -269715
19000 -269715
19100 -269715
19200 -269715
19300 -269715
19400 -269715
19500 -269715
19600 -269715
19700 -269715
19800 -269715
19900 -269715
20000 -269715
20100 -269715
20200 -269715
20300 -269715
20400 -269715
20500 -269715
20600 -269715
20700 -269715
20800 -269715
20900 -269715
21000 -269715
21100 -269715
21200 -269715
21300 -269715
21400 -269237
21500 -269237
21600 -269237
21700 -269237
21800 -269227
21900 -268525
22000 -268525
22100 -268525
22200 -268525
22300 -268525
22400 -268525
22500 -268525
22600 -268525
22700 -268525
22800 -268525
22900 -268525
23000 -268525
23100 -268525
23200 -268525
23300 -268525
23400 -268525
23500 -268525
23600 -268525
23700 -268525
23800 -268525
23900 -268525
24000 -268525
24100 -268525
24200 -268525
24300 -268525
24400 -268525
24500 -268525
24600 -268525
24700 -268525
24800 -268525
24900 -268525
25000 -268525
25100 -268525
25200 -268525
25300 -268525
25400 -268525
25500 -268525
25600 -268525
25700 -268525
25800 -268525
25900 -268525
26000 -268525
26100 -268525
26200 -268525
26300 -268525
26400 -268525
26500 -268525
26600 -268525
26700 -268525
26800 -268525
26900 -268525
27000 -268525
27100 -268525
27200 -268501
27300 -268501
27400 -268501
27500 -268501
27600 -268501
27700 -268501
27800 -268501
27900 -268501
28000 -268501
28100 -268501
28200 -268501
28300 -268501
28400 -268501
28500 -268501
28600 -268501
28700 -268501
28800 -268501
28900 -268501
29000 -268501
29100 -268501
29200 -268501
29300 -268501
29400 -268501
29500 -268501
29600 -268501
29700 -268501
29800 -268501
29900 -268501
30000 -268501
30100 -268501
30200 -268501
30300 -268501
30400 -268501
30500 -268501
30600 -268501
30700 -268501
30800 -268501
30900 -268501
31000 -268501
31100 -268501
31200 -268418
31300 -268418
31400 -268418
31500 -268418
31600 -268418
31700 -268418
31800 -268418
31900 -268418
32000 -268418
32100 -268418
32200 -268418
32300 -268418
32400 -268418
32500 -268245
32600 -268245
32700 -268245
32800 -268245
32900 -268245
33000 -268245
33100 -268245
33200 -268245
33300 -268245
33400 -267777
33500 -267777
33600 -267777
33700 -267777
33800 -267777
33900 -267777
34000 -267777
34100 -267777
34200 -267777
34300 -267777
34400 -267777
34500 -267777
34600 -267777
34700 -267777
34800 -267777
34900 -267777
35000 -267777
35100 -267777
35200 -267777
35300 -267777
35400 -267777
35500 -267777
35600 -267777
35700 -267777
35800 -267777
35900 -267777
36000 -267777
36100 -267777
36200 -267777
36300 -267777
36400 -267777
36500 -267777
36600 -266682
36700 -266682
36800 -266682
36900 -266682
37000 -266682
37100 -266682
37200 -266682
37300 -266682
37400 -266682
37500 -266682
37600 -266682
37700 -266682
37800 -266682
37900 -266682
38000 -266682
38100 -266682
38200 -266682
38300 -266682
38400 -266682
38500 -265569
38600 -265569
38700 -265569
38800 -265569
38900 -265569
39000 -265569
39100 -265569
39200 -265569
39300 -265569
39400 -265569
39500 -265569
39600 -265569
39700 -265569
39800 -265569
39900 -265569
40000 -265569
40100 -265569
40200 -265569
40300 -265569
40400 -265569
40500 -265569
40600 -265569
40700 -265569
40800 -265569
40900 -265569
41000 -265569
41100 -265569
41200 -265569
41300 -265569
41400 -265569
41500 -265569
41600 -265569
41700 -265569
41800 -265569
41900 -265569
42000 -265569
42100 -265569
42200 -265569
42300 -265569
42400 -265569
42500 -265569
42600 -265569
42700 -265569
42800 -265569
42900 -265569
43000 -265569
43100 -265569
43200 -265569
43300 -265569
43400 -265569
43500 -265102
43600 -265102
43700 -265102
43800 -265102
43900 -265102
44000 -265102
44100 -265102
44200 -265102
44300 -265102
44400 -265102
44500 -265102
44600 -265102
44700 -265102
44800 -265102
44900 -265102
45000 -265102
45100 -265102
45200 -265102
45300 -265102
45400 -265102
45500 -265102
45600 -265102
45700 -265102
45800 -265102
45900 -265102
46000 -265102
46100 -265102
46200 -265102
46300 -265102
46400 -265102
46500 -265102
46600 -265102
46700 -265102
46800 -265102
46900 -265102
47000 -265102
47100 -265102
47200 -265102
47300 -265102
47400 -265102
47500 -265102
47600 -265102
47700 -265102
47800 -265102
47900 -265102
48000 -265102
48100 -265102
48200 -265102
48300 -265102
48400 -265102
48500 -265102
48600 -265102
48700 -265102
48800 -265102
48900 -265102
49000 -265102
49100 -265102
49200 -265102
49300 -265102
49400 -265102
49500 -265102
49600 -265102
49700 -265102
49800 -265102
49900 -265102
50000 -265102
50100 -265102
50200 -265102
50300 -265102
50400 -265102
50500 -265102
50600 -265102
50700 -265102
50800 -265102
50900 -265102
51000 -265102
51100 -265102
51200 -265102
51300 -265102
51400 -265102
51500 -265102
51600 -265102
51700 -265102
51800 -265102
51900 -265102
52000 -265102
52100 -265102
52200 -265102
52300 -265102
52400 -265102
52500 -265102
52600 -265102
52700 -265102
52800 -265102
52900 -265102
53000 -265102
53100 -265102
53200 -265102
53300 -265102
53400 -265102
53500 -265102
53600 -265102
53700 -265102
53800 -265102
53900 -265102
54000 -265102
54100 -265102
54200 -265102
54300 -265102
54400 -265102
54500 -265102
54600 -265102
54700 -265102
54800 -265102
54900 -265102
55000 -265102
55100 -265102
55200 -265102
55300 -265102
55400 -265102
55500 -265102
55600 -265102
55700 -265102
55800 -265102
55900 -264761
56000 -264761
56100 -264761
56200 -264761
56300 -264761
56400 -264761
56500 -264761
56600 -264761
56700 -264761
56800 -264761
56900 -264761
57000 -264761
57100 -264761
57200 -264761
57300 -264761
57400 -264761
57500 -264761
57600 -264761
57700 -264761
57800 -264761
57900 -264761
58000 -264761
58100 -264761
58200 -264761
58300 -264761
58400 -264761
58500 -264761
58600 -264761
58700 -264761
58800 -264761
58900 -264761
59000 -264761
59100 -264761
59200 -264761
59300 -264761
59400 -264761
59500 -264761
59600 -264761
59700 -264761
59800 -264761
59900 -264761
60000 -264761
60100 -264761
60200 -264761
60300 -264761
60400 -264761
60500 -264761
60600 -264761
60700 -264761
60800 -264761
60900 -264761
61000 -264761
61100 -264761
61200 -264761
61300 -264761
61400 -264761
61500 -264761
61600 -264761
61700 -264761
61800 -264761
61900 -264761
62000 -264761
62100 -264761
62200 -264761
62300 -264761
62400 -264761
62500 -264761
62600 -264761
62700 -264761
62800 -264761
62900 -264761
63000 -264761
63100 -264761
63200 -264761
63300 -264761
63400 -264761
63500 -264761
63600 -264761
63700 -264761
63800 -264761
63900 -264761
64000 -264761
64100 -264761
64200 -264761
64300 -264761
64400 -264761
64500 -264761
64600 -264761
64700 -264761
64800 -264761
64900 -264761
65000 -264761
65100 -264761
65200 -264761
65300 -264761
65400 -264761
65500 -264761
65600 -264761
65700 -264761
65800 -264761
65900 -264761
66000 -264761
66100 -264761
66200 -264761
66300 -264761
66400 -264761
66500 -264761
66600 -264761
66700 -264761
66800 -264761
66900 -264761
67000 -264761
67100 -264761
67200 -264761
67300 -264761
67400 -264761
67500 -264761
67600 -264761
67700 -264761
67800 -264761
67900 -264761
68000 -264761
68100 -264761
68200 -264761
68300 -264761
68400 -264761
68500 -264761
68600 -264761
68700 -264761
68800 -264761
68900 -264761
69000 -264761
69100 -264761
69200 -264761
69300 -264761
69400 -264761
69500 -264761
69600 -264761
69700 -264761
69800 -264761
69900 -264761
70000 -264761
70100 -264761
70200 -264761
70300 -264761
70400 -264761
70500 -264761
70600 -264761
70700 -264761
70800 -264761
70900 -264761
71000 -264761
71100 -264761
71200 -264761
71300 -264761
71400 -264761
71500 -264761
71600 -264761
71700 -264761
71800 -264761
71900 -264761
72000 -264761
72100 -264761
72200 -264761
72300 -264761
72400 -264761
72500 -264761
72600 -264761
72700 -264761
72800 -264761
72900 -264761
73000 -264761
73100 -264761
73200 -264761
73300 -264394
73400 -264394
73500 -264394
73600 -264394
73700 -264394
73800 -264394
73900 -264394
74000 -264394
74100 -264394
74200 -264394
74300 -264394
74400 -264394
74500 -264394
74600 -264394
74700 -264394
74800 -264394
74900 -264394
75000 -264394
75100 -264394
75200 -264394
75300 -264394
75400 -264394
75500 -263676
75600 -263676
75700 -263676
75800 -263676
75900 -263676
76000 -263676
76100 -263676
76200 -263676
76300 -263676
76400 -263676
76500 -263676
76600 -263676
76700 -263676
76800 -263676
76900 -263676
77000 -263676
77100 -263676
77200 -263676
77300 -263676
77400 -263676
77500 -263676
77600 -263676
77700 -263676
77800 -263676
77900 -263676
78000 -263676
78100 -263676
78200 -263676
78300 -263676
78400 -263676
78500 -263676
78600 -263676
78700 -263676
78800 -263676
78900 -263676
79000 -263676
79100 -263676
79200 -263676
79300 -263676
79400 -263676
79500 -263676
79600 -263676
79700 -263676
79800 -263676
79900 -263676
80000 -263676
80100 -263676
80200 -263676
80300 -263676
80400 -263676
80500 -263676
80600 -263676
80700 -263676
80800 -263676
80900 -263676
81000 -263676
81100 -263676
81200 -263676
81300 -263676
81400 -263676
81500 -263676
81600 -263676
81700 -263676
81800 -263676
81900 -263676
82000 -263676
82100 -263676
82200 -263676
82300 -263676
82400 -263676
82500 -263676
82600 -263676
82700 -263676
82800 -263676
82900 -263676
83000 -263676
83100 -263676
83200 -263676
83300 -263676
83400 -263676
83500 -263676
83600 -263676
83700 -263676
83800 -263676
83900 -263676
84000 -263676
84100 -263676
84200 -263676
84300 -263676
84400 -263676
84500 -263676
84600 -263676
84700 -263676
84800 -263676
84900 -263676
85000 -263676
85100 -263676
85200 -263676
85300 -263676
85400 -263676
85500 -263676
85600 -263676
85700 -263676
85800 -263676
85900 -263676
86000 -263676
86100 -263676
86200 -263676
86300 -263676
86400 -263676
86500 -263676
86600 -263676
86700 -263676
86800 -263676
86900 -263676
87000 -263676
87100 -263676
87200 -263676
87300 -263676
87400 -263676
87500 -263676
87600 -263676
87700 -263676
87800 -263676
87900 -263676
88000 -263676
88100 -263676
88200 -263676
88300 -263676
88400 -263676
88500 -263676
88600 -263676
88700 -263676
88800 -263676
88900 -263676
89000 -263676
89100 -263676
89200 -263676
89300 -263676
89400 -263676
89500 -263676
89600 -263676
89700 -263676
89800 -263676
89900 -263676
90000 -263676
90100 -263676
90200 -263676
90300 -263676
90400 -263676
90500 -263676
90600 -263676
90700 -263676
90800 -263676
90900 -263676
91000 -263676
91100 -263676
91200 -263676
91300 -263676
91400 -263676
91500 -263676
91600 -263676
91700 -263676
91800 -263676
91900 -263676
92000 -263676
92100 -263676
92200 -263676
92300 -263676
92400 -263676
92500 -263676
92600 -263676
92700 -263676
92800 -263676
92900 -263676
93000 -263676
93100 -263676
93200 -263676
93300 -263676
93400 -263676
93500 -263676
93600 -263676
93700 -263676
93800 -263676
93900 -263391
94000 -263391
94100 -263391
94200 -263391
94300 -263391
94400 -263391
94500 -263391
94600 -263391
94700 -263391
94800 -263391
94900 -263391
95000 -263391
95100 -263391
95200 -263391
95300 -263391
95400 -263391
95500 -263391
95600 -263391
95700 -263391
95800 -263391
95900 -263391
96000 -263391
96100 -263391
96200 -263391
96300 -263391
96400 -263391
96500 -263391
96600 -263391
96700 -263391
96800 -263391
96900 -263391
97000 -263391
97100 -263391
97200 -263391
97300 -263391
97400 -263391
97500 -263391
97600 -263391
97700 -263391
97800 -263391
97900 -263391
98000 -263391
98100 -263391
98200 -263391
98300 -263391
98400 -263391
98500 -263391
98600 -263391
98700 -263391
98800 -263391
98900 -263391
99000 -263391
99100 -263391
99200 -263391
99300 -263391
99400 -263391
99500 -263391
99600 -263391
99700 -263391
99800 -263391
99900 -263391
100000 -263391
100100 -263391
100200 -263391
100300 -263391
100400 -263391
100500 -263391
100600 -263391
100700 -263391
100800 -263391
100900 -263391
101000 -263391
101100 -263391
101200 -263391
101300 -263391
101400 -263391
101500 -263391
101600 -263391
101700 -263391
101800 -263391
101900 -263391
102000 -263391
102100 -263391
102200 -263391
102300 -263391
102400 -263391
102500 -263391
102600 -263391
102700 -263391
102800 -263391
102900 -263391
103000 -263391
103100 -263391
103200 -263391
103300 -263391
103400 -263391
103500 -263391
103600 -263391
103700 -263391
103800 -263391
103900 -263391
104000 -263391
104100 -263391
104200 -263391
104300 -263391
104400 -263391
104500 -263391
104600 -263391
104700 -263391
104800 -263391
104900 -263391
105000 -263391
105100 -263391
105200 -263391
105300 -263391
105400 -263391
105500 -263391
105600 -263391
105700 -263391
105800 -263391
105900 -263391
106000 -263391
106100 -263391
106200 -263391
106300 -263391
106400 -263391
106500 -263391
106600 -263391
106700 -263391
106800 -263391
106900 -263391
107000 -263391
107100 -263391
107200 -263391
107300 -263391
107400 -263391
107500 -263391
107600 -263391
107700 -263391
107800 -263391
107900 -263391
108000 -263391
108100 -263391
108200 -263391
108300 -263391
108400 -263391
108500 -263391
108600 -263391
108700 -263391
108800 -263391
108900 -263391
109000 -263391
109100 -263391
109200 -263391
109300 -263391
109400 -263391
109500 -263391
109600 -263391
109700 -263391
109800 -263391
109900 -263391
110000 -263391
110100 -263391
110200 -263391
110300 -263391
110400 -263391
110500 -263391
110600 -263391
110700 -263391
110800 -263391
110900 -263391
111000 -263391
111100 -263391
111200 -263391
111300 -263391
111400 -263391
111500 -263391
111600 -263391
111700 -263391
111800 -263391
111900 -263391
112000 -263391
112100 -263391
112200 -263391
112300 -263391
112400 -263391
112500 -263391
112600 -263391
112700 -263391
112800 -263391
112900 -263391
113000 -263391
113100 -263391
113200 -263391
113300 -263391
113400 -263391
113500 -263391
113600 -263391
113700 -263391
113800 -263391
113900 -263391
114000 -263391
114100 -263391
114200 -263391
114300 -263391
114400 -263391
114500 -263391
114600 -263391
114700 -263391
114800 -263391
114900 -263391
115000 -263391
115100 -263391
115200 -263391
115300 -263391
115400 -263391
115500 -263391
115600 -263391
115700 -263391
115800 -263391
115900 -263391
116000 -263391
116100 -263391
116200 -263391
116300 -263391
116400 -263391
116500 -263391
116600 -263391
116700 -263391
116800 -263391
116900 -263391
117000 -263391
117100 -263391
117200 -263391
117300 -263391
117400 -263391
117500 -263391
117600 -263391
117700 -263391
117800 -263391
117900 -263391
118000 -263391
118100 -263391
118200 -263391
118300 -263391
118400 -263391
118500 -263391
118600 -263391
118700 -263391
118800 -263391
118900 -263391
119000 -263391
119100 -262547
119200 -262547
119300 -262547
119400 -262547
119500 -262547
119600 -262547
119700 -262547
119800 -262547
119900 -262547
120000 -262547
120100 -262547
120200 -262547
120300 -262547
120400 -262547
120500 -262547
120600 -262547
120700 -262547
120800 -262547
120900 -262547
121000 -262547
121100 -262547
121200 -262547
121300 -262547
121400 -262547
121500 -262547
121600 -262547
121700 -262547
121800 -262547
121900 -262547
122000 -262547
122100 -262547
122200 -262547
122300 -262547
122400 -262547
122500 -262547
122600 -262547
122700 -262547
122800 -262547
122900 -262547
123000 -262547
123100 -262547
123200 -262547
123300 -262547
123400 -262547
123500 -262547
123600 -262547
123700 -262547
123800 -262547
123900 -262547
124000 -262547
124100 -262547
124200 -262547
124300 -262547
124400 -262547
124500 -262547
124600 -262547
124700 -262547
124800 -262547
124900 -262547
125000 -262547
125100 -262547
125200 -262547
125300 -262547
125400 -262547
125500 -262547
125600 -262547
125700 -262547
125800 -262547
125900 -262547
126000 -262547
126100 -262547
126200 -262547
126300 -262547
126400 -262547
126500 -262547
126600 -262547
126700 -262547
126800 -262547
126900 -262547
127000 -262547
127100 -262547
127200 -262547
127300 -262547
127400 -262547
127500 -262547
127600 -262547
127700 -262547
127800 -262547
127900 -262547
128000 -262547
128100 -262547
128200 -262547
128300 -262547
128400 -262547
128500 -262547
128600 -262547
128700 -262547
128800 -262547
128900 -262547
129000 -262547
129100 -262547
129200 -262547
129300 -262547
129400 -262547
129500 -262547
129600 -262547
129700 -262547
129800 -262547
129900 -262547
130000 -262547
130100 -262547
130200 -262547
130300 -262547
130400 -262547
130500 -262547
130600 -262547
130700 -262547
130800 -262547
130900 -262547
131000 -262547
131100 -262547
131200 -262547
131300 -262547
131400 -262547
131500 -262547
131600 -262547
131700 -262547
131800 -262547
131900 -262547
132000 -262547
132100 -262547
132200 -262547
132300 -262547
132400 -262547
132500 -262547
132600 -262547
132700 -262547
132800 -262547
132900 -262547
133000 -262547
133100 -262547
133200 -262547
133300 -262547
133400 -262547
133500 -262547
133600 -262547
133700 -262547
133800 -262547
133900 -262547
134000 -262547
134100 -262547
134200 -262547
134300 -262547
134400 -262547
134500 -262547
134600 -261497
134700 -261497
134800 -261497
134900 -261497
135000 -261497
135100 -261497
135200 -261497
135300 -261497
135400 -261497
135500 -261497
135600 -261497
135700 -261497
135800 -261497
135900 -261497
136000 -261497
136100 -261497
136200 -261497
136300 -261497
136400 -261497
136500 -261497
136600 -261497
136700 -261497
136800 -261497
136900 -261497
137000 -261497
137100 -261497
137200 -261497
137300 -261497
137400 -261497
137500 -261497
137600 -261497
137700 -261497
137800 -261497
137900 -261497
138000 -261497
138100 -261497
138200 -261497
138300 -261497
138400 -261497
138500 -261497
138600 -261497
138700 -261497
138800 -261497
138900 -261497
139000 -261497
139100 -261497
139200 -261497
139300 -261497
139400 -261497
139500 -261497
139600 -261497
139700 -261497
139800 -261497
139900 -261497
140000 -261497
140100 -261497
140200 -261497
140300 -261497
140400 -261497
140500 -261497
140600 -261497
140700 -261497
140800 -261497
140900 -261497
141000 -261497
141100 -261497
141200 -261497
141300 -261497
141400 -261497
141500 -261497
141600 -261497
141700 -261497
141800 -261497
141900 -261497
142000 -261497
142100 -261497
142200 -261497
142300 -261497
142400 -261497
142500 -261497
142600 -261497
142700 -261497
142800 -261497
142900 -261497
143000 -261497
143100 -261497
143200 -261497
143300 -261497
143400 -261497
143500 -261497
143600 -261497
143700 -261497
143800 -261497
143900 -261497
144000 -261497
144100 -261497
144200 -261497
144300 -261497
144400 -261497
144500 -261497
144600 -261497
144700 -261497
144800 -261497
144900 -261497
145000 -261497
145100 -261497
145200 -261497
145300 -261497
145400 -261497
145500 -261497
145600 -261497
145700 -261497
145800 -261497
145900 -261497
146000 -261497
146100 -261497
146200 -261497
146300 -261497
146400 -261497
146500 -261497
146600 -261497
146700 -261497
146800 -261497
146900 -261497
147000 -261497
147100 -261497
147200 -261497
147300 -261497
147400 -261497
147500 -261497
147600 -261497
147700 -261497
147800 -261497
147900 -261497
148000 -261497
148100 -261497
148200 -261497
148300 -261497
148400 -261497
148500 -261497
148600 -261497
148700 -261497
148800 -261497
148900 -261497
149000 -261497
149100 -261497
149200 -261497
149300 -261497
149400 -261497
149500 -261497
149600 -261497
149700 -261497
149800 -261497
149900 -261497
150000 -261497
150100 -261497
150200 -261497
150300 -261497
150400 -261497
150500 -261497
150600 -261497
150700 -261497
150800 -261497
150900 -261497
151000 -261497
151100 -261497
151200 -261497
151300 -261497
151400 -261497
151500 -261497
151600 -261497
151700 -261497
151800 -261497
151900 -261497
152000 -261497
152100 -261497
152200 -261497
152300 -261497
152400 -261497
152500 -261497
152600 -261497
152700 -261497
152800 -261497
152900 -261288
153000 -261288
153100 -261288
153200 -261288
153300 -261288
153400 -261288
153500 -261288
153600 -261288
153700 -261288
153800 -261288
153900 -261288
154000 -261288
154100 -261288
154200 -261288
154300 -261288
154400 -261288
154500 -261288
154600 -261288
154700 -261288
154800 -261288
154900 -261288
155000 -261288
155100 -261288
155200 -261288
155300 -261288
155400 -261288
155500 -261288
155600 -261288
155700 -261288
155800 -261288
155900 -261288
156000 -261288
156100 -261288
156200 -261288
156300 -261288
156400 -261288
156500 -261288
156600 -261288
156700 -261288
156800 -261288
156900 -261288
157000 -261288
157100 -261288
157200 -261288
157300 -261288
157400 -261288
157500 -261288
157600 -261288
157700 -261288
157800 -261288
157900 -261288
158000 -261288
158100 -261288
158200 -261288
158300 -261288
158400 -261288
158500 -261288
158600 -261288
158700 -261288
158800 -261288
158900 -261288
159000 -261288
159100 -261288
159200 -261288
159300 -261288
159400 -261288
159500 -261288
159600 -261288
159700 -261288
159800 -261288
159900 -261288
160000 -261288
160100 -261288
160200 -261288
160300 -261288
160400 -261288
160500 -261288
160600 -261288
160700 -261288
160800 -261288
160900 -261288
161000 -261288
161100 -261288
161200 -261288
161300 -261288
161400 -261288
161500 -261288
161600 -261288
161700 -261288
161800 -261288
161900 -261288
162000 -261288
162100 -261288
162200 -261288
162300 -261288
162400 -261288
162500 -261288
162600 -261288
162700 -261288
162800 -261288
162900 -261288
163000 -261288
163100 -261288
163200 -261288
163300 -261288
163400 -261288
163500 -261288
163600 -261288
163700 -261288
163800 -261288
163900 -261288
164000 -261288
164100 -261288
164200 -261288
164300 -261288
164400 -261288
164500 -261288
164600 -261288
164700 -261288
164800 -261288
164900 -261288
165000 -261288
165100 -261288
165200 -261288
165300 -261288
165400 -261288
165500 -261288
165600 -261288
165700 -261288
165800 -261288
165900 -261288
166000 -261288
166100 -261288
166200 -261288
166300 -261288
166400 -261288
166500 -261288
166600 -261288
166700 -261288
166800 -261288
166900 -261288
167000 -261288
167100 -261288
167200 -261288
167300 -261288
167400 -261288
167500 -261288
167600 -261288
167700 -261288
167800 -261288
167900 -261288
168000 -261288
168100 -261288
168200 -261288
168300 -261288
168400 -261288
168500 -261288
168600 -261288
168700 -261288
168800 -261288
168900 -261288
169000 -261288
169100 -261288
169200 -261288
169300 -261288
169400 -261288
169500 -261288
169600 -261288
169700 -261288
169800 -261288
169900 -261288
170000 -261288
170100 -261288
170200 -261288
170300 -261288
170400 -261288
170500 -261288
170600 -261288
170700 -261288
170800 -261288
170900 -261288
171000 -261288
171100 -261288
171200 -261288
171300 -261288
171400 -261288
171500 -261288
171600 -261288
171700 -261288
171800 -261288
171900 -261288
172000 -261288
172100 -261288
172200 -261288
172300 -261288
172400 -261288
172500 -261288
172600 -261288
172700 -261288
172800 -261288
172900 -261288
173000 -261288
173100 -261288
173200 -261288
173300 -261288
173400 -261288
173500 -261288
173600 -261288
173700 -261288
173800 -261288
173900 -261288
174000 -261288
174100 -261288
174200 -261288
174300 -261288
174400 -261288
174500 -261288
174600 -261288
174700 -261288
174800 -261288
174900 -261288
175000 -261288
175100 -261288
175200 -261288
175300 -261288
175400 -261288
175500 -261288
175600 -261288
175700 -261288
175800 -261288
175900 -261288
176000 -261288
176100 -261288
176200 -261288
176300 -261288
176400 -261288
176500 -261288
176600 -261288
176700 -261288
176800 -261288
176900 -261288
177000 -261288
177100 -261288
177200 -261288
177300 -261288
177400 -261288
177500 -261288
177600 -261288
177700 -261288
177800 -261288
177900 -261288
178000 -261288
178100 -261288
178200 -261288
178300 -261288
178400 -261288
178500 -261288
178600 -261288
178700 -261288
178800 -261288
178900 -261288
179000 -261288
179100 -261288
179200 -261288
179300 -261288
179400 -261288
179500 -261288
179600 -261288
179700 -261288
179800 -261288
179900 -261288
180000 -261288
180100 -261288
180200 -261288
180300 -261288
180400 -261288
180500 -261288
180600 -261288
180700 -261288
180800 -261288
180900 -261288
181000 -261288
181100 -261288
181200 -261288
181300 -261288
181400 -261288
181500 -261288
181600 -261288
181700 -261288
181800 -261288
181900 -261288
182000 -261288
182100 -261288
182200 -261288
182300 -261288
182400 -261288
182500 -261288
182600 -261288
182700 -261288
182800 -261288
182900 -261288
183000 -261288
183100 -261288
183200 -261288
183300 -261288
183400 -261288
183500 -261288
183600 -261288
183700 -261288
183800 -261288
183900 -261288
184000 -261288
184100 -261288
184200 -261288
184300 -261288
184400 -261288
184500 -261288
184600 -261288
184700 -261288
184800 -261288
184900 -261288
185000 -261288
185100 -261288
185200 -261288
185300 -261288
185400 -261288
185500 -261288
185600 -261288
185700 -261288
185800 -261288
185900 -261288
186000 -261288
186100 -261288
186200 -261288
186300 -261288
186400 -261288
186500 -261288
186600 -261288
186700 -261288
186800 -261288
186900 -261288
187000 -261288
187100 -261288
187200 -261288
187300 -261288
187400 -261288
187500 -261288
187600 -261288
187700 -261288
187800 -261288
187900 -261288
188000 -261288
188100 -261288
188200 -261288
188300 -261288
188400 -261288
188500 -261288
188600 -261288
188700 -261288
188800 -261288
188900 -261288
189000 -261288
189100 -261288
189200 -261288
189300 -261288
189400 -261288
189500 -261288
189600 -261288
189700 -261288
189800 -261288
189900 -261288
190000 -261288
190100 -261288
190200 -261288
190300 -261288
190400 -261288
190500 -261288
190600 -261288
190700 -261288
190800 -261288
190900 -261288
191000 -261288
191100 -261288
191200 -261288
191300 -261288
191400 -261288
191500 -261288
191600 -261288
191700 -261288
191800 -261288
191900 -261288
192000 -261288
192100 -261288
192200 -261288
192300 -261288
192400 -261288
192500 -261288
192600 -261288
192700 -261288
192800 -261288
192900 -261288
193000 -261288
193100 -261288
193200 -261288
193300 -261288
193400 -261288
193500 -261288
193600 -261288
193700 -261288
193800 -261288
193900 -261288
194000 -261288
194100 -261288
194200 -261288
194300 -261288
194400 -261288
194500 -261288
194600 -261288
194700 -261288
194800 -261288
194900 -261288
195000 -261288
195100 -261288
195200 -261288
195300 -261288
195400 -261288
195500 -261288
195600 -261288
195700 -261288
195800 -261288
195900 -261288
196000 -261288
196100 -261288
196200 -261288
196300 -261288
196400 -261288
196500 -261288
196600 -261288
196700 -261288
196800 -261288
196900 -261288
197000 -261288
197100 -261288
197200 -261288
197300 -261288
197400 -261288
197500 -261288
197600 -261288
197700 -261288
