200 -296168
300 -296168
400 -296168
500 -295241
600 -294591
700 -291398
800 -289149
900 -282817
1000 -282817
1100 -282817
1200 -282817
1300 -282274
1400 -282274
1500 -278813
1600 -278813
1700 -278813
1800 -278813
1900 -278813
2000 -278813
2100 -278813
2200 -278813
2300 -278813
2400 -278698
2500 -278698
2600 -277643
2700 -277643
2800 -276474
2900 -276474
3000 -275363
3100 -275363
3200 -275363
3300 -275363
3400 -275363
3500 -273619
3600 -273619
3700 -273619
3800 -270908
3900 -270908
4000 -270908
4100 -270908
4200 -270908
4300 -270908
4400 -270908
4500 -270908
4600 -270908
4700 -270908
4800 -270908
4900 -270908
5000 -270908
5100 -270908
5200 -270908
5300 -270698
5400 -270698
5500 -270698
5600 -270698
5700 -270698
5800 -270698
5900 -270698
6000 -270698
6100 -270698
6200 -270698
6300 -270698
6400 -270698
6500 -270698
6600 -270698
6700 -270030
6800 -270030
6900 -270030
7000 -270030
7100 -268985
7200 -268985
7300 -268985
7400 -268985
7500 -268985
7600 -268985
7700 -268985
7800 -268985
7900 -268985
8000 -268985
8100 -268985
8200 -268985
8300 -268985
8400 -268985
8500 -268985
8600 -268985
8700 -268985
8800 -268985
8900 -268985
9000 -268985
9100 -268985
9200 -268985
9300 -268985
9400 -268985
9500 -268985
9600 -268985
9700 -268985
9800 -268985
9900 -268985
10000 -268985
10100 -267878
10200 -267878
10300 -267878
10400 -267878
10500 -265513
10600 -265513
10700 -265513
10800 -265513
10900 -265513
11000 -265513
11100 -265513
11200 -265513
11300 -265513
11400 -265513
11500 -265513
11600 -265513
11700 -265513
11800 -265410
11900 -265410
12000 -265410
12100 -265410
12200 -265410
12300 -265410
12400 -265410
12500 -265291
12600 -265291
12700 -265291
12800 -265291
12900 -265291
13000 -265291
13100 -265291
13200 -265291
13300 -265291
13400 -265291
13500 -265291
13600 -265291
13700 -264833
13800 -264833
13900 -264833
14000 -264833
14100 -264833
14200 -264833
14300 -264833
14400 -264833
14500 -264833
14600 -264141
14700 -264141
14800 -264141
14900 -264141
15000 -264141
15100 -264141
15200 -264141
15300 -264141
15400 -264141
15500 -264141
15600 -264141
15700 -264141
15800 -264141
15900 -264141
16000 -264141
16100 -264141
16200 -264141
16300 -264141
16400 -264141
16500 -264141
16600 -264141
16700 -264141
16800 -264141
16900 -263567
17000 -263567
17100 -263567
17200 -263567
17300 -262654
17400 -262654
17500 -262654
17600 -262654
17700 -262654
17800 -262654
17900 -262654
18000 -262654
18100 -262654
18200 -262654
