600 -457609
900 -454647
1200 -451335
1500 -451335
1800 -449388
2100 -446514
2400 -446514
2700 -446514
3000 -446514
3300 -444299
3600 -443730
3900 -443547
4200 -443547
4500 -436165
4800 -436165
5100 -436165
5400 -436165
5700 -436165
6000 -436165
6300 -436165
6600 -436165
6900 -436165
7200 -436165
7500 -436165
7800 -436165
8100 -435171
8400 -435171
8700 -435171
9000 -432039
9300 -432039
9600 -432039
9900 -432039
10200 -432039
10500 -432039
10800 -432039
11100 -430850
11400 -430850
11700 -430850
12000 -430850
12300 -430850
12600 -430850
12900 -430850
13200 -430850
13500 -428024
13800 -428024
14100 -428024
14400 -428024
14700 -428024
15000 -428024
15300 -428024
15600 -428024
15900 -428024
16200 -428024
16500 -428024
16800 -428024
17100 -428024
17400 -428024
17700 -428024
18000 -428024
18300 -428024
18600 -428024
18900 -427526
19200 -427526
19500 -427526
19800 -427526
20100 -427526
20400 -427526
20700 -427526
21000 -427526
21300 -427526
21600 -427526
21900 -427526
22200 -427526
22500 -427526
22800 -427526
23100 -427526
23400 -427526
23700 -427526
24000 -427526
24300 -427526
24600 -427526
24900 -427526
25200 -427526
25500 -427526
25800 -427526
26100 -427089
26400 -427089
26700 -427089
27000 -427089
27300 -427089
27600 -427089
27900 -427089
28200 -425162
28500 -425162
28800 -425162
29100 -425162
29400 -425162
29700 -425162
30000 -425162
30300 -425162
30600 -425162
30900 -425162
31200 -425162
31500 -425162
31800 -425162
32100 -425162
32400 -425162
32700 -425162
33000 -425162
33300 -425162
33600 -425162
33900 -425162
34200 -425162
34500 -425162
34800 -425162
35100 -425162
35400 -425162
35700 -425162
36000 -425162
36300 -425162
36600 -425162
36900 -425113
37200 -425113
37500 -425113
37800 -425113
38100 -425113
38400 -425113
38700 -425113
39000 -425113
39300 -425113
39600 -425113
39900 -425113
40200 -425113
40500 -424255
40800 -424255
41100 -424255
41400 -424255
41700 -424255
42000 -424255
42300 -423619
42600 -423619
42900 -423619
43200 -423619
43500 -423619
43800 -423619
44100 -423619
44400 -423619
44700 -423619
45000 -423619
45300 -423619
45600 -423619
45900 -423619
46200 -423619
46500 -423619
46800 -423619
47100 -423619
47400 -423619
47700 -423619
48000 -423619
48300 -423619
48600 -423619
48900 -423619
49200 -423619
49500 -423619
49800 -423619
50100 -423619
50400 -423619
50700 -423619
51000 -423619
51300 -423619
51600 -423619
51900 -423619
52200 -423619
52500 -423619
52800 -423619
53100 -423619
53400 -423619
53700 -423619
54000 -423619
54300 -423619
54600 -423619
54900 -423619
55200 -423619
55500 -423619
55800 -423619
56100 -423619
56400 -423619
56700 -423619
57000 -423619
57300 -423619
57600 -423341
57900 -423341
58200 -423341
58500 -422540
58800 -422540
59100 -422540
59400 -422540
59700 -422540
60000 -422540
60300 -422540
60600 -422540
60900 -422540
61200 -422540
61500 -422540
61800 -422540
62100 -422353
62400 -422353
62700 -422353
63000 -422353
63300 -422353
63600 -422353
63900 -422353
64200 -422353
64500 -422353
64800 -422353
65100 -422353
65400 -422353
65700 -422353
66000 -422353
66300 -422353
66600 -422353
66900 -422353
67200 -422353
67500 -422353
67800 -422353
68100 -422353
68400 -422353
68700 -422353
69000 -422353
69300 -422353
69600 -422353
69900 -422353
70200 -422353
70500 -422353
70800 -422353
71100 -422353
71400 -422353
71700 -422353
72000 -422353
72300 -422353
72600 -422353
72900 -422353
73200 -422353
73500 -422353
73800 -422353
74100 -422353
74400 -422353
74700 -422353
75000 -422353
75300 -422353
75600 -422353
75900 -422353
76200 -422353
76500 -422353
76800 -422353
77100 -422353
77400 -422353
77700 -422353
78000 -422353
78300 -422353
78600 -422353
78900 -422353
79200 -422353
79500 -422353
79800 -422353
80100 -422353
80400 -422353
80700 -422353
81000 -422353
81300 -422353
81600 -422353
81900 -422353
82200 -422353
82500 -422353
82800 -422353
83100 -422353
83400 -422353
83700 -422353
84000 -422353
84300 -422353
84600 -422353
84900 -422353
85200 -422353
85500 -422353
85800 -422353
86100 -422353
86400 -422353
86700 -422353
87000 -422353
87300 -422353
87600 -422353
87900 -422353
88200 -422353
88500 -422353
88800 -422353
89100 -422353
89400 -422353
89700 -422353
90000 -422353
90300 -422353
90600 -422353
90900 -422353
91200 -422353
91500 -422353
91800 -422353
92100 -422353
92400 -422353
92700 -422353
93000 -422353
93300 -422353
93600 -422353
93900 -422353
94200 -422353
94500 -422353
94800 -422050
95100 -422050
95400 -422050
95700 -422050
96000 -422050
96300 -422050
96600 -422050
96900 -422050
97200 -422050
97500 -422050
97800 -422050
98100 -422050
98400 -422050
98700 -422050
99000 -422050
99300 -422050
99600 -422050
99900 -422050
100200 -422050
100500 -422050
100800 -420191
101100 -420191
101400 -420191
101700 -420191
102000 -420191
102300 -420191
102600 -420191
102900 -420191
103200 -420191
103500 -420191
103800 -420191
104100 -420191
104400 -420191
104700 -420191
105000 -420191
105300 -420191
105600 -420191
105900 -420191
106200 -420191
106500 -420191
106800 -420191
107100 -420191
107400 -420191
107700 -420191
108000 -420191
108300 -420191
108600 -420191
108900 -420191
109200 -420038
109500 -420038
