200 -357652
300 -357652
400 -352276
500 -352276
600 -352276
700 -350433
800 -349867
900 -344882
1000 -344882
1100 -343973
1200 -343973
1300 -343973
1400 -343973
1500 -343973
1600 -343973
1700 -341657
1800 -340493
1900 -340493
2000 -340493
2100 -340493
2200 -340493
2300 -340493
2400 -340493
2500 -340493
2600 -340493
2700 -338842
2800 -338842
2900 -338578
3000 -338578
3100 -338578
3200 -338578
3300 -338578
3400 -337519
3500 -337519
3600 -337395
3700 -337395
3800 -337395
3900 -337067
4000 -337067
4100 -335439
4200 -335439
4300 -335439
4400 -335439
4500 -335439
4600 -335439
4700 -335439
4800 -335439
4900 -335439
5000 -335439
5100 -335439
5200 -335439
5300 -335439
5400 -335439
5500 -335439
5600 -332195
5700 -332195
5800 -332195
5900 -332195
6000 -332195
6100 -332195
6200 -332195
6300 -332195
6400 -332195
6500 -332195
6600 -332195
6700 -332195
6800 -332195
6900 -332195
7000 -332195
7100 -332195
7200 -332195
7300 -332195
7400 -332195
7500 -332195
7600 -332195
7700 -332195
7800 -332195
7900 -332195
8000 -332195
8100 -332195
8200 -332195
8300 -331360
8400 -331360
8500 -331360
8600 -331360
8700 -331360
8800 -331360
8900 -331360
9000 -331360
9100 -331360
9200 -328836
9300 -328836
9400 -328836
9500 -328836
9600 -328836
9700 -328836
9800 -328836
9900 -328836
10000 -328836
10100 -328836
10200 -328836
10300 -328836
10400 -328836
10500 -328836
10600 -328836
10700 -328836
10800 -328836
10900 -328836
11000 -328836
11100 -328836
11200 -328836
11300 -328836
11400 -328836
11500 -328836
11600 -328836
11700 -328836
11800 -328836
11900 -328836
12000 -328836
12100 -328836
12200 -328836
12300 -328836
12400 -328836
12500 -328836
12600 -328836
12700 -328836
12800 -328836
12900 -328836
13000 -328836
13100 -328836
13200 -328836
13300 -328836
13400 -328836
13500 -328836
13600 -328836
13700 -328836
13800 -328836
13900 -328836
14000 -328836
14100 -328836
14200 -328836
14300 -328836
14400 -328836
14500 -328836
14600 -328836
14700 -328836
14800 -328836
14900 -328836
15000 -328836
15100 -328836
15200 -328836
15300 -328836
15400 -328836
15500 -328836
15600 -328836
15700 -328836
15800 -328836
15900 -328836
16000 -328836
16100 -328836
16200 -328836
16300 -328836
16400 -328836
16500 -328836
16600 -328836
16700 -328836
16800 -328836
16900 -328836
17000 -328836
17100 -328836
17200 -328836
17300 -328836
17400 -328836
17500 -328836
17600 -328836
17700 -328836
17800 -328836
17900 -328836
18000 -328836
18100 -328836
18200 -328836
18300 -328836
18400 -328836
18500 -328836
18600 -328836
18700 -328032
18800 -328032
18900 -328032
19000 -328032
19100 -328032
19200 -328032
19300 -327319
19400 -327319
19500 -327319
19600 -327319
19700 -327319
19800 -327319
19900 -327319
20000 -326329
20100 -326329
20200 -326329
20300 -326329
20400 -326329
20500 -326329
20600 -326329
20700 -326329
20800 -326329
20900 -326329
21000 -326329
21100 -326329
21200 -326329
21300 -326329
21400 -326329
21500 -326329
21600 -326329
21700 -326329
21800 -326329
21900 -326329
22000 -326329
22100 -326329
22200 -326329
22300 -326329
22400 -326329
22500 -326329
22600 -326329
22700 -326329
22800 -326329
22900 -326329
23000 -326329
23100 -326329
23200 -326329
23300 -326329
23400 -326329
23500 -326329
23600 -326329
23700 -326329
23800 -326329
23900 -326329
24000 -326329
24100 -326329
24200 -324799
24300 -324799
24400 -324799
24500 -324799
24600 -324799
24700 -324799
24800 -324799
24900 -324799
25000 -324799
25100 -324799
25200 -324799
25300 -324799
25400 -324799
25500 -324799
25600 -324799
25700 -324799
25800 -324799
25900 -324799
26000 -324799
26100 -324799
26200 -324799
26300 -324799
26400 -324799
26500 -324792
26600 -324792
26700 -324792
26800 -324792
26900 -324792
27000 -324391
27100 -324391
27200 -324391
27300 -324391
27400 -324391
27500 -324391
27600 -324391
27700 -324391
27800 -324391
27900 -324391
28000 -324391
28100 -324391
28200 -324391
28300 -324391
28400 -324391
28500 -324391
28600 -324391
28700 -324391
28800 -324391
28900 -324391
29000 -324391
29100 -324391
29200 -324391
29300 -324391
29400 -324391
29500 -324391
29600 -324391
29700 -324391
29800 -324391
29900 -324391
30000 -324391
30100 -324391
30200 -324391
30300 -324391
30400 -324391
30500 -324391
30600 -324391
30700 -324391
30800 -324391
30900 -324391
31000 -324391
31100 -324391
31200 -324391
31300 -324391
31400 -324391
31500 -324391
31600 -324391
31700 -324391
31800 -324391
31900 -324391
32000 -324391
32100 -324391
32200 -324391
32300 -324391
32400 -324391
32500 -324391
32600 -324391
32700 -324391
32800 -324391
32900 -324391
33000 -324391
33100 -324391
33200 -324391
33300 -324391
33400 -324391
33500 -324391
33600 -324391
33700 -324391
33800 -324391
33900 -324391
34000 -324391
34100 -324391
34200 -324391
34300 -324391
34400 -324391
34500 -324391
34600 -324391
34700 -324391
34800 -324391
34900 -324391
35000 -324391
35100 -324391
35200 -324391
35300 -324391
35400 -324391
35500 -324391
35600 -324391
35700 -324391
35800 -324391
35900 -324391
36000 -324391
36100 -324391
36200 -324391
36300 -324391
36400 -324391
36500 -324391
36600 -324391
36700 -324391
36800 -324391
36900 -324391
37000 -324391
37100 -322037
37200 -322037
37300 -322037
37400 -322037
37500 -322037
37600 -322037
37700 -322037
37800 -322037
37900 -322037
38000 -322037
38100 -322037
38200 -322037
38300 -322037
38400 -322037
38500 -322037
38600 -322037
38700 -322037
38800 -322037
38900 -322037
39000 -322037
39100 -322037
39200 -322037
39300 -322037
39400 -322037
39500 -322037
39600 -322037
39700 -322037
39800 -322037
39900 -322037
40000 -322037
40100 -322037
40200 -322037
40300 -322037
40400 -322037
40500 -322037
40600 -322037
40700 -322037
40800 -322037
40900 -322037
41000 -322037
41100 -322037
41200 -322037
41300 -322037
41400 -322037
41500 -322037
41600 -322037
41700 -322037
41800 -322037
41900 -322037
42000 -322037
42100 -322037
42200 -322037
42300 -322037
42400 -322037
42500 -322037
42600 -322037
42700 -322037
42800 -322037
42900 -322037
43000 -322037
43100 -322037
43200 -322037
43300 -322037
43400 -322037
43500 -322037
43600 -322037
43700 -322037
43800 -322037
43900 -322037
44000 -322037
44100 -322037
44200 -322037
44300 -322037
44400 -322037
44500 -322037
44600 -322037
44700 -322037
44800 -322037
44900 -322037
45000 -322037
45100 -322037
45200 -322037
45300 -322037
45400 -322037
45500 -322037
45600 -322037
45700 -322037
45800 -322037
45900 -322037
46000 -322037
46100 -322037
46200 -322037
46300 -322037
46400 -322037
46500 -322037
46600 -322037
46700 -322037
46800 -322037
46900 -322037
47000 -322037
47100 -322037
47200 -322037
47300 -322037
47400 -322037
47500 -322037
47600 -322037
47700 -322037
47800 -322037
47900 -322037
48000 -322037
48100 -322037
48200 -322037
48300 -322037
48400 -322037
48500 -322037
48600 -322037
48700 -322037
48800 -322037
48900 -322037
49000 -322037
49100 -322037
49200 -322037
49300 -322037
49400 -322037
49500 -322037
49600 -322037
49700 -322037
49800 -321638
49900 -321638
50000 -321638
50100 -321638
50200 -321638
50300 -321638
50400 -321638
50500 -321638
50600 -321638
50700 -321638
50800 -321638
50900 -321638
51000 -321638
51100 -321638
51200 -321638
51300 -321638
51400 -321638
51500 -321638
51600 -321638
51700 -321638
51800 -321638
51900 -321638
52000 -321638
52100 -321638
52200 -321638
52300 -321638
52400 -321638
52500 -321638
52600 -321638
52700 -321638
52800 -321638
52900 -321638
53000 -321638
53100 -321638
53200 -321638
53300 -321638
53400 -321638
53500 -321638
53600 -321638
53700 -321638
53800 -321638
53900 -321638
54000 -321638
54100 -321638
54200 -321638
54300 -321638
54400 -321638
54500 -321638
54600 -321638
54700 -321638
54800 -321638
54900 -321638
55000 -321638
55100 -321638
55200 -321638
55300 -321638
55400 -321638
55500 -321638
55600 -321638
55700 -321638
55800 -321638
55900 -321638
56000 -321638
56100 -321638
56200 -321638
56300 -321638
56400 -321638
56500 -321638
56600 -321638
56700 -321265
56800 -321265
56900 -321265
57000 -321265
57100 -321265
57200 -321265
57300 -321265
57400 -321265
57500 -321265
57600 -321265
57700 -321265
57800 -321265
57900 -321265
58000 -321265
58100 -321265
58200 -321265
58300 -321265
58400 -321265
58500 -321265
58600 -321265
58700 -321265
58800 -321265
58900 -321265
59000 -321265
59100 -321265
59200 -321265
59300 -321265
59400 -321265
59500 -321265
59600 -321265
59700 -321265
59800 -321265
59900 -321265
60000 -321265
60100 -321265
60200 -321265
60300 -321265
60400 -321265
60500 -321265
60600 -321265
60700 -321265
60800 -321265
60900 -321265
61000 -321265
61100 -321265
61200 -321265
61300 -321265
61400 -321265
61500 -321265
61600 -321265
61700 -321265
61800 -321265
61900 -321265
62000 -321265
62100 -321265
62200 -321265
62300 -321265
62400 -321265
62500 -321265
62600 -320864
62700 -320864
62800 -320864
62900 -320864
63000 -320864
63100 -320864
63200 -320864
63300 -320864
63400 -320864
63500 -320864
63600 -320864
63700 -320864
63800 -320864
63900 -320864
64000 -320864
64100 -320864
64200 -320864
64300 -320864
64400 -320864
64500 -320864
64600 -320864
64700 -320864
64800 -320864
64900 -320864
65000 -320864
65100 -320864
65200 -320864
65300 -320862
65400 -320862
65500 -320862
65600 -320862
65700 -320862
65800 -320862
65900 -320862
66000 -320862
66100 -320862
66200 -320862
66300 -320862
66400 -320862
66500 -320862
66600 -320862
66700 -320862
66800 -320862
66900 -320862
67000 -320862
67100 -320862
67200 -320862
67300 -320862
67400 -320862
67500 -320862
67600 -320862
67700 -320862
67800 -320862
67900 -320862
68000 -320862
68100 -320862
68200 -320862
68300 -320862
68400 -320862
68500 -320862
68600 -320862
68700 -320862
68800 -320862
68900 -320862
69000 -320862
69100 -320862
69200 -320862
69300 -320862
69400 -320862
69500 -320862
69600 -320862
69700 -320701
69800 -320701
69900 -320701
70000 -320701
70100 -320701
70200 -320701
