200 -298982
300 -298982
400 -293872
500 -292349
600 -292349
700 -292349
800 -292349
900 -292349
1000 -290454
1100 -289304
1200 -283230
1300 -283230
1400 -283230
1500 -277857
1600 -277857
1700 -277857
1800 -277857
1900 -277857
2000 -277857
2100 -277857
2200 -277857
2300 -277669
2400 -277669
2500 -277669
2600 -277669
2700 -277669
2800 -277669
2900 -277669
3000 -277669
3100 -277669
3200 -276283
3300 -276283
3400 -276283
3500 -276283
3600 -276283
3700 -276283
3800 -276283
3900 -275297
4000 -275297
4100 -275297
4200 -275297
4300 -274931
4400 -274931
4500 -274931
4600 -274931
4700 -274931
4800 -274931
4900 -274585
5000 -274585
5100 -274585
5200 -273974
5300 -273974
5400 -273974
5500 -273927
5600 -273927
5700 -273927
5800 -273927
5900 -273255
6000 -272879
6100 -272647
6200 -272647
6300 -272647
6400 -272647
6500 -272647
6600 -272354
6700 -272354
6800 -272354
6900 -272354
7000 -270286
7100 -270286
7200 -270286
7300 -270286
7400 -270286
7500 -270286
7600 -270286
7700 -270286
7800 -270286
7900 -270286
8000 -270286
8100 -270286
8200 -270286
8300 -270286
8400 -270052
8500 -270052
8600 -270052
8700 -270052
8800 -270052
8900 -270052
9000 -270052
9100 -270052
9200 -270052
9300 -270052
9400 -270052
9500 -270052
9600 -270052
9700 -270052
9800 -270052
9900 -270052
10000 -269434
10100 -269434
10200 -269434
10300 -269434
10400 -269434
10500 -269434
10600 -266246
10700 -266246
10800 -266246
10900 -266246
11000 -266246
11100 -266246
11200 -266246
11300 -266246
11400 -266246
11500 -266246
11600 -266246
11700 -266246
11800 -266246
11900 -266246
12000 -266246
12100 -266246
12200 -266246
12300 -266246
12400 -266246
12500 -266246
12600 -266246
12700 -266246
12800 -266246
12900 -266246
13000 -266246
13100 -266246
13200 -266246
13300 -266246
13400 -266246
13500 -266246
13600 -266246
13700 -266246
13800 -266246
13900 -266246
14000 -266246
14100 -266246
14200 -266246
14300 -266246
14400 -266246
14500 -266246
14600 -266246
14700 -266246
14800 -266246
14900 -266246
15000 -266246
15100 -266246
15200 -266246
15300 -266246
15400 -266246
15500 -266246
15600 -266246
15700 -266246
15800 -266246
15900 -266246
16000 -266246
16100 -266246
16200 -266246
16300 -266246
16400 -266153
16500 -266153
16600 -266153
16700 -266153
16800 -266153
16900 -266153
17000 -266153
17100 -266153
17200 -264274
17300 -264274
17400 -264274
17500 -264274
17600 -264274
17700 -264274
17800 -264274
17900 -264274
18000 -264274
18100 -264274
18200 -264274
18300 -264274
18400 -264274
18500 -264274
18600 -264274
18700 -264274
18800 -264274
18900 -264274
19000 -264274
19100 -264274
19200 -264274
19300 -264274
19400 -264274
19500 -264274
19600 -264274
19700 -264274
19800 -264274
19900 -264274
20000 -264274
20100 -264274
20200 -264004
20300 -264004
20400 -264004
20500 -264004
20600 -264004
20700 -264004
20800 -264004
20900 -264004
21000 -264004
21100 -264004
21200 -264004
21300 -264004
21400 -264004
21500 -264004
21600 -264004
21700 -264004
21800 -264004
21900 -264004
22000 -264004
22100 -264004
22200 -264004
22300 -263008
22400 -263008
22500 -263008
22600 -263008
22700 -263008
22800 -263008
22900 -263008
23000 -263008
23100 -263008
23200 -263008
23300 -263008
23400 -263008
23500 -263008
23600 -263008
23700 -263008
23800 -263008
23900 -263008
24000 -263008
24100 -263008
24200 -263008
24300 -263008
24400 -263008
24500 -263008
24600 -263008
24700 -263008
24800 -263008
24900 -263008
25000 -263008
25100 -263008
25200 -263008
25300 -263008
25400 -263008
25500 -263008
25600 -263008
25700 -263008
25800 -263008
25900 -263008
26000 -263008
26100 -263008
26200 -263008
26300 -263008
26400 -263008
26500 -263008
26600 -263008
26700 -263008
26800 -263008
26900 -263008
27000 -263008
27100 -263008
27200 -263008
27300 -263008
27400 -263008
27500 -263008
27600 -263008
27700 -263008
27800 -263008
27900 -263008
28000 -262200
28100 -262200
28200 -262200
28300 -262200
28400 -262200
28500 -262200
28600 -262200
28700 -262200
28800 -262200
28900 -262200
29000 -262200
29100 -262200
29200 -262200
29300 -262200
29400 -262200
29500 -262200
29600 -262200
29700 -262200
29800 -262200
29900 -262200
30000 -262200
30100 -262200
30200 -262200
30300 -262200
30400 -262200
30500 -262200
30600 -262200
30700 -262200
30800 -262200
30900 -262200
31000 -262200
31100 -262200
31200 -262200
31300 -262200
31400 -262200
31500 -262200
31600 -262200
31700 -262200
31800 -262200
31900 -262200
32000 -262200
32100 -262200
32200 -262200
32300 -262200
32400 -262200
32500 -262200
32600 -262169
32700 -262169
32800 -262169
32900 -262169
33000 -262169
33100 -262169
33200 -262169
33300 -262169
33400 -262169
33500 -262169
33600 -262169
33700 -262169
33800 -262169
33900 -262169
34000 -262169
34100 -262169
34200 -262169
34300 -262169
34400 -262169
34500 -262169
34600 -262169
34700 -262169
34800 -262169
34900 -262169
35000 -262169
35100 -262169
35200 -262169
35300 -262169
35400 -262169
35500 -262169
35600 -262169
35700 -262169
35800 -262169
35900 -262169
36000 -262169
36100 -262169
36200 -262169
36300 -262169
36400 -262169
36500 -262169
36600 -262169
36700 -262169
36800 -262169
36900 -262169
37000 -262169
37100 -262169
37200 -262169
37300 -262169
37400 -262169
37500 -262169
37600 -262169
37700 -262169
37800 -262169
37900 -262169
38000 -262169
38100 -262169
38200 -262169
38300 -262169
38400 -262169
38500 -262169
38600 -262169
38700 -262169
38800 -262169
38900 -262169
39000 -262169
39100 -262169
39200 -262169
39300 -262169
39400 -262169
39500 -262169
39600 -262169
39700 -262169
39800 -262169
39900 -262169
40000 -262169
40100 -262169
40200 -262169
40300 -262169
40400 -261144
40500 -261144
40600 -261144
40700 -261144
40800 -261144
40900 -261144
41000 -261144
41100 -261144
41200 -261144
41300 -261144
41400 -261144
41500 -261144
41600 -261144
41700 -261144
41800 -261144
41900 -261144
42000 -261144
42100 -261144
42200 -261144
42300 -261144
42400 -261144
42500 -261144
42600 -261144
42700 -261144
42800 -261144
42900 -261144
43000 -261144
43100 -261144
43200 -261144
43300 -261144
43400 -261144
43500 -261144
43600 -261144
43700 -261144
43800 -261144
43900 -261144
44000 -261144
44100 -261144
44200 -261144
44300 -261144
44400 -261144
44500 -261144
44600 -261144
44700 -261144
44800 -261144
44900 -261144
45000 -261144
45100 -261144
45200 -261144
45300 -261144
45400 -261144
45500 -261144
45600 -261144
45700 -261144
45800 -261144
45900 -261144
46000 -261144
46100 -261144
46200 -261144
46300 -261144
46400 -261144
46500 -261144
46600 -261144
46700 -261115
46800 -261115
46900 -261115
47000 -261115
47100 -261115
47200 -261115
47300 -261115
47400 -261115
47500 -261115
47600 -261115
47700 -261115
47800 -261115
47900 -261115
48000 -261115
48100 -261115
48200 -261115
48300 -261115
48400 -261115
48500 -261115
48600 -261115
48700 -261115
48800 -261115
48900 -261115
49000 -261115
49100 -261115
49200 -261115
49300 -261115
49400 -261115
49500 -261115
49600 -261115
49700 -261115
49800 -261115
49900 -261115
50000 -261115
50100 -261115
50200 -261115
50300 -261115
50400 -261115
50500 -261115
50600 -261115
50700 -261115
50800 -261115
50900 -261115
51000 -261115
51100 -261115
51200 -260642
51300 -260642
51400 -260642
51500 -260642
51600 -260642
51700 -260642
51800 -260642
51900 -260642
52000 -260642
52100 -260642
52200 -260642
52300 -260642
52400 -260642
52500 -260642
52600 -260642
52700 -260642
52800 -260642
52900 -260355
53000 -260355
53100 -260355
53200 -260355
53300 -260355
53400 -260355
53500 -260355
53600 -260355
53700 -260355
53800 -260355
53900 -260355
54000 -260355
54100 -260355
54200 -260355
54300 -260355
54400 -260355
54500 -260355
54600 -260355
54700 -260355
54800 -260355
54900 -260355
55000 -260355
55100 -260355
55200 -260355
55300 -260355
55400 -260355
55500 -260355
55600 -260355
55700 -260355
55800 -260355
55900 -260355
56000 -260355
56100 -260355
56200 -260355
56300 -260355
56400 -260355
56500 -260355
56600 -260355
56700 -260355
56800 -260355
56900 -260355
57000 -260355
57100 -260355
57200 -260355
57300 -260355
57400 -260355
57500 -260355
57600 -260355
57700 -260355
57800 -260355
57900 -260355
58000 -260355
58100 -260355
58200 -260355
58300 -260355
58400 -260355
58500 -260355
58600 -260355
58700 -260355
58800 -260355
58900 -260355
59000 -260355
59100 -260355
59200 -260355
59300 -260355
59400 -260355
59500 -260355
59600 -260036
59700 -260036
59800 -260036
59900 -260036
60000 -260036
60100 -260036
60200 -260036
60300 -260036
60400 -260036
60500 -260036
60600 -260036
60700 -260036
60800 -260036
60900 -260036
61000 -260036
61100 -260036
61200 -260036
61300 -260036
61400 -260036
61500 -260036
61600 -260036
61700 -260036
61800 -260036
61900 -260036
62000 -260036
62100 -260036
62200 -260036
62300 -260036
62400 -260036
62500 -260036
62600 -260036
62700 -260036
62800 -260036
62900 -260036
63000 -260036
63100 -260036
63200 -260036
63300 -260036
63400 -260036
63500 -260036
63600 -260036
63700 -260036
63800 -260036
63900 -260036
64000 -260036
64100 -260036
64200 -260036
64300 -260036
64400 -260036
64500 -260036
64600 -260036
64700 -260036
64800 -260036
64900 -260036
65000 -260036
65100 -260036
65200 -260036
65300 -260036
65400 -260036
65500 -260036
65600 -260036
65700 -260036
65800 -260036
65900 -260036
66000 -260036
66100 -260036
66200 -260036
66300 -260036
66400 -260036
66500 -260036
66600 -260036
66700 -260036
66800 -260036
66900 -260036
67000 -260036
67100 -260036
67200 -260036
67300 -260036
67400 -260036
67500 -260036
67600 -260036
67700 -260036
67800 -260036
67900 -260036
68000 -260036
68100 -260036
68200 -260036
68300 -260036
