200 -370983
300 -370983
400 -363297
500 -363297
600 -363297
700 -363297
800 -360004
900 -360004
1000 -360004
1100 -360004
1200 -360004
1300 -360004
1400 -353646
1500 -353646
1600 -353646
1700 -353646
1800 -353646
1900 -353646
2000 -353646
2100 -353646
2200 -353646
2300 -353646
2400 -353646
2500 -353646
2600 -352670
2700 -352670
2800 -352670
2900 -352670
3000 -352670
3100 -352198
3200 -350046
3300 -350046
3400 -350046
3500 -350046
3600 -350046
3700 -349936
3800 -349609
3900 -349609
4000 -349609
4100 -344857
4200 -344857
4300 -344857
4400 -344857
4500 -344857
4600 -344857
4700 -344857
4800 -344857
4900 -344857
5000 -344857
5100 -344857
5200 -344857
5300 -344857
5400 -344857
5500 -344857
5600 -344857
5700 -344857
5800 -344857
5900 -343896
6000 -343896
6100 -343896
6200 -343896
6300 -343896
6400 -343896
6500 -343896
6600 -343896
6700 -343896
6800 -343896
6900 -343896
7000 -343896
7100 -343896
7200 -343896
7300 -343896
7400 -343896
7500 -343896
7600 -343896
7700 -343896
7800 -343896
7900 -343896
8000 -343896
8100 -343896
8200 -343896
8300 -343896
8400 -343896
8500 -343896
8600 -343896
8700 -343896
8800 -343896
8900 -343896
9000 -343896
9100 -343896
9200 -343896
9300 -343744
9400 -343744
9500 -343744
9600 -343744
9700 -343744
9800 -343744
9900 -342956
10000 -342956
10100 -342956
10200 -340950
10300 -340950
10400 -340950
10500 -340950
10600 -340950
10700 -340950
10800 -340950
10900 -340950
11000 -340950
11100 -340950
11200 -340950
11300 -340950
11400 -340950
11500 -340950
11600 -340950
11700 -340588
11800 -340588
11900 -340588
12000 -340588
12100 -340588
12200 -340588
12300 -340588
12400 -340588
12500 -340588
12600 -340588
12700 -340588
12800 -340588
12900 -340588
13000 -340588
13100 -340588
13200 -340588
13300 -340588
13400 -340588
13500 -340588
13600 -340588
13700 -340588
13800 -340588
13900 -340588
14000 -340588
14100 -340588
14200 -340588
14300 -340588
14400 -340588
14500 -340588
14600 -340588
14700 -340588
14800 -340588
14900 -340588
15000 -340588
15100 -340588
15200 -340588
15300 -340588
15400 -340588
15500 -340588
15600 -340588
15700 -340588
15800 -340588
15900 -340588
16000 -340588
16100 -340588
16200 -340588
16300 -340588
16400 -340588
16500 -340588
16600 -340588
16700 -340588
16800 -340588
16900 -340588
17000 -340588
17100 -340588
17200 -340588
17300 -340588
17400 -340588
17500 -340588
17600 -340588
17700 -340588
17800 -340588
17900 -340588
18000 -340588
18100 -340588
18200 -340588
18300 -340588
18400 -340588
18500 -340588
18600 -340588
18700 -340588
18800 -340588
18900 -340588
19000 -340588
19100 -340588
19200 -340588
19300 -340588
19400 -340588
19500 -340588
19600 -340588
19700 -339600
19800 -339600
19900 -339600
20000 -339600
20100 -339600
20200 -339600
20300 -339600
20400 -339600
20500 -339600
20600 -339600
20700 -339600
20800 -339600
20900 -339600
21000 -339600
21100 -339600
21200 -339600
21300 -339600
21400 -339600
21500 -339600
21600 -339600
21700 -339600
21800 -339217
21900 -339217
22000 -339217
22100 -339217
22200 -339217
22300 -339217
22400 -339217
22500 -339217
22600 -339217
22700 -339217
22800 -339217
22900 -339217
23000 -339217
23100 -339217
23200 -339217
23300 -339217
23400 -339217
23500 -339217
23600 -339217
23700 -339217
23800 -339217
23900 -339217
24000 -339217
24100 -339217
24200 -339217
24300 -339217
24400 -339217
24500 -339217
24600 -339217
24700 -339217
24800 -339217
24900 -336373
25000 -336373
25100 -336373
25200 -336373
25300 -336373
25400 -336373
25500 -336373
25600 -336373
25700 -336373
25800 -336373
25900 -336373
26000 -336373
26100 -336373
26200 -336373
26300 -336373
26400 -336373
26500 -336373
26600 -336373
26700 -336373
26800 -336373
26900 -336373
27000 -336373
27100 -336373
27200 -336373
27300 -336373
27400 -336373
27500 -336373
27600 -336373
27700 -336373
27800 -336373
27900 -336373
28000 -336373
28100 -336373
28200 -336373
28300 -336373
28400 -336373
28500 -336373
28600 -336373
28700 -336373
28800 -336373
