200 -376475
300 -368151
400 -363900
500 -363900
600 -363900
700 -363900
800 -363128
900 -363128
1000 -359043
1100 -359043
1200 -359043
1300 -359043
1400 -356777
1500 -356777
1600 -356777
1700 -356777
1800 -356777
1900 -355228
2000 -355228
2100 -355228
2200 -348806
2300 -348806
2400 -348806
2500 -348806
2600 -348806
2700 -348806
2800 -348806
2900 -348806
3000 -348806
3100 -348553
3200 -348553
3300 -348553
3400 -348553
3500 -348553
3600 -348553
3700 -348553
3800 -348553
3900 -348553
4000 -348553
4100 -348553
4200 -348553
4300 -348553
4400 -347030
4500 -347030
4600 -347030
4700 -347030
4800 -347030
4900 -344273
5000 -344273
5100 -344273
5200 -344273
5300 -344273
5400 -344273
5500 -344273
5600 -344273
5700 -344273
5800 -344273
5900 -344273
6000 -344273
6100 -344273
6200 -344273
6300 -342777
6400 -342777
6500 -342777
6600 -342777
6700 -342777
6800 -342777
6900 -342777
7000 -342777
7100 -342777
7200 -342777
7300 -342777
7400 -342777
7500 -342777
7600 -342777
7700 -342777
7800 -342777
7900 -342777
8000 -342777
8100 -342777
8200 -342777
8300 -342777
8400 -342777
8500 -342777
8600 -342777
8700 -342357
8800 -342357
8900 -342357
9000 -342357
9100 -342357
9200 -342357
9300 -342357
9400 -342357
9500 -342357
9600 -342357
9700 -342357
9800 -342305
9900 -342305
10000 -342305
10100 -340776
10200 -340776
10300 -340500
10400 -340500
10500 -340500
10600 -340500
10700 -340500
10800 -340500
10900 -340500
11000 -340500
11100 -340500
11200 -340500
11300 -340500
11400 -340500
11500 -340500
11600 -340500
11700 -340500
11800 -340500
11900 -340500
12000 -340500
12100 -340500
12200 -340500
12300 -340500
12400 -340500
12500 -340500
12600 -340500
12700 -340500
12800 -340500
12900 -340500
13000 -340500
13100 -340500
13200 -340500
13300 -340500
13400 -340500
13500 -340500
13600 -340500
13700 -340500
13800 -340500
13900 -340500
14000 -340500
14100 -340500
14200 -340500
14300 -340500
14400 -337772
14500 -337772
14600 -337772
14700 -337772
14800 -337772
14900 -337772
15000 -337772
15100 -337772
15200 -337772
15300 -337772
15400 -337772
15500 -337772
15600 -337772
15700 -337772
15800 -337772
15900 -337772
16000 -337772
16100 -337772
16200 -337772
16300 -337772
16400 -337772
16500 -337772
16600 -337772
16700 -337772
16800 -337772
16900 -337772
17000 -337772
17100 -337772
17200 -337772
17300 -337772
17400 -337772
17500 -337772
17600 -337772
17700 -337772
17800 -337772
17900 -337772
18000 -337772
18100 -337772
18200 -337772
18300 -337772
18400 -337772
18500 -337772
18600 -337772
18700 -337772
18800 -337772
18900 -337772
19000 -337772
19100 -337772
19200 -337772
19300 -337772
19400 -337772
19500 -337772
19600 -337772
19700 -337772
19800 -337772
19900 -337772
20000 -337772
20100 -337772
20200 -337772
20300 -337772
20400 -337772
20500 -337772
20600 -337772
20700 -337772
20800 -337772
20900 -337772
21000 -337772
21100 -337772
21200 -337772
21300 -337772
21400 -337772
21500 -337772
21600 -337772
21700 -337772
21800 -337747
21900 -336769
22000 -336769
22100 -336769
22200 -336769
22300 -336769
22400 -336769
22500 -336769
22600 -336769
22700 -336769
22800 -336769
22900 -336769
23000 -336769
23100 -336769
23200 -336769
23300 -336769
23400 -336769
23500 -336769
23600 -336769
23700 -336769
23800 -336769
23900 -336769
24000 -336769
24100 -336769
24200 -336769
24300 -336158
24400 -336158
24500 -336158
24600 -336158
24700 -336158
24800 -336158
24900 -336158
25000 -336158
25100 -334720
25200 -334720
25300 -334720
25400 -334720
25500 -334720
25600 -334720
25700 -334720
25800 -334720
25900 -334720
26000 -334720
26100 -334720
26200 -334720
