200 -342622
300 -342207
400 -341614
500 -339379
600 -337655
700 -331350
800 -331350
900 -323981
1000 -323981
1100 -323981
1200 -323981
1300 -323981
1400 -323981
1500 -323981
1600 -323981
1700 -323981
1800 -323981
1900 -323981
2000 -323981
2100 -320579
2200 -320579
2300 -320579
2400 -320579
2500 -320579
2600 -320579
2700 -320579
2800 -320579
2900 -320579
3000 -318616
3100 -318616
3200 -318616
3300 -318616
3400 -318616
3500 -318616
3600 -318390
3700 -318390
3800 -318390
3900 -318390
4000 -318390
4100 -318390
4200 -318390
4300 -318390
4400 -318390
4500 -318390
4600 -317827
4700 -316045
4800 -315757
4900 -315757
5000 -315757
5100 -315757
5200 -315757
5300 -315757
5400 -314438
5500 -314438
5600 -314438
5700 -314438
5800 -314438
5900 -314438
6000 -314438
6100 -314438
6200 -314438
6300 -314438
6400 -314438
6500 -314423
6600 -314423
6700 -314423
6800 -312214
6900 -312214
7000 -312214
7100 -312214
7200 -312214
7300 -312214
7400 -312214
7500 -312214
7600 -312214
7700 -312214
7800 -312214
7900 -312214
8000 -312214
8100 -312214
8200 -312214
8300 -312214
8400 -312214
8500 -312214
8600 -312214
8700 -312214
8800 -312214
8900 -312214
9000 -310357
9100 -310357
9200 -310357
9300 -310357
9400 -310357
9500 -310357
9600 -310357
9700 -310357
9800 -310357
9900 -310357
10000 -310357
10100 -310357
10200 -310357
10300 -310357
10400 -310357
10500 -310357
10600 -310357
10700 -310357
10800 -310357
10900 -310357
11000 -310357
11100 -310357
11200 -310357
11300 -310357
11400 -310357
11500 -310357
11600 -310357
11700 -310357
11800 -310357
11900 -310357
12000 -310357
12100 -310357
12200 -310357
12300 -310357
12400 -310357
12500 -310357
12600 -310357
12700 -310357
12800 -309223
12900 -309223
13000 -309223
13100 -309223
13200 -309223
13300 -309223
13400 -309223
13500 -309223
13600 -309223
13700 -309223
13800 -309223
13900 -309223
14000 -309223
14100 -309223
14200 -309223
14300 -309223
14400 -309223
14500 -308729
14600 -308729
14700 -308729
14800 -308729
14900 -307428
15000 -307428
15100 -307428
15200 -307428
15300 -307428
15400 -307428
15500 -307428
15600 -307428
15700 -307428
15800 -307428
15900 -307428
16000 -307428
16100 -307428
16200 -307428
16300 -307428
16400 -307125
16500 -307125
16600 -307125
16700 -307125
16800 -307125
16900 -307125
17000 -307125
17100 -307125
17200 -307125
17300 -307125
17400 -307125
17500 -307125
17600 -307125
17700 -307125
17800 -307125
17900 -307125
18000 -307125
18100 -307125
18200 -307125
18300 -307125
18400 -307125
18500 -307125
18600 -307125
18700 -307125
18800 -307125
18900 -307125
19000 -307125
19100 -307125
19200 -307125
19300 -307125
19400 -307125
19500 -307125
19600 -307125
19700 -307125
19800 -307125
19900 -307125
20000 -307125
20100 -307125
20200 -307125
20300 -307125
20400 -307125
20500 -307125
20600 -307125
20700 -307125
20800 -307125
20900 -307125
21000 -307125
21100 -307125
21200 -307125
21300 -307125
21400 -307125
21500 -307125
21600 -307125
21700 -307125
21800 -307125
21900 -307125
22000 -307125
22100 -307125
22200 -307125
22300 -307125
22400 -307125
22500 -307125
22600 -307125
22700 -307125
22800 -307125
22900 -307125
23000 -307125
23100 -307125
23200 -307125
23300 -307125
23400 -307125
23500 -307125
23600 -307125
23700 -307125
23800 -307125
23900 -307125
24000 -307125
24100 -307125
24200 -306700
24300 -306700
24400 -306340
24500 -306340
24600 -306340
24700 -306340
24800 -306340
24900 -306340
25000 -303965
25100 -303965
25200 -303965
25300 -303965
25400 -303965
25500 -303965
25600 -303965
25700 -303965
25800 -303965
25900 -303965
26000 -303965
26100 -303965
26200 -303965
26300 -303965
26400 -303965
26500 -303965
26600 -303965
26700 -303965
26800 -303965
26900 -303965
27000 -303965
27100 -303965
27200 -303965
27300 -303965
27400 -303965
27500 -303965
27600 -303965
27700 -303965
27800 -303965
27900 -303965
28000 -303965
28100 -303965
28200 -303965
28300 -303965
28400 -303965
28500 -303965
28600 -303965
28700 -303965
28800 -303965
28900 -303965
29000 -303965
29100 -303965
29200 -303965
29300 -303965
29400 -303965
29500 -303965
29600 -303965
29700 -303965
29800 -303965
29900 -303965
30000 -303965
30100 -303965
30200 -303965
30300 -303965
30400 -303965
30500 -303965
30600 -303965
30700 -303965
30800 -303965
30900 -303965
31000 -303965
31100 -303965
31200 -303965
31300 -303965
31400 -303965
31500 -303965
31600 -303965
31700 -303965
31800 -303965
31900 -303965
32000 -303965
32100 -303965
32200 -303965
32300 -303965
32400 -303965
32500 -303965
32600 -303965
32700 -303965
32800 -303965
32900 -303965
33000 -303965
33100 -302573
33200 -302573
33300 -302573
33400 -302573
33500 -302573
33600 -302573
33700 -302573
33800 -302573
33900 -302573
34000 -302573
34100 -302573
34200 -302573
34300 -302573
34400 -302573
34500 -302573
34600 -302573
34700 -302573
34800 -302573
34900 -302573
35000 -302573
35100 -302573
35200 -302573
35300 -302573
35400 -302573
35500 -302573
35600 -302573
35700 -302573
35800 -302573
35900 -302573
36000 -302573
36100 -302573
36200 -302573
36300 -302573
36400 -302573
36500 -302573
36600 -302573
36700 -302573
36800 -302573
36900 -302573
37000 -302573
37100 -302573
37200 -302573
37300 -302573
37400 -302573
37500 -302573
37600 -302573
37700 -302573
37800 -302573
37900 -302573
38000 -302573
38100 -302573
38200 -302573
38300 -302573
38400 -302573
38500 -302573
38600 -302573
38700 -302573
38800 -302573
38900 -302573
39000 -302573
39100 -302573
39200 -302573
39300 -302573
39400 -302573
39500 -302573
39600 -302573
39700 -302573
39800 -302573
39900 -302573
40000 -302573
40100 -302573
40200 -302573
40300 -302573
40400 -302573
40500 -302573
40600 -302573
40700 -302573
40800 -302573
40900 -302573
41000 -302573
41100 -302573
41200 -302573
41300 -302573
41400 -302573
41500 -302573
41600 -302573
41700 -302573
41800 -302573
41900 -302573
42000 -302573
42100 -302573
42200 -302573
42300 -302573
42400 -302573
42500 -302573
42600 -302573
42700 -302573
42800 -302573
42900 -302573
43000 -302573
43100 -302573
43200 -302573
43300 -302573
43400 -302573
43500 -302573
43600 -302573
43700 -302573
43800 -302573
43900 -302573
44000 -302573
44100 -302573
44200 -302573
44300 -302573
44400 -302573
44500 -302573
44600 -302573
44700 -302573
44800 -302573
44900 -302573
45000 -302573
