600 -450122
900 -443671
1200 -443671
1500 -443671
1800 -442606
2100 -442606
2400 -436627
2700 -436627
3000 -436627
3300 -436627
3600 -436627
3900 -436627
4200 -436627
4500 -436627
4800 -436627
5100 -432965
5400 -432965
5700 -431956
6000 -431956
6300 -431956
6600 -431956
6900 -428119
7200 -428119
7500 -428119
7800 -428119
8100 -428119
8400 -428119
8700 -428119
9000 -428119
9300 -428119
9600 -428119
9900 -428119
10200 -425602
10500 -425602
10800 -425602
11100 -425602
11400 -425602
11700 -425602
12000 -425602
12300 -425602
12600 -425602
12900 -425602
13200 -425602
13500 -424785
13800 -424785
14100 -424785
14400 -424785
14700 -424785
15000 -424785
15300 -424785
15600 -424785
15900 -424785
16200 -424785
16500 -424785
16800 -423252
17100 -423252
17400 -423252
17700 -423252
18000 -423252
18300 -423252
18600 -423252
18900 -423252
19200 -423252
19500 -423252
19800 -423252
20100 -423252
20400 -423252
20700 -423252
21000 -422968
21300 -422287
21600 -422287
21900 -422287
22200 -422287
22500 -422287
22800 -422287
23100 -422287
23400 -422287
23700 -422287
24000 -421248
24300 -421248
24600 -421248
24900 -421248
25200 -421248
25500 -421248
25800 -421248
26100 -421248
26400 -421248
26700 -421248
27000 -421248
27300 -421248
27600 -421248
27900 -421248
28200 -421248
28500 -421248
28800 -421248
29100 -421248
29400 -419631
29700 -419631
30000 -419631
30300 -419631
30600 -419631
30900 -419631
31200 -419631
31500 -419631
31800 -419631
32100 -419631
32400 -419631
32700 -419631
33000 -419631
33300 -419631
33600 -419631
33900 -419631
34200 -419631
34500 -419631
34800 -419631
35100 -419631
35400 -419631
35700 -419631
36000 -418548
36300 -418548
36600 -418548
36900 -418548
37200 -418548
37500 -418548
37800 -418548
38100 -418548
38400 -418548
38700 -418548
39000 -418548
39300 -418548
39600 -418548
39900 -418548
40200 -415422
40500 -415422
40800 -415422
41100 -415422
41400 -415422
41700 -415422
42000 -415422
42300 -415422
42600 -415422
42900 -415422
43200 -415422
43500 -415422
43800 -415422
44100 -415422
44400 -415422
44700 -415422
45000 -415422
45300 -415422
45600 -415422
45900 -415422
46200 -415422
46500 -415422
46800 -415422
47100 -415422
47400 -415422
47700 -415422
48000 -415422
48300 -415422
48600 -415422
48900 -415422
49200 -415422
49500 -415422
49800 -415422
50100 -415422
50400 -415422
50700 -415422
51000 -415422
51300 -415422
51600 -415422
51900 -415422
52200 -415422
52500 -415422
52800 -415422
53100 -415422
53400 -415422
53700 -415422
54000 -415422
54300 -415422
54600 -415422
54900 -415422
55200 -415422
55500 -415422
55800 -415422
56100 -415422
56400 -415422
56700 -415422
57000 -415422
57300 -415422
57600 -415422
57900 -415422
