600 -449210
900 -442741
1200 -439855
1500 -439855
1800 -439855
2100 -439538
2400 -439538
2700 -438441
3000 -437644
3300 -436593
3600 -435966
3900 -427703
4200 -427703
4500 -427703
4800 -427703
5100 -427703
5400 -427703
5700 -427659
6000 -427659
6300 -427659
6600 -427659
6900 -427659
7200 -427659
7500 -427659
7800 -425288
8100 -425288
8400 -425288
8700 -425288
9000 -425288
9300 -425288
9600 -425288
9900 -425288
10200 -425288
10500 -425288
10800 -425288
11100 -424605
11400 -424605
11700 -424605
12000 -421197
12300 -421197
12600 -421197
12900 -421197
13200 -421197
13500 -421197
13800 -421197
14100 -418267
14400 -418267
14700 -418267
15000 -418267
15300 -418267
15600 -418267
15900 -418267
16200 -418267
16500 -418267
16800 -418267
17100 -418267
17400 -418267
17700 -418267
18000 -418267
18300 -418267
18600 -418267
18900 -418267
19200 -416492
19500 -416492
19800 -416492
20100 -416492
20400 -416492
20700 -416492
21000 -416492
21300 -416492
21600 -416492
21900 -416492
22200 -414945
22500 -414945
22800 -414945
23100 -414945
23400 -414945
23700 -414945
24000 -414945
24300 -414945
24600 -414945
24900 -414945
25200 -414945
25500 -414945
25800 -414945
26100 -414945
26400 -414945
26700 -414945
27000 -414945
27300 -414945
27600 -414945
27900 -414945
28200 -414945
28500 -414945
28800 -414945
29100 -414945
29400 -414945
29700 -414945
30000 -414945
30300 -414945
30600 -414945
30900 -414945
31200 -414945
31500 -414945
31800 -414945
32100 -414945
32400 -414945
32700 -414945
33000 -414945
33300 -414945
33600 -414945
33900 -414945
34200 -414945
34500 -414945
34800 -414945
35100 -414945
35400 -414945
35700 -414945
36000 -414945
36300 -414945
36600 -412917
36900 -412917
37200 -412917
37500 -412917
37800 -412757
38100 -412757
38400 -412757
38700 -412757
39000 -412757
39300 -412757
39600 -412757
39900 -412757
40200 -412757
40500 -412757
40800 -412757
41100 -412757
41400 -412757
41700 -412757
42000 -412757
42300 -412757
42600 -412757
42900 -412184
43200 -412184
43500 -412184
43800 -412184
44100 -412184
44400 -412184
44700 -412184
45000 -412184
45300 -412184
45600 -412184
45900 -412184
46200 -412184
46500 -412184
46800 -412184
47100 -412184
47400 -412184
47700 -412184
48000 -412184
48300 -412184
48600 -412184
48900 -412184
49200 -412184
49500 -412184
49800 -412184
50100 -412184
50400 -412184
50700 -412184
51000 -412184
51300 -412184
51600 -412184
51900 -412184
52200 -412184
52500 -412184
52800 -412184
53100 -412184
53400 -412184
53700 -412184
54000 -412184
54300 -412184
54600 -412184
54900 -412184
55200 -412184
55500 -412184
55800 -412184
56100 -412184
56400 -411854
56700 -411854
57000 -411854
57300 -411854
57600 -411854
57900 -411854
58200 -411854
