200 -356500
300 -356500
400 -356500
500 -347534
600 -347534
700 -347534
800 -347534
900 -347534
1000 -343372
1100 -343372
1200 -343372
1300 -343372
1400 -343372
1500 -343120
1600 -341934
1700 -341934
1800 -340255
1900 -339387
2000 -339387
2100 -339387
2200 -339387
2300 -339387
2400 -339387
2500 -335985
2600 -335985
2700 -335985
2800 -335985
2900 -335985
3000 -335985
3100 -335985
3200 -335985
3300 -335985
3400 -335985
3500 -334640
3600 -334640
3700 -334640
3800 -334640
3900 -333829
4000 -333829
4100 -331085
4200 -331085
4300 -331085
4400 -331085
4500 -331085
4600 -331085
4700 -331085
4800 -331085
4900 -331085
5000 -331085
5100 -329303
5200 -329303
5300 -329303
5400 -329303
5500 -329303
5600 -329303
5700 -329303
5800 -329303
5900 -329303
6000 -329303
6100 -329303
6200 -329303
6300 -329303
6400 -329303
6500 -329303
6600 -329303
6700 -327846
6800 -327846
6900 -327846
7000 -327846
7100 -327846
7200 -327846
7300 -327846
7400 -327846
7500 -327846
7600 -327846
7700 -327846
7800 -327846
7900 -327846
8000 -327846
8100 -327846
8200 -327846
8300 -327409
8400 -327409
8500 -327409
8600 -327409
8700 -327409
8800 -327409
8900 -327409
9000 -327409
9100 -327409
9200 -327409
9300 -327409
9400 -327134
9500 -327134
9600 -326729
9700 -326729
9800 -326729
9900 -325749
10000 -325749
10100 -325749
10200 -325749
10300 -325749
10400 -325749
10500 -325749
10600 -325749
10700 -325749
10800 -325749
10900 -325749
11000 -325749
11100 -325749
11200 -325749
11300 -325749
11400 -325749
11500 -325749
11600 -325749
11700 -325749
11800 -325749
11900 -324435
12000 -323921
12100 -323921
12200 -323921
12300 -323921
12400 -323921
12500 -323921
12600 -323921
12700 -323921
12800 -323921
12900 -323921
13000 -323921
13100 -323921
13200 -323921
13300 -323921
13400 -321675
13500 -321675
13600 -321675
13700 -321675
13800 -321675
13900 -321675
14000 -321675
14100 -321675
14200 -321675
14300 -321675
14400 -321675
14500 -321675
14600 -321675
14700 -321675
14800 -321675
14900 -321675
15000 -321675
15100 -321675
