200 -288207
300 -288207
400 -277949
500 -277949
600 -277949
700 -277611
800 -277611
900 -273007
1000 -273007
1100 -270371
1200 -270371
1300 -270088
1400 -270088
1500 -269505
1600 -267555
1700 -267555
1800 -267555
1900 -267555
2000 -264007
2100 -264007
2200 -264007
2300 -264007
2400 -264007
2500 -264007
2600 -263917
2700 -263917
2800 -263917
2900 -261498
3000 -261498
3100 -261498
3200 -261498
3300 -261498
3400 -261498
3500 -261498
3600 -260751
3700 -260751
3800 -260751
3900 -260751
4000 -260751
4100 -260751
4200 -260751
4300 -260751
4400 -260751
4500 -260751
4600 -260751
4700 -260751
4800 -260751
4900 -260751
5000 -259266
5100 -259266
5200 -259266
5300 -259266
5400 -259266
5500 -259266
5600 -259266
5700 -259266
5800 -259266
5900 -259266
6000 -259266
6100 -259266
6200 -258453
6300 -258453
6400 -257157
6500 -257157
6600 -255301
6700 -255301
6800 -255301
6900 -255301
7000 -255301
7100 -255301
7200 -255301
7300 -255301
7400 -255301
7500 -255301
7600 -255301
7700 -255301
7800 -255301
7900 -255301
8000 -255301
8100 -255301
8200 -255301
8300 -255301
8400 -255301
8500 -255301
8600 -255301
8700 -255301
8800 -255301
8900 -255301
9000 -255301
9100 -255301
9200 -255301
9300 -255301
9400 -255301
9500 -253959
9600 -253959
9700 -253959
9800 -253959
9900 -253959
10000 -253959
10100 -253959
10200 -253959
10300 -253413
10400 -253413
10500 -253413
10600 -253413
10700 -253413
10800 -253413
10900 -253413
11000 -253413
11100 -253413
11200 -253413
11300 -253413
11400 -253413
11500 -253413
11600 -253413
11700 -253413
11800 -252537
11900 -252537
12000 -252537
12100 -252537
12200 -252537
12300 -252537
12400 -252537
12500 -252537
12600 -252537
12700 -252537
12800 -252537
12900 -252537
13000 -252537
13100 -252537
13200 -252537
13300 -252537
13400 -252537
13500 -252537
13600 -252537
13700 -252537
13800 -252537
13900 -252537
14000 -252537
14100 -252537
14200 -252537
14300 -252537
14400 -252537
14500 -251756
14600 -251756
14700 -251756
14800 -251756
14900 -251756
15000 -251756
15100 -251756
15200 -251756
15300 -251756
15400 -251756
15500 -251756
15600 -251756
15700 -251756
15800 -251756
15900 -251756
16000 -251756
16100 -249442
16200 -249442
16300 -249442
16400 -249442
16500 -249442
16600 -249442
16700 -249442
16800 -249442
16900 -249442
17000 -249442
17100 -249442
17200 -249442
17300 -249442
17400 -249442
17500 -249442
17600 -249442
17700 -249442
17800 -249442
17900 -249442
18000 -249442
18100 -249442
18200 -249442
18300 -249442
18400 -249442
18500 -249442
18600 -249442
18700 -249442
18800 -249442
18900 -249442
19000 -249442
19100 -249442
19200 -249442
19300 -249442
19400 -249442
19500 -249442
19600 -249442
19700 -249255
19800 -249255
19900 -249255
20000 -249255
20100 -249255
20200 -249255
20300 -249255
20400 -249255
20500 -249255
20600 -249255
20700 -249255
20800 -249255
20900 -249255
21000 -249255
21100 -249255
21200 -249255
21300 -249255
21400 -249255
21500 -249255
21600 -249255
21700 -249255
21800 -249255
21900 -249255
22000 -249255
22100 -249255
22200 -249255
22300 -249255
22400 -249255
22500 -249255
22600 -249255
22700 -249255
