200 -291312
300 -291312
400 -288537
500 -288537
600 -288537
700 -288489
800 -286043
900 -283784
1000 -282300
1100 -282300
1200 -278917
1300 -278917
1400 -278917
1500 -278336
1600 -277371
1700 -277371
1800 -277371
1900 -275241
2000 -275241
2100 -273949
2200 -273949
2300 -273949
2400 -273412
2500 -273412
2600 -270633
2700 -270633
2800 -270633
2900 -267739
3000 -267739
3100 -267739
3200 -267739
3300 -267739
3400 -267739
3500 -267739
3600 -267739
3700 -267271
3800 -267271
3900 -267271
4000 -267271
4100 -267271
4200 -267271
4300 -267271
4400 -267271
4500 -267271
4600 -267271
4700 -267271
4800 -267271
4900 -267271
5000 -267271
5100 -267271
5200 -267271
5300 -267271
5400 -267271
5500 -267271
5600 -267271
5700 -267271
5800 -267271
5900 -267271
6000 -267050
6100 -267050
6200 -266489
6300 -265806
6400 -264839
6500 -264839
6600 -264839
6700 -264839
6800 -264839
6900 -264839
7000 -264839
7100 -264839
7200 -264839
7300 -264839
7400 -264839
7500 -264839
7600 -264324
7700 -264324
7800 -264324
7900 -264324
8000 -264324
8100 -264324
8200 -264324
8300 -264324
8400 -264324
8500 -264324
8600 -264324
8700 -264324
8800 -264324
8900 -264324
9000 -264324
9100 -263348
9200 -263348
9300 -263348
9400 -263348
9500 -263348
9600 -263348
9700 -263348
9800 -263348
9900 -263348
10000 -263348
10100 -263348
10200 -263348
10300 -263348
10400 -263348
10500 -263348
10600 -263348
10700 -263348
10800 -263348
10900 -263348
11000 -263348
11100 -263348
11200 -263348
11300 -263219
11400 -263219
11500 -263219
11600 -263219
11700 -261900
11800 -261900
11900 -261900
12000 -261900
12100 -261900
12200 -261900
12300 -261900
12400 -261900
12500 -261900
12600 -261900
12700 -261900
12800 -261900
12900 -261900
13000 -261900
13100 -261900
13200 -261900
13300 -261356
13400 -261356
13500 -261356
13600 -261356
13700 -261356
13800 -261356
13900 -261356
14000 -261356
14100 -261356
14200 -261356
14300 -261356
14400 -261356
14500 -261356
14600 -261356
14700 -261356
14800 -261356
14900 -261193
15000 -261193
15100 -261193
15200 -261193
15300 -261193
15400 -261193
15500 -261193
15600 -261004
15700 -261004
15800 -261004
15900 -261004
16000 -261004
16100 -261004
16200 -261004
16300 -261004
16400 -261004
16500 -261004
16600 -261004
16700 -261004
16800 -261004
16900 -261004
17000 -261004
17100 -261004
17200 -261004
17300 -260427
17400 -260427
17500 -260427
17600 -260427
17700 -260427
17800 -260427
17900 -260427
18000 -260427
18100 -260427
18200 -260427
18300 -260427
18400 -260427
18500 -259335
18600 -259335
18700 -259335
18800 -259335
18900 -259335
19000 -259335
19100 -259335
19200 -259335
19300 -259335
19400 -259335
19500 -259335
19600 -259335
19700 -259335
19800 -258893
19900 -258893
20000 -258893
20100 -258893
20200 -258893
20300 -258893
20400 -258893
20500 -258893
20600 -258893
20700 -258893
20800 -258893
20900 -258893
21000 -258893
21100 -258893
21200 -258893
21300 -258893
21400 -258893
21500 -258893
21600 -258893
21700 -258893
21800 -258893
21900 -258893
22000 -258893
22100 -258893
22200 -258893
22300 -258893
22400 -258893
22500 -258893
22600 -258893
22700 -258893
22800 -258893
22900 -258893
23000 -258893
23100 -258893
23200 -258893
23300 -258893
23400 -258893
23500 -258893
23600 -258893
23700 -258893
23800 -258893
23900 -258893
24000 -258893
24100 -258893
24200 -258893
24300 -258893
24400 -258678
24500 -258678
24600 -258678
24700 -258678
24800 -258678
24900 -258678
25000 -258678
25100 -258678
25200 -258678
25300 -258678
25400 -258678
25500 -258678
25600 -258678
25700 -258678
25800 -258678
25900 -258678
26000 -258678
26100 -258678
26200 -258678
26300 -258678
26400 -258678
26500 -258678
26600 -258678
26700 -258678
26800 -258678
26900 -258678
27000 -258678
27100 -258678
27200 -258678
27300 -258678
27400 -258678
27500 -258678
27600 -258678
27700 -258678
27800 -258678
27900 -258678
28000 -258678
28100 -258678
28200 -258678
28300 -258678
28400 -258678
28500 -258678
28600 -258678
28700 -258678
28800 -258678
28900 -258678
29000 -258678
29100 -258678
29200 -258678
29300 -258621
29400 -258621
29500 -258621
29600 -257434
29700 -257434
29800 -257434
29900 -257434
30000 -257434
30100 -257434
30200 -257434
30300 -257434
30400 -257434
30500 -257434
30600 -257434
30700 -257434
30800 -257434
30900 -257434
31000 -257434
31100 -257434
31200 -257434
31300 -257434
31400 -257434
31500 -257434
31600 -257434
31700 -257434
31800 -257434
31900 -257434
32000 -257434
32100 -257434
32200 -257434
32300 -257434
32400 -257434
32500 -257434
32600 -257434
32700 -257434
32800 -257434
32900 -257434
33000 -257434
33100 -257434
33200 -257434
33300 -257434
33400 -257434
33500 -257434
33600 -257434
33700 -257434
33800 -257434
33900 -257434
34000 -257434
34100 -257434
34200 -257434
34300 -257434
34400 -257434
34500 -257434
34600 -257434
34700 -257434
34800 -257434
34900 -257434
35000 -257434
35100 -257434
35200 -257434
35300 -257434
35400 -257434
35500 -257434
35600 -257434
35700 -257434
35800 -257434
35900 -257434
36000 -257434
36100 -257434
36200 -257434
36300 -257434
36400 -257434
36500 -257434
36600 -257434
36700 -257434
36800 -257434
36900 -257434
37000 -257434
37100 -257434
37200 -257434
37300 -257434
37400 -257434
37500 -257434
37600 -257434
37700 -257434
37800 -257434
37900 -257434
38000 -257434
38100 -257434
38200 -257434
38300 -257434
38400 -257434
38500 -257434
38600 -257434
38700 -257434
38800 -257434
38900 -257434
39000 -257434
39100 -257434
39200 -257434
39300 -257434
39400 -257434
39500 -257434
39600 -257434
39700 -257434
39800 -257434
39900 -257434
40000 -257434
40100 -257434
40200 -257434
40300 -257434
40400 -257434
40500 -257434
40600 -257434
40700 -257434
40800 -257434
40900 -257434
41000 -257434
41100 -257434
41200 -257434
41300 -257434
41400 -257434
41500 -257434
41600 -257084
41700 -257084
41800 -257084
41900 -257084
42000 -257084
42100 -257084
42200 -257084
42300 -257084
42400 -257084
42500 -257084
42600 -257084
42700 -257084
42800 -257084
42900 -257084
43000 -257084
43100 -257084
43200 -257084
43300 -257084
43400 -257084
43500 -257084
43600 -257084
43700 -257084
43800 -257084
43900 -256933
44000 -256933
44100 -256933
44200 -256933
44300 -256933
44400 -256933
44500 -256933
44600 -256933
44700 -256933
44800 -256933
44900 -256933
45000 -256933
45100 -256933
45200 -256933
45300 -256933
45400 -256514
45500 -256514
45600 -256514
45700 -256514
45800 -256514
45900 -256238
46000 -256238
46100 -256238
46200 -256238
46300 -256238
46400 -256238
46500 -256238
46600 -256238
46700 -256238
46800 -256238
46900 -256238
47000 -256238
47100 -256238
47200 -256238
47300 -256238
47400 -256238
47500 -256238
47600 -256238
47700 -256238
47800 -256238
47900 -256238
48000 -256238
48100 -256238
48200 -256238
48300 -256238
48400 -256238
48500 -256238
48600 -256238
48700 -256238
48800 -256238
48900 -256238
49000 -256238
49100 -256238
49200 -256238
49300 -256238
49400 -256238
49500 -256238
49600 -256238
49700 -256238
49800 -256238
49900 -256238
50000 -256238
50100 -256238
50200 -256238
50300 -256238
50400 -256238
50500 -256238
50600 -256238
50700 -256238
50800 -256238
50900 -256238
51000 -256238
51100 -256238
51200 -256238
51300 -255598
51400 -255598
51500 -255598
51600 -255598
51700 -255598
51800 -255598
51900 -255598
52000 -255598
52100 -255598
52200 -255598
