200 -316899
300 -313418
400 -311836
500 -308055
600 -304901
700 -301047
800 -301047
900 -301047
1000 -301047
1100 -301047
1200 -300663
1300 -300118
1400 -294260
1500 -294260
1600 -294260
1700 -294260
1800 -291281
1900 -291281
2000 -291281
2100 -291281
2200 -291281
2300 -291020
2400 -290698
2500 -290698
2600 -290427
2700 -290427
2800 -290197
2900 -288861
3000 -288861
3100 -288861
3200 -288861
3300 -288326
3400 -288326
3500 -288326
3600 -284833
3700 -284833
3800 -284833
3900 -284833
4000 -284833
4100 -284833
4200 -284833
4300 -284833
4400 -284833
4500 -284833
4600 -284833
4700 -284833
4800 -284833
4900 -284833
5000 -284833
5100 -284833
5200 -284833
5300 -284833
5400 -283848
5500 -282432
5600 -282432
5700 -282432
5800 -282432
5900 -282432
6000 -282432
6100 -282432
6200 -280777
6300 -280777
6400 -280777
6500 -280777
6600 -280777
6700 -280777
6800 -280777
6900 -280636
7000 -280636
7100 -280636
7200 -280636
7300 -280636
7400 -280636
7500 -280636
7600 -280636
7700 -280636
7800 -280636
7900 -279548
8000 -279548
8100 -279548
8200 -279548
8300 -279548
8400 -279548
8500 -279548
8600 -279548
8700 -279548
8800 -279548
8900 -279542
9000 -279542
9100 -279542
9200 -279542
9300 -279542
9400 -279542
9500 -279542
9600 -279542
9700 -279542
9800 -279542
9900 -279542
10000 -279542
10100 -279542
10200 -279542
10300 -279533
10400 -279533
10500 -279533
10600 -279533
10700 -279533
10800 -279533
10900 -279533
11000 -279533
11100 -279533
11200 -279533
11300 -279533
11400 -279533
11500 -279533
11600 -279533
11700 -279533
11800 -279533
11900 -279533
12000 -279533
12100 -279533
12200 -278380
12300 -278380
12400 -278380
12500 -278380
12600 -278380
12700 -278380
12800 -278380
12900 -278380
13000 -278380
13100 -278380
13200 -277211
13300 -277211
13400 -277211
13500 -275742
13600 -275742
13700 -275742
13800 -275742
13900 -275742
14000 -275742
14100 -275742
14200 -275742
14300 -275742
14400 -275742
14500 -275742
14600 -275742
14700 -275742
14800 -275742
14900 -275742
15000 -275742
15100 -275742
15200 -275742
15300 -275742
15400 -275742
15500 -275742
15600 -275742
15700 -275742
15800 -275742
15900 -275742
16000 -275742
16100 -275742
16200 -275742
16300 -275742
16400 -275742
16500 -275742
16600 -275742
16700 -275742
16800 -275742
16900 -275742
17000 -275742
17100 -275742
17200 -275742
17300 -275742
17400 -275742
17500 -275742
17600 -275742
17700 -275742
17800 -275742
17900 -275241
18000 -275241
18100 -275241
18200 -275241
18300 -275241
18400 -275241
18500 -275241
18600 -275241
18700 -275241
18800 -275241
18900 -275241
19000 -275241
19100 -275241
19200 -275241
19300 -275241
19400 -275241
19500 -275241
19600 -275241
19700 -275241
19800 -275241
19900 -275241
20000 -275241
20100 -275241
20200 -275241
20300 -275241
20400 -275241
20500 -275241
20600 -275241
20700 -275241
20800 -275241
20900 -275241
21000 -275241
21100 -275241
21200 -275241
21300 -275241
21400 -275241
21500 -275241
21600 -275241
21700 -275241
21800 -275241
21900 -275241
22000 -275241
22100 -274934
22200 -274934
22300 -274934
22400 -274934
22500 -274934
22600 -274934
22700 -274934
22800 -274934
22900 -274934
23000 -274934
23100 -274934
23200 -274934
23300 -274934
23400 -274934
23500 -274934
23600 -274934
23700 -274934
23800 -274934
23900 -274934
24000 -274934
24100 -274934
24200 -274934
24300 -274934
24400 -274934
24500 -274934
24600 -274934
24700 -274934
24800 -274934
24900 -274934
25000 -274934
25100 -274934
25200 -274934
25300 -274934
25400 -274934
25500 -274934
25600 -274934
25700 -274934
25800 -274934
25900 -274934
26000 -274934
26100 -274934
26200 -274256
26300 -274256
26400 -274256
26500 -274256
26600 -274256
26700 -274256
26800 -274256
26900 -274256
27000 -274256
27100 -274256
27200 -274256
27300 -274256
27400 -274256
27500 -274256
27600 -274256
27700 -274256
27800 -274256
27900 -274256
28000 -274256
28100 -274256
28200 -274256
28300 -274256
28400 -274256
28500 -274256
28600 -274256
28700 -274256
28800 -274256
28900 -274256
29000 -274256
29100 -274256
29200 -274256
29300 -274256
29400 -274256
29500 -274256
29600 -274256
29700 -273269
29800 -273269
29900 -273269
30000 -273269
30100 -273269
30200 -273269
30300 -273269
30400 -273269
30500 -273269
30600 -273269
30700 -273269
30800 -273269
30900 -273269
31000 -273269
31100 -273269
31200 -273269
31300 -273269
31400 -273269
31500 -272388
31600 -272388
31700 -272388
31800 -272388
31900 -272388
32000 -272388
32100 -272388
32200 -272388
32300 -272388
32400 -272388
32500 -272388
32600 -272388
32700 -272388
32800 -272388
32900 -272388
33000 -272388
33100 -272388
33200 -272388
33300 -272388
33400 -272388
33500 -272388
33600 -272388
33700 -272388
33800 -272388
33900 -272388
34000 -272388
34100 -272388
34200 -272388
34300 -272388
34400 -272388
34500 -272388
34600 -272388
34700 -272388
34800 -272388
34900 -270208
35000 -270208
35100 -270208
35200 -270208
35300 -270208
35400 -270208
35500 -270208
35600 -270208
35700 -270208
35800 -270208
35900 -270208
36000 -270208
36100 -270208
36200 -270208
36300 -270208
36400 -270208
36500 -270208
36600 -270208
36700 -270208
36800 -270208
36900 -270208
37000 -270208
37100 -270208
37200 -270208
37300 -270208
37400 -270208
37500 -270208
37600 -270208
37700 -270208
37800 -270208
37900 -270208
38000 -270208
38100 -270208
38200 -270208
38300 -270208
38400 -270208
38500 -270208
38600 -270208
38700 -270208
38800 -270208
38900 -270208
39000 -270208
39100 -270208
39200 -270208
39300 -270208
39400 -270208
39500 -270208
39600 -270208
39700 -270208
39800 -270208
39900 -270208
40000 -270208
40100 -270208
40200 -270208
40300 -270208
40400 -270208
40500 -270208
40600 -270208
40700 -270208
40800 -270208
40900 -270208
41000 -270208
41100 -270208
41200 -270208
41300 -270208
41400 -270208
41500 -270208
41600 -270208
41700 -270208
41800 -270208
41900 -270208
42000 -270208
42100 -270208
42200 -270208
42300 -270208
42400 -270208
42500 -270208
42600 -270208
42700 -270208
42800 -270208
42900 -270208
43000 -270208
43100 -270208
43200 -270208
43300 -270208
43400 -270208
43500 -270208
43600 -270208
43700 -270208
43800 -270208
43900 -270208
44000 -270208
44100 -270208
44200 -270208
44300 -270208
44400 -270208
44500 -270208
44600 -270208
44700 -270208
44800 -270208
44900 -270208
45000 -270208
45100 -270208
45200 -270208
45300 -270208
45400 -270208
45500 -270208
45600 -270208
45700 -270208
45800 -270208
45900 -270208
46000 -270208
46100 -270208
46200 -270208
46300 -270208
46400 -270208
46500 -270208
46600 -270208
46700 -270208
46800 -270208
46900 -270208
47000 -270208
47100 -270208
47200 -270208
47300 -270208
47400 -270208
47500 -270208
47600 -270208
47700 -270208
47800 -270208
47900 -270208
48000 -270208
48100 -270208
48200 -270208
48300 -270208
48400 -270208
48500 -270208
48600 -270208
48700 -270208
48800 -270208
48900 -270208
49000 -270208
49100 -270208
49200 -270208
49300 -270208
49400 -270208
49500 -270208
49600 -270208
49700 -270208
49800 -270208
49900 -270208
50000 -270208
50100 -270208
50200 -270208
50300 -270208
50400 -270208
50500 -270208
50600 -270208
50700 -270208
50800 -270208
50900 -270208
51000 -270208
51100 -270208
51200 -270208
51300 -270208
51400 -270208
51500 -270208
51600 -270208
51700 -270208
51800 -270208
51900 -270208
52000 -270208
52100 -270208
52200 -270208
52300 -270208
52400 -270208
52500 -270208
52600 -270208
52700 -270208
52800 -270208
52900 -270208
53000 -270208
53100 -270208
53200 -270208
53300 -270208
53400 -270208
53500 -270208
53600 -270208
53700 -270208
53800 -270208
53900 -270208
54000 -270208
54100 -270208
54200 -270208
54300 -270208
54400 -270208
54500 -270208
54600 -270208
54700 -270208
54800 -270208
54900 -270208
55000 -270208
55100 -270208
55200 -270208
55300 -270208
55400 -270208
55500 -270208
55600 -270208
55700 -270208
55800 -270208
55900 -270208
56000 -270208
56100 -270208
56200 -270208
56300 -270208
56400 -270208
56500 -270208
56600 -270208
56700 -270208
56800 -270208
56900 -270208
57000 -270208
57100 -270208
57200 -270208
57300 -270208
57400 -270208
57500 -270208
57600 -270208
57700 -270208
57800 -270208
57900 -270208
58000 -270208
58100 -270208
58200 -270208
58300 -270208
58400 -270208
58500 -270208
58600 -270208
58700 -270208
58800 -270208
58900 -270208
59000 -270208
59100 -270208
59200 -270208
59300 -270208
59400 -270208
59500 -270208
59600 -270208
59700 -270208
59800 -270208
59900 -270208
60000 -270208
60100 -270208
60200 -270208
60300 -270208
60400 -270208
60500 -270208
60600 -270208
60700 -270208
60800 -270208
60900 -270208
61000 -270208
61100 -270208
61200 -270208
61300 -270208
61400 -270208
61500 -270208
61600 -270208
61700 -270208
61800 -269118
61900 -269118
62000 -269118
62100 -269118
62200 -269118
62300 -269118
62400 -269118
62500 -269118
62600 -269118
62700 -269118
62800 -269118
62900 -269118
63000 -269118
63100 -269118
63200 -269118
63300 -269118
63400 -269118
63500 -269118
63600 -269118
63700 -269118
63800 -269118
63900 -269118
64000 -269118
64100 -269118
64200 -269118
64300 -269118
64400 -269118
64500 -269118
64600 -269118
64700 -269118
64800 -269118
64900 -269118
65000 -269118
65100 -269118
65200 -269118
65300 -269118
65400 -269118
65500 -269118
65600 -269118
65700 -269118
65800 -269118
65900 -269118
66000 -269118
66100 -269118
66200 -269118
66300 -269118
66400 -269118
66500 -269118
66600 -269118
66700 -269118
66800 -269118
66900 -269118
67000 -269118
67100 -269118
67200 -269118
67300 -269118
67400 -269118
67500 -269118
67600 -269118
67700 -269118
67800 -269118
67900 -269118
68000 -269118
68100 -269118
68200 -269118
68300 -269118
68400 -269118
68500 -269118
68600 -269118
68700 -269118
68800 -269118
68900 -269118
69000 -269118
69100 -269118
69200 -269118
69300 -269118
69400 -269118
69500 -269118
69600 -269118
69700 -269118
69800 -269118
69900 -269118
70000 -269118
70100 -269118
70200 -269118
70300 -269118
70400 -269118
70500 -269118
70600 -269118
70700 -269118
70800 -269118
70900 -269118
71000 -269118
71100 -269118
71200 -269118
71300 -269118
71400 -269118
71500 -269118
71600 -269118
71700 -269118
71800 -269118
71900 -269118
72000 -269118
72100 -269118
72200 -269118
72300 -269118
72400 -269118
72500 -269118
72600 -269118
72700 -269118
72800 -269118
72900 -269118
73000 -269118
73100 -269099
73200 -269099
73300 -269099
73400 -269099
73500 -269099
73600 -269099
73700 -269099
73800 -269099
73900 -269099
74000 -269099
74100 -269099
74200 -269099
74300 -269099
74400 -269099
74500 -269099
74600 -269099
74700 -269099
74800 -269099
74900 -269099
75000 -269099
75100 -269099
75200 -269099
75300 -269099
75400 -269099
75500 -269099
75600 -269099
75700 -269099
75800 -269099
75900 -269099
76000 -269099
76100 -269099
76200 -269099
76300 -269099
76400 -269099
76500 -269099
76600 -269099
76700 -269099
76800 -269099
76900 -269099
77000 -269099
77100 -269099
77200 -269099
77300 -269099
77400 -269099
77500 -269099
77600 -269099
77700 -269099
77800 -269099
77900 -269099
78000 -269099
78100 -269099
78200 -269099
78300 -269099
78400 -269099
78500 -269099
78600 -269099
78700 -269099
78800 -269099
78900 -269099
79000 -269099
79100 -269099
79200 -269099
79300 -269099
79400 -269099
79500 -269099
79600 -269099
79700 -269099
79800 -269099
79900 -269099
80000 -269099
80100 -269099
80200 -269099
80300 -269099
80400 -269099
80500 -269099
80600 -269099
80700 -269099
80800 -269099
80900 -269099
81000 -269099
81100 -269099
81200 -269099
81300 -269099
81400 -269099
81500 -269099
81600 -269099
81700 -269099
81800 -269099
81900 -269099
82000 -269099
82100 -269099
82200 -269099
82300 -269099
82400 -269099
82500 -269099
82600 -269099
82700 -269099
82800 -269099
82900 -269099
83000 -269099
83100 -269099
83200 -269099
83300 -269099
83400 -269099
83500 -269099
83600 -269099
83700 -269099
83800 -269099
83900 -269099
84000 -269099
84100 -269099
84200 -269099
84300 -269099
84400 -269099
84500 -269099
84600 -269099
84700 -269099
84800 -269099
84900 -269099
85000 -269099
85100 -269099
85200 -269099
85300 -269099
85400 -269099
85500 -269099
85600 -269099
85700 -269099
85800 -269099
85900 -269099
86000 -269099
86100 -269099
86200 -269099
86300 -269099
86400 -269099
86500 -269099
86600 -269099
86700 -269099
86800 -269099
86900 -269099
87000 -269099
87100 -269099
87200 -269099
87300 -269099
87400 -269099
87500 -269099
87600 -269099
87700 -269099
87800 -269099
87900 -269099
88000 -269099
88100 -269099
88200 -269099
88300 -269099
88400 -269099
88500 -269099
88600 -269099
88700 -269099
88800 -269099
88900 -269099
89000 -269099
89100 -269099
89200 -269099
89300 -269099
89400 -269099
89500 -269099
89600 -269099
89700 -269099
89800 -269099
89900 -269099
90000 -269099
90100 -269099
90200 -269099
90300 -269099
90400 -269099
90500 -269099
90600 -269099
90700 -269099
90800 -269099
90900 -269099
91000 -269099
91100 -269099
91200 -269099
91300 -269099
91400 -269099
91500 -269099
91600 -269099
91700 -269099
91800 -269099
91900 -269099
92000 -269099
92100 -269099
92200 -269099
92300 -269099
92400 -269099
92500 -269099
92600 -269099
92700 -269099
92800 -269099
92900 -269099
93000 -269099
93100 -269099
93200 -269099
93300 -269099
93400 -269099
93500 -269099
93600 -269099
93700 -269099
93800 -269099
93900 -269099
94000 -269099
94100 -269099
94200 -269099
94300 -269099
94400 -269099
94500 -269099
94600 -269099
94700 -269099
94800 -269099
94900 -269099
95000 -269099
95100 -269099
95200 -269099
95300 -269099
95400 -269099
95500 -269099
95600 -269099
95700 -269099
95800 -269099
95900 -269099
96000 -269099
96100 -269099
96200 -269099
96300 -269099
96400 -269099
96500 -269099
96600 -269099
96700 -269099
96800 -269099
96900 -269099
97000 -269099
97100 -269099
97200 -269099
97300 -269099
97400 -269099
97500 -269099
97600 -269099
97700 -269099
97800 -269099
97900 -269099
98000 -269099
98100 -269099
98200 -269099
98300 -269099
98400 -269099
98500 -269099
98600 -269099
98700 -269099
98800 -269099
98900 -269099
99000 -269099
99100 -269099
99200 -269099
99300 -269099
99400 -269099
99500 -269099
99600 -269099
99700 -269099
99800 -269099
99900 -269099
100000 -269099
100100 -269099
100200 -269099
100300 -269099
100400 -269099
100500 -269099
100600 -269099
100700 -269099
100800 -269099
100900 -269099
101000 -269099
101100 -269099
101200 -269099
101300 -269099
101400 -269099
101500 -269099
101600 -269099
101700 -269099
101800 -269099
101900 -269099
102000 -269099
102100 -269099
102200 -269099
102300 -269099
102400 -269099
102500 -269099
102600 -269099
102700 -269099
102800 -269099
102900 -269099
103000 -269099
