600 -456621
900 -449391
1200 -449391
1500 -449391
1800 -449185
2100 -449185
2400 -449185
2700 -441746
3000 -441746
3300 -441746
3600 -441746
3900 -438739
4200 -438739
4500 -438739
4800 -438739
5100 -438739
5400 -438739
5700 -438739
6000 -438739
6300 -438739
6600 -436402
6900 -436402
7200 -434696
7500 -434696
7800 -434696
8100 -434644
8400 -434644
8700 -434644
9000 -434644
9300 -434644
9600 -431781
9900 -431781
10200 -431781
10500 -431781
10800 -431781
11100 -431781
11400 -431781
11700 -431781
12000 -431781
12300 -430678
12600 -430678
12900 -430678
13200 -430678
13500 -430678
13800 -430678
14100 -430678
14400 -430678
14700 -430678
15000 -430678
15300 -430678
15600 -430678
15900 -430678
16200 -430678
16500 -428630
16800 -428630
17100 -428630
17400 -428630
17700 -428630
18000 -428630
18300 -428630
18600 -428630
18900 -428630
19200 -428630
19500 -428630
19800 -428630
20100 -428630
20400 -428630
20700 -428630
21000 -428630
21300 -428630
21600 -428630
21900 -428630
22200 -428630
22500 -428630
22800 -428630
23100 -428630
23400 -428630
23700 -427208
24000 -427208
24300 -427208
24600 -427208
24900 -427208
25200 -427208
25500 -427208
25800 -427208
26100 -427208
26400 -427208
26700 -427208
27000 -427208
27300 -427208
27600 -427208
27900 -427208
28200 -427208
28500 -427208
28800 -427208
29100 -427208
29400 -427208
29700 -427007
30000 -427007
30300 -427007
30600 -427007
30900 -427007
31200 -427007
31500 -427007
31800 -427007
32100 -427007
32400 -427007
32700 -427007
33000 -427007
33300 -427007
33600 -427007
33900 -427007
34200 -427007
34500 -425437
34800 -425437
35100 -425400
35400 -425400
35700 -425400
36000 -425400
36300 -425400
36600 -425400
36900 -425400
37200 -425400
37500 -425400
37800 -424129
38100 -424129
38400 -424129
38700 -424129
39000 -424129
39300 -422450
39600 -422450
39900 -422450
40200 -422450
40500 -422450
40800 -422450
41100 -422450
41400 -422450
41700 -422450
42000 -422450
42300 -422450
42600 -422450
42900 -422450
43200 -422450
43500 -422450
43800 -422450
44100 -422450
44400 -422450
44700 -422450
45000 -422450
45300 -422450
45600 -422450
45900 -422450
46200 -422450
46500 -422450
46800 -422450
47100 -422450
47400 -422450
47700 -422450
48000 -422450
48300 -422450
48600 -422450
48900 -422450
49200 -422450
49500 -422450
49800 -422450
50100 -422450
50400 -422450
50700 -422450
51000 -422450
51300 -422450
51600 -422450
51900 -422450
52200 -422450
52500 -422450
52800 -422450
53100 -422450
53400 -422450
53700 -422450
54000 -421781
54300 -421781
54600 -421781
54900 -421781
55200 -421781
55500 -421781
55800 -421781
56100 -421781
56400 -421781
56700 -421781
57000 -421781
57300 -421781
57600 -421781
57900 -421781
58200 -421781
58500 -421781
58800 -421781
59100 -421781
59400 -421781
59700 -421781
60000 -421781
60300 -421781
60600 -421781
60900 -421781
61200 -421781
61500 -421781
61800 -421781
62100 -421781
62400 -421781
62700 -421781
63000 -421781
63300 -421781
63600 -421781
63900 -421781
64200 -421781
64500 -421781
64800 -421781
65100 -421781
65400 -421781
65700 -421781
66000 -421781
66300 -421781
66600 -421781
66900 -421781
67200 -421781
67500 -421781
67800 -421781
68100 -421781
68400 -421781
68700 -421781
69000 -421781
69300 -421781
69600 -421781
69900 -421781
70200 -421781
70500 -421781
70800 -421781
71100 -421781
71400 -419871
71700 -419871
72000 -419871
72300 -419871
72600 -419871
72900 -419871
73200 -419871
73500 -419871
73800 -419871
74100 -419871
74400 -419871
74700 -419871
75000 -419871
75300 -419871
75600 -419871
75900 -419871
76200 -419871
76500 -419871
76800 -419871
77100 -419871
77400 -419871
77700 -419871
78000 -419871
78300 -419871
78600 -419871
78900 -419871
79200 -419871
79500 -419871
79800 -419871
80100 -419871
80400 -419871
80700 -419871
81000 -419871
81300 -419871
81600 -419871
81900 -419871
82200 -419871
82500 -419871
82800 -419871
83100 -419871
83400 -419871
83700 -419871
84000 -419871
84300 -419871
84600 -419871
84900 -419871
85200 -419871
85500 -419871
85800 -419871
86100 -419871
86400 -419871
86700 -419871
87000 -419871
87300 -419871
87600 -419871
87900 -419871
88200 -419871
88500 -419871
88800 -419871
89100 -419871
89400 -419871
89700 -419871
90000 -419871
90300 -419534
90600 -419534
90900 -419534
91200 -419534
91500 -419534
91800 -419534
92100 -419534
92400 -419534
92700 -419534
93000 -419534
93300 -419534
93600 -419534
93900 -419534
94200 -419534
94500 -419534
94800 -419534
95100 -419534
95400 -419534
95700 -419534
96000 -419534
96300 -419534
96600 -419534
96900 -419534
97200 -419534
97500 -419534
97800 -419534
98100 -419534
98400 -419534
98700 -419534
99000 -419534
99300 -419534
99600 -419534
99900 -419534
100200 -419534
100500 -419534
100800 -419534
101100 -419534
101400 -419534
101700 -419534
102000 -419534
102300 -419534
102600 -419534
102900 -419534
103200 -419534
103500 -419534
103800 -419534
104100 -419534
104400 -419534
104700 -419534
105000 -419534
105300 -419534
105600 -419534
105900 -419534
106200 -419534
106500 -419534
106800 -419534
107100 -419534
107400 -419534
107700 -419534
108000 -419534
108300 -419534
108600 -419534
108900 -419534
109200 -419534
109500 -419534
109800 -419534
110100 -419534
110400 -419534
110700 -419534
111000 -417543
111300 -417543
111600 -417543
111900 -417543
112200 -417543
112500 -417543
112800 -417543
113100 -417543
113400 -417543
113700 -417543
114000 -417543
114300 -417543
114600 -417543
114900 -417543
115200 -417543
115500 -417543
115800 -417543
116100 -417543
116400 -417543
116700 -417543
117000 -417543
117300 -417543
117600 -417543
117900 -417543
118200 -417543
118500 -417543
118800 -417543
119100 -417543
119400 -417543
119700 -417543
120000 -417543
120300 -417543
120600 -417543
120900 -417543
121200 -417543
121500 -417543
121800 -417543
122100 -417543
122400 -417543
122700 -417543
123000 -417543
123300 -417543
123600 -417543
123900 -417543
124200 -417543
124500 -417543
124800 -417543
125100 -417543
125400 -417543
125700 -417543
126000 -417543
126300 -417543
126600 -417543
126900 -417543
127200 -417543
127500 -417543
127800 -417543
128100 -417543
128400 -417543
128700 -417543
129000 -417543
129300 -417543
129600 -417543
129900 -417543
130200 -417543
130500 -417543
130800 -417543
131100 -417543
131400 -417543
131700 -417543
132000 -417543
132300 -417543
132600 -417543
132900 -417543
133200 -417543
133500 -417543
133800 -417543
134100 -417543
134400 -417543
134700 -417543
135000 -417543
135300 -417543
135600 -417543
135900 -417543
136200 -417543
136500 -417543
136800 -417543
137100 -417543
137400 -417543
137700 -417543
138000 -417543
138300 -417543
138600 -417543
138900 -417543
139200 -417543
139500 -417543
139800 -417543
140100 -417543
140400 -417543
140700 -417543
141000 -417543
141300 -417543
141600 -417543
141900 -417543
142200 -417543
142500 -417543
142800 -417543
143100 -417543
143400 -417543
143700 -417543
144000 -417543
144300 -417543
144600 -417543
144900 -417543
145200 -417543
145500 -417543
145800 -417543
146100 -417543
146400 -417543
146700 -417543
147000 -417543
147300 -417543
147600 -417543
147900 -417543
148200 -417543
148500 -417543
148800 -417543
149100 -417543
149400 -417543
149700 -417543
150000 -417543
150300 -417543
150600 -417543
150900 -417543
151200 -417543
151500 -417543
151800 -417543
152100 -417543
152400 -417543
152700 -417543
153000 -417543
153300 -417543
153600 -417543
153900 -417543
154200 -417543
154500 -417543
154800 -417543
155100 -417543
155400 -417543
155700 -417543
156000 -417543
156300 -417543
156600 -417543
156900 -417543
157200 -417543
157500 -417543
157800 -417543
158100 -417543
158400 -417543
158700 -417543
159000 -417543
159300 -417543
159600 -417543
159900 -417543
160200 -417543
160500 -417543
160800 -417543
161100 -417543
161400 -417543
161700 -417543
162000 -417543
162300 -417543
162600 -417543
162900 -417543
163200 -417543
163500 -417543
163800 -417543
164100 -417543
164400 -417543
164700 -417543
165000 -417543
165300 -417543
165600 -417543
165900 -417543
166200 -417543
166500 -417543
166800 -417543
167100 -417543
167400 -417543
167700 -417543
168000 -417543
168300 -417543
168600 -417543
168900 -417543
169200 -417543
169500 -417543
169800 -417543
170100 -417543
170400 -417543
170700 -417543
171000 -417543
171300 -417543
171600 -417543
171900 -417543
172200 -417543
172500 -417543
172800 -417543
173100 -417543
173400 -417543
173700 -417543
174000 -417543
174300 -417543
