200 -308718
300 -307678
400 -304334
500 -302772
600 -302772
700 -302772
800 -298149
900 -298149
1000 -298149
1100 -296728
1200 -296728
1300 -296728
1400 -296728
1500 -296728
1600 -296728
1700 -296728
1800 -295550
1900 -295550
2000 -295550
2100 -294526
2200 -294258
2300 -290966
2400 -290966
2500 -290966
2600 -290966
2700 -290966
2800 -290966
2900 -290966
3000 -290966
3100 -290147
3200 -288500
3300 -288500
3400 -288500
3500 -288500
3600 -288500
3700 -288500
3800 -288500
3900 -288500
4000 -288500
4100 -288500
4200 -288500
4300 -288500
4400 -288500
4500 -286885
4600 -286885
4700 -286885
4800 -286885
4900 -286885
5000 -286885
5100 -286885
5200 -286885
5300 -286885
5400 -286885
5500 -286885
5600 -286885
5700 -286885
5800 -284943
5900 -284943
6000 -284943
6100 -284943
6200 -284943
6300 -284943
6400 -284943
6500 -284943
6600 -284253
6700 -284253
6800 -284253
6900 -284253
7000 -284253
7100 -284253
7200 -284253
7300 -284253
7400 -284253
7500 -284253
7600 -284253
7700 -284253
7800 -284253
