600 -441445
900 -441445
1200 -441445
1500 -441445
1800 -440969
2100 -436599
2400 -435104
2700 -435104
3000 -434782
3300 -434228
3600 -434228
3900 -433934
4200 -433934
4500 -431096
4800 -429884
5100 -428698
5400 -428698
5700 -428698
6000 -428698
6300 -425743
6600 -425203
6900 -425203
7200 -425203
7500 -424746
7800 -424746
8100 -423896
8400 -423896
8700 -423896
9000 -423896
9300 -423896
9600 -420406
9900 -420406
10200 -420406
10500 -420406
10800 -418340
11100 -418340
11400 -418340
11700 -418340
12000 -418340
12300 -418340
12600 -418340
12900 -418340
13200 -418340
13500 -418340
13800 -418340
14100 -418340
14400 -418340
14700 -418340
15000 -418340
15300 -418340
15600 -416444
15900 -416444
16200 -416444
16500 -416444
