200 -352289
300 -352289
400 -348606
500 -348606
600 -348606
700 -348606
800 -348606
900 -345828
1000 -345828
1100 -341235
1200 -341235
1300 -341235
1400 -340749
1500 -340749
1600 -340749
1700 -340749
1800 -340749
1900 -339419
2000 -338910
2100 -338910
2200 -338910
2300 -338306
2400 -337292
2500 -334846
2600 -334846
2700 -334846
2800 -334846
2900 -334846
3000 -333830
3100 -332897
3200 -332897
3300 -332897
3400 -332897
3500 -332897
3600 -332897
3700 -332897
3800 -332897
3900 -332897
4000 -332897
4100 -332897
4200 -332004
4300 -332004
4400 -332004
4500 -332004
4600 -332004
4700 -332004
4800 -330076
4900 -330076
5000 -330076
5100 -330076
5200 -330076
5300 -330076
5400 -329535
5500 -329535
5600 -329535
5700 -329535
5800 -329535
5900 -329535
6000 -329535
6100 -329535
6200 -329535
6300 -329535
6400 -329535
6500 -329535
6600 -329535
6700 -329535
6800 -329535
6900 -329535
7000 -329535
7100 -329535
7200 -329535
7300 -326891
7400 -326891
7500 -326891
7600 -326891
7700 -326891
7800 -326891
7900 -326891
8000 -326891
8100 -326891
8200 -326891
8300 -324572
8400 -324572
8500 -324572
8600 -324572
8700 -324572
8800 -324572
8900 -324572
9000 -324572
9100 -324572
9200 -324572
9300 -324572
9400 -324572
9500 -324572
9600 -324572
9700 -324572
9800 -324572
9900 -324572
10000 -324572
10100 -324572
10200 -324572
10300 -324572
10400 -324572
10500 -324572
10600 -324572
10700 -324572
10800 -324572
10900 -324572
11000 -324572
11100 -324572
11200 -324572
11300 -324572
11400 -324572
11500 -324572
11600 -324572
11700 -324572
11800 -324572
11900 -324572
12000 -324572
12100 -324572
12200 -324572
12300 -324572
12400 -324572
12500 -324121
12600 -324121
12700 -324121
12800 -324121
12900 -324121
13000 -324121
13100 -324121
13200 -324121
13300 -324121
13400 -324121
13500 -324121
13600 -324121
13700 -324121
13800 -323993
13900 -323993
14000 -323993
14100 -323993
14200 -323993
14300 -323993
14400 -323993
14500 -323993
14600 -323993
14700 -323993
14800 -323993
14900 -323993
15000 -323993
15100 -323993
15200 -323993
15300 -323993
15400 -323993
15500 -323993
15600 -323993
15700 -322753
15800 -322753
15900 -322753
16000 -322753
16100 -322753
16200 -322753
16300 -322753
16400 -322753
16500 -322753
16600 -322753
16700 -322753
16800 -322753
16900 -322753
17000 -322753
17100 -322753
17200 -322753
17300 -322753
17400 -322753
17500 -322753
17600 -322753
17700 -322753
17800 -322753
17900 -322753
18000 -322753
18100 -321870
18200 -321870
18300 -321870
18400 -321870
18500 -321870
18600 -321870
18700 -321870
18800 -321870
18900 -321870
19000 -321870
19100 -321870
19200 -321870
19300 -321870
19400 -321870
19500 -321870
19600 -321870
19700 -321870
19800 -321870
19900 -321870
20000 -321870
20100 -321870
20200 -321870
20300 -321870
20400 -321870
20500 -321870
20600 -321870
20700 -321870
20800 -321870
20900 -321870
21000 -321870
21100 -321870
21200 -321870
21300 -321870
21400 -321870
21500 -321870
21600 -321870
21700 -321870
21800 -321870
21900 -318525
22000 -318525
22100 -318525
22200 -318525
22300 -318525
22400 -318525
22500 -318525
22600 -318525
22700 -318525
22800 -318525
22900 -318525
23000 -318525
23100 -318525
23200 -318525
23300 -318525
23400 -318525
23500 -318525
23600 -318525
23700 -318525
23800 -318525
23900 -318525
24000 -318525
24100 -318525
24200 -318525
24300 -318525
24400 -318525
24500 -318114
24600 -318114
24700 -318114
24800 -318114
24900 -318114
25000 -318114
25100 -318114
25200 -318114
25300 -318114
25400 -318114
25500 -318114
25600 -318114
25700 -318114
25800 -318114
25900 -318114
26000 -318114
26100 -318114
26200 -318114
26300 -318114
26400 -318114
26500 -318114
26600 -318114
26700 -318114
26800 -318114
26900 -318114
27000 -318114
27100 -318114
27200 -318114
27300 -318114
27400 -318114
27500 -318114
27600 -318114
27700 -318114
27800 -318114
27900 -318114
28000 -318114
28100 -318114
28200 -318114
28300 -318114
28400 -318114
28500 -318114
28600 -318114
28700 -318114
28800 -318114
28900 -318114
29000 -318114
29100 -318114
29200 -318114
29300 -318114
29400 -318114
29500 -318114
29600 -318114
29700 -318114
29800 -318114
29900 -318114
30000 -318114
30100 -318114
30200 -318114
30300 -318114
30400 -318114
