200 -348356
300 -348356
400 -343397
500 -343397
600 -342472
700 -338507
800 -338507
900 -338507
1000 -333861
1100 -333861
1200 -333861
1300 -333861
1400 -333861
1500 -333861
1600 -333861
1700 -333196
1800 -332637
1900 -328327
2000 -328327
2100 -328327
2200 -324540
2300 -324540
2400 -324540
2500 -324540
2600 -324540
2700 -324540
2800 -322198
2900 -322198
3000 -322198
3100 -322198
3200 -322198
3300 -322198
3400 -322198
3500 -322198
3600 -322198
3700 -322198
3800 -322198
3900 -322198
4000 -322198
4100 -322198
4200 -322015
4300 -322015
4400 -321249
4500 -321249
4600 -321249
4700 -321249
4800 -321249
4900 -321249
5000 -316516
5100 -316516
5200 -316516
5300 -316516
5400 -316516
5500 -316516
5600 -316516
5700 -316516
5800 -316516
5900 -316516
6000 -316516
6100 -316516
6200 -316516
6300 -316516
6400 -316516
6500 -316516
6600 -316516
6700 -316516
6800 -316516
6900 -316516
7000 -316516
7100 -316516
7200 -316516
7300 -316516
7400 -316516
7500 -316516
7600 -316516
7700 -316516
7800 -316516
7900 -316516
8000 -316516
8100 -316516
8200 -316516
8300 -316516
8400 -316516
8500 -316516
8600 -316516
8700 -316516
8800 -316516
8900 -316516
9000 -316516
9100 -316516
9200 -316516
9300 -316516
9400 -316516
9500 -316167
9600 -316167
9700 -316167
9800 -316167
9900 -316167
10000 -316167
10100 -316167
10200 -316167
10300 -316167
10400 -316167
10500 -316167
10600 -316167
