200 -361057
300 -361057
400 -361057
500 -361057
600 -361057
700 -361057
800 -357764
900 -357764
1000 -357764
1100 -357764
1200 -357644
1300 -357644
1400 -357644
1500 -357644
1600 -357644
1700 -353293
1800 -353293
1900 -351804
2000 -351804
2100 -351804
2200 -351804
2300 -351643
2400 -349485
2500 -349485
2600 -349302
2700 -349302
2800 -349302
2900 -349302
3000 -349302
3100 -349302
3200 -349302
3300 -348253
3400 -348253
3500 -348253
3600 -348253
3700 -348253
3800 -348253
3900 -348253
4000 -348253
4100 -348253
4200 -348253
4300 -348253
4400 -348253
4500 -348253
4600 -348253
4700 -347374
4800 -347374
4900 -347374
5000 -343904
5100 -343904
5200 -343904
5300 -343904
5400 -343904
5500 -343904
5600 -343904
5700 -343904
5800 -343904
5900 -343904
6000 -343904
6100 -343904
6200 -343904
6300 -343904
6400 -343904
6500 -343904
6600 -342885
6700 -342885
6800 -342885
6900 -342885
7000 -342885
7100 -342885
7200 -342885
7300 -342885
7400 -342885
7500 -341179
7600 -341179
7700 -341179
7800 -341179
7900 -341179
8000 -341179
8100 -341179
8200 -341142
8300 -341142
8400 -341142
8500 -341142
8600 -341142
8700 -341142
8800 -341142
8900 -341142
9000 -341142
9100 -341142
9200 -341142
9300 -341142
9400 -341142
9500 -341142
9600 -341142
9700 -341142
9800 -341142
9900 -341142
10000 -341142
10100 -341142
10200 -341142
10300 -341142
10400 -341142
10500 -341142
10600 -341142
10700 -341142
10800 -341142
10900 -341142
11000 -341142
11100 -341142
11200 -341142
11300 -341142
11400 -341142
11500 -341142
11600 -341142
11700 -341142
11800 -341142
11900 -341142
12000 -341142
12100 -339882
12200 -339882
12300 -339882
12400 -339882
12500 -339882
12600 -339882
12700 -339882
12800 -339882
12900 -339882
13000 -339882
13100 -339882
13200 -339882
13300 -339882
13400 -339882
13500 -339882
13600 -339882
13700 -338740
13800 -338740
13900 -338740
14000 -338740
14100 -338740
14200 -338740
14300 -338740
14400 -338740
14500 -338740
14600 -338740
14700 -338740
14800 -338740
14900 -338740
15000 -338355
15100 -338355
15200 -338355
15300 -338355
15400 -338355
15500 -338355
15600 -338355
15700 -338355
15800 -338355
15900 -338355
16000 -338355
16100 -338355
16200 -338355
16300 -338355
16400 -338355
16500 -338355
16600 -338355
16700 -338355
16800 -338355
16900 -338355
17000 -338355
17100 -338355
17200 -338355
17300 -338355
17400 -338355
17500 -338355
17600 -338123
17700 -338123
17800 -338123
17900 -338123
18000 -338123
18100 -338123
18200 -338123
18300 -338123
18400 -338123
18500 -338123
18600 -338123
18700 -338123
18800 -338123
18900 -338123
19000 -338123
19100 -337572
19200 -337572
19300 -337572
19400 -337572
19500 -337572
19600 -337572
19700 -337572
19800 -337572
19900 -337572
20000 -337572
20100 -337572
20200 -337572
20300 -337572
20400 -337572
20500 -337572
20600 -337572
20700 -337572
20800 -337572
20900 -336677
21000 -335290
21100 -335290
21200 -335290
21300 -335290
21400 -335290
21500 -335290
21600 -335290
21700 -335290
21800 -335290
21900 -335290
22000 -335290
22100 -335290
22200 -335290
22300 -335290
22400 -335290
22500 -335290
22600 -335290
22700 -335290
22800 -335290
22900 -335290
23000 -335290
23100 -335290
23200 -335290
23300 -335290
23400 -335290
23500 -335290
23600 -335290
23700 -335290
23800 -335290
23900 -335290
24000 -335290
24100 -335290
24200 -335290
24300 -335290
24400 -335290
24500 -335290
24600 -335290
24700 -335290
24800 -335290
24900 -335290
25000 -335290
25100 -335290
25200 -335290
25300 -335290
25400 -335290
25500 -335290
25600 -335255
25700 -335255
25800 -335255
25900 -335255
26000 -335255
26100 -335255
26200 -335255
26300 -335255
26400 -335255
26500 -335255
26600 -335255
26700 -335255
26800 -335255
26900 -335255
27000 -335255
27100 -335255
27200 -335255
27300 -335255
27400 -335255
27500 -335255
27600 -335255
27700 -335255
27800 -335255
27900 -335255
28000 -335255
28100 -335255
28200 -335255
28300 -335255
28400 -335255
28500 -335255
28600 -335255
28700 -335255
28800 -335255
28900 -335255
29000 -335255
29100 -335255
29200 -335255
29300 -335255
29400 -335255
29500 -335255
29600 -335255
29700 -335255
29800 -335255
29900 -335255
30000 -335255
30100 -335255
30200 -335255
30300 -335255
30400 -335255
30500 -335255
30600 -335255
30700 -335255
30800 -335255
30900 -335255
31000 -335255
31100 -335255
31200 -335255
31300 -335255
31400 -335255
31500 -335255
31600 -335255
31700 -335255
31800 -335255
31900 -335255
32000 -335255
32100 -335255
32200 -335255
32300 -335255
32400 -335255
32500 -335255
32600 -335255
32700 -334328
32800 -334328
32900 -334328
33000 -334328
33100 -334328
33200 -334328
33300 -334328
33400 -334328
33500 -334328
33600 -334328
33700 -334328
33800 -334328
33900 -334328
34000 -334328
34100 -334328
34200 -334328
34300 -334328
34400 -334328
34500 -334328
34600 -334328
34700 -334328
34800 -334328
34900 -334328
35000 -334328
35100 -334328
35200 -334328
35300 -334106
35400 -334106
35500 -334106
35600 -334106
35700 -334106
35800 -334106
35900 -334106
36000 -334106
36100 -334106
36200 -334106
36300 -334106
36400 -334106
36500 -334106
36600 -334106
36700 -334106
36800 -334106
36900 -334106
37000 -334106
37100 -334106
37200 -334106
37300 -334106
37400 -334106
37500 -334106
37600 -334106
37700 -334106
37800 -334106
37900 -334106
38000 -334106
38100 -334106
38200 -334106
38300 -334106
38400 -334106
38500 -334106
38600 -334106
38700 -334106
38800 -334106
38900 -334106
39000 -334106
39100 -334106
39200 -334106
39300 -334106
39400 -334106
39500 -334106
39600 -334106
39700 -334106
39800 -334106
39900 -334106
40000 -334106
40100 -334106
40200 -334106
40300 -334106
40400 -334106
40500 -334106
40600 -334106
40700 -334106
40800 -334106
40900 -334106
41000 -333475
41100 -333475
41200 -333475
41300 -333475
41400 -333475
41500 -333475
41600 -333475
41700 -333475
41800 -333475
41900 -333475
42000 -333475
42100 -333475
42200 -333475
42300 -333475
42400 -333475
42500 -333475
42600 -333475
42700 -333475
42800 -333475
42900 -333475
43000 -333475
43100 -333475
43200 -333475
43300 -333475
43400 -333475
43500 -333475
43600 -333475
43700 -333475
43800 -333475
43900 -333475
44000 -333475
44100 -333475
44200 -333475
44300 -333475
44400 -333475
44500 -333475
44600 -333475
44700 -333475
44800 -333475
44900 -333475
45000 -333475
45100 -333475
45200 -333475
45300 -333475
45400 -333475
45500 -333475
45600 -333475
45700 -333475
45800 -333475
45900 -333475
46000 -333475
46100 -333475
46200 -333475
46300 -333475
46400 -333475
46500 -333475
46600 -333475
46700 -333475
46800 -332351
46900 -332351
47000 -332351
47100 -332351
47200 -332351
47300 -332351
47400 -332351
47500 -332351
47600 -332351
47700 -332351
47800 -332351
47900 -332351
48000 -332351
48100 -332351
48200 -332351
48300 -332351
48400 -332351
48500 -332351
48600 -332351
48700 -332351
48800 -332351
48900 -332351
49000 -332351
49100 -332351
49200 -332351
49300 -332351
49400 -332351
49500 -332351
49600 -332351
49700 -332351
49800 -332351
49900 -332351
50000 -332351
50100 -332351
50200 -332351
50300 -332351
50400 -332351
50500 -332351
50600 -332351
50700 -332351
50800 -332351
50900 -332351
51000 -332351
51100 -332351
51200 -332351
51300 -332351
51400 -332351
51500 -332351
51600 -332351
51700 -332351
51800 -332351
51900 -332351
52000 -332351
52100 -332351
52200 -332351
52300 -332351
52400 -332351
52500 -332351
52600 -332351
52700 -332351
52800 -332351
52900 -332351
53000 -332351
53100 -332351
53200 -332351
53300 -332351
53400 -332351
53500 -332351
53600 -332351
53700 -332351
53800 -332351
53900 -332351
54000 -332351
54100 -332351
54200 -332351
54300 -332351
54400 -332351
54500 -332351
54600 -332351
54700 -332351
54800 -332351
54900 -332351
55000 -332351
55100 -332351
55200 -332351
55300 -332351
55400 -332351
55500 -332351
55600 -332351
55700 -332351
55800 -332351
55900 -332351
56000 -332351
56100 -332351
56200 -332351
56300 -332351
56400 -332351
56500 -332351
56600 -332351
56700 -332351
56800 -332351
56900 -332351
57000 -332351
57100 -332351
57200 -332351
57300 -332351
57400 -332351
57500 -332351
57600 -332351
57700 -332351
57800 -332351
57900 -332351
58000 -332351
58100 -332351
58200 -332351
58300 -332351
58400 -332351
58500 -332351
58600 -332351
58700 -332351
58800 -332351
58900 -332351
59000 -332351
59100 -332351
59200 -332351
59300 -332351
59400 -332351
59500 -332351
59600 -332351
59700 -332351
59800 -332351
59900 -332351
60000 -332351
60100 -332351
60200 -332351
60300 -332351
60400 -332351
60500 -332351
60600 -332351
60700 -332351
60800 -332351
60900 -332351
61000 -332351
61100 -332351
61200 -332351
61300 -332351
61400 -332351
61500 -332351
61600 -332351
61700 -332351
61800 -332351
61900 -332351
62000 -332351
62100 -332351
62200 -332351
62300 -332351
62400 -332351
62500 -332351
62600 -332351
62700 -332351
62800 -332351
62900 -332351
63000 -332351
63100 -332351
63200 -332351
63300 -332351
63400 -332351
63500 -332351
63600 -332351
63700 -332351
63800 -332351
63900 -332351
64000 -332351
64100 -332351
64200 -332351
64300 -332351
64400 -332351
64500 -332351
64600 -332351
64700 -332351
64800 -332351
64900 -332351
65000 -332351
65100 -332351
65200 -332351
65300 -332351
65400 -332351
65500 -332351
65600 -332351
65700 -332351
65800 -332351
65900 -332351
66000 -332351
66100 -332351
66200 -332351
66300 -332351
66400 -332351
66500 -332351
66600 -332351
66700 -332351
66800 -332351
66900 -332351
67000 -332351
67100 -332351
67200 -332351
67300 -332351
67400 -332351
67500 -332351
67600 -332351
67700 -332351
67800 -332351
67900 -332351
68000 -332351
68100 -332351
68200 -332351
68300 -332351
68400 -332351
68500 -332351
68600 -332351
68700 -332351
68800 -332351
68900 -332351
69000 -332351
69100 -332351
69200 -332351
69300 -332351
69400 -332351
69500 -332351
69600 -332351
69700 -332351
69800 -332351
69900 -332351
70000 -332351
70100 -332351
70200 -332351
70300 -332351
70400 -332351
70500 -332351
70600 -332351
70700 -332351
70800 -332351
70900 -332351
71000 -332351
71100 -332351
71200 -332351
71300 -332351
71400 -332351
71500 -332351
71600 -332351
71700 -332351
71800 -332351
71900 -332351
72000 -332351
72100 -332351
72200 -332351
72300 -332351
72400 -332351
72500 -332351
72600 -332351
72700 -332351
72800 -332351
72900 -332351
73000 -332351
73100 -332351
73200 -332351
73300 -332351
73400 -332351
73500 -332351
73600 -332351
73700 -332351
73800 -332351
73900 -332351
74000 -332351
74100 -332351
74200 -332351
74300 -332351
74400 -332351
74500 -332351
74600 -332351
74700 -332351
74800 -332351
74900 -332351
75000 -332351
75100 -332351
75200 -332351
75300 -332351
75400 -332351
75500 -332351
75600 -332351
75700 -332351
75800 -332351
75900 -332351
76000 -331981
76100 -331981
76200 -331981
76300 -331981
76400 -331981
76500 -331981
76600 -331981
76700 -331981
76800 -331981
76900 -331981
77000 -331981
77100 -331981
77200 -331981
77300 -331981
77400 -331981
77500 -331981
77600 -331981
77700 -331981
77800 -331981
77900 -331981
78000 -331981
78100 -331981
78200 -331981
78300 -331981
78400 -331981
78500 -331981
78600 -331981
78700 -331981
78800 -331981
78900 -331981
79000 -331981
79100 -331981
79200 -331981
79300 -331981
79400 -331981
79500 -331981
79600 -331981
79700 -331981
79800 -331981
79900 -331981
80000 -331981
80100 -331981
80200 -331981
80300 -329365
80400 -329365
80500 -329365
80600 -329365
80700 -329365
80800 -329365
80900 -329365
81000 -329365
81100 -329365
81200 -329365
81300 -329365
81400 -329365
81500 -329365
81600 -329365
81700 -329365
81800 -329365
81900 -329365
82000 -329365
82100 -329365
82200 -329365
82300 -329365
82400 -329365
82500 -329365
82600 -329365
82700 -329365
82800 -329365
82900 -329365
83000 -329365
83100 -329365
83200 -329365
83300 -329365
83400 -329365
83500 -329365
83600 -329365
83700 -329365
83800 -329365
83900 -329365
84000 -329365
84100 -329365
84200 -329365
84300 -329365
84400 -329365
84500 -329365
84600 -329365
84700 -329365
84800 -329365
84900 -329365
85000 -329365
85100 -329365
85200 -329365
85300 -329365
85400 -329365
85500 -329365
85600 -329365
85700 -329365
85800 -329365
85900 -329365
86000 -329365
86100 -329365
86200 -329365
86300 -329365
86400 -329365
86500 -329365
86600 -329365
86700 -329365
86800 -329365
86900 -329365
87000 -329365
87100 -329365
87200 -329365
87300 -329365
87400 -329365
87500 -329365
87600 -329365
87700 -329365
87800 -329365
87900 -329365
88000 -329365
88100 -329365
88200 -329365
88300 -329365
88400 -329365
88500 -329365
88600 -329365
88700 -329365
88800 -329365
88900 -329365
89000 -329365
89100 -329365
89200 -329365
89300 -329365
89400 -329365
89500 -329365
89600 -329365
89700 -329365
89800 -329365
89900 -329365
90000 -329365
90100 -329365
90200 -329365
90300 -329365
90400 -329365
90500 -329365
90600 -329365
90700 -329365
90800 -329365
90900 -329365
91000 -329365
91100 -329365
91200 -329365
91300 -329365
91400 -329365
91500 -329365
91600 -329365
91700 -329365
91800 -329365
91900 -329365
92000 -329365
92100 -329365
92200 -329365
92300 -329365
92400 -329365
92500 -329365
92600 -329365
92700 -329365
92800 -329365
92900 -329365
93000 -329365
93100 -329365
93200 -329365
93300 -329365
93400 -329365
93500 -329365
93600 -329365
93700 -329365
93800 -329365
93900 -329365
94000 -329365
94100 -329365
94200 -329365
94300 -329365
94400 -329365
94500 -329365
94600 -329365
94700 -329365
94800 -329365
94900 -329365
95000 -329365
95100 -329365
95200 -329365
95300 -329365
95400 -329365
95500 -329365
95600 -329365
95700 -329365
95800 -329365
95900 -329365
96000 -329365
96100 -329365
96200 -329365
96300 -329365
96400 -329365
96500 -329365
96600 -329365
96700 -329365
96800 -329365
96900 -329365
97000 -329365
97100 -329365
97200 -329365
97300 -329365
97400 -329365
97500 -329365
97600 -329365
97700 -329365
97800 -329365
97900 -329365
98000 -329365
98100 -329365
98200 -329365
98300 -329365
98400 -329365
98500 -329365
98600 -329365
98700 -329365
98800 -329365
98900 -329365
99000 -329365
99100 -329365
99200 -329365
99300 -329365
99400 -329365
99500 -329365
99600 -329365
99700 -329365
99800 -329365
99900 -329365
100000 -329365
100100 -329365
100200 -329365
100300 -329365
100400 -329365
100500 -329365
100600 -329365
100700 -329365
100800 -329365
100900 -329365
101000 -329365
101100 -329365
101200 -329365
101300 -329365
101400 -329365
101500 -329365
101600 -329365
101700 -329365
101800 -329365
101900 -329365
102000 -329365
102100 -329365
102200 -329365
102300 -329365
102400 -329365
102500 -329365
102600 -329365
102700 -329365
102800 -329365
102900 -329365
103000 -329365
103100 -329365
103200 -329365
103300 -329365
103400 -329365
103500 -329365
103600 -329365
103700 -329365
103800 -329365
103900 -329365
104000 -329365
104100 -329365
104200 -329365
104300 -329365
104400 -329365
104500 -329365
104600 -329365
104700 -329365
104800 -329365
104900 -329365
105000 -329365
105100 -329365
105200 -329365
105300 -329365
105400 -329365
105500 -329365
105600 -329365
105700 -329365
