200 -351358
300 -348205
400 -346808
500 -346808
600 -342463
700 -341304
800 -341304
900 -341304
1000 -341304
1100 -341304
1200 -340784
1300 -340784
1400 -337089
1500 -337089
1600 -337089
1700 -335041
1800 -334477
1900 -334477
2000 -334477
2100 -333170
2200 -333170
2300 -333170
2400 -332258
2500 -332258
2600 -330327
2700 -330327
2800 -330327
2900 -329361
3000 -329361
3100 -329361
3200 -329361
3300 -329361
3400 -329361
3500 -325230
3600 -325230
3700 -325230
3800 -325230
3900 -325230
4000 -325230
4100 -325230
4200 -325230
4300 -325230
4400 -325230
4500 -325230
4600 -325230
4700 -325230
4800 -324072
4900 -324072
5000 -324072
5100 -324072
5200 -324072
5300 -324072
5400 -324072
5500 -324072
5600 -324072
5700 -324072
5800 -321961
5900 -319682
6000 -319682
6100 -319682
6200 -319682
6300 -319682
6400 -319682
6500 -319682
6600 -319682
6700 -319682
6800 -319682
6900 -319682
7000 -319682
7100 -319682
7200 -319682
7300 -319682
7400 -319682
7500 -319682
7600 -319682
7700 -319682
7800 -319682
7900 -319682
8000 -319682
8100 -319682
8200 -319682
8300 -319632
8400 -319632
8500 -319587
8600 -319587
8700 -319587
8800 -319587
8900 -319587
9000 -319587
9100 -319587
9200 -319587
9300 -319587
9400 -319587
9500 -319587
9600 -319587
9700 -319587
9800 -319587
9900 -319587
10000 -319587
10100 -319177
10200 -319177
10300 -319177
10400 -319177
10500 -319177
10600 -319177
10700 -319177
10800 -319177
10900 -319177
11000 -319177
11100 -319177
11200 -319177
11300 -319177
11400 -319177
11500 -319177
11600 -319177
11700 -319177
11800 -319177
11900 -319177
12000 -319177
12100 -319177
12200 -319177
12300 -319177
12400 -319177
12500 -319177
12600 -319177
12700 -319177
12800 -318911
12900 -318911
13000 -318911
13100 -318911
13200 -318911
13300 -318911
13400 -318911
13500 -318911
13600 -317747
13700 -317747
13800 -317747
13900 -317747
14000 -317747
14100 -317747
14200 -317747
14300 -317747
14400 -317747
14500 -317747
14600 -317747
14700 -317747
14800 -317747
14900 -317747
15000 -317747
15100 -317747
15200 -317747
15300 -317579
15400 -317579
15500 -317579
15600 -317579
15700 -317579
15800 -317579
15900 -317579
16000 -317579
16100 -317579
16200 -317579
16300 -317579
16400 -317579
16500 -317579
16600 -317579
16700 -316671
16800 -316671
16900 -316671
17000 -316671
17100 -315574
17200 -315574
17300 -315574
17400 -315574
17500 -315574
17600 -315574
17700 -315574
17800 -315574
17900 -315574
18000 -315574
18100 -315574
18200 -315574
18300 -315574
18400 -315574
18500 -315574
18600 -315574
18700 -315574
18800 -315574
18900 -315574
19000 -315574
19100 -315574
19200 -314491
19300 -314491
19400 -314491
19500 -314491
19600 -314491
19700 -314491
19800 -314491
19900 -314491
20000 -314491
20100 -314491
20200 -314491
20300 -314491
20400 -314491
20500 -314491
20600 -314491
20700 -314491
20800 -314491
20900 -314491
21000 -314491
21100 -314491
21200 -314491
21300 -314491
21400 -314491
21500 -314491
21600 -314491
21700 -314491
21800 -314491
21900 -314491
22000 -314491
22100 -314491
22200 -314491
22300 -314491
22400 -314491
22500 -314491
22600 -314491
22700 -314491
22800 -314491
22900 -314491
23000 -314491
23100 -314491
23200 -314491
23300 -314491
23400 -314491
23500 -314491
23600 -314491
23700 -314491
23800 -314491
23900 -314491
24000 -314491
24100 -314491
24200 -314491
24300 -314491
24400 -314491
24500 -314491
24600 -314491
24700 -314491
24800 -314491
24900 -314491
25000 -314491
25100 -314491
25200 -314491
25300 -314491
25400 -314491
25500 -314491
25600 -314491
25700 -314491
25800 -314491
25900 -314491
26000 -314491
26100 -314491
26200 -314491
26300 -314491
26400 -314491
26500 -314491
26600 -314491
26700 -314491
26800 -314491
26900 -314491
27000 -314491
27100 -314491
27200 -314491
27300 -314491
27400 -314491
27500 -314491
27600 -314491
27700 -314491
27800 -314491
27900 -314491
28000 -314491
28100 -314491
28200 -314491
28300 -314491
28400 -314491
28500 -314491
28600 -314491
28700 -314491
28800 -314491
28900 -314491
29000 -314491
29100 -314491
29200 -314491
29300 -314491
29400 -314491
29500 -314491
29600 -314491
29700 -314491
29800 -314491
29900 -314491
30000 -314491
30100 -314491
30200 -314491
30300 -314491
30400 -313623
30500 -313623
30600 -313623
30700 -313623
30800 -313623
30900 -313623
31000 -313623
31100 -313623
31200 -313623
31300 -313623
31400 -313623
31500 -313623
31600 -313623
31700 -313623
31800 -313623
31900 -313623
32000 -313623
32100 -313623
32200 -313623
32300 -313623
32400 -313623
32500 -313623
32600 -313623
32700 -313623
32800 -313623
32900 -313623
33000 -313623
33100 -313623
33200 -313623
33300 -313623
33400 -313623
33500 -313623
33600 -313623
33700 -313623
33800 -313623
33900 -313623
34000 -313623
34100 -313623
34200 -313623
34300 -313131
34400 -313131
34500 -313131
34600 -313131
34700 -313131
34800 -313131
34900 -313131
35000 -313131
35100 -313131
35200 -313131
35300 -313131
35400 -313131
35500 -313131
35600 -313131
35700 -313131
35800 -313131
35900 -313131
36000 -313131
36100 -313131
36200 -313131
36300 -313131
36400 -313131
36500 -313131
36600 -313131
36700 -313131
36800 -313131
36900 -313131
37000 -313131
37100 -313131
37200 -313131
37300 -313131
37400 -313131
37500 -313131
37600 -313131
37700 -313131
37800 -313131
37900 -313131
38000 -313131
38100 -313068
38200 -313068
38300 -313068
38400 -313068
38500 -313068
38600 -313068
38700 -313068
38800 -313068
38900 -313068
39000 -313068
39100 -313068
39200 -313068
39300 -313068
39400 -313068
39500 -313068
39600 -313068
39700 -313068
39800 -313068
39900 -313068
40000 -313068
40100 -313068
40200 -313068
40300 -313068
40400 -313068
40500 -313068
40600 -313068
40700 -313068
40800 -313068
40900 -313068
41000 -313068
41100 -313068
41200 -313068
41300 -313068
41400 -313068
41500 -313068
41600 -313068
41700 -313068
41800 -313068
41900 -313068
42000 -313068
42100 -312419
42200 -312419
42300 -312419
42400 -312419
42500 -312419
42600 -312419
42700 -312419
42800 -312419
42900 -312419
43000 -312419
43100 -312419
43200 -312419
43300 -312419
43400 -312419
43500 -312419
43600 -312419
43700 -312419
43800 -312419
43900 -312419
44000 -312419
44100 -312419
44200 -312419
44300 -312419
44400 -312419
44500 -312419
44600 -312419
44700 -312419
44800 -312419
44900 -312419
45000 -312419
45100 -312419
45200 -312419
45300 -312419
45400 -312419
45500 -312419
45600 -312419
45700 -312419
45800 -312419
45900 -312419
46000 -312419
46100 -312419
46200 -312419
46300 -312419
46400 -312419
46500 -312419
46600 -312419
46700 -312419
46800 -312419
46900 -312419
47000 -312419
47100 -312419
47200 -312419
47300 -312419
47400 -312419
47500 -312419
47600 -312419
47700 -312419
47800 -312419
47900 -312419
48000 -312419
48100 -312419
48200 -312419
48300 -312419
48400 -312419
48500 -312419
48600 -312419
48700 -312419
48800 -312419
48900 -312419
49000 -312419
49100 -312419
49200 -312419
49300 -312419
49400 -312419
49500 -312419
49600 -312419
49700 -312419
49800 -312419
49900 -312419
50000 -312419
50100 -310102
50200 -310102
50300 -310102
50400 -310102
50500 -310102
50600 -310102
50700 -310102
50800 -310102
50900 -310102
51000 -310102
51100 -310102
51200 -310102
51300 -310102
51400 -310102
51500 -310102
51600 -310102
51700 -310102
51800 -310102
51900 -310102
52000 -310102
52100 -310102
52200 -310102
52300 -310102
52400 -310102
52500 -310102
52600 -310102
52700 -310102
52800 -310102
52900 -310102
53000 -310102
53100 -310102
53200 -310102
53300 -310102
53400 -310102
53500 -310102
53600 -310102
53700 -310102
53800 -310102
53900 -310102
54000 -310102
54100 -310102
54200 -310102
54300 -310102
54400 -310102
54500 -310102
54600 -310102
54700 -310102
54800 -310102
54900 -310102
55000 -310102
55100 -310102
55200 -310102
55300 -310102
55400 -310102
55500 -310102
55600 -310102
55700 -310102
55800 -310102
55900 -310102
56000 -310102
56100 -310102
56200 -310102
56300 -310102
56400 -310102
56500 -310102
56600 -310102
56700 -310102
56800 -310102
56900 -310102
57000 -310102
57100 -310102
57200 -310102
57300 -310102
57400 -310102
57500 -310102
57600 -310102
57700 -310102
57800 -310102
57900 -310102
58000 -310102
58100 -310102
58200 -310102
58300 -310102
58400 -310102
58500 -310102
58600 -310102
58700 -310102
58800 -310102
58900 -310102
59000 -310102
59100 -310102
59200 -310102
59300 -310102
59400 -310102
59500 -310102
59600 -310102
59700 -310102
59800 -310102
59900 -310102
60000 -310102
60100 -310102
60200 -310102
60300 -310102
60400 -310102
60500 -310102
60600 -310102
60700 -310102
60800 -310102
60900 -310102
61000 -310102
61100 -310102
61200 -310102
61300 -310102
61400 -310102
61500 -310102
61600 -310102
61700 -310102
61800 -310102
61900 -310102
62000 -310102
62100 -310102
62200 -310102
62300 -310102
62400 -310102
62500 -310102
62600 -310102
62700 -310102
62800 -310102
62900 -310102
63000 -310102
63100 -310102
63200 -310102
63300 -310102
63400 -310102
63500 -310102
63600 -310102
63700 -310102
63800 -310102
63900 -310102
64000 -310102
64100 -310102
64200 -310102
64300 -310102
64400 -310102
64500 -310102
64600 -310102
64700 -310102
64800 -310102
64900 -310102
65000 -310102
65100 -310102
65200 -310102
65300 -310102
65400 -310102
65500 -310102
65600 -310102
65700 -310102
65800 -310102
65900 -310102
66000 -310102
66100 -310102
66200 -310102
66300 -310102
66400 -310102
66500 -310102
66600 -310102
66700 -310102
66800 -310102
66900 -310102
67000 -310102
67100 -310102
67200 -310102
67300 -310102
67400 -310102
67500 -310102
67600 -310102
67700 -310102
67800 -310102
67900 -310102
68000 -310102
68100 -310102
68200 -310102
68300 -310102
68400 -310102
68500 -310102
68600 -310102
68700 -310102
68800 -310102
68900 -310102
69000 -310102
69100 -310102
69200 -310102
69300 -310102
69400 -310102
69500 -310102
69600 -310102
69700 -310102
69800 -310102
69900 -310102
70000 -310102
70100 -310102
70200 -310102
70300 -310102
70400 -310102
70500 -310102
70600 -310102
70700 -310102
70800 -310102
70900 -310102
71000 -310102
71100 -310102
71200 -310102
71300 -310102
71400 -310102
71500 -310102
71600 -310102
71700 -310102
71800 -310102
71900 -310102
72000 -310102
72100 -310102
72200 -310102
72300 -310102
72400 -310102
72500 -310102
72600 -310102
72700 -310102
72800 -310102
72900 -310102
73000 -310102
73100 -310102
73200 -310102
73300 -310102
73400 -310102
73500 -310102
73600 -310102
73700 -310102
73800 -310102
73900 -310102
74000 -310102
74100 -310102
74200 -310102
74300 -310102
74400 -310102
74500 -310102
74600 -310102
74700 -310102
74800 -310102
74900 -310102
75000 -310102
75100 -310102
75200 -310102
75300 -310102
75400 -310102
75500 -310102
75600 -310102
75700 -310102
75800 -310102
75900 -310102
76000 -310102
76100 -310102
76200 -310102
76300 -310102
76400 -310102
76500 -310102
76600 -310102
76700 -310102
76800 -310102
76900 -310102
77000 -310102
77100 -310102
77200 -310102
77300 -310102
77400 -310102
77500 -310102
77600 -310102
77700 -310102
77800 -310102
77900 -310102
78000 -310102
78100 -310102
78200 -310102
78300 -310102
78400 -310102
78500 -310102
78600 -310102
78700 -310102
78800 -310102
78900 -310102
79000 -310102
79100 -310102
79200 -310102
79300 -310102
79400 -310102
79500 -310102
79600 -310102
79700 -310102
79800 -310102
79900 -310102
80000 -310102
80100 -310102
80200 -310102
80300 -310102
80400 -310102
80500 -310102
80600 -310102
80700 -310102
80800 -310102
80900 -310102
81000 -310102
81100 -310102
81200 -310102
81300 -310102
81400 -310102
81500 -310102
81600 -310102
81700 -310102
81800 -310102
81900 -310102
82000 -310102
82100 -310102
82200 -310102
82300 -310102
82400 -310102
82500 -310102
82600 -310102
82700 -310102
82800 -310102
82900 -310102
83000 -310102
83100 -310102
83200 -310102
83300 -310102
83400 -310102
83500 -310102
83600 -310102
83700 -310102
83800 -310102
83900 -310102
84000 -310102
84100 -310102
84200 -310102
84300 -310102
84400 -310102
84500 -310102
84600 -310102
84700 -310102
84800 -310102
84900 -310102
85000 -310102
85100 -310102
85200 -310102
85300 -310102
85400 -310102
85500 -310102
85600 -310102
85700 -310102
85800 -310102
85900 -310102
86000 -310102
