200 -375632
300 -371606
400 -369244
500 -369244
600 -368296
700 -362797
800 -362797
900 -362797
1000 -358351
1100 -358351
1200 -358351
1300 -356385
1400 -355520
1500 -355520
1600 -355520
1700 -355520
1800 -355520
1900 -353802
2000 -353802
2100 -353802
2200 -353802
2300 -353802
2400 -353802
2500 -351080
2600 -351080
2700 -351080
2800 -351080
2900 -351080
3000 -351080
3100 -351080
3200 -351080
3300 -350700
3400 -350700
3500 -347317
3600 -347317
3700 -347317
3800 -347317
3900 -347317
4000 -347317
4100 -347317
4200 -347317
4300 -347317
4400 -345022
4500 -345022
4600 -345022
4700 -345022
4800 -344976
4900 -344976
5000 -344976
5100 -344976
5200 -344976
5300 -344976
5400 -344976
5500 -344976
5600 -344008
5700 -344008
5800 -344008
5900 -344008
6000 -344008
6100 -344008
6200 -344008
6300 -344008
6400 -344008
6500 -344008
6600 -344008
6700 -344008
6800 -342384
6900 -342384
7000 -340820
7100 -340820
7200 -340820
7300 -340820
7400 -340820
7500 -340820
7600 -340820
7700 -340820
7800 -340820
7900 -340820
8000 -340820
8100 -340820
8200 -340820
8300 -340820
8400 -340820
8500 -340820
8600 -340820
8700 -340820
8800 -340820
8900 -340820
9000 -340820
9100 -340820
9200 -340820
9300 -340820
9400 -340820
9500 -340820
9600 -340820
9700 -340820
9800 -340820
9900 -340820
10000 -340820
10100 -340820
10200 -340820
10300 -340820
10400 -340820
10500 -340820
10600 -340820
10700 -340820
10800 -340820
10900 -340820
11000 -340820
11100 -340820
11200 -340820
11300 -340820
11400 -340820
11500 -339897
11600 -339897
11700 -339897
11800 -339897
11900 -337291
12000 -337291
12100 -337291
12200 -337291
12300 -337291
12400 -337291
12500 -337291
12600 -337291
12700 -337291
12800 -337291
12900 -337291
13000 -337291
13100 -337291
13200 -337291
13300 -337291
13400 -337291
13500 -337291
13600 -337291
13700 -337291
13800 -337291
13900 -337291
14000 -337291
14100 -337291
14200 -337291
14300 -337291
14400 -337291
14500 -337291
14600 -337291
14700 -337291
14800 -337291
14900 -337291
15000 -337291
15100 -337291
15200 -337291
15300 -337291
15400 -337291
15500 -337291
15600 -337291
15700 -337291
15800 -337291
15900 -337291
16000 -337291
16100 -337291
16200 -337291
16300 -337291
16400 -337291
16500 -337291
16600 -337291
16700 -337291
16800 -337291
16900 -337291
17000 -337291
17100 -337291
17200 -337291
17300 -337291
17400 -337291
17500 -337291
17600 -337291
17700 -337291
17800 -337291
17900 -337291
18000 -337291
18100 -337291
18200 -337291
18300 -337291
18400 -337291
18500 -337291
18600 -337291
18700 -337291
18800 -337291
18900 -337291
19000 -337291
19100 -337291
19200 -337291
19300 -337291
19400 -337291
19500 -337291
19600 -337291
19700 -337291
19800 -337291
19900 -337291
20000 -337291
20100 -337291
20200 -337291
20300 -337291
20400 -337291
20500 -337291
20600 -337291
20700 -337291
20800 -337291
20900 -337291
21000 -337291
21100 -337291
21200 -337291
21300 -337291
21400 -337291
21500 -337291
21600 -337291
21700 -337291
21800 -337291
21900 -337291
22000 -337291
22100 -337291
22200 -337291
22300 -337291
22400 -337291
22500 -337291
22600 -337291
22700 -337291
22800 -337291
22900 -337291
23000 -337291
23100 -337291
23200 -337291
23300 -337291
23400 -337291
23500 -337291
23600 -337291
