200 -295181
300 -292853
400 -291099
500 -290780
600 -287189
700 -287189
800 -285382
900 -282201
1000 -282201
1100 -282201
1200 -276362
1300 -276362
1400 -276362
1500 -276362
1600 -276362
1700 -273418
1800 -273418
1900 -273418
2000 -267198
2100 -267198
2200 -267198
2300 -267198
2400 -267198
2500 -267198
2600 -267198
2700 -267198
2800 -267198
2900 -267198
3000 -267198
3100 -267198
3200 -267198
3300 -267198
3400 -267198
3500 -267198
3600 -267198
3700 -267198
3800 -267198
3900 -267198
4000 -267198
4100 -267198
4200 -267198
4300 -267198
4400 -267198
4500 -267198
4600 -267198
4700 -267198
4800 -267198
4900 -267198
5000 -267198
5100 -266261
5200 -266261
5300 -266261
5400 -266261
5500 -266261
5600 -266261
5700 -266261
5800 -266261
5900 -266261
6000 -266261
6100 -266261
6200 -266261
6300 -266261
6400 -266261
6500 -266261
6600 -266261
6700 -266261
6800 -263799
6900 -263799
7000 -263799
7100 -263799
7200 -263799
7300 -263799
7400 -263799
7500 -263799
7600 -263799
7700 -263799
7800 -263799
7900 -263799
8000 -262954
8100 -262954
8200 -262954
8300 -262954
8400 -262954
8500 -262954
8600 -262954
8700 -262954
8800 -262954
8900 -262954
9000 -262954
9100 -262954
9200 -262954
9300 -262954
9400 -262954
9500 -262954
9600 -262954
9700 -262954
9800 -262954
9900 -262954
10000 -262954
10100 -262954
10200 -262954
10300 -262954
10400 -262552
10500 -262552
10600 -262552
10700 -262552
10800 -262552
10900 -262193
11000 -262193
11100 -262193
11200 -262193
11300 -262193
11400 -262193
11500 -262193
11600 -262193
11700 -262193
11800 -262193
11900 -262193
12000 -262193
12100 -262193
12200 -262193
12300 -258425
12400 -258425
12500 -258425
12600 -258425
12700 -258425
12800 -258425
12900 -258425
13000 -258425
13100 -258425
13200 -258425
13300 -258425
13400 -258425
13500 -258425
13600 -258425
13700 -258425
13800 -258425
13900 -258425
14000 -258425
14100 -258425
14200 -258425
14300 -258425
14400 -258425
14500 -258425
14600 -258425
14700 -258425
14800 -258425
14900 -258425
15000 -258425
15100 -258425
15200 -258425
15300 -258425
15400 -258425
15500 -258425
15600 -258425
15700 -258425
15800 -258425
15900 -258425
16000 -258425
16100 -258425
16200 -258425
16300 -258425
16400 -258425
16500 -258425
16600 -258425
16700 -258425
16800 -258425
16900 -258425
17000 -258425
17100 -258425
17200 -258425
17300 -258425
17400 -258425
17500 -258425
17600 -258425
17700 -258425
17800 -258425
17900 -258425
18000 -258425
18100 -258425
18200 -258425
18300 -258425
18400 -258425
18500 -258425
18600 -258425
18700 -258425
18800 -258425
18900 -258425
19000 -258425
19100 -258425
19200 -258425
19300 -258425
19400 -258425
19500 -258425
19600 -258425
19700 -258425
19800 -258425
19900 -258425
20000 -258425
20100 -258425
20200 -258425
20300 -258425
20400 -258425
20500 -258425
20600 -258425
20700 -258425
20800 -258425
20900 -258425
21000 -258425
21100 -258425
21200 -258425
21300 -258425
21400 -258425
21500 -258425
21600 -258425
21700 -258425
21800 -258425
21900 -258425
22000 -258425
22100 -258425
22200 -258425
22300 -258425
22400 -258425
22500 -258425
22600 -258425
22700 -258425
22800 -258425
22900 -258425
23000 -258425
23100 -258425
23200 -258425
23300 -258425
23400 -258425
23500 -258425
23600 -258425
23700 -258425
23800 -258425
23900 -258425
24000 -258425
24100 -258425
24200 -258425
24300 -258425
24400 -258425
24500 -258425
24600 -258425
24700 -258425
24800 -257857
24900 -257857
25000 -257857
25100 -257857
25200 -257857
25300 -257857
25400 -257857
25500 -257857
25600 -257857
25700 -257857
25800 -257857
25900 -257857
26000 -257857
26100 -257857
26200 -257857
26300 -257857
26400 -257857
26500 -257857
26600 -257857
26700 -257857
26800 -257857
26900 -257857
27000 -257857
27100 -257857
27200 -257857
27300 -257857
27400 -257857
27500 -257857
27600 -257857
27700 -257857
27800 -257857
27900 -257857
28000 -257857
28100 -257857
28200 -257857
28300 -257857
28400 -257857
28500 -257857
28600 -257857
28700 -257857
28800 -257857
28900 -257857
29000 -257857
29100 -257857
29200 -257857
29300 -257857
29400 -257857
29500 -257857
29600 -257490
29700 -257490
29800 -257490
29900 -257490
30000 -257490
30100 -257490
30200 -257490
30300 -257490
30400 -257490
30500 -257490
30600 -257490
30700 -257490
30800 -257490
30900 -257490
31000 -257490
31100 -257490
31200 -257490
31300 -257490
31400 -257490
31500 -257490
31600 -257490
31700 -257490
31800 -257490
31900 -257490
32000 -257490
32100 -257490
32200 -257490
32300 -257490
32400 -257490
32500 -257490
32600 -257490
32700 -257490
32800 -257490
32900 -257490
33000 -257490
33100 -257490
33200 -257490
33300 -257490
33400 -257490
33500 -257490
33600 -257490
33700 -257490
33800 -257490
33900 -257490
34000 -257490
34100 -257490
34200 -257490
34300 -257490
34400 -257490
34500 -257490
34600 -257490
34700 -257490
34800 -257490
34900 -257490
35000 -257490
35100 -257490
35200 -257490
35300 -257490
35400 -257490
35500 -257490
35600 -257490
35700 -257490
35800 -257490
35900 -257490
36000 -257009
36100 -257009
36200 -257009
36300 -257009
36400 -257009
36500 -257009
36600 -257009
36700 -257009
36800 -257009
36900 -257009
37000 -257009
37100 -257009
37200 -257009
37300 -257009
37400 -257009
37500 -257009
37600 -257009
37700 -257009
37800 -257009
37900 -257009
38000 -257009
38100 -257009
38200 -257009
38300 -257009
38400 -257009
38500 -257009
38600 -257009
38700 -257009
38800 -257009
38900 -257009
39000 -257009
39100 -257009
39200 -257009
39300 -257009
39400 -257009
39500 -257009
39600 -257009
39700 -257009
39800 -257009
39900 -257009
40000 -257009
40100 -257009
40200 -257009
40300 -257009
40400 -257009
40500 -257009
40600 -257009
40700 -257009
40800 -257009
40900 -257009
41000 -257009
41100 -257009
41200 -257009
41300 -257009
41400 -257009
41500 -257009
41600 -257009
41700 -257009
41800 -257009
41900 -257009
42000 -257009
42100 -257009
42200 -257009
42300 -257009
42400 -257009
42500 -257009
42600 -257009
42700 -257009
42800 -257009
42900 -257009
43000 -257009
43100 -257009
43200 -257009
43300 -257009
43400 -257009
43500 -257009
43600 -257009
43700 -257009
43800 -257009
43900 -257009
44000 -257009
44100 -257009
44200 -257009
44300 -257009
44400 -257009
44500 -257009
44600 -257009
44700 -257009
44800 -257009
44900 -257009
45000 -257009
45100 -257009
45200 -257009
45300 -257009
45400 -257009
45500 -257009
45600 -257009
45700 -257009
45800 -257009
45900 -257009
46000 -257009
46100 -257009
46200 -257009
46300 -257009
46400 -257009
46500 -257009
46600 -257009
46700 -254261
46800 -254261
46900 -254261
47000 -254261
47100 -254261
