600 -446287
900 -446026
1200 -444876
1500 -440922
1800 -440922
2100 -438145
2400 -437302
2700 -437302
3000 -436343
3300 -428575
3600 -428575
3900 -428575
4200 -428575
4500 -428575
4800 -428575
5100 -428575
5400 -425933
5700 -425933
6000 -425933
6300 -425933
6600 -425933
6900 -425552
7200 -425552
7500 -425552
7800 -422865
8100 -422865
8400 -422865
8700 -422865
9000 -422865
9300 -422609
9600 -422609
9900 -422422
10200 -421912
10500 -421912
10800 -421912
11100 -420177
11400 -416425
11700 -416425
12000 -416425
12300 -416425
12600 -416425
12900 -416425
13200 -416425
13500 -416425
13800 -416425
14100 -416425
14400 -416425
14700 -416425
15000 -416425
15300 -416425
15600 -416425
15900 -416425
16200 -416425
16500 -416197
16800 -416197
17100 -416197
17400 -416197
17700 -416197
18000 -416197
18300 -415506
18600 -415506
18900 -415506
19200 -415506
19500 -415506
19800 -415506
20100 -415506
20400 -410957
20700 -410957
21000 -410957
21300 -410957
21600 -410957
21900 -410957
22200 -410957
22500 -410957
22800 -410957
23100 -410957
23400 -410957
23700 -410957
24000 -410957
24300 -410957
24600 -410957
24900 -410957
25200 -410957
25500 -410957
25800 -410957
26100 -410957
26400 -410957
26700 -410957
27000 -410957
27300 -410957
27600 -410957
27900 -410957
28200 -410957
28500 -410957
28800 -410957
