200 -348453
300 -342462
400 -342462
500 -342462
600 -342462
700 -341721
800 -341721
900 -340045
1000 -340045
1100 -338035
1200 -337832
1300 -332717
1400 -332717
1500 -332717
1600 -332717
1700 -331335
1800 -331335
1900 -331335
2000 -331335
2100 -331335
2200 -325834
2300 -325834
2400 -325834
2500 -325834
2600 -325834
2700 -325289
2800 -325289
2900 -325289
3000 -324180
3100 -324180
3200 -324180
3300 -324180
3400 -324180
3500 -322210
3600 -322210
3700 -322210
3800 -321596
3900 -321596
4000 -321596
4100 -321596
4200 -321596
4300 -321354
4400 -321354
4500 -321354
4600 -321273
4700 -321273
4800 -321261
4900 -321135
5000 -321135
5100 -321135
5200 -320031
5300 -320031
5400 -320031
5500 -320031
5600 -320031
5700 -320031
5800 -320031
5900 -320031
6000 -320031
6100 -318943
6200 -318943
6300 -318943
6400 -318269
6500 -318269
6600 -318269
6700 -318269
6800 -318269
6900 -318269
7000 -318269
7100 -317982
7200 -317982
7300 -317982
7400 -317982
7500 -317982
7600 -317982
7700 -317982
7800 -317982
7900 -317982
8000 -317982
8100 -317982
8200 -317982
8300 -317982
8400 -317982
8500 -317982
8600 -317982
8700 -317982
8800 -317092
8900 -317092
