200 -313119
300 -311552
400 -309750
500 -302460
600 -302460
700 -302460
800 -302103
900 -302103
1000 -302103
1100 -302103
1200 -295679
1300 -295679
1400 -295679
1500 -295679
1600 -295679
1700 -295679
1800 -295679
1900 -295156
2000 -293930
2100 -293930
2200 -292887
2300 -292887
2400 -292887
2500 -288844
2600 -288844
2700 -288844
2800 -288844
2900 -288844
3000 -288844
3100 -288844
3200 -288844
3300 -288844
3400 -288844
3500 -288220
3600 -287240
3700 -287240
3800 -287240
3900 -287240
4000 -287240
4100 -287240
4200 -287240
4300 -287240
4400 -287240
4500 -286012
4600 -286012
4700 -286012
4800 -286012
4900 -286012
5000 -284830
5100 -284830
5200 -283042
5300 -283042
5400 -283042
5500 -283042
5600 -283042
5700 -283042
5800 -283042
5900 -283042
6000 -283042
6100 -281680
6200 -281680
6300 -281680
6400 -281680
6500 -281680
6600 -281680
6700 -281680
6800 -281680
6900 -281680
7000 -281680
7100 -281680
7200 -281533
7300 -281533
7400 -281533
7500 -281533
7600 -281533
7700 -281533
7800 -281533
7900 -281533
8000 -281533
8100 -281533
8200 -281533
8300 -281533
8400 -280654
8500 -280654
8600 -280654
8700 -280654
8800 -280654
8900 -280654
9000 -280654
9100 -280654
9200 -279161
9300 -279161
9400 -279161
9500 -279161
9600 -279161
9700 -279161
9800 -279161
9900 -279161
10000 -279161
10100 -279161
10200 -279161
10300 -279161
10400 -279161
10500 -279161
10600 -279161
10700 -279161
10800 -279161
10900 -279161
11000 -279161
11100 -279161
11200 -279161
11300 -279161
11400 -279161
11500 -279161
11600 -279161
11700 -279161
11800 -279161
11900 -279161
12000 -279161
12100 -279161
12200 -279161
12300 -279161
12400 -278652
12500 -278652
12600 -278652
12700 -278652
12800 -278652
12900 -278652
13000 -278652
13100 -278652
13200 -278652
13300 -278652
13400 -278652
13500 -278652
13600 -278652
13700 -278652
13800 -278652
13900 -278652
14000 -278652
14100 -278652
14200 -278652
14300 -278652
14400 -278652
14500 -278652
14600 -278652
14700 -278652
14800 -278652
14900 -278652
15000 -278652
15100 -277733
15200 -277733
15300 -277733
15400 -277733
15500 -277733
15600 -277733
15700 -277733
15800 -277733
15900 -277733
16000 -277733
16100 -277733
16200 -277733
16300 -277733
16400 -277733
16500 -277733
16600 -277733
16700 -277733
16800 -277733
16900 -277733
17000 -277733
17100 -277733
17200 -277733
17300 -277733
17400 -277733
17500 -277733
17600 -277733
17700 -277733
17800 -277733
17900 -277733
18000 -277733
18100 -277733
18200 -277733
18300 -277733
18400 -277733
18500 -277733
18600 -277733
18700 -277733
18800 -277733
18900 -277733
19000 -277733
19100 -277733
19200 -277733
19300 -277733
19400 -277733
19500 -277733
19600 -277733
19700 -277733
19800 -277650
19900 -276462
20000 -276462
20100 -276462
20200 -276462
20300 -276462
20400 -276462
20500 -276462
20600 -276462
20700 -276462
20800 -276462
20900 -276462
21000 -276462
21100 -276462
21200 -276462
21300 -276462
21400 -276462
21500 -276462
21600 -276462
21700 -276462
21800 -276462
21900 -276462
22000 -276462
22100 -276462
22200 -276462
22300 -276462
22400 -276462
22500 -276462
22600 -276462
22700 -275905
22800 -275905
22900 -275905
23000 -275349
23100 -275349
23200 -275349
23300 -275349
23400 -275349
23500 -275349
23600 -275349
23700 -275349
23800 -275349
23900 -275349
24000 -275349
24100 -275349
24200 -275349
24300 -275349
24400 -275349
24500 -275349
24600 -275349
24700 -275349
24800 -275349
24900 -275349
25000 -275349
25100 -275349
25200 -275349
25300 -275349
25400 -275349
25500 -275349
25600 -275349
25700 -275349
25800 -275349
25900 -275349
26000 -275349
26100 -275349
26200 -275349
26300 -275349
26400 -275349
26500 -275349
26600 -275349
26700 -275349
26800 -275349
26900 -275349
27000 -275349
27100 -275349
27200 -275349
27300 -275349
27400 -275349
27500 -275349
27600 -275349
27700 -275349
27800 -275349
27900 -275349
28000 -275349
28100 -275349
28200 -275349
28300 -275349
28400 -275349
28500 -275349
28600 -275349
28700 -275349
28800 -275349
28900 -275349
29000 -275349
29100 -275349
29200 -275349
29300 -275349
29400 -275349
29500 -275349
29600 -275349
29700 -275349
29800 -275349
29900 -275349
30000 -275349
30100 -275349
30200 -275349
30300 -275349
30400 -275349
30500 -275349
30600 -275349
30700 -275349
30800 -275349
30900 -275349
31000 -275349
31100 -275349
31200 -275349
31300 -274998
31400 -274998
31500 -274998
31600 -274998
31700 -274998
31800 -274998
31900 -274998
32000 -274998
32100 -274998
32200 -274998
32300 -274998
32400 -274998
32500 -274998
32600 -274998
32700 -274998
32800 -274998
32900 -274998
33000 -274998
33100 -274998
33200 -273877
33300 -273877
33400 -273877
33500 -273877
33600 -273877
33700 -273877
33800 -273877
33900 -273877
34000 -273877
34100 -273877
34200 -273877
34300 -273877
34400 -273877
34500 -273877
34600 -273877
34700 -273877
34800 -273877
34900 -273877
35000 -273877
35100 -273877
35200 -273877
35300 -273877
35400 -273877
35500 -273877
35600 -273877
35700 -273877
35800 -273877
35900 -273877
36000 -273877
36100 -273877
36200 -273877
36300 -273877
36400 -273877
36500 -273877
36600 -273877
36700 -273877
36800 -273877
36900 -273877
37000 -273877
37100 -273877
37200 -273877
37300 -273877
37400 -273877
37500 -273877
37600 -273877
37700 -273877
37800 -273877
37900 -273877
38000 -273877
38100 -273877
38200 -273877
38300 -273877
38400 -273877
38500 -273877
38600 -273877
38700 -273877
38800 -273877
38900 -273877
39000 -273877
39100 -273877
39200 -273877
39300 -273877
39400 -273877
39500 -273877
39600 -273877
39700 -273877
39800 -273877
39900 -273877
40000 -273877
40100 -273877
40200 -273877
40300 -273877
40400 -273877
40500 -273845
40600 -273845
40700 -273845
40800 -273845
40900 -273845
41000 -273845
41100 -273845
41200 -273845
41300 -273845
41400 -273845
41500 -273845
41600 -273845
41700 -273845
41800 -273845
41900 -273845
42000 -273845
42100 -273845
42200 -273845
42300 -273845
42400 -273845
42500 -273845
42600 -273845
42700 -273845
42800 -273845
42900 -273845
43000 -273845
43100 -273845
43200 -273845
43300 -273845
43400 -273845
43500 -273845
43600 -273845
43700 -273845
43800 -273845
43900 -273845
44000 -273845
44100 -273845
44200 -273845
44300 -273845
44400 -273845
44500 -273845
44600 -273845
44700 -273845
44800 -273845
44900 -273845
45000 -273845
45100 -273845
45200 -273845
45300 -273845
45400 -271423
45500 -271423
45600 -271423
45700 -271423
45800 -271423
45900 -271423
46000 -271423
46100 -271423
46200 -271423
46300 -271423
46400 -271423
46500 -271423
46600 -271423
46700 -271423
46800 -271423
46900 -271423
47000 -271423
47100 -271423
47200 -271423
47300 -271423
47400 -271423
47500 -271423
47600 -271423
47700 -271423
47800 -271423
47900 -271423
48000 -271423
48100 -271423
48200 -271423
48300 -271423
48400 -271423
48500 -271423
48600 -271423
48700 -271423
48800 -271423
48900 -271423
49000 -271423
49100 -271423
49200 -271423
49300 -271423
49400 -271423
49500 -271423
49600 -271423
49700 -271423
49800 -271423
49900 -271423
50000 -271423
50100 -271423
50200 -271423
50300 -271423
50400 -271423
50500 -271423
50600 -271423
50700 -271423
50800 -271423
50900 -271423
51000 -271423
51100 -271423
51200 -271423
51300 -271423
51400 -271423
51500 -271423
51600 -271423
51700 -271423
51800 -271423
51900 -271423
52000 -271423
52100 -271423
52200 -271423
52300 -271423
52400 -271423
52500 -271423
52600 -271423
52700 -271338
52800 -271338
52900 -271338
53000 -271338
53100 -271338
53200 -271338
53300 -271338
53400 -271338
53500 -271338
53600 -271338
53700 -271338
53800 -271338
53900 -271338
54000 -271338
54100 -271338
54200 -271338
54300 -271338
54400 -271338
54500 -271338
54600 -271338
54700 -271338
54800 -271338
54900 -271338
55000 -271338
55100 -271338
55200 -271338
55300 -271338
55400 -271338
55500 -271338
55600 -271338
55700 -271338
55800 -271338
55900 -271338
56000 -271338
56100 -271338
56200 -271338
56300 -271338
56400 -271338
56500 -271338
56600 -271338
56700 -271338
56800 -271338
56900 -271338
57000 -271338
57100 -271338
57200 -271338
57300 -271338
57400 -271338
57500 -271338
57600 -271338
57700 -271338
57800 -271338
57900 -271338
58000 -271338
58100 -271338
58200 -271338
58300 -271338
58400 -271338
58500 -271338
58600 -271338
58700 -271338
58800 -271338
58900 -271338
59000 -271338
59100 -271338
59200 -271338
59300 -271338
59400 -271338
59500 -271338
59600 -271338
59700 -271338
59800 -271338
59900 -271338
60000 -271338
60100 -271338
60200 -271338
60300 -271338
60400 -271338
60500 -271338
60600 -271338
60700 -271338
60800 -271338
60900 -271338
61000 -271338
61100 -271338
61200 -271338
61300 -271338
61400 -271338
61500 -271338
61600 -271338
61700 -271338
61800 -271338
61900 -271338
62000 -271338
62100 -271338
62200 -271338
62300 -271338
62400 -271338
62500 -271338
62600 -271338
62700 -271338
62800 -271338
62900 -271338
63000 -271338
63100 -271338
63200 -271338
63300 -271338
63400 -271338
63500 -271338
63600 -271338
63700 -271338
63800 -271338
63900 -271338
64000 -271338
64100 -271338
64200 -271338
64300 -271338
64400 -271338
64500 -271338
64600 -271338
64700 -271338
64800 -271338
64900 -271338
65000 -271338
65100 -271338
65200 -271338
65300 -271338
65400 -271338
65500 -271338
65600 -271338
65700 -271338
65800 -271338
65900 -271338
66000 -271338
66100 -271338
66200 -271338
66300 -271338
66400 -271338
66500 -271338
66600 -271338
66700 -271338
66800 -271338
66900 -271338
67000 -271338
67100 -271338
67200 -271338
67300 -271338
67400 -271338
67500 -271338
67600 -271338
67700 -271338
67800 -271338
67900 -271338
68000 -271338
68100 -271338
68200 -271338
68300 -270710
68400 -270710
68500 -270710
68600 -270710
68700 -270710
68800 -270710
68900 -270710
69000 -270710
69100 -270710
69200 -270710
69300 -270710
69400 -270710
69500 -270710
69600 -270710
69700 -270710
69800 -270710
69900 -270710
70000 -270710
70100 -270710
70200 -270710
70300 -270710
70400 -270710
70500 -270710
70600 -270710
70700 -270710
70800 -270710
70900 -270710
71000 -270710
71100 -270710
71200 -270710
71300 -270710
71400 -270710
71500 -270710
71600 -270710
71700 -270710
71800 -270710
71900 -270710
72000 -270710
72100 -270710
72200 -270710
72300 -270710
72400 -270710
72500 -270710
72600 -270710
72700 -270710
72800 -270710
72900 -270710
73000 -270710
73100 -270710
73200 -270710
73300 -270710
73400 -270710
73500 -270710
73600 -270710
73700 -270710
73800 -270710
73900 -270710
74000 -270710
74100 -270710
74200 -270710
74300 -270710
74400 -270710
74500 -270710
74600 -270710
74700 -270710
74800 -270710
74900 -270710
75000 -270710
75100 -270710
75200 -270710
75300 -270710
75400 -270710
75500 -270710
75600 -270710
75700 -270710
75800 -270710
75900 -270710
76000 -270710
76100 -270710
76200 -270710
76300 -270710
76400 -270710
76500 -270710
76600 -270710
76700 -270710
76800 -270710
76900 -270710
77000 -270710
77100 -270710
77200 -270710
77300 -270710
77400 -270710
77500 -270710
77600 -270710
77700 -270710
77800 -270710
77900 -270710
78000 -270710
78100 -270710
78200 -270710
78300 -270710
78400 -270710
78500 -270710
78600 -270710
78700 -270710
78800 -270710
78900 -270710
79000 -270710
79100 -270710
79200 -270710
79300 -270710
79400 -270710
79500 -270710
79600 -270710
79700 -270710
79800 -270710
79900 -270710
80000 -270710
80100 -270710
80200 -270710
80300 -270710
80400 -270710
80500 -270710
80600 -270710
80700 -270710
80800 -270710
80900 -270710
81000 -270710
81100 -270710
81200 -270710
81300 -270710
81400 -270710
81500 -270710
81600 -270710
81700 -270710
81800 -270710
81900 -270710
82000 -270710
82100 -270710
82200 -270710
82300 -270710
82400 -270710
82500 -270710
82600 -270710
82700 -270710
82800 -270710
82900 -270710
83000 -270710
83100 -270710
83200 -270710
83300 -270710
83400 -270710
83500 -269786
83600 -269786
83700 -269786
83800 -269786
83900 -269786
84000 -269786
84100 -269786
84200 -269786
84300 -269786
84400 -269786
84500 -269786
84600 -269786
84700 -269786
84800 -269786
84900 -269786
85000 -269786
85100 -269786
85200 -269786
85300 -269786
85400 -269786
85500 -269786
85600 -269786
85700 -269786
85800 -269786
85900 -269786
86000 -269786
86100 -269786
86200 -269786
86300 -269786
86400 -269786
86500 -269786
86600 -269786
86700 -269786
86800 -269786
86900 -269786
87000 -269786
87100 -269786
87200 -269786
87300 -269786
87400 -269786
87500 -269786
87600 -269786
87700 -269786
87800 -269786
87900 -269786
88000 -269786
88100 -269786
88200 -269786
88300 -269786
88400 -269786
88500 -269786
88600 -269786
88700 -269786
88800 -269786
88900 -269786
89000 -269786
89100 -269786
89200 -269786
89300 -269786
89400 -269786
89500 -269786
89600 -269786
89700 -269786
89800 -269786
89900 -269786
90000 -269786
90100 -269786
90200 -269786
90300 -269786
90400 -269786
90500 -269786
90600 -269786
90700 -269786
90800 -269786
90900 -269786
91000 -269786
91100 -269786
91200 -269786
91300 -269786
91400 -269786
91500 -269786
91600 -269786
91700 -269786
91800 -269786
91900 -269786
92000 -269786
92100 -269786
92200 -269786
92300 -269786
92400 -269786
92500 -269786
92600 -269786
92700 -269786
92800 -269786
92900 -269786
93000 -269786
93100 -269786
93200 -269786
93300 -269786
93400 -269786
93500 -269786
93600 -269786
93700 -269786
93800 -269786
93900 -269786
94000 -269786
94100 -269786
94200 -269786
94300 -269786
94400 -269786
94500 -269786
94600 -269786
94700 -269786
94800 -269786
94900 -269786
95000 -269786
95100 -269786
95200 -269786
95300 -269786
95400 -269786
95500 -269786
95600 -269786
95700 -269786
95800 -269786
95900 -269786
96000 -269786
96100 -269786
96200 -269786
96300 -269786
96400 -269786
96500 -269786
96600 -269786
96700 -269786
96800 -269786
96900 -269786
97000 -269786
97100 -269786
97200 -269786
97300 -269786
97400 -269786
97500 -269786
97600 -269786
97700 -269786
97800 -269786
97900 -269786
98000 -269786
98100 -269786
98200 -269786
98300 -269786
98400 -269786
98500 -269786
98600 -269786
98700 -269786
98800 -269786
98900 -269786
99000 -269786
99100 -269786
99200 -269786
99300 -269786
99400 -269786
99500 -269786
99600 -269786
99700 -269786
99800 -269786
99900 -269786
100000 -269786
100100 -269786
100200 -269786
100300 -269786
100400 -269786
100500 -269786
100600 -269786
100700 -269786
100800 -269786
100900 -269786
101000 -269786
101100 -269786
101200 -269786
101300 -269786
101400 -269786
101500 -269786
101600 -269786
101700 -269786
101800 -269786
101900 -269786
102000 -269786
102100 -269786
102200 -269786
102300 -269786
102400 -269786
102500 -269786
102600 -269786
102700 -269786
102800 -269786
102900 -269786
103000 -269786
103100 -269786
103200 -269786
103300 -269786
103400 -269786
103500 -269786
103600 -269786
103700 -269786
103800 -269786
103900 -269786
104000 -269786
104100 -269786
104200 -269786
104300 -269786
104400 -269786
104500 -269786
104600 -269786
104700 -269786
104800 -269786
104900 -269786
105000 -269786
105100 -269786
105200 -269786
105300 -269786
105400 -269786
105500 -269786
105600 -269786
105700 -269786
105800 -269786
105900 -269786
106000 -269786
106100 -269786
106200 -269786
106300 -269786
106400 -269786
106500 -269786
106600 -269786
106700 -269786
106800 -269786
106900 -269786
107000 -269786
107100 -269786
107200 -269786
107300 -269786
107400 -269786
107500 -269786
107600 -269786
107700 -269786
107800 -269786
107900 -269786
108000 -269786
108100 -269786
108200 -269786
108300 -269786
108400 -269786
108500 -269786
108600 -269786
108700 -269786
108800 -269786
108900 -269786
109000 -269786
109100 -269786
109200 -269786
109300 -269786
109400 -269786
109500 -269786
109600 -269786
109700 -269786
109800 -269208
109900 -269208
110000 -269208
110100 -269208
110200 -269208
110300 -269208
110400 -269208
110500 -269208
110600 -269208
110700 -269208
110800 -269208
110900 -269208
111000 -269208
111100 -269208
111200 -269208
111300 -269208
111400 -269208
111500 -269208
111600 -269208
111700 -269208
111800 -269208
111900 -269208
112000 -269208
112100 -269208
112200 -269208
112300 -269208
112400 -269208
112500 -269208
112600 -269208
112700 -269208
112800 -269208
112900 -269208
113000 -269208
113100 -269208
113200 -269208
113300 -269208
113400 -269208
113500 -269208
113600 -269208
113700 -269208
113800 -269208
113900 -269208
114000 -269208
114100 -269208
114200 -269208
114300 -269208
114400 -269208
114500 -269208
114600 -269208
114700 -269208
114800 -269208
114900 -269208
115000 -269208
115100 -269208
115200 -269208
115300 -269208
115400 -269208
115500 -269208
115600 -269208
115700 -269208
115800 -269208
115900 -269208
116000 -269208
116100 -269208
116200 -269208
116300 -269208
116400 -269208
116500 -269208
116600 -269208
116700 -269208
116800 -269208
116900 -269208
117000 -269208
117100 -269208
117200 -269208
117300 -269208
117400 -269208
117500 -269208
117600 -269208
117700 -269208
117800 -269208
117900 -269208
118000 -269208
118100 -269208
118200 -269208
118300 -269208
118400 -269208
118500 -269208
118600 -269208
118700 -269208
118800 -269208
118900 -269208
119000 -269208
119100 -269208
119200 -269208
119300 -269208
119400 -269208
119500 -269208
119600 -269208
119700 -269208
119800 -269208
119900 -269208
120000 -269208
120100 -269208
120200 -269208
120300 -269208
120400 -269208
120500 -269208
120600 -269208
120700 -269208
120800 -269208
120900 -269208
121000 -269208
121100 -269208
121200 -269208
121300 -269208
121400 -269208
121500 -269208
121600 -269208
121700 -269208
121800 -269208
121900 -269208
122000 -269208
122100 -269208
122200 -269208
122300 -269208
122400 -269208
