600 -442280
900 -442280
1200 -442280
1500 -442280
1800 -442280
2100 -438929
2400 -438929
2700 -438929
3000 -434088
3300 -432746
3600 -432746
3900 -432746
4200 -432746
4500 -432746
4800 -432746
5100 -430202
5400 -430202
5700 -430202
6000 -430202
6300 -427008
6600 -427008
6900 -424415
7200 -424415
7500 -424415
7800 -424415
8100 -424415
8400 -424415
8700 -424415
9000 -424415
9300 -424415
9600 -424415
9900 -421271
10200 -421271
10500 -421271
10800 -421271
11100 -421271
11400 -421271
11700 -421271
12000 -419493
12300 -419493
12600 -419493
12900 -419493
13200 -419493
13500 -419493
13800 -419493
14100 -419493
14400 -419493
14700 -419493
15000 -417361
15300 -417361
15600 -417361
15900 -417361
16200 -417361
16500 -417361
16800 -417361
17100 -417361
17400 -417361
17700 -417361
18000 -417361
18300 -417361
18600 -417361
18900 -417361
19200 -417361
19500 -417361
19800 -417361
20100 -417361
20400 -417361
20700 -417361
21000 -417361
21300 -417361
21600 -417361
21900 -417361
22200 -416778
22500 -416778
22800 -416778
23100 -416778
23400 -416778
23700 -416778
24000 -412860
24300 -412860
24600 -412860
24900 -412860
25200 -412860
25500 -412860
25800 -412860
26100 -412860
26400 -412860
26700 -412860
27000 -412860
27300 -412860
27600 -412860
27900 -412860
28200 -412860
28500 -412860
28800 -412860
29100 -412860
29400 -412860
29700 -412860
30000 -412860
30300 -412860
30600 -412860
30900 -412860
31200 -412860
31500 -412860
31800 -412860
32100 -412860
32400 -412860
32700 -412860
33000 -412860
33300 -412860
