20 -523999
30 -523999
40 -523999
50 -523999
60 -517598
70 -517598
80 -516176
90 -516176
100 -516176
110 -516176
120 -516176
130 -516176
140 -516176
150 -516176
160 -516176
170 -516176
180 -516176
190 -516176
200 -516176
210 -516176
220 -516176
230 -516176
240 -516176
250 -516176
260 -516176
270 -516176
280 -516176
290 -508356
300 -508356
310 -508356
320 -508356
330 -508356
340 -508356
350 -502217
360 -502217
370 -502217
380 -502217
390 -502217
400 -502217
410 -502217
420 -502217
430 -502217
440 -502217
450 -502217
460 -502217
470 -502217
480 -502217
490 -502217
500 -502217
510 -502217
520 -502217
530 -502217
540 -502217
550 -502217
560 -502217
570 -502217
580 -502217
590 -502217
600 -502217
610 -502217
620 -502217
630 -502217
640 -484569
650 -484569
660 -484569
670 -484569
680 -484569
690 -484569
700 -484569
710 -484569
720 -484569
730 -484569
740 -484569
750 -484569
760 -484569
770 -484569
780 -484569
790 -484569
800 -484569
810 -484569
820 -484569
830 -484569
840 -484569
850 -484569
860 -484569
870 -484569
880 -484569
890 -484569
900 -484569
910 -484569
920 -484569
930 -484569
940 -484569
950 -484569
960 -484569
970 -484569
980 -484569
990 -484569
1000 -484569
1010 -484569
1020 -484569
1030 -484569
1040 -484569
1050 -484569
1060 -484569
1070 -484569
1080 -484569
1090 -484569
1100 -484569
1110 -484569
1120 -484569
1130 -484569
1140 -484569
1150 -484569
1160 -484569
1170 -484569
1180 -484569
1190 -484569
1200 -484569
1210 -484569
1220 -484569
1230 -484569
1240 -484569
1250 -484569
1260 -484569
1270 -484569
1280 -484569
1290 -484569
1300 -484569
1310 -484569
1320 -484569
1330 -484569
1340 -484569
1350 -484569
1360 -484569
1370 -484569
1380 -484569
1390 -484569
1400 -484569
1410 -484569
1420 -484569
1430 -484569
1440 -484569
1450 -484569
1460 -484569
1470 -484569
1480 -484569
1490 -484569
1500 -484569
1510 -484569
1520 -484569
1530 -484569
1540 -484569
1550 -484569
1560 -484569
1570 -484569
1580 -484569
1590 -484569
1600 -484569
1610 -484569
1620 -484569
1630 -484569
1640 -484569
1650 -484569
1660 -484569
1670 -484569
1680 -484569
1690 -484569
1700 -484569
1710 -484569
1720 -484569
1730 -484569
1740 -484569
1750 -484569
1760 -484569
1770 -484569
1780 -484569
1790 -484569
1800 -484569
1810 -484569
1820 -484569
1830 -484569
1840 -484569
1850 -484569
1860 -484569
1870 -484569
1880 -484569
1890 -484569
1900 -484569
1910 -484569
1920 -484569
1930 -484569
1940 -484569
1950 -484569
1960 -484569
1970 -484569
1980 -484569
1990 -484569
2000 -484569
2010 -484569
2020 -484569
2030 -484569
2040 -484569
2050 -484569
2060 -484569
2070 -484569
2080 -484569
2090 -484569
2100 -484569
2110 -484569
2120 -484569
2130 -484569
2140 -484569
2150 -484569
2160 -484569
2170 -484569
2180 -484569
2190 -484569
2200 -484569
2210 -484569
2220 -484569
2230 -484569
2240 -484569
2250 -484569
2260 -484569
2270 -484569
2280 -484569
2290 -484569
2300 -484569
2310 -484569
2320 -484569
2330 -484569
2340 -484569
2350 -484569
2360 -484569
2370 -484569
2380 -484569
2390 -484569
2400 -484569
2410 -484569
2420 -484569
2430 -484569
2440 -484569
2450 -484569
2460 -484569
2470 -484569
2480 -484569
2490 -484569
2500 -484569
2510 -484569
2520 -484569
2530 -484569
2540 -484569
2550 -484569
2560 -484569
2570 -484569
2580 -484569
2590 -484569
2600 -484569
2610 -484569
2620 -484569
2630 -484569
2640 -484569
2650 -484569
2660 -484569
2670 -484569
2680 -484569
2690 -484569
2700 -484569
2710 -484569
2720 -484569
2730 -484569
2740 -484569
2750 -484569
2760 -484569
2770 -484569
2780 -484569
2790 -484569
2800 -484569
2810 -484569
2820 -484569
2830 -484569
2840 -484569
2850 -484569
2860 -484569
2870 -484569
2880 -484569
2890 -484569
2900 -484569
2910 -484569
2920 -484569
2930 -484569
2940 -484569
2950 -484569
2960 -484569
2970 -484569
2980 -484569
2990 -484569
3000 -484569
3010 -484569
3020 -484569
3030 -484569
3040 -484569
3050 -484569
3060 -484569
3070 -484569
3080 -484569
3090 -484569
3100 -484569
3110 -484569
3120 -484569
3130 -484569
3140 -484569
3150 -484569
3160 -484569
3170 -484569
3180 -484569
3190 -484569
3200 -484569
3210 -484569
3220 -484569
3230 -484569
3240 -484569
3250 -484569
3260 -484569
3270 -484569
3280 -484569
3290 -484569
3300 -484569
3310 -484569
3320 -484569
3330 -484569
3340 -484569
3350 -484569
3360 -484569
3370 -484569
3380 -484569
3390 -484569
3400 -484569
3410 -484569
3420 -484569
3430 -484569
3440 -484569
3450 -484569
3460 -484569
3470 -484569
3480 -484569
3490 -484569
3500 -484569
3510 -484569
3520 -484569
3530 -484569
3540 -484569
3550 -484569
3560 -484569
3570 -484569
3580 -484569
3590 -484569
3600 -484569
3610 -484569
3620 -484569
3630 -484569
3640 -484569
3650 -484569
3660 -484569
3670 -484569
3680 -484569
3690 -484569
3700 -484569
3710 -484569
3720 -484569
3730 -484569
3740 -484569
3750 -484569
3760 -484569
3770 -484569
3780 -484569
3790 -484569
3800 -484569
3810 -484569
3820 -484569
3830 -484569
3840 -484569
3850 -484569
3860 -484569
3870 -484569
3880 -484569
3890 -484569
3900 -484569
3910 -484569
3920 -484569
3930 -484569
3940 -484569
3950 -484569
3960 -484569
3970 -484569
3980 -484569
3990 -484569
4000 -484569
4010 -484569
4020 -484569
4030 -484569
4040 -484569
4050 -484569
4060 -484569
4070 -484569
4080 -484569
4090 -484569
4100 -484569
4110 -484569
4120 -484569
4130 -484569
4140 -484569
4150 -484569
4160 -484569
4170 -484569
4180 -484569
4190 -484569
4200 -484569
4210 -484569
4220 -484569
4230 -484569
4240 -484569
4250 -484569
4260 -484569
4270 -484569
4280 -484569
4290 -484569
4300 -484569
4310 -484569
4320 -484569
4330 -484569
4340 -484569
4350 -484569
4360 -484569
4370 -484569
4380 -484569
4390 -484569
4400 -484569
4410 -484569
4420 -484569
4430 -484569
4440 -484569
4450 -484569
4460 -484569
4470 -484569
4480 -484569
4490 -484569
4500 -484569
4510 -484569
4520 -484569
4530 -484569
4540 -484569
4550 -484569
4560 -484569
4570 -484569
4580 -484569
4590 -484569
4600 -484569
4610 -484569
4620 -484569
4630 -484569
4640 -484569
4650 -484569
4660 -484569
4670 -484569
4680 -484569
4690 -484569
4700 -484569
4710 -484569
4720 -484569
4730 -484569
4740 -484569
4750 -484569
4760 -484569
4770 -484569
4780 -484569
4790 -484569
4800 -484569
4810 -484569
4820 -484569
4830 -484569
4840 -484569
4850 -484569
4860 -484569
4870 -484569
4880 -484569
4890 -484569
4900 -484569
4910 -484569
4920 -484569
4930 -484569
4940 -484569
4950 -484569
4960 -484569
4970 -484569
4980 -484569
4990 -484569
5000 -484569
5010 -484569
5020 -484569
5030 -484569
5040 -484569
5050 -484569
5060 -484569
5070 -484569
5080 -484569
5090 -484569
5100 -484569
5110 -484569
5120 -484569
5130 -484569
5140 -484569
5150 -484569
5160 -484569
5170 -484569
5180 -484569
5190 -484569
5200 -484569
5210 -484569
5220 -484569
5230 -484569
5240 -484569
5250 -484569
5260 -484569
5270 -484569
5280 -484569
5290 -484569
5300 -484569
5310 -484569
5320 -484569
5330 -484569
5340 -484569
5350 -484569
5360 -484569
5370 -484569
5380 -484569
5390 -484569
5400 -484569
5410 -484569
5420 -484569
5430 -484569
5440 -484569
5450 -484569
5460 -484569
5470 -484569
5480 -484569
5490 -484569
5500 -484569
5510 -484569
5520 -484569
5530 -484569
5540 -484569
5550 -484569
5560 -484569
5570 -484569
5580 -484569
5590 -484569
5600 -484569
5610 -484569
5620 -484569
5630 -484569
5640 -484569
5650 -484569
5660 -484569
5670 -484569
5680 -484569
5690 -484569
5700 -484569
5710 -484569
5720 -484569
5730 -484569
5740 -484569
5750 -484569
5760 -484569
5770 -484569
5780 -484569
5790 -484569
5800 -484569
5810 -484569
5820 -484569
5830 -484569
5840 -484569
5850 -484569
5860 -484569
5870 -484569
5880 -484569
5890 -484569
5900 -484569
5910 -484569
5920 -484569
5930 -484569
5940 -484569
5950 -484569
5960 -484569
5970 -484569
5980 -484569
5990 -484569
6000 -484569
6010 -484569
6020 -484569
6030 -484569
6040 -484569
6050 -484569
6060 -484569
6070 -484569
6080 -484569
6090 -484569
6100 -484569
6110 -484569
6120 -484569
6130 -484569
6140 -484569
6150 -484569
6160 -484569
6170 -484569
6180 -484569
6190 -484569
6200 -484569
6210 -484569
6220 -484569
6230 -484569
6240 -484569
6250 -484569
6260 -484569
6270 -484569
6280 -484569
6290 -484569
6300 -484569
6310 -484569
6320 -484569
6330 -484569
6340 -484569
6350 -484569
6360 -484569
6370 -484569
6380 -480890
6390 -480890
6400 -480890
6410 -480890
6420 -480890
6430 -480890
6440 -480890
6450 -480890
6460 -480890
6470 -480890
6480 -480890
6490 -480890
6500 -480890
6510 -480890
6520 -480890
6530 -480890
6540 -480890
6550 -480890
6560 -480890
6570 -480890
6580 -480890
6590 -480890
6600 -480890
6610 -480890
6620 -480890
6630 -480890
6640 -480890
6650 -480890
6660 -480890
6670 -480890
6680 -480890
6690 -480890
6700 -480890
6710 -480890
6720 -480890
6730 -480890
6740 -480890
6750 -480890
6760 -480890
6770 -480890
6780 -480890
6790 -480890
6800 -480890
6810 -480890
6820 -480890
6830 -480890
6840 -480890
6850 -480890
6860 -480890
6870 -480890
6880 -480890
6890 -480890
6900 -480890
6910 -480890
6920 -480890
6930 -480890
6940 -480890
6950 -480890
6960 -480890
6970 -480890
6980 -480890
6990 -480890
7000 -480890
7010 -480890
7020 -480890
7030 -480890
7040 -480890
7050 -480890
7060 -480890
7070 -477906
7080 -477906
7090 -477906
7100 -477906
7110 -477906
7120 -477906
7130 -477906
7140 -477906
7150 -477906
7160 -477906
7170 -477906
7180 -477906
7190 -477906
7200 -477906
7210 -477906
7220 -477906
7230 -477906
7240 -477906
7250 -477906
7260 -477906
7270 -477906
7280 -477906
7290 -477906
7300 -477906
7310 -477906
7320 -477906
7330 -477906
7340 -477906
7350 -477906
7360 -477906
7370 -477906
7380 -477906
7390 -477906
7400 -477906
7410 -477906
7420 -477906
7430 -477906
7440 -477906
7450 -477906
7460 -477906
7470 -477906
7480 -477906
7490 -477906
7500 -477906
7510 -477906
7520 -477906
7530 -477906
7540 -477906
7550 -477906
7560 -477906
7570 -477906
7580 -477906
7590 -477906
7600 -477906
7610 -477906
7620 -477906
7630 -477906
7640 -477906
7650 -477906
7660 -477906
7670 -477906
7680 -477906
7690 -477906
7700 -477906
7710 -477906
7720 -477906
7730 -477906
7740 -477906
7750 -477906
7760 -477906
7770 -477906
7780 -477906
7790 -477906
7800 -477906
7810 -477906
7820 -477906
7830 -477906
7840 -477906
7850 -477906
7860 -477906
7870 -477906
7880 -477906
7890 -477906
7900 -477906
7910 -477906
7920 -477906
7930 -477906
7940 -477906
7950 -477906
7960 -477906
7970 -467911
7980 -467911
7990 -467911
8000 -467911
8010 -467911
8020 -467911
8030 -467911
8040 -467911
8050 -467911
8060 -467911
8070 -467911
8080 -467911
8090 -467911
8100 -467911
8110 -467911
8120 -467911
8130 -467911
8140 -467911
8150 -467911
8160 -467911
8170 -467911
8180 -467911
8190 -467911
8200 -467911
8210 -467911
8220 -467911
8230 -467911
8240 -467911
8250 -467911
8260 -467911
8270 -467911
8280 -467911
8290 -467911
8300 -467911
8310 -467911
8320 -467911
8330 -467911
8340 -467911
8350 -467911
8360 -467911
8370 -467911
8380 -467911
8390 -467911
8400 -467911
8410 -467911
8420 -467911
8430 -467911
8440 -467911
8450 -467911
8460 -467911
8470 -467911
8480 -467911
8490 -467911
8500 -467911
8510 -467911
8520 -467911
8530 -467911
8540 -467911
8550 -467911
8560 -467911
8570 -467911
8580 -467911
8590 -467911
8600 -467911
8610 -467911
8620 -467911
8630 -467911
8640 -467911
8650 -467911
8660 -467911
8670 -467911
8680 -467911
8690 -467911
8700 -467911
8710 -467911
8720 -467911
8730 -467911
8740 -467911
8750 -467911
8760 -467911
8770 -467911
8780 -467911
8790 -467911
8800 -467911
8810 -467911
8820 -467911
8830 -467911
8840 -467911
8850 -467911
8860 -467911
8870 -467911
8880 -467911
8890 -467911
8900 -467911
8910 -467911
8920 -467911
8930 -467911
8940 -467911
8950 -467911
8960 -457736
8970 -457736
8980 -457736
8990 -457736
9000 -457736
9010 -457736
9020 -457736
9030 -457736
9040 -457736
9050 -457736
9060 -457736
9070 -457736
9080 -457736
9090 -457736
9100 -457736
9110 -457736
9120 -457736
9130 -457736
9140 -457736
9150 -457736
9160 -457736
9170 -457736
9180 -457736
9190 -457736
9200 -457736
9210 -457736
9220 -457736
9230 -457736
9240 -457736
9250 -457736
9260 -457736
9270 -457736
9280 -457736
9290 -457736
9300 -457736
9310 -457736
9320 -457736
9330 -457736
9340 -457736
9350 -457736
9360 -457736
9370 -457736
9380 -457736
9390 -457736
9400 -457736
9410 -457736
9420 -457736
9430 -457736
9440 -457736
9450 -457736
9460 -457736
9470 -457736
9480 -457736
9490 -457736
9500 -457736
9510 -457736
9520 -457736
9530 -457736
9540 -457736
9550 -457736
9560 -457736
9570 -457736
9580 -457736
9590 -457736
9600 -457736
9610 -457736
9620 -457736
9630 -457736
9640 -457736
9650 -457736
9660 -457736
9670 -457736
9680 -457736
9690 -457736
9700 -457736
9710 -457736
9720 -457736
9730 -457736
9740 -457736
9750 -457736
9760 -457736
9770 -457736
9780 -457736
9790 -457736
9800 -457736
9810 -457736
9820 -457736
9830 -457736
9840 -457736
9850 -457736
9860 -457736
9870 -457736
9880 -457736
9890 -457736
9900 -457736
9910 -457736
9920 -457736
9930 -457736
9940 -457736
9950 -457736
9960 -457736
9970 -457736
9980 -457736
9990 -457736
10000 -457736
10010 -457736
10020 -457736
10030 -457736
10040 -457736
10050 -457736
10060 -457736
10070 -457736
10080 -457736
10090 -457736
10100 -457736
10110 -457736
10120 -457736
10130 -457736
10140 -457736
10150 -457736
10160 -457736
10170 -457736
10180 -457736
10190 -457736
10200 -457736
10210 -457736
10220 -457736
10230 -457736
10240 -457736
10250 -457736
10260 -457736
10270 -457736
10280 -457736
10290 -457736
10300 -457736
10310 -457736
10320 -457736
10330 -457736
10340 -457736
10350 -457736
10360 -457736
10370 -457736
10380 -457736
10390 -457736
10400 -457736
10410 -457736
10420 -457736
10430 -457736
10440 -457736
10450 -457736
10460 -457736
10470 -457736
10480 -457736
10490 -457736
10500 -457736
10510 -457736
10520 -457736
10530 -457736
10540 -457736
10550 -457736
10560 -457736
10570 -457736
10580 -457736
10590 -457736
10600 -457736
10610 -457736
10620 -457736
10630 -457736
10640 -457736
10650 -457736
10660 -457736
10670 -457736
10680 -457736
10690 -457736
10700 -457736
10710 -457736
10720 -457736
10730 -457736
10740 -457736
10750 -457736
10760 -457736
10770 -457736
10780 -457736
10790 -457736
10800 -457736
10810 -457736
10820 -457736
10830 -457736
10840 -457736
10850 -457736
10860 -457736
10870 -457736
10880 -457736
10890 -457736
10900 -457736
10910 -457736
10920 -457736
10930 -457736
10940 -457736
10950 -457736
10960 -457736
10970 -457736
10980 -457736
10990 -457736
11000 -457736
11010 -457736
11020 -457736
11030 -457736
11040 -457736
11050 -457736
11060 -457736
11070 -457736
11080 -457736
11090 -457736
11100 -457736
11110 -457736
11120 -457736
11130 -457736
11140 -457736
11150 -457736
11160 -457736
11170 -457736
11180 -457736
11190 -457736
11200 -457736
11210 -457736
11220 -457736
11230 -457736
11240 -457736
11250 -457736
11260 -457736
11270 -457736
11280 -457736
11290 -457736
11300 -457736
11310 -457736
11320 -457736
11330 -457736
11340 -457736
11350 -457736
11360 -457736
11370 -457736
11380 -457736
11390 -457736
11400 -457736
11410 -457736
11420 -457736
11430 -457736
11440 -457736
11450 -457736
11460 -457736
11470 -457736
11480 -457736
11490 -457736
11500 -457736
11510 -457736
11520 -457736
11530 -457736
11540 -457736
11550 -457736
11560 -457736
11570 -457736
11580 -457736
11590 -457736
11600 -457736
11610 -457736
11620 -457736
11630 -457736
11640 -457736
11650 -457736
11660 -457736
11670 -457736
11680 -457736
11690 -438750
11700 -438750
11710 -438750
11720 -438750
11730 -438750
11740 -438750
11750 -438750
11760 -438750
11770 -438750
11780 -438750
11790 -438750
11800 -438750
11810 -438750
11820 -438750
11830 -438750
11840 -438750
11850 -438750
11860 -438750
11870 -438750
11880 -438750
11890 -438750
11900 -438750
11910 -438750
11920 -438750
11930 -438750
11940 -438750
11950 -438750
11960 -438750
11970 -438750
11980 -438750
11990 -438750
12000 -438750
12010 -438750
12020 -438750
12030 -438750
12040 -438750
12050 -438750
12060 -438750
12070 -438750
12080 -438750
12090 -438750
12100 -438750
12110 -438750
12120 -438750
12130 -438750
12140 -438750
12150 -438750
12160 -438750
12170 -438750
12180 -438750
12190 -438750
12200 -438750
12210 -438750
12220 -438750
12230 -438750
12240 -438750
12250 -438750
12260 -438750
12270 -438750
12280 -438750
12290 -438750
12300 -438750
12310 -438750
12320 -438750
12330 -438750
12340 -438750
12350 -438750
12360 -438750
12370 -438750
12380 -438750
12390 -438750
12400 -438750
12410 -438750
12420 -438750
12430 -438750
12440 -438750
12450 -438750
12460 -438750
12470 -438750
12480 -438750
12490 -438750
12500 -438750
12510 -438750
12520 -438750
12530 -438750
12540 -438750
12550 -438750
12560 -438750
12570 -438750
12580 -438750
12590 -438750
12600 -438750
12610 -438750
12620 -438750
12630 -438750
12640 -438750
12650 -438750
12660 -438750
12670 -438750
12680 -438750
12690 -438750
12700 -438750
12710 -438750
12720 -438750
12730 -438750
12740 -438750
12750 -438750
12760 -438750
12770 -438750
12780 -438750
12790 -438750
12800 -438750
12810 -438750
12820 -438750
12830 -438750
12840 -438750
12850 -438750
12860 -438750
12870 -438750
12880 -438750
12890 -438750
12900 -438750
12910 -438750
12920 -438750
12930 -438750
12940 -438750
12950 -438750
12960 -438750
12970 -438750
12980 -438750
12990 -438750
13000 -438750
13010 -438750
13020 -438750
13030 -438750
13040 -438750
13050 -438750
13060 -438750
13070 -438750
13080 -438750
13090 -438750
13100 -438750
13110 -438750
13120 -438750
13130 -438750
13140 -438750
13150 -438750
13160 -438750
13170 -438750
13180 -438750
13190 -438750
13200 -438750
13210 -438750
13220 -438750
13230 -438750
13240 -438750
13250 -438750
13260 -438750
13270 -438750
13280 -438750
13290 -438750
13300 -438750
13310 -438750
13320 -438750
13330 -438750
13340 -438750
13350 -438750
13360 -438750
13370 -438750
13380 -438750
13390 -438750
13400 -438750
13410 -438750
13420 -438750
13430 -438750
13440 -438750
13450 -438750
13460 -438750
13470 -438750
13480 -438750
13490 -438750
13500 -438750
13510 -438750
13520 -438750
13530 -438750
13540 -438750
13550 -438750
13560 -438750
13570 -438750
13580 -438750
13590 -438750
13600 -438750
13610 -438750
13620 -438750
13630 -438750
13640 -438750
13650 -438750
13660 -438750
13670 -438750
13680 -438750
13690 -438750
13700 -438750
13710 -438750
13720 -438750
13730 -438750
13740 -438750
13750 -438750
13760 -438750
13770 -438750
13780 -438750
13790 -438750
13800 -438750
13810 -438750
13820 -438750
13830 -438750
13840 -438750
13850 -438750
13860 -438750
13870 -438750
13880 -438750
13890 -438750
13900 -438750
13910 -438750
13920 -438750
13930 -438750
13940 -438750
13950 -438750
13960 -438750
13970 -438750
13980 -438750
13990 -438750
14000 -438750
14010 -438750
14020 -438750
14030 -438750
14040 -438750
14050 -438750
14060 -438750
14070 -438750
14080 -438750
14090 -438750
14100 -438750
14110 -438750
14120 -438750
14130 -438750
14140 -438750
14150 -438750
14160 -438750
14170 -438750
14180 -438750
14190 -438750
14200 -438750
14210 -438750
14220 -438750
14230 -438750
14240 -438750
14250 -438750
14260 -438750
14270 -438750
14280 -438750
14290 -438750
14300 -438750
14310 -438750
14320 -438750
14330 -438750
14340 -438750
14350 -438750
14360 -438750
14370 -438750
14380 -438750
14390 -438750
14400 -438750
14410 -438750
14420 -438750
14430 -438750
14440 -438750
14450 -438750
14460 -438750
14470 -438750
14480 -438750
14490 -438750
14500 -438750
14510 -438750
14520 -438750
14530 -438750
14540 -438750
14550 -438750
14560 -438750
14570 -438750
14580 -438750
14590 -438750
14600 -438750
14610 -438750
14620 -438750
14630 -438750
14640 -438750
14650 -438750
14660 -438750
14670 -438750
14680 -438750
14690 -438750
14700 -438750
14710 -438750
14720 -438750
14730 -438750
14740 -438750
14750 -438750
14760 -438750
14770 -438750
14780 -438750
14790 -438750
14800 -438750
14810 -438750
14820 -438750
14830 -438750
14840 -438750
14850 -438750
14860 -438750
14870 -438750
14880 -438750
14890 -438750
14900 -438750
14910 -438750
14920 -438750
14930 -438750
14940 -438750
14950 -438750
14960 -438750
14970 -438750
14980 -438750
14990 -438750
15000 -438750
15010 -438750
15020 -438750
15030 -438750
