10 -465831
15 -463477
20 -463477
25 -463477
30 -463477
35 -463477
40 -462425
45 -458215
50 -458215
55 -458215
60 -458215
65 -458215
70 -458215
75 -458215
80 -458215
85 -458215
90 -458215
95 -458215
100 -458215
105 -458215
110 -458215
115 -458215
120 -458215
125 -453975
130 -453975
135 -453975
140 -453975
145 -453975
150 -453975
155 -453975
160 -453975
165 -453975
170 -453975
175 -453975
180 -453975
185 -453975
190 -453975
195 -453975
200 -453975
205 -453975
210 -453975
215 -453975
220 -453975
225 -453975
230 -453975
235 -453975
240 -453975
245 -453975
250 -453975
255 -453975
260 -453975
265 -453975
270 -453975
275 -453975
280 -453975
285 -453975
290 -453975
295 -453975
300 -453975
305 -453975
310 -453975
315 -453975
320 -453975
325 -453975
330 -453975
335 -453975
340 -453975
345 -453975
350 -453975
355 -453975
360 -453975
365 -453975
370 -453975
375 -453975
380 -453975
385 -453975
390 -453975
395 -453975
400 -453975
405 -453975
410 -453975
415 -453975
420 -453975
425 -453975
430 -453975
435 -453975
440 -453975
445 -453975
450 -453975
455 -453746
460 -453746
465 -453746
470 -453746
475 -453746
480 -453746
485 -453746
490 -453746
495 -453746
500 -453746
505 -453746
510 -453746
515 -453746
520 -453746
525 -453746
530 -453746
535 -453746
540 -453746
545 -453746
550 -453720
555 -453720
560 -453720
565 -453720
570 -452397
575 -452397
580 -452397
585 -452397
590 -452397
595 -452397
600 -452397
605 -452397
610 -452397
615 -452397
620 -452397
625 -452397
630 -452397
635 -452397
640 -451056
645 -451056
650 -451056
655 -451056
660 -451056
665 -451056
670 -451056
675 -451056
680 -451056
685 -451056
690 -451056
695 -451056
700 -451056
705 -451056
710 -451056
715 -451056
720 -451056
725 -451056
730 -451056
735 -451056
740 -451056
745 -451056
750 -451056
755 -451056
760 -451056
765 -451056
770 -451056
775 -451056
780 -451056
785 -451056
790 -451056
795 -451056
800 -451056
805 -451056
810 -451056
815 -451056
820 -451056
825 -451056
830 -451056
835 -451056
840 -451056
845 -451056
850 -451056
855 -451056
860 -451056
865 -451056
870 -451056
875 -451056
880 -451056
885 -451056
890 -451056
895 -451056
900 -451056
905 -451056
910 -451056
915 -451056
920 -451056
925 -451056
930 -451056
935 -451056
940 -451056
945 -451056
950 -451056
955 -449455
960 -449455
965 -449455
970 -449455
975 -449455
980 -449455
985 -449455
990 -449455
995 -449455
1000 -449455
1005 -449455
1010 -449455
1015 -449455
1020 -449455
1025 -449455
1030 -449455
1035 -449455
1040 -449455
1045 -449455
1050 -449455
1055 -449455
1060 -449455
1065 -449455
1070 -449455
1075 -449455
1080 -449455
1085 -449455
1090 -449455
1095 -449455
1100 -449455
1105 -449455
1110 -449455
1115 -449455
1120 -449455
1125 -449455
1130 -449455
1135 -449455
1140 -449455
1145 -449455
1150 -449455
1155 -449455
1160 -449455
1165 -449455
1170 -449455
1175 -449455
1180 -449455
1185 -449455
1190 -449455
1195 -449455
1200 -449455
1205 -449455
1210 -449455
1215 -449455
1220 -449455
1225 -449455
1230 -449455
1235 -449455
1240 -449455
1245 -444046
1250 -444046
1255 -444046
1260 -444046
1265 -444046
1270 -444046
1275 -444046
1280 -444046
1285 -444046
1290 -444046
1295 -444046
1300 -444046
1305 -444046
1310 -444046
1315 -444046
1320 -444046
1325 -444046
1330 -444046
1335 -444046
1340 -444046
1345 -444046
1350 -444046
1355 -444046
1360 -444046
1365 -444046
1370 -444046
1375 -444046
1380 -444046
1385 -444046
1390 -444046
1395 -444046
1400 -444046
1405 -444046
1410 -444046
1415 -444046
1420 -444046
1425 -444046
1430 -444046
1435 -444046
1440 -444046
1445 -444046
1450 -444046
1455 -444046
1460 -444046
1465 -444046
1470 -444046
1475 -444046
1480 -444046
1485 -444046
1490 -444046
1495 -444046
1500 -444046
1505 -444046
1510 -444046
1515 -444046
1520 -444046
1525 -444046
1530 -444046
1535 -444046
1540 -444046
1545 -444046
1550 -444046
1555 -444046
1560 -444046
1565 -444046
1570 -444046
1575 -444046
1580 -444046
1585 -444046
1590 -444046
1595 -444046
1600 -444046
1605 -444046
1610 -444046
1615 -444046
1620 -444046
1625 -444046
1630 -444046
1635 -444046
1640 -444046
1645 -444046
1650 -444046
1655 -444046
1660 -444046
1665 -444046
1670 -444046
1675 -444046
1680 -444046
1685 -444046
1690 -444046
1695 -444046
1700 -444046
1705 -444046
1710 -444046
1715 -444046
1720 -444046
1725 -444046
1730 -444046
1735 -444046
1740 -444046
1745 -444046
1750 -444046
1755 -444046
1760 -444046
1765 -444046
1770 -444046
1775 -444046
1780 -444046
1785 -444046
1790 -444046
1795 -444046
1800 -444046
1805 -444046
1810 -444046
1815 -444046
1820 -444046
1825 -444046
1830 -444046
1835 -444046
1840 -444046
1845 -444046
1850 -444046
1855 -444046
1860 -444046
1865 -444046
1870 -444046
1875 -444046
1880 -444046
1885 -444046
1890 -444046
1895 -444046
1900 -444046
1905 -444046
1910 -444046
1915 -444046
1920 -444046
1925 -444046
1930 -444046
1935 -444046
1940 -444046
1945 -444046
1950 -444046
1955 -444046
1960 -444046
1965 -444046
1970 -444046
1975 -444046
1980 -444046
1985 -444046
1990 -444046
1995 -444046
2000 -444046
2005 -444046
2010 -444046
2015 -444046
2020 -444046
2025 -444046
2030 -444046
2035 -444046
2040 -444046
2045 -444046
2050 -444046
2055 -444046
2060 -444046
2065 -444046
2070 -444046
2075 -444046
2080 -444046
2085 -444046
2090 -444046
2095 -444046
2100 -444046
2105 -444046
2110 -444046
2115 -444046
2120 -444046
2125 -444046
2130 -444046
2135 -444046
2140 -444046
2145 -444046
2150 -444046
2155 -444046
2160 -444046
2165 -444046
2170 -444046
2175 -444046
2180 -444046
2185 -444046
2190 -444046
2195 -444046
2200 -444046
2205 -444046
2210 -444046
2215 -444046
2220 -444046
2225 -444046
2230 -444046
2235 -444046
2240 -444046
2245 -444046
2250 -444046
2255 -444046
2260 -444046
2265 -444046
2270 -444046
2275 -444046
2280 -444046
2285 -444046
2290 -444046
2295 -444046
2300 -444046
2305 -444046
2310 -444046
2315 -444046
2320 -444046
2325 -444046
2330 -444046
2335 -444046
2340 -444046
2345 -444046
2350 -444046
2355 -444046
2360 -444046
2365 -444046
2370 -444046
2375 -444046
2380 -444046
2385 -444046
2390 -444046
2395 -444046
2400 -444046
2405 -444046
2410 -444046
2415 -444046
2420 -444046
2425 -444046
2430 -444046
2435 -444046
2440 -444046
2445 -444046
2450 -444046
2455 -444046
2460 -444046
2465 -444046
2470 -444046
2475 -444046
2480 -444046
2485 -444046
2490 -444046
2495 -444046
2500 -444046
2505 -444046
2510 -444046
2515 -444046
2520 -444046
2525 -444046
2530 -444046
2535 -444046
2540 -444046
2545 -444046
2550 -444046
2555 -444046
2560 -444046
2565 -444046
2570 -444046
2575 -444046
2580 -444046
2585 -444046
2590 -444046
2595 -444046
2600 -444046
2605 -444046
2610 -444046
2615 -444046
2620 -444046
2625 -444046
2630 -444046
2635 -444046
2640 -444046
2645 -444046
2650 -444046
2655 -444046
2660 -444046
2665 -444046
2670 -444046
2675 -444046
2680 -444046
2685 -444046
2690 -444046
2695 -444046
2700 -444046
2705 -444046
2710 -444046
2715 -444046
2720 -444046
2725 -444046
2730 -444046
2735 -444046
2740 -444046
2745 -444046
2750 -444046
2755 -444046
2760 -444046
2765 -444046
2770 -444046
2775 -444046
2780 -444046
2785 -444046
2790 -444046
2795 -444046
2800 -444046
2805 -444046
2810 -444046
2815 -444046
2820 -444046
2825 -444046
2830 -444046
2835 -444046
2840 -444046
2845 -444046
2850 -444046
2855 -444046
2860 -444046
2865 -444046
2870 -444046
2875 -444046
2880 -444046
2885 -444046
2890 -444046
2895 -444046
2900 -444046
2905 -444046
2910 -444046
2915 -444046
2920 -444046
2925 -444046
2930 -444046
2935 -444046
2940 -444046
2945 -444046
2950 -444046
2955 -444046
2960 -444046
2965 -444046
2970 -444046
2975 -444046
2980 -444046
2985 -444046
2990 -444046
2995 -444046
3000 -444046
3005 -444046
3010 -444046
3015 -444046
3020 -444046
3025 -444046
3030 -444046
3035 -444046
3040 -444046
3045 -444046
3050 -444046
3055 -444046
3060 -444046
3065 -444046
3070 -444046
3075 -444046
3080 -444046
3085 -444046
3090 -444046
3095 -444046
3100 -444046
3105 -444046
3110 -444046
3115 -444046
3120 -444046
3125 -444046
3130 -444046
3135 -444046
3140 -444046
3145 -444046
3150 -444046
3155 -444046
3160 -444046
3165 -444046
3170 -444046
3175 -444046
3180 -444046
3185 -444046
3190 -444046
3195 -444046
3200 -444046
3205 -444046
3210 -444046
3215 -444046
3220 -444046
3225 -444046
3230 -444046
3235 -444046
3240 -444046
3245 -444046
3250 -444046
3255 -444046
3260 -444046
3265 -444046
3270 -444046
3275 -444046
3280 -444046
3285 -444046
3290 -444046
3295 -444046
3300 -444046
3305 -444046
3310 -444046
3315 -444046
3320 -444046
3325 -444046
3330 -444046
3335 -444046
3340 -444046
3345 -444046
3350 -444046
3355 -444046
3360 -444046
3365 -444046
3370 -444046
3375 -444046
3380 -444046
3385 -443961
3390 -443961
3395 -443961
3400 -443961
3405 -443961
3410 -443961
3415 -443961
3420 -443961
3425 -443961
3430 -443961
3435 -443961
3440 -443961
3445 -443961
3450 -443961
3455 -443961
3460 -443961
3465 -443961
3470 -443961
3475 -443961
3480 -443961
3485 -443961
3490 -443961
3495 -443961
3500 -443961
3505 -443961
3510 -443961
3515 -443961
3520 -443961
3525 -443961
3530 -443961
3535 -443961
3540 -443961
3545 -443961
3550 -443961
3555 -443961
3560 -443961
3565 -443961
3570 -443961
3575 -443961
3580 -443961
3585 -443961
3590 -443961
3595 -443961
3600 -443961
3605 -443961
3610 -443961
3615 -443961
3620 -443961
3625 -443961
3630 -443961
3635 -443961
3640 -443961
3645 -443961
3650 -443961
3655 -443961
3660 -443961
3665 -443961
3670 -443961
3675 -443961
3680 -443961
3685 -443961
3690 -443961
3695 -443961
3700 -443961
3705 -443961
3710 -443961
3715 -443961
3720 -443961
3725 -443961
3730 -443961
3735 -443961
3740 -443961
3745 -443961
3750 -443961
3755 -443961
3760 -443961
3765 -443961
3770 -443961
3775 -443961
3780 -443961
3785 -443961
3790 -443961
3795 -443961
3800 -443961
3805 -443961
3810 -443961
3815 -443961
3820 -443961
3825 -443961
3830 -443961
3835 -443961
3840 -443961
3845 -443961
3850 -443961
3855 -443961
3860 -443961
3865 -443961
3870 -443961
3875 -443961
3880 -443961
3885 -443961
3890 -443961
3895 -443961
3900 -443961
3905 -443961
3910 -443961
3915 -443961
3920 -443961
3925 -443961
3930 -443961
3935 -443961
3940 -443961
3945 -443961
3950 -443961
3955 -443961
3960 -443961
3965 -443961
3970 -443961
3975 -443961
3980 -443961
3985 -443961
3990 -443961
3995 -443961
4000 -443961
4005 -443961
4010 -443961
4015 -443961
4020 -443961
4025 -443961
4030 -443961
4035 -443961
4040 -443961
4045 -443961
4050 -443961
4055 -443961
4060 -443961
4065 -443961
4070 -443961
4075 -443961
4080 -443961
4085 -443961
4090 -443961
4095 -443961
4100 -443961
4105 -443961
4110 -443961
4115 -443961
4120 -443961
4125 -443961
4130 -443961
4135 -443961
4140 -443961
4145 -443961
4150 -443961
4155 -443961
4160 -443961
4165 -443961
4170 -443961
4175 -443961
4180 -443961
4185 -443961
4190 -443961
4195 -443961
4200 -443961
4205 -443961
4210 -443961
4215 -443961
4220 -443961
4225 -443961
4230 -443961
4235 -443961
4240 -443961
4245 -443961
4250 -443961
4255 -443961
4260 -443961
4265 -443961
4270 -443961
4275 -443961
4280 -443961
4285 -443961
4290 -443961
4295 -443961
4300 -443961
4305 -443961
4310 -443961
4315 -443961
4320 -443961
4325 -443961
4330 -443961
4335 -443961
4340 -443961
4345 -443961
4350 -443961
4355 -443961
4360 -443961
4365 -443961
4370 -443961
4375 -443961
4380 -443961
4385 -443961
4390 -443961
4395 -443961
4400 -443961
4405 -443961
4410 -443961
4415 -443961
4420 -443961
4425 -443961
4430 -443961
4435 -443961
4440 -443961
4445 -443961
4450 -443961
4455 -443961
4460 -443961
4465 -443961
4470 -443961
4475 -443961
4480 -443961
4485 -443961
4490 -443961
4495 -443961
4500 -443961
4505 -443961
4510 -443961
4515 -443961
4520 -443961
4525 -443961
4530 -443961
4535 -443961
4540 -443961
4545 -443961
4550 -443961
4555 -443961
4560 -443961
4565 -443961
4570 -443961
4575 -443961
4580 -443961
4585 -443961
4590 -443961
4595 -443961
4600 -443961
4605 -443961
4610 -443961
4615 -443961
4620 -443961
4625 -443961
4630 -443961
4635 -443961
4640 -443961
4645 -443961
4650 -443961
4655 -443961
4660 -443961
4665 -443961
4670 -443961
4675 -443961
4680 -443961
4685 -443961
4690 -443961
4695 -443961
4700 -443961
4705 -443961
4710 -443961
4715 -443961
4720 -443961
4725 -443961
4730 -443961
4735 -443961
4740 -443961
4745 -443961
4750 -443961
4755 -443961
4760 -443961
4765 -443961
4770 -443961
4775 -443961
4780 -443961
4785 -443961
4790 -443961
4795 -443961
4800 -443961
4805 -443961
4810 -443961
4815 -443961
4820 -443961
4825 -443961
4830 -443961
4835 -443961
4840 -443961
4845 -443961
4850 -443961
4855 -443961
4860 -443961
4865 -443961
4870 -443961
4875 -443961
4880 -443961
4885 -443961
4890 -443961
4895 -443961
4900 -443961
4905 -443961
4910 -443961
4915 -443961
4920 -443961
4925 -443961
4930 -443961
4935 -443961
4940 -443961
4945 -443961
4950 -443961
4955 -443961
4960 -443961
4965 -443961
4970 -443961
4975 -443961
4980 -443961
4985 -443961
4990 -443961
4995 -443961
5000 -443961
5005 -443961
5010 -443961
5015 -443961
5020 -443961
5025 -443961
5030 -443961
5035 -443961
5040 -443961
5045 -443961
5050 -443961
5055 -443961
5060 -443961
5065 -443961
5070 -443961
5075 -443961
5080 -443961
5085 -443961
5090 -443961
5095 -443961
5100 -443961
5105 -443961
5110 -443961
5115 -443961
5120 -443961
5125 -443961
5130 -443961
5135 -443961
5140 -443961
5145 -443961
5150 -443961
5155 -443961
5160 -443961
5165 -443961
5170 -443961
5175 -443961
5180 -443961
5185 -443961
5190 -443961
5195 -443961
5200 -443961
5205 -443961
5210 -443961
5215 -443961
5220 -443961
5225 -443961
5230 -443961
5235 -443961
5240 -443961
5245 -443961
5250 -443961
5255 -443961
5260 -443961
5265 -443961
5270 -443961
5275 -443961
5280 -443961
5285 -443961
5290 -443961
5295 -443961
5300 -443961
5305 -443961
5310 -443961
5315 -443961
5320 -443961
5325 -443961
5330 -443961
5335 -443961
5340 -443961
5345 -443961
5350 -443961
5355 -443961
5360 -443961
5365 -443961
5370 -443961
5375 -443961
5380 -443961
5385 -443961
5390 -443961
5395 -443961
5400 -443961
5405 -443961
5410 -443961
5415 -443961
5420 -443961
5425 -443961
5430 -443961
5435 -443961
5440 -443961
5445 -443961
5450 -443961
5455 -443961
5460 -443961
5465 -443961
5470 -443961
5475 -443961
5480 -443961
5485 -443961
5490 -443961
5495 -443961
5500 -443961
5505 -443961
5510 -443961
5515 -443961
5520 -443961
5525 -443961
5530 -443961
5535 -443961
5540 -443961
5545 -443961
5550 -443961
5555 -443961
5560 -443961
5565 -443961
5570 -443961
5575 -443961
5580 -443961
5585 -443961
5590 -443961
5595 -443961
5600 -443961
5605 -443961
5610 -443961
5615 -443961
5620 -443961
5625 -443961
5630 -443961
5635 -443961
5640 -443961
5645 -443961
5650 -443961
5655 -443961
5660 -443961
5665 -443961
5670 -443961
5675 -443961
5680 -443961
5685 -443961
5690 -443961
5695 -443961
5700 -443961
5705 -443961
5710 -443961
5715 -443961
5720 -443961
5725 -443961
5730 -443961
5735 -443961
5740 -443961
5745 -443961
5750 -443961
5755 -443961
5760 -443961
5765 -443961
5770 -443961
5775 -443961
5780 -443961
5785 -443961
5790 -443961
5795 -443961
5800 -443961
5805 -443961
5810 -443961
5815 -443961
5820 -443961
5825 -443961
5830 -443961
5835 -443961
5840 -443961
5845 -443961
5850 -443961
5855 -443961
5860 -443961
5865 -443961
5870 -443961
5875 -443961
5880 -443961
5885 -443961
5890 -443961
5895 -443961
5900 -443961
5905 -443961
5910 -443961
5915 -443961
5920 -443961
5925 -443961
5930 -443961
5935 -443961
5940 -443961
5945 -443961
5950 -443961
5955 -443961
5960 -443961
5965 -443961
5970 -443961
5975 -443961
5980 -443961
5985 -443961
5990 -443961
5995 -443961
6000 -443961
6005 -443961
6010 -443961
6015 -443961
6020 -443961
6025 -443961
6030 -443961
6035 -443961
6040 -443961
6045 -443961
6050 -443961
6055 -443961
6060 -443961
6065 -443961
6070 -443961
6075 -443961
6080 -443961
6085 -443961
6090 -443961
6095 -443961
6100 -443961
6105 -443961
6110 -443961
6115 -443961
6120 -443961
6125 -443961
6130 -443961
6135 -443961
6140 -443961
6145 -443961
6150 -443961
6155 -443961
6160 -443961
6165 -443961
6170 -443961
6175 -443961
6180 -443961
6185 -443961
6190 -443961
6195 -443961
6200 -443961
6205 -443961
6210 -443961
6215 -443961
6220 -443961
6225 -443961
6230 -443961
6235 -443961
6240 -443961
6245 -443961
6250 -443961
6255 -443961
6260 -443961
6265 -443961
6270 -443961
6275 -443961
6280 -443961
6285 -443961
6290 -443961
6295 -443961
6300 -443961
6305 -443961
6310 -443961
6315 -443961
6320 -443961
6325 -443961
6330 -443961
6335 -443961
6340 -443961
6345 -443961
6350 -443961
6355 -443961
6360 -443961
6365 -443961
6370 -443961
6375 -443961
6380 -443961
6385 -443961
6390 -443961
6395 -443961
6400 -443961
6405 -443961
6410 -443961
6415 -443961
6420 -443961
6425 -443961
6430 -443961
6435 -443961
6440 -443961
6445 -443961
6450 -443961
6455 -443961
6460 -443961
6465 -443961
6470 -443961
6475 -443961
6480 -443961
6485 -443961
6490 -443961
6495 -443961
6500 -443961
6505 -443961
6510 -443961
6515 -443961
6520 -443961
6525 -443961
6530 -443961
6535 -443961
6540 -443961
6545 -443961
6550 -443961
6555 -443961
6560 -443961
6565 -443961
6570 -443961
6575 -443961
6580 -443961
6585 -443961
6590 -443961
6595 -443961
6600 -443961
6605 -443961
6610 -443961
6615 -443961
6620 -443961
6625 -443961
6630 -443961
6635 -443961
6640 -443961
6645 -443961
6650 -443961
6655 -443961
6660 -443961
6665 -443961
6670 -443961
6675 -443961
6680 -443961
6685 -443961
6690 -443961
6695 -443961
6700 -443961
6705 -443961
6710 -443961
6715 -443961
6720 -443961
6725 -443961
6730 -443961
6735 -443961
6740 -443961
6745 -443961
6750 -443961
6755 -443961
6760 -443961
6765 -443961
6770 -443961
6775 -443961
6780 -443961
6785 -443961
6790 -443961
6795 -443961
6800 -443961
6805 -443961
6810 -443961
6815 -443961
6820 -443961
6825 -443961
6830 -443961
6835 -443961
6840 -443961
6845 -443961
6850 -443961
6855 -443961
6860 -443961
6865 -443961
6870 -443961
6875 -443961
6880 -443961
6885 -443961
6890 -443961
6895 -443961
6900 -443961
6905 -443961
6910 -443961
6915 -443961
6920 -443961
6925 -443961
6930 -443961
6935 -443961
6940 -443961
6945 -443961
6950 -443961
6955 -443961
6960 -443961
6965 -443961
6970 -443961
6975 -443961
6980 -443961
6985 -443961
6990 -443961
6995 -443961
7000 -443961
7005 -443961
7010 -443961
7015 -443961
7020 -443961
7025 -443961
7030 -443961
7035 -443961
7040 -443961
7045 -443961
7050 -443961
7055 -443961
7060 -443961
7065 -443961
7070 -443961
7075 -443961
7080 -443961
7085 -443961
7090 -443961
7095 -443961
7100 -443961
7105 -443961
7110 -443961
7115 -443961
7120 -443961
7125 -443961
7130 -443961
7135 -443961
7140 -443961
7145 -443961
7150 -443961
7155 -443961
7160 -443961
7165 -443961
7170 -443961
7175 -443961
7180 -443961
7185 -443961
7190 -443961
7195 -443961
7200 -443961
7205 -443961
7210 -443961
7215 -443961
7220 -443961
7225 -443961
7230 -443961
7235 -443961
7240 -443961
7245 -443961
7250 -443961
7255 -443961
7260 -443961
7265 -443961
7270 -443961
7275 -443961
7280 -443961
7285 -443961
7290 -443961
7295 -443961
7300 -443961
7305 -443961
7310 -443961
7315 -443961
7320 -443961
7325 -443961
7330 -443961
7335 -443961
7340 -443961
7345 -443961
7350 -443961
7355 -443961
7360 -443961
7365 -443961
7370 -443961
7375 -443961
7380 -443961
7385 -443961
7390 -443961
7395 -443961
7400 -443961
7405 -443961
7410 -443961
7415 -443961
7420 -443961
7425 -443961
7430 -443961
7435 -443961
7440 -443961
7445 -443961
7450 -443961
7455 -443961
7460 -443961
7465 -443961
7470 -443961
7475 -443961
7480 -443961
7485 -443961
7490 -443961
7495 -443961
7500 -443961
7505 -443961
7510 -443961
7515 -443961
7520 -443961
7525 -443961
7530 -443961
7535 -443961
7540 -443961
7545 -443961
7550 -443961
7555 -443961
7560 -443961
7565 -443961
7570 -443961
7575 -443961
7580 -443961
7585 -443961
7590 -443961
7595 -443961
7600 -443961
7605 -443961
7610 -443961
7615 -443961
7620 -443961
7625 -443961
7630 -443961
7635 -443961
7640 -443961
7645 -443961
7650 -443961
7655 -443961
7660 -443961
7665 -443961
7670 -443961
7675 -443961
7680 -443961
7685 -443961
7690 -443961
7695 -443961
7700 -443961
7705 -443961
7710 -443961
7715 -443961
7720 -443961
7725 -443961
7730 -443961
7735 -443961
7740 -443961
7745 -443961
7750 -443961
7755 -443961
7760 -443961
7765 -443961
7770 -443961
7775 -443961
7780 -443961
7785 -443961
7790 -443961
7795 -443961
7800 -443961
7805 -443961
7810 -443961
7815 -443961
7820 -443961
7825 -443961
7830 -443961
7835 -443961
7840 -443961
7845 -443961
7850 -443961
7855 -443961
7860 -443961
7865 -443961
7870 -443961
7875 -443961
7880 -443961
7885 -443961
7890 -443961
7895 -443961
7900 -443961
7905 -443961
7910 -443961
7915 -443961
7920 -443961
7925 -443961
7930 -443961
7935 -443961
7940 -443961
7945 -443961
7950 -443961
7955 -443961
7960 -443961
7965 -443961
7970 -443961
7975 -443961
7980 -443961
7985 -443961
7990 -443961
7995 -443961
8000 -443961
8005 -443961
8010 -443961
8015 -443961
8020 -443961
8025 -443961
8030 -443961
8035 -443961
8040 -443961
8045 -443961
8050 -443961
8055 -443961
8060 -443961
8065 -443961
8070 -443961
8075 -443961
8080 -443961
8085 -443961
8090 -443961
8095 -443961
8100 -443961
8105 -443961
8110 -443961
8115 -443961
8120 -443961
8125 -443961
8130 -443961
8135 -443961
8140 -443961
8145 -443961
8150 -443961
8155 -443961
8160 -443961
8165 -443961
8170 -443961
8175 -443961
8180 -443961
8185 -443961
8190 -443961
8195 -443961
8200 -443961
8205 -443961
8210 -443961
8215 -443961
8220 -443961
8225 -443961
8230 -443961
8235 -443961
8240 -443961
8245 -443961
8250 -443961
8255 -443961
8260 -443961
8265 -443961
8270 -443961
8275 -443961
8280 -443961
8285 -443961
8290 -443961
8295 -443961
8300 -443961
8305 -443961
8310 -443961
8315 -443961
8320 -443961
8325 -443961
8330 -443961
8335 -443961
8340 -443961
8345 -443961
8350 -443961
8355 -443961
8360 -443961
8365 -443961
8370 -443961
8375 -443961
8380 -443961
8385 -443961
8390 -443961
8395 -443961
8400 -443961
8405 -443961
8410 -443961
8415 -443961
8420 -443961
8425 -443961
8430 -443961
8435 -443961
8440 -443961
8445 -443961
8450 -443961
8455 -443961
8460 -443961
8465 -443961
8470 -443961
8475 -443961
8480 -443961
8485 -443961
8490 -443961
8495 -443961
8500 -443961
8505 -443961
8510 -443961
8515 -443961
8520 -443961
8525 -443961
8530 -443961
8535 -443961
8540 -443961
8545 -443961
8550 -443961
8555 -443961
8560 -443961
8565 -443961
8570 -443961
8575 -443961
8580 -443961
8585 -443961
8590 -443961
8595 -443961
8600 -443961
8605 -443961
8610 -443961
8615 -443961
8620 -443961
8625 -443961
8630 -443961
8635 -443961
8640 -443961
8645 -443961
8650 -443961
8655 -443961
8660 -443961
8665 -443961
8670 -443961
8675 -443961
8680 -443961
8685 -443961
8690 -443961
8695 -443961
8700 -443961
8705 -443961
8710 -443961
8715 -443961
8720 -443961
8725 -443961
8730 -443961
8735 -443961
8740 -443961
8745 -443961
8750 -443961
8755 -443961
8760 -443961
8765 -443961
8770 -443961
8775 -443961
8780 -443961
8785 -443961
8790 -443961
8795 -443961
8800 -443961
8805 -443961
8810 -443961
8815 -443961
8820 -443961
8825 -443961
8830 -443961
8835 -443961
8840 -443961
8845 -443961
8850 -443961
8855 -443961
8860 -443961
8865 -443961
8870 -443961
8875 -443961
8880 -443961
8885 -443961
8890 -443961
8895 -443961
8900 -443961
8905 -443961
8910 -443961
8915 -443961
8920 -443961
8925 -443961
8930 -443961
8935 -443961
8940 -443961
8945 -443961
8950 -443961
8955 -443961
8960 -443961
8965 -443961
8970 -443961
8975 -443961
8980 -443961
8985 -443961
8990 -443961
8995 -443961
9000 -443961
9005 -443961
9010 -443961
9015 -443961
9020 -443961
9025 -443961
9030 -443961
9035 -443961
9040 -443961
9045 -443961
9050 -443961
9055 -443961
9060 -443961
9065 -443961
9070 -443961
9075 -443961
9080 -443961
9085 -443961
9090 -443961
9095 -443961
9100 -443961
9105 -443961
9110 -443961
9115 -443961
9120 -443961
9125 -443961
9130 -443961
9135 -443961
9140 -443961
9145 -443961
9150 -443961
9155 -443961
9160 -443961
9165 -443961
9170 -443961
9175 -443961
9180 -443961
9185 -443961
9190 -443961
9195 -443961
9200 -443961
9205 -443961
9210 -443961
9215 -443961
9220 -443961
9225 -443961
9230 -443961
9235 -443961
9240 -443961
9245 -443961
9250 -443961
9255 -443961
9260 -443961
9265 -443961
9270 -443961
9275 -443961
9280 -443961
9285 -443961
9290 -443961
9295 -443961
9300 -443961
9305 -443961
9310 -443961
9315 -443961
9320 -443961
9325 -443961
9330 -443961
9335 -443961
9340 -443961
9345 -443961
9350 -443961
9355 -443961
9360 -443961
9365 -443961
9370 -443961
9375 -443961
9380 -443961
9385 -443961
9390 -443961
9395 -443961
9400 -443961
9405 -443961
9410 -443961
9415 -443961
9420 -443961
9425 -443961
9430 -443961
9435 -443961
9440 -443961
9445 -443961
9450 -443961
9455 -443961
9460 -443961
9465 -443961
9470 -443961
9475 -443961
9480 -443961
9485 -443961
9490 -443961
9495 -443961
9500 -443961
9505 -443961
9510 -443961
9515 -443961
9520 -443961
9525 -443961
9530 -443961
9535 -443961
9540 -443961
9545 -443961
9550 -443961
9555 -443961
9560 -443961
9565 -443961
9570 -443961
9575 -443961
9580 -443961
9585 -443961
9590 -443961
9595 -443961
9600 -443961
9605 -443961
9610 -443961
9615 -443961
9620 -443961
9625 -443961
9630 -443961
9635 -443961
9640 -443961
9645 -443961
9650 -443961
9655 -443961
9660 -443961
9665 -443961
9670 -443961
9675 -443961
9680 -443961
9685 -443961
9690 -443961
9695 -443961
9700 -443961
9705 -443961
9710 -443961
9715 -443961
9720 -443961
9725 -443961
9730 -443961
9735 -443961
9740 -443961
9745 -443961
9750 -443961
9755 -443961
9760 -443961
9765 -443961
9770 -443961
9775 -443961
9780 -443961
9785 -443961
9790 -443961
9795 -443961
9800 -443961
9805 -443961
9810 -443961
9815 -443961
9820 -443961
9825 -443961
9830 -443961
9835 -443961
9840 -443961
9845 -443961
9850 -443961
9855 -443961
9860 -443961
9865 -443961
9870 -443961
9875 -443961
9880 -443961
9885 -443961
9890 -443961
9895 -443961
9900 -443961
9905 -443961
9910 -443961
9915 -443961
9920 -443961
9925 -443961
9930 -443961
9935 -443961
9940 -443961
9945 -443961
9950 -443961
9955 -443961
9960 -443961
9965 -443961
9970 -443961
9975 -443961
9980 -443961
9985 -443961
9990 -443961
9995 -443961
10000 -443961
10005 -443961
10010 -443961
10015 -443961
10020 -443961
10025 -443961
10030 -443961
10035 -443961
10040 -443961
10045 -443961
10050 -443961
10055 -443961
10060 -443961
10065 -443961
10070 -443961
10075 -443961
10080 -443961
10085 -443961
10090 -443961
10095 -443961
10100 -443961
10105 -443961
10110 -443961
10115 -443961
10120 -443961
10125 -443961
10130 -443961
10135 -443961
10140 -443961
10145 -443961
10150 -443961
10155 -443961
10160 -443961
10165 -443961
10170 -443961
10175 -443961
10180 -443961
10185 -443961
10190 -443961
10195 -443961
10200 -443961
10205 -443961
10210 -443961
10215 -443961
10220 -443961
10225 -443961
10230 -443961
10235 -443961
10240 -443961
10245 -443961
10250 -443961
10255 -443961
10260 -443961
10265 -443961
10270 -443961
10275 -443961
10280 -443961
10285 -443961
10290 -443961
10295 -443961
10300 -443961
10305 -443961
10310 -443961
10315 -443961
10320 -443961
10325 -443961
10330 -443961
10335 -443961
10340 -443961
10345 -443961
10350 -443961
10355 -443961
10360 -443961
10365 -443961
10370 -443961
10375 -443961
10380 -443961
10385 -443961
10390 -443961
10395 -443961
10400 -443961
10405 -443961
10410 -443961
10415 -443961
10420 -443961
10425 -443961
10430 -443961
10435 -443961
10440 -443961
10445 -443961
10450 -443961
10455 -443961
10460 -443961
10465 -443961
10470 -443961
10475 -443961
10480 -443961
10485 -443961
10490 -443961
10495 -443961
10500 -443961
10505 -443961
10510 -443961
10515 -443961
10520 -443961
10525 -443961
10530 -443961
10535 -443961
10540 -443961
10545 -443961
10550 -443961
10555 -443961
10560 -443961
10565 -443961
10570 -443961
10575 -443961
10580 -443961
10585 -443961
10590 -443961
10595 -443961
10600 -443961
10605 -443961
10610 -443961
10615 -443961
10620 -443961
10625 -443961
10630 -443961
10635 -443961
10640 -443961
10645 -443961
10650 -443961
10655 -443961
10660 -443961
10665 -443961
10670 -443961
10675 -443961
10680 -443961
10685 -443961
10690 -443961
10695 -443961
10700 -443961
10705 -443961
10710 -443961
10715 -443961
10720 -443961
10725 -443961
10730 -443961
10735 -443961
10740 -443961
10745 -443961
10750 -443961
10755 -443961
10760 -443961
10765 -443961
10770 -443961
10775 -443961
10780 -443961
10785 -443961
10790 -443961
10795 -443961
10800 -443961
10805 -443961
10810 -443961
10815 -443961
10820 -443961
10825 -443961
10830 -443961
10835 -443961
10840 -443961
10845 -443961
10850 -443961
10855 -443961
10860 -443961
10865 -443961
10870 -443961
10875 -443961
10880 -443961
10885 -443961
10890 -443961
10895 -443961
10900 -443961
10905 -443961
10910 -443961
10915 -443961
10920 -443961
10925 -443961
10930 -443961
10935 -443961
10940 -443961
10945 -443961
10950 -443961
10955 -443961
10960 -443961
10965 -443961
10970 -443961
10975 -443961
10980 -443961
10985 -443961
10990 -443961
10995 -443961
11000 -443961
11005 -443961
11010 -443961
11015 -443961
11020 -443961
11025 -443961
11030 -443961
11035 -443961
11040 -443961
11045 -443961
11050 -443961
11055 -443961
11060 -443961
11065 -443961
11070 -443961
11075 -443961
11080 -443961
11085 -443961
11090 -443961
11095 -443961
11100 -443961
11105 -443961
11110 -443961
11115 -443961
11120 -443961
11125 -443961
11130 -443961
11135 -443961
11140 -443961
11145 -443961
11150 -443961
11155 -443961
11160 -443961
11165 -443961
11170 -443961
11175 -443961
11180 -443961
11185 -443961
11190 -443961
11195 -443961
11200 -443961
11205 -443961
11210 -443961
11215 -443961
11220 -443961
11225 -443961
11230 -443961
11235 -443961
11240 -443961
11245 -443961
11250 -443961
11255 -443961
11260 -443961
11265 -443961
11270 -443961
11275 -443961
11280 -443961
11285 -443961
11290 -443961
11295 -443961
11300 -443961
11305 -443961
11310 -443961
11315 -443961
11320 -443961
11325 -443961
11330 -443961
11335 -443961
11340 -443961
11345 -443961
11350 -443961
11355 -443961
11360 -443961
11365 -443961
11370 -443961
11375 -443961
11380 -443961
11385 -443961
11390 -443961
11395 -443961
11400 -443961
11405 -443961
11410 -443961
11415 -443961
11420 -443961
11425 -443961
11430 -443961
11435 -443961
11440 -443961
11445 -443961
11450 -443961
11455 -443961
11460 -443961
11465 -443961
11470 -443961
11475 -443961
11480 -443961
11485 -443961
11490 -443961
11495 -443961
11500 -443961
11505 -443961
11510 -443961
11515 -443961
11520 -443961
11525 -443961
11530 -443961
11535 -443961
11540 -443961
11545 -443961
11550 -443961
11555 -443961
11560 -443961
11565 -443961
11570 -443961
11575 -443961
11580 -443961
11585 -443961
11590 -443961
11595 -443961
11600 -443961
11605 -443961
11610 -443961
11615 -443961
11620 -443961
11625 -443961
11630 -443961
11635 -443961
11640 -443961
11645 -443961
11650 -443961
11655 -443961
11660 -443961
11665 -443961
11670 -443961
11675 -443961
11680 -443961
11685 -443961
11690 -443961
11695 -443961
11700 -443961
11705 -443961
11710 -443961
11715 -443961
11720 -443961
11725 -443961
11730 -443961
11735 -443961
11740 -443961
11745 -443961
11750 -443961
11755 -443961
11760 -443961
11765 -443961
11770 -443961
11775 -443961
11780 -443961
11785 -443961
11790 -443961
11795 -443961
11800 -443961
11805 -443961
11810 -443961
11815 -443961
11820 -443961
11825 -443961
11830 -443961
11835 -443961
11840 -443961
11845 -443961
11850 -443961
11855 -443961
11860 -443961
11865 -443961
11870 -443961
11875 -443961
11880 -443961
11885 -443961
11890 -443961
11895 -443961
11900 -443961
11905 -443961
11910 -443961
11915 -443961
11920 -443961
11925 -443961
11930 -443961
11935 -443961
11940 -443961
11945 -443961
11950 -443961
11955 -443961
11960 -443961
11965 -443961
11970 -443961
11975 -443961
11980 -443961
11985 -443961
11990 -443961
11995 -443961
12000 -443961
12005 -443961
12010 -443961
12015 -443961
12020 -443961
12025 -443961
12030 -443961
12035 -443961
12040 -443961
12045 -443961
12050 -443961
12055 -443961
12060 -443961
12065 -443961
12070 -443961
12075 -443961
12080 -443961
12085 -442973
12090 -442973
12095 -442973
12100 -442973
12105 -442973
12110 -442973
12115 -442973
12120 -442973
12125 -442973
12130 -442973
12135 -442973
12140 -442973
12145 -442973
12150 -442973
12155 -442973
12160 -442973
12165 -442973
12170 -442973
12175 -442973
12180 -442973
12185 -442973
12190 -442973
12195 -442973
12200 -442973
12205 -442973
12210 -442973
12215 -442973
12220 -442973
12225 -442973
12230 -442973
12235 -442973
12240 -442973
12245 -442973
12250 -442973
12255 -442973
12260 -442973
12265 -442973
12270 -442973
12275 -442973
12280 -442973
12285 -442973
12290 -442973
12295 -442973
12300 -442973
12305 -442973
12310 -442973
12315 -442973
12320 -442973
12325 -442973
12330 -442973
12335 -442973
12340 -442973
12345 -442973
12350 -442973
12355 -442973
12360 -442973
12365 -442973
12370 -442973
12375 -442973
12380 -442973
12385 -442973
12390 -442973
12395 -442973
12400 -442973
12405 -442973
12410 -442973
12415 -442973
12420 -442973
12425 -442973
12430 -442973
12435 -442973
12440 -442973
12445 -442973
12450 -442973
12455 -442973
12460 -442973
12465 -442973
12470 -442973
12475 -442973
12480 -442973
12485 -442973
12490 -442973
12495 -442973
12500 -442973
12505 -442973
12510 -442973
12515 -442973
12520 -442973
12525 -442973
12530 -442973
12535 -442973
12540 -442973
12545 -442973
12550 -442973
12555 -442973
12560 -442973
12565 -442973
12570 -442973
12575 -442973
12580 -442973
12585 -442973
12590 -442973
12595 -442973
12600 -442973
12605 -442973
12610 -442973
12615 -442973
12620 -442973
12625 -442973
12630 -442973
12635 -442973
12640 -442973
12645 -442973
12650 -442973
12655 -442973
12660 -442973
12665 -442973
12670 -442973
12675 -442973
12680 -442973
12685 -442973
12690 -442973
12695 -442973
12700 -442973
12705 -442973
12710 -442973
12715 -442973
12720 -442973
12725 -442973
12730 -442973
12735 -442973
12740 -442973
12745 -442973
12750 -442973
12755 -442973
12760 -442973
12765 -442973
12770 -442973
12775 -442973
12780 -442973
12785 -442973
12790 -442973
12795 -442973
12800 -442973
12805 -442973
12810 -442973
12815 -442973
12820 -442973
12825 -442973
12830 -442973
12835 -442973
12840 -442973
12845 -442973
12850 -442973
12855 -442973
12860 -442973
12865 -442973
12870 -442973
12875 -442973
12880 -442973
12885 -442973
12890 -442973
12895 -442973
12900 -442973
12905 -442973
12910 -442973
12915 -442973
12920 -442973
12925 -442973
12930 -442973
12935 -442973
12940 -442973
12945 -442973
12950 -442973
12955 -442973
12960 -442973
12965 -442973
12970 -442973
12975 -442973
12980 -442973
12985 -442973
12990 -442973
12995 -442973
13000 -442973
13005 -442973
13010 -442973
13015 -442973
13020 -442973
13025 -442973
13030 -442973
13035 -442973
13040 -442973
13045 -442973
13050 -442973
13055 -442973
13060 -442973
13065 -442973
13070 -442973
13075 -442973
13080 -442973
13085 -442973
13090 -442973
13095 -442973
13100 -442973
13105 -442973
13110 -442973
13115 -442973
13120 -442973
13125 -442973
13130 -442973
13135 -442973
13140 -442973
13145 -442973
13150 -442973
13155 -442973
13160 -442973
13165 -442973
13170 -442973
13175 -442973
13180 -442973
13185 -442973
13190 -442973
13195 -442973
13200 -442973
13205 -442973
13210 -442973
13215 -442973
13220 -442973
13225 -442973
13230 -442973
13235 -442973
13240 -442973
13245 -442973
13250 -442973
13255 -442973
13260 -442973
13265 -442973
13270 -442973
13275 -442973
13280 -442973
13285 -442973
13290 -442973
13295 -442973
13300 -442973
13305 -442973
13310 -442973
13315 -442973
13320 -442973
13325 -442973
13330 -442973
13335 -442973
13340 -442973
13345 -442973
13350 -442973
13355 -442973
13360 -442973
13365 -442973
13370 -442973
13375 -442973
13380 -442973
13385 -442973
13390 -442973
13395 -442973
13400 -442973
13405 -442973
13410 -442973
13415 -442973
13420 -442973
13425 -442973
13430 -442973
13435 -442973
13440 -442973
13445 -442973
13450 -442973
13455 -442973
13460 -442973
13465 -442973
13470 -442973
13475 -442973
13480 -442973
13485 -442973
13490 -442973
13495 -442973
13500 -442973
13505 -442973
13510 -442973
13515 -442973
13520 -442973
13525 -442973
13530 -442973
13535 -442973
13540 -442973
13545 -442973
13550 -442973
13555 -442973
13560 -442973
13565 -442973
13570 -442973
13575 -442973
13580 -442973
13585 -442973
13590 -442973
13595 -442973
13600 -442973
13605 -442973
13610 -442973
13615 -442973
13620 -442973
13625 -442973
13630 -442973
13635 -442973
13640 -442973
13645 -442973
13650 -442973
13655 -442973
13660 -442973
13665 -442973
13670 -442973
13675 -442973
13680 -442973
13685 -442973
13690 -442973
13695 -442973
13700 -442973
13705 -442973
13710 -442973
13715 -442973
13720 -442973
13725 -442973
13730 -442973
13735 -442973
13740 -442973
13745 -442973
13750 -442973
13755 -442973
13760 -442973
13765 -442973
13770 -442973
13775 -442973
13780 -442973
13785 -442973
13790 -442973
13795 -442973
13800 -442973
13805 -442973
13810 -442973
13815 -442973
13820 -442973
13825 -442973
13830 -442973
13835 -442973
13840 -442973
13845 -442973
13850 -442973
13855 -442973
13860 -442973
13865 -442973
13870 -442973
13875 -442973
13880 -442973
13885 -442973
13890 -442973
13895 -442973
13900 -442973
13905 -442973
13910 -442973
13915 -442973
13920 -442973
13925 -442973
13930 -442973
13935 -442973
13940 -442973
13945 -442973
13950 -442973
13955 -442973
13960 -442973
13965 -442973
13970 -442973
13975 -442973
13980 -442973
13985 -442973
13990 -442973
13995 -442973
14000 -442973
14005 -442973
14010 -442973
14015 -442973
14020 -442973
14025 -442973
14030 -442973
14035 -442973
14040 -442973
14045 -442973
14050 -442973
14055 -442973
14060 -442973
14065 -442973
14070 -442973
14075 -442973
14080 -442973
14085 -442973
14090 -442973
14095 -442973
14100 -442973
14105 -442973
14110 -442973
14115 -442973
14120 -442973
14125 -442973
14130 -442973
14135 -442973
14140 -442973
14145 -442973
14150 -442973
14155 -442973
14160 -442973
14165 -442973
14170 -442973
14175 -442973
14180 -442973
14185 -442973
14190 -442973
14195 -442973
14200 -442973
14205 -442973
14210 -442973
14215 -442973
14220 -442973
14225 -442973
14230 -442973
14235 -442973
14240 -442973
14245 -442973
14250 -442973
14255 -442973
14260 -442973
14265 -442973
14270 -442973
14275 -442973
14280 -442973
14285 -442973
14290 -442973
14295 -442973
14300 -442973
14305 -442973
14310 -442973
14315 -442973
14320 -442973
14325 -442973
14330 -442973
14335 -442973
14340 -442973
14345 -442973
14350 -442973
14355 -442973
14360 -442973
14365 -442973
14370 -442973
14375 -442973
14380 -442973
14385 -442973
14390 -442973
14395 -442973
14400 -442973
14405 -442973
14410 -442973
14415 -442973
14420 -442973
14425 -442973
14430 -442973
14435 -442973
14440 -442973
14445 -442973
14450 -442973
14455 -442973
14460 -442973
14465 -442973
14470 -442973
14475 -442973
14480 -442973
14485 -442973
14490 -442973
14495 -442973
14500 -442973
14505 -442973
14510 -442973
14515 -442973
14520 -442973
14525 -442973
14530 -442973
14535 -442973
14540 -442973
14545 -442973
14550 -442973
14555 -442973
14560 -442973
14565 -442973
14570 -442973
14575 -442973
14580 -442973
14585 -442973
14590 -442973
14595 -442973
14600 -442973
14605 -442973
14610 -442973
14615 -442973
14620 -442973
14625 -442973
14630 -442973
14635 -442973
14640 -442973
14645 -442973
14650 -442973
14655 -442973
14660 -442973
14665 -442973
14670 -442973
14675 -442973
14680 -442973
14685 -442973
14690 -442973
14695 -442973
14700 -442973
14705 -442973
14710 -442973
14715 -442973
14720 -442973
14725 -442973
14730 -442973
14735 -442973
14740 -442973
14745 -442973
14750 -442973
14755 -442973
14760 -442973
14765 -442973
14770 -442973
14775 -442973
14780 -442973
14785 -442973
14790 -442973
14795 -442973
14800 -442973
14805 -442973
14810 -442973
14815 -442973
14820 -442973
14825 -442973
14830 -442973
14835 -442973
14840 -442973
14845 -442973
14850 -442973
14855 -442973
14860 -442973
14865 -442973
14870 -442973
14875 -442973
14880 -442973
14885 -442973
14890 -442973
14895 -442973
14900 -442973
14905 -442973
14910 -442973
14915 -442973
14920 -442973
14925 -442973
14930 -442973
14935 -442973
14940 -442973
14945 -442973
14950 -442973
14955 -442973
14960 -442973
14965 -442973
14970 -442973
14975 -442973
14980 -442973
14985 -442973
14990 -442973
14995 -442973
15000 -442973
15005 -442973
15010 -442973
15015 -442973
15020 -442973
15025 -442973
15030 -442973
15035 -442973
15040 -442973
15045 -442973
15050 -442973
15055 -442973
15060 -442973
15065 -442973
15070 -442973
15075 -442973
15080 -442973
15085 -442973
15090 -442973
15095 -442973
15100 -442973
15105 -442973
15110 -442973
15115 -442973
15120 -442973
15125 -442973
15130 -442973
15135 -442973
15140 -442973
15145 -442973
15150 -442973
15155 -442973
15160 -442973
15165 -442973
15170 -442973
15175 -442973
15180 -442973
15185 -442973
15190 -442973
15195 -442973
15200 -442973
15205 -442973
15210 -442973
15215 -442973
15220 -442973
15225 -442973
15230 -442973
15235 -442973
15240 -442973
15245 -442973
15250 -442973
15255 -442973
15260 -442973
15265 -442973
15270 -442973
15275 -442973
15280 -442973
15285 -442973
15290 -442973
15295 -442973
15300 -442973
15305 -442973
15310 -442973
15315 -442973
15320 -442973
15325 -442973
15330 -442973
15335 -442973
15340 -442973
15345 -442973
15350 -442973
15355 -442973
15360 -442973
15365 -442973
15370 -442973
15375 -442973
15380 -442973
15385 -442973
15390 -442973
15395 -442973
15400 -442973
15405 -442973
15410 -442973
15415 -442973
15420 -442973
15425 -442973
15430 -442973
15435 -442973
15440 -442973
15445 -442973
15450 -442973
15455 -442973
15460 -442973
15465 -442973
15470 -442973
15475 -442973
15480 -442973
15485 -442973
15490 -442973
15495 -442973
15500 -442973
15505 -442973
15510 -442973
15515 -442973
15520 -442973
15525 -442973
15530 -442973
15535 -442973
15540 -442973
15545 -442973
15550 -442973
15555 -442973
15560 -442973
15565 -442973
15570 -442973
15575 -442973
15580 -442973
15585 -442973
15590 -442973
15595 -442973
15600 -442973
15605 -442973
15610 -442973
15615 -442973
15620 -442973
15625 -442973
15630 -442973
15635 -442973
15640 -442973
15645 -442973
15650 -442973
15655 -442973
15660 -442973
15665 -442973
15670 -442973
15675 -442973
15680 -441485
15685 -441485
15690 -441485
15695 -441485
15700 -441485
15705 -441485
15710 -441485
15715 -441485
15720 -441485
15725 -441485
15730 -441485
15735 -441485
15740 -441485
15745 -441485
15750 -441485
15755 -441485
15760 -441485
15765 -441485
15770 -441485
15775 -441485
15780 -441485
15785 -441485
15790 -441485
15795 -441485
15800 -441485
15805 -441485
15810 -441485
15815 -441485
15820 -441485
15825 -441485
15830 -441485
15835 -441485
15840 -441485
15845 -441485
15850 -441485
15855 -441485
15860 -441485
15865 -441485
15870 -441485
15875 -441485
15880 -441485
15885 -441485
15890 -441485
15895 -441485
15900 -441485
15905 -441485
15910 -441485
15915 -441485
15920 -441485
15925 -441485
15930 -441485
15935 -441485
15940 -441485
15945 -441485
15950 -441485
15955 -441485
15960 -441485
15965 -441485
15970 -441485
15975 -441485
15980 -441485
15985 -441485
15990 -441485
15995 -441485
16000 -441485
16005 -441485
16010 -441485
16015 -441485
16020 -441485
16025 -441485
16030 -441485
16035 -441485
16040 -441485
16045 -441485
16050 -441485
16055 -441485
16060 -441485
16065 -441485
16070 -441485
16075 -441485
16080 -441485
16085 -441485
16090 -441485
16095 -441485
16100 -441485
16105 -441485
16110 -441485
16115 -441485
16120 -441485
16125 -441485
16130 -441485
16135 -441485
16140 -441485
16145 -441485
16150 -441485
16155 -441485
16160 -441485
16165 -441485
16170 -441485
16175 -441485
16180 -441485
16185 -441485
16190 -441485
16195 -441485
16200 -441485
16205 -441485
16210 -441485
16215 -441485
16220 -441485
16225 -441485
16230 -441485
16235 -441485
16240 -441485
16245 -441485
16250 -441485
16255 -441485
16260 -441485
16265 -441485
16270 -441485
16275 -441485
16280 -441485
16285 -441485
16290 -441485
16295 -441485
16300 -441485
16305 -441485
16310 -441485
16315 -441485
16320 -441485
16325 -441485
16330 -441485
16335 -441485
16340 -441485
16345 -441485
16350 -441485
16355 -441485
16360 -441485
16365 -441485
16370 -441485
16375 -441485
16380 -441485
16385 -441485
16390 -441485
16395 -441485
16400 -441485
16405 -441485
16410 -441485
16415 -441485
16420 -441485
16425 -441485
16430 -441485
16435 -441485
16440 -441485
16445 -441485
16450 -441485
16455 -441485
16460 -441485
16465 -441485
16470 -441485
16475 -441485
16480 -441485
16485 -441485
16490 -441485
16495 -441485
16500 -441485
16505 -441485
16510 -441485
16515 -441485
16520 -441485
16525 -441485
16530 -441485
16535 -441485
16540 -441485
16545 -441485
16550 -441485
16555 -441485
16560 -441485
16565 -441485
16570 -441485
16575 -441485
16580 -441485
16585 -441485
16590 -441485
16595 -441485
16600 -441485
16605 -441485
16610 -441485
16615 -441485
16620 -441485
16625 -441485
16630 -441485
16635 -441485
16640 -441485
16645 -441485
16650 -441485
16655 -441485
16660 -441485
16665 -441485
16670 -441485
16675 -441485
16680 -441485
16685 -441485
16690 -441485
16695 -441485
16700 -441485
16705 -441485
16710 -441485
16715 -441485
16720 -441485
16725 -441485
16730 -441485
16735 -441485
16740 -441485
16745 -441485
16750 -441485
16755 -441485
16760 -441485
16765 -441485
16770 -441485
16775 -441485
16780 -441485
16785 -441485
16790 -441485
16795 -441485
16800 -441485
16805 -441485
16810 -441485
16815 -441485
16820 -441485
16825 -441485
16830 -441485
16835 -441485
16840 -441485
16845 -441485
16850 -441485
16855 -441485
16860 -441485
16865 -441485
16870 -441485
16875 -441485
16880 -441485
16885 -441485
16890 -441485
16895 -441485
16900 -441485
16905 -441485
16910 -441485
16915 -441485
16920 -441485
16925 -441485
16930 -441485
16935 -441485
16940 -441485
16945 -441485
16950 -441485
16955 -441485
16960 -441485
16965 -441485
16970 -441485
16975 -441485
16980 -441485
16985 -441485
16990 -441485
16995 -441485
17000 -441485
17005 -441485
17010 -441485
17015 -441485
17020 -441485
17025 -441485
17030 -441485
17035 -441485
17040 -441485
17045 -441485
17050 -441485
17055 -441485
17060 -441485
17065 -441485
17070 -441485
17075 -441485
17080 -441485
17085 -441485
17090 -441485
17095 -441485
17100 -441485
17105 -441485
17110 -441485
17115 -441485
17120 -441485
17125 -441485
17130 -441485
17135 -441485
17140 -441485
17145 -441485
17150 -441485
17155 -441485
17160 -441485
17165 -441485
17170 -441485
17175 -441485
17180 -441485
17185 -441485
17190 -441485
17195 -441485
17200 -441485
17205 -441485
17210 -441485
17215 -441485
17220 -441485
17225 -441485
17230 -441485
17235 -441485
17240 -441485
17245 -441485
17250 -441485
17255 -441485
17260 -441485
17265 -441485
17270 -441485
17275 -441485
17280 -441485
17285 -441485
17290 -441485
17295 -441485
17300 -441485
17305 -441485
17310 -441485
17315 -441485
17320 -441485
17325 -441485
17330 -441485
17335 -441485
17340 -441485
17345 -441485
17350 -441485
17355 -441485
17360 -441485
17365 -441485
17370 -441485
17375 -441485
17380 -441485
17385 -441485
17390 -441485
17395 -441485
17400 -441485
17405 -441485
17410 -441485
17415 -441485
17420 -441485
17425 -441485
17430 -441485
17435 -441485
17440 -441485
17445 -441485
17450 -441485
17455 -441485
17460 -441485
17465 -441485
17470 -441485
17475 -441485
17480 -441485
17485 -441485
17490 -441485
17495 -441485
17500 -441485
17505 -441485
17510 -441485
17515 -441485
17520 -441485
17525 -441485
17530 -441485
17535 -441485
17540 -441485
17545 -441485
17550 -441485
17555 -441485
17560 -441485
17565 -441485
17570 -441485
17575 -441485
17580 -441485
17585 -441378
17590 -441378
17595 -441378
17600 -441378
17605 -441378
17610 -441378
17615 -441378
17620 -441378
17625 -441378
17630 -441378
17635 -441378
17640 -441378
17645 -441378
17650 -441378
17655 -441378
17660 -441378
17665 -441378
17670 -441378
17675 -441378
17680 -441378
17685 -441378
17690 -441378
17695 -441378
17700 -441378
17705 -441378
17710 -441378
17715 -441378
17720 -441378
17725 -441378
17730 -441378
17735 -441378
17740 -441378
17745 -441378
17750 -441378
17755 -441378
17760 -441378
17765 -441378
17770 -441378
17775 -441378
17780 -441378
17785 -441378
17790 -441378
17795 -441378
17800 -441378
17805 -441378
17810 -441378
17815 -441378
17820 -441378
17825 -441378
17830 -441378
17835 -441378
17840 -441378
17845 -441378
17850 -441378
17855 -441378
17860 -441378
17865 -441378
17870 -441378
17875 -441378
17880 -441378
17885 -441378
17890 -441378
17895 -441378
17900 -441378
17905 -441378
17910 -441378
17915 -441378
17920 -441378
17925 -441378
17930 -441378
17935 -441378
17940 -441378
17945 -441378
17950 -441378
17955 -441378
17960 -441378
17965 -441378
17970 -441378
17975 -441378
17980 -441378
17985 -441378
17990 -441378
17995 -441378
18000 -441378
18005 -441378
18010 -441378
18015 -441378
18020 -441378
18025 -441378
18030 -441378
18035 -441378
18040 -441378
18045 -441378
18050 -441378
18055 -441378
18060 -441378
18065 -441378
18070 -441378
18075 -441378
18080 -441378
18085 -441378
18090 -441378
18095 -441378
18100 -441378
18105 -441378
18110 -441378
18115 -441378
18120 -441378
18125 -441378
18130 -441378
18135 -441378
18140 -441378
18145 -441378
18150 -441378
18155 -441378
18160 -441378
18165 -441378
18170 -441378
18175 -441378
18180 -441378
18185 -441378
18190 -441378
18195 -441378
18200 -441378
18205 -441378
18210 -441378
18215 -441378
18220 -441378
18225 -441378
18230 -441378
18235 -441378
18240 -441378
18245 -441378
18250 -441378
18255 -441378
18260 -441378
18265 -441378
18270 -441378
18275 -441378
18280 -441378
18285 -441378
18290 -441378
18295 -441378
18300 -441378
18305 -441378
18310 -441378
18315 -441378
18320 -441378
18325 -441378
18330 -441378
18335 -441378
18340 -441378
18345 -441378
18350 -441378
18355 -441378
18360 -441378
18365 -441378
18370 -441378
18375 -441378
18380 -441378
18385 -441378
18390 -441378
18395 -441378
18400 -441378
18405 -441378
18410 -441378
18415 -441378
18420 -441378
18425 -441378
18430 -441378
18435 -441378
18440 -441378
18445 -441378
18450 -441378
18455 -441378
18460 -441378
18465 -441378
18470 -441378
18475 -441378
18480 -441378
18485 -441378
18490 -441378
18495 -441378
18500 -441378
18505 -441378
18510 -441378
18515 -441378
18520 -441378
18525 -441378
18530 -441378
18535 -441378
18540 -441378
18545 -441378
18550 -441378
18555 -441378
18560 -441378
18565 -441378
18570 -441378
18575 -441378
18580 -441378
18585 -441378
18590 -441378
18595 -441378
18600 -441378
18605 -441378
18610 -441378
18615 -441378
18620 -441378
18625 -441378
18630 -441378
18635 -441378
18640 -441378
18645 -441378
18650 -441378
18655 -441378
18660 -441378
18665 -441378
18670 -441378
18675 -441378
18680 -441378
18685 -441378
18690 -441378
18695 -441378
18700 -441378
18705 -441378
18710 -441378
18715 -441378
18720 -441378
18725 -441378
18730 -441378
18735 -441378
18740 -441378
18745 -441378
18750 -441378
18755 -441378
18760 -441378
18765 -441378
18770 -441378
18775 -441378
18780 -441378
18785 -441378
18790 -441378
18795 -441378
18800 -441378
18805 -441378
18810 -441378
18815 -441378
18820 -441378
18825 -441378
18830 -441378
18835 -441378
18840 -441378
18845 -441378
18850 -441378
18855 -441378
18860 -441378
18865 -441378
18870 -441378
18875 -441378
18880 -441378
18885 -441378
18890 -441378
18895 -441378
18900 -441378
18905 -441378
18910 -441378
18915 -441378
18920 -441378
18925 -441378
18930 -441378
18935 -441378
18940 -441378
18945 -441378
18950 -441378
18955 -441378
18960 -441378
18965 -441378
18970 -441378
18975 -441378
18980 -441378
18985 -441378
18990 -441378
18995 -441378
19000 -441378
19005 -441378
19010 -441378
19015 -441378
19020 -441378
19025 -441378
19030 -441378
19035 -441378
19040 -441378
19045 -441378
19050 -441378
19055 -441378
19060 -441378
19065 -441378
19070 -441378
19075 -441378
19080 -441378
19085 -441378
19090 -441378
19095 -441378
19100 -441378
19105 -441378
19110 -441378
19115 -441378
19120 -441378
19125 -441378
19130 -441378
19135 -441378
19140 -441378
19145 -441378
19150 -441378
19155 -441378
19160 -441378
19165 -441378
19170 -441378
19175 -441378
19180 -441378
19185 -441378
19190 -441378
19195 -441378
19200 -441378
19205 -441378
19210 -441378
19215 -441378
19220 -441378
19225 -441378
19230 -441378
19235 -441378
19240 -441378
19245 -441378
19250 -441378
19255 -441378
19260 -441378
19265 -441378
19270 -441378
19275 -441378
19280 -441378
19285 -441378
19290 -441378
19295 -441378
19300 -441378
19305 -441378
19310 -441378
19315 -441378
19320 -441378
19325 -441378
19330 -441378
19335 -441378
19340 -441378
19345 -441378
19350 -441378
19355 -441378
19360 -441378
19365 -441378
19370 -441378
19375 -441378
19380 -441378
19385 -441378
19390 -441378
19395 -441378
19400 -441378
19405 -441378
19410 -441378
19415 -441378
19420 -441378
19425 -441378
19430 -441378
19435 -441378
19440 -441378
19445 -441378
19450 -441378
19455 -441378
19460 -441378
19465 -441378
19470 -441378
19475 -441378
19480 -441378
19485 -441378
19490 -441378
19495 -441378
19500 -441378
19505 -441378
19510 -441378
19515 -441378
19520 -441378
19525 -441378
19530 -441378
19535 -441378
19540 -441378
19545 -441378
19550 -441378
19555 -441378
19560 -441378
19565 -441378
19570 -441378
19575 -441378
19580 -441378
19585 -441378
19590 -441378
19595 -441378
19600 -441378
19605 -441378
19610 -441378
19615 -441378
19620 -441378
19625 -441378
19630 -441378
19635 -441378
19640 -441378
19645 -441378
19650 -441378
19655 -441378
19660 -441378
19665 -441378
19670 -441378
19675 -441378
19680 -441378
19685 -441378
19690 -441378
19695 -441378
19700 -441378
19705 -441378
19710 -441378
19715 -441378
19720 -441378
19725 -441378
19730 -441378
19735 -441378
19740 -441378
19745 -441378
19750 -441378
19755 -441378
19760 -441378
19765 -441378
19770 -441378
19775 -441378
19780 -441378
19785 -441378
19790 -441378
19795 -441378
19800 -441378
19805 -441378
19810 -441378
19815 -441378
19820 -441378
19825 -441378
19830 -441378
19835 -441378
19840 -441378
19845 -441378
19850 -441378
19855 -441378
19860 -441378
19865 -441378
19870 -441378
19875 -441378
19880 -441378
19885 -441378
19890 -441378
19895 -441378
19900 -441378
19905 -441378
19910 -441378
19915 -441378
19920 -441378
19925 -441378
19930 -441378
19935 -441378
19940 -441378
19945 -441378
19950 -441378
19955 -441378
19960 -441378
19965 -441378
19970 -441378
19975 -441378
19980 -441378
19985 -441378
19990 -441378
19995 -441378
20000 -441378
20005 -441378
20010 -441378
20015 -441378
20020 -441378
20025 -441378
20030 -441378
20035 -441378
20040 -441378
20045 -441378
20050 -441378
20055 -441378
20060 -441378
20065 -441378
20070 -441378
20075 -441378
20080 -441378
20085 -441378
20090 -441378
20095 -441378
20100 -441378
20105 -441378
20110 -441378
20115 -441378
20120 -441378
20125 -441378
20130 -441378
20135 -441378
20140 -441378
20145 -441378
20150 -441378
20155 -441378
20160 -441378
20165 -441378
20170 -441378
20175 -441378
20180 -441378
20185 -441378
20190 -441378
20195 -441378
20200 -441378
20205 -441378
20210 -441378
20215 -441378
20220 -441378
20225 -441378
20230 -441378
20235 -441378
20240 -441378
20245 -441378
20250 -441378
20255 -441378
20260 -441378
20265 -441378
20270 -441378
20275 -441378
20280 -441378
20285 -441378
20290 -441378
20295 -441378
20300 -441378
20305 -441378
20310 -441378
20315 -441378
20320 -441378
20325 -441378
20330 -441378
20335 -441378
20340 -441378
20345 -441378
20350 -441378
20355 -441378
20360 -441378
20365 -441378
20370 -441378
20375 -441378
20380 -441378
20385 -441378
20390 -441378
20395 -441378
20400 -441378
20405 -441378
20410 -441378
20415 -441378
20420 -441378
20425 -441378
20430 -441378
20435 -441378
20440 -441378
20445 -441378
20450 -441378
20455 -441378
20460 -441378
20465 -441378
20470 -441378
20475 -441378
20480 -441378
20485 -441378
20490 -441378
20495 -441378
20500 -441378
20505 -441378
20510 -441378
20515 -441378
20520 -441378
20525 -441378
20530 -441378
20535 -441378
20540 -441378
20545 -441378
20550 -441378
20555 -441378
20560 -441378
20565 -441378
20570 -441378
20575 -441378
20580 -441378
20585 -441378
20590 -441378
20595 -441378
20600 -441378
20605 -441378
20610 -441378
20615 -441378
20620 -441378
20625 -441378
20630 -441378
20635 -441378
20640 -441378
20645 -441378
20650 -441378
20655 -441378
20660 -441378
20665 -441378
20670 -441378
20675 -441378
20680 -441378
20685 -441378
20690 -441378
20695 -441378
20700 -441378
20705 -441378
20710 -441378
20715 -441378
20720 -441378
20725 -441378
20730 -441378
20735 -441378
20740 -441378
20745 -441378
20750 -441378
20755 -441378
20760 -441378
20765 -441378
20770 -441378
20775 -441378
20780 -441378
20785 -441378
20790 -441378
20795 -441378
20800 -441378
20805 -441378
20810 -441378
20815 -441378
20820 -441378
20825 -441378
20830 -441378
20835 -441378
20840 -441378
20845 -441378
20850 -441378
20855 -441378
20860 -441378
20865 -441378
20870 -441378
20875 -441378
20880 -441378
20885 -441378
20890 -441378
20895 -441378
20900 -441378
20905 -441378
20910 -441378
20915 -441378
20920 -441378
20925 -441378
20930 -441378
20935 -441378
20940 -441378
20945 -441378
20950 -441378
20955 -441378
20960 -441378
20965 -441378
20970 -441378
20975 -441378
20980 -441378
20985 -441378
20990 -441378
20995 -441378
21000 -441378
21005 -441378
21010 -441378
21015 -441378
21020 -441378
21025 -441378
21030 -441378
21035 -441378
21040 -441378
21045 -441378
21050 -441378
21055 -441378
21060 -441378
21065 -441378
21070 -441378
21075 -441378
21080 -441378
21085 -441378
21090 -441378
21095 -441378
21100 -441378
21105 -441378
21110 -441378
21115 -441378
21120 -441378
21125 -441378
21130 -441378
21135 -441378
21140 -441378
21145 -441378
21150 -441378
21155 -441378
21160 -441378
21165 -441378
21170 -441378
21175 -441378
21180 -441378
21185 -441378
21190 -441378
21195 -441378
21200 -441378
21205 -441378
21210 -441378
21215 -441378
21220 -441378
21225 -441378
21230 -441378
21235 -441378
21240 -441378
21245 -441378
21250 -441378
21255 -441378
21260 -441378
21265 -441378
21270 -441378
21275 -441378
21280 -441378
21285 -441378
21290 -441378
21295 -441378
21300 -441378
21305 -441378
21310 -441378
21315 -441378
21320 -441378
21325 -441378
21330 -441378
21335 -441378
21340 -441378
21345 -441378
21350 -441378
21355 -441378
21360 -441378
21365 -441378
21370 -441378
21375 -441378
21380 -441378
21385 -441378
21390 -441378
21395 -441378
21400 -441378
21405 -441378
21410 -441378
21415 -441378
21420 -441378
21425 -441378
21430 -441378
21435 -441378
21440 -441378
21445 -441378
21450 -441378
21455 -441378
21460 -441378
21465 -441378
21470 -441378
21475 -441378
21480 -441378
21485 -441378
21490 -441378
21495 -441378
21500 -441378
21505 -441378
21510 -441378
21515 -441378
21520 -441378
21525 -441378
21530 -441378
21535 -441378
21540 -441378
21545 -441378
21550 -441378
21555 -441378
21560 -441378
21565 -441378
21570 -441378
21575 -441378
21580 -441378
21585 -441378
21590 -441378
21595 -441378
21600 -441378
21605 -441378
21610 -441378
21615 -441378
21620 -441378
21625 -441378
21630 -441378
21635 -441378
21640 -441378
21645 -441378
21650 -441378
21655 -441378
21660 -441378
21665 -441378
21670 -441378
21675 -441378
21680 -441378
21685 -441378
21690 -441378
21695 -441378
21700 -441378
21705 -441378
21710 -441378
21715 -441378
21720 -441378
21725 -441378
21730 -441378
21735 -441378
21740 -441378
21745 -441378
21750 -441378
21755 -441378
21760 -441378
21765 -441378
21770 -441378
21775 -441378
21780 -441378
21785 -441378
21790 -441378
21795 -441378
21800 -441378
21805 -441378
21810 -441378
21815 -441378
21820 -441378
21825 -441378
21830 -441378
21835 -441378
21840 -441378
21845 -441364
21850 -441364
21855 -441364
21860 -441364
21865 -441364
21870 -441364
21875 -441364
21880 -441364
21885 -441364
21890 -441364
21895 -441364
21900 -441364
21905 -441364
21910 -441364
21915 -441364
21920 -441364
21925 -441364
21930 -441364
21935 -441364
21940 -441364
21945 -441364
21950 -441364
21955 -441364
21960 -441364
21965 -441364
21970 -441364
21975 -441364
21980 -441364
21985 -441364
21990 -441364
21995 -441364
22000 -441364
22005 -441364
22010 -441364
22015 -441364
22020 -441364
22025 -441364
22030 -441364
22035 -441364
22040 -441364
22045 -441364
22050 -441364
22055 -441364
22060 -441364
22065 -441364
22070 -441364
22075 -441364
22080 -441364
22085 -441364
22090 -441364
22095 -441364
22100 -441364
22105 -441364
22110 -441364
22115 -441364
22120 -441364
22125 -441364
22130 -441364
22135 -441364
22140 -441364
22145 -441364
22150 -441364
22155 -441364
22160 -441364
22165 -441364
22170 -441364
22175 -441364
22180 -441364
22185 -441364
22190 -441364
22195 -441364
22200 -441364
22205 -441364
22210 -441364
22215 -441364
22220 -441364
22225 -441364
22230 -441364
22235 -441364
22240 -441364
22245 -441364
22250 -441364
22255 -441364
22260 -441364
22265 -441364
22270 -441364
22275 -441364
22280 -441364
22285 -441364
22290 -441364
22295 -441364
22300 -441364
22305 -441364
22310 -441364
22315 -441364
22320 -441364
22325 -441364
22330 -441364
22335 -441364
22340 -441364
22345 -441364
22350 -441364
22355 -441364
22360 -441364
22365 -441364
22370 -441364
22375 -441364
22380 -441364
22385 -441364
22390 -441364
22395 -441364
22400 -441364
22405 -441364
22410 -441364
22415 -441364
22420 -441364
22425 -441364
22430 -441364
22435 -441364
22440 -441364
22445 -441364
22450 -441364
22455 -441364
22460 -441364
22465 -441364
22470 -441364
22475 -441364
22480 -441364
22485 -441364
22490 -441364
22495 -441364
22500 -441364
22505 -441364
22510 -441364
22515 -441364
22520 -441364
22525 -441364
22530 -441364
22535 -441364
22540 -441364
22545 -441364
22550 -441364
22555 -441364
22560 -441364
22565 -441364
22570 -441364
22575 -441364
22580 -441364
22585 -437911
22590 -437911
22595 -437911
22600 -437911
22605 -437911
22610 -437911
22615 -437911
22620 -437911
22625 -437911
22630 -437911
22635 -437911
22640 -437911
22645 -437911
22650 -437911
22655 -437911
22660 -437911
22665 -437911
22670 -437911
22675 -437911
22680 -437911
22685 -437911
22690 -437911
22695 -437911
22700 -437911
22705 -437911
22710 -437911
22715 -437911
22720 -437911
22725 -437911
22730 -437911
22735 -437911
22740 -437911
22745 -437911
22750 -437911
22755 -437911
22760 -437911
22765 -437911
22770 -437911
22775 -437911
22780 -437911
22785 -437911
22790 -437911
22795 -437911
22800 -437911
22805 -437911
22810 -437911
22815 -437911
22820 -437911
22825 -437911
22830 -437911
22835 -437911
22840 -437911
22845 -437911
22850 -437911
22855 -437911
22860 -437911
22865 -437911
22870 -437911
22875 -437911
22880 -437911
22885 -437911
22890 -437911
22895 -437911
22900 -437911
22905 -437911
22910 -437911
22915 -437911
22920 -437911
22925 -437911
22930 -437911
22935 -437911
22940 -437911
22945 -437911
22950 -437911
22955 -437911
22960 -437911
22965 -437911
22970 -437911
22975 -437911
22980 -437911
22985 -437911
22990 -437911
22995 -437911
23000 -437911
23005 -437911
23010 -437911
23015 -437911
23020 -437911
23025 -437911
23030 -437911
23035 -437911
23040 -437911
23045 -437911
23050 -437911
23055 -437911
23060 -437911
23065 -437911
23070 -437911
23075 -437911
23080 -437911
23085 -437911
23090 -437911
23095 -437911
23100 -437911
23105 -437911
23110 -437911
23115 -437911
23120 -437911
23125 -437911
23130 -437911
23135 -437911
23140 -437911
23145 -437911
23150 -437911
23155 -437911
23160 -437911
23165 -437911
23170 -437911
23175 -437911
23180 -437911
23185 -437911
23190 -437911
23195 -437911
23200 -437911
23205 -437911
23210 -437911
23215 -437911
23220 -437911
23225 -437911
23230 -437911
23235 -437911
23240 -437911
23245 -437911
23250 -437911
23255 -437911
23260 -437911
23265 -437911
23270 -437911
23275 -437911
23280 -437911
23285 -437911
23290 -437911
23295 -437911
23300 -437911
23305 -437911
23310 -437911
23315 -437911
23320 -437911
23325 -437911
23330 -437911
23335 -437911
23340 -437911
23345 -437911
23350 -437911
23355 -437911
23360 -437911
23365 -437911
23370 -437911
23375 -437911
23380 -437911
23385 -437911
23390 -437911
23395 -437911
23400 -437911
23405 -437911
23410 -437911
23415 -437911
23420 -437911
23425 -437911
23430 -437911
23435 -437911
23440 -437911
23445 -437911
23450 -437911
23455 -437911
23460 -437911
23465 -437911
23470 -437911
23475 -437911
23480 -437911
23485 -437911
23490 -437911
23495 -437911
23500 -437911
23505 -437911
23510 -437911
23515 -437911
23520 -437911
23525 -437911
23530 -437911
23535 -437911
23540 -437911
23545 -437911
23550 -437911
23555 -437911
23560 -437911
23565 -437911
23570 -437911
23575 -437911
23580 -437911
23585 -437911
23590 -437911
23595 -437911
23600 -437911
23605 -437911
23610 -437911
23615 -437911
23620 -437911
23625 -437911
23630 -437911
23635 -437911
23640 -437911
23645 -437911
23650 -437911
23655 -437911
23660 -437911
23665 -437911
23670 -437911
23675 -437911
23680 -437911
23685 -437911
23690 -437911
23695 -437911
23700 -437911
23705 -437911
23710 -437911
23715 -437911
23720 -437911
23725 -437911
23730 -437911
23735 -437911
23740 -437911
23745 -437911
23750 -437911
23755 -437911
23760 -437911
23765 -437911
23770 -437911
23775 -437911
23780 -437911
23785 -437911
23790 -437911
23795 -437911
23800 -437911
23805 -437911
23810 -437911
23815 -437911
23820 -437911
23825 -437911
23830 -437911
23835 -437911
23840 -437911
23845 -437911
23850 -437911
23855 -437911
23860 -437911
23865 -437911
23870 -437911
23875 -437911
23880 -437911
23885 -437911
23890 -437911
23895 -437911
23900 -437911
23905 -437911
23910 -437911
23915 -437911
23920 -437911
23925 -437911
23930 -437911
23935 -437911
23940 -437911
23945 -437911
23950 -437911
23955 -437911
23960 -437911
23965 -437911
23970 -437911
23975 -437911
23980 -437911
23985 -437911
23990 -437911
23995 -437911
24000 -437911
24005 -437911
24010 -437911
24015 -437911
24020 -437911
24025 -437911
24030 -437911
24035 -437911
24040 -437911
24045 -437911
24050 -437911
24055 -437911
24060 -437911
24065 -437911
24070 -437911
24075 -437911
24080 -437911
24085 -437911
24090 -437911
24095 -437911
24100 -437911
24105 -437911
24110 -437911
24115 -437911
24120 -437911
24125 -437911
24130 -437911
24135 -437911
24140 -437911
24145 -437911
24150 -437911
24155 -437911
24160 -437911
24165 -437911
24170 -437911
24175 -437911
24180 -437911
24185 -437911
24190 -437911
24195 -437911
24200 -437911
24205 -437911
24210 -437911
24215 -437911
24220 -437911
24225 -437911
24230 -437911
24235 -437911
24240 -437911
24245 -437911
24250 -437911
24255 -437911
24260 -437911
24265 -437911
24270 -437911
24275 -437911
24280 -437911
24285 -437911
24290 -437911
24295 -437911
24300 -437911
24305 -437911
24310 -437911
24315 -437911
24320 -437911
24325 -437911
24330 -437911
24335 -437911
24340 -437911
24345 -437911
24350 -437911
24355 -437911
24360 -437911
24365 -437911
24370 -437911
24375 -437911
24380 -437911
24385 -437911
24390 -437911
24395 -437911
24400 -437911
24405 -437911
24410 -437911
24415 -437911
24420 -437911
24425 -437911
24430 -437911
24435 -437911
24440 -437911
24445 -437911
24450 -437911
24455 -437911
24460 -437911
24465 -437911
24470 -437911
24475 -437911
24480 -437911
24485 -437911
24490 -437911
24495 -437911
24500 -437911
24505 -437911
24510 -437911
24515 -437911
24520 -437911
24525 -437911
24530 -437911
24535 -437911
24540 -437911
24545 -437911
24550 -437911
24555 -437911
24560 -437911
24565 -437911
24570 -437911
24575 -437911
24580 -437911
24585 -437911
24590 -437911
24595 -437911
24600 -437911
24605 -437911
24610 -437911
24615 -437911
24620 -437911
24625 -437911
24630 -437911
24635 -437911
24640 -437911
24645 -437911
24650 -437911
24655 -437911
24660 -437911
24665 -437911
24670 -437911
24675 -437911
24680 -437911
24685 -437911
24690 -437911
24695 -437911
24700 -437911
24705 -437911
24710 -437911
24715 -437911
24720 -437911
24725 -437911
24730 -437911
24735 -437911
24740 -437911
24745 -437911
24750 -437911
24755 -437911
24760 -437911
24765 -437911
24770 -437911
24775 -437911
24780 -437911
