10 -457490
15 -457490
20 -457490
25 -457490
30 -457490
35 -457490
40 -457490
45 -457490
50 -457490
55 -452992
60 -448112
65 -448112
70 -448112
75 -448112
80 -448112
85 -448112
90 -448112
95 -448112
100 -448112
105 -441930
110 -441930
115 -441930
120 -441930
125 -441930
130 -441930
135 -441930
140 -441930
145 -441930
150 -441930
155 -441930
160 -441930
165 -441930
170 -441930
175 -441930
180 -441377
185 -441377
190 -441377
195 -441377
200 -441377
205 -441377
210 -441377
215 -441377
220 -441377
225 -441377
230 -441377
235 -441377
240 -441377
245 -441377
250 -441377
255 -441377
260 -441377
265 -441377
270 -441377
275 -441377
280 -441377
285 -441377
290 -441377
295 -441377
300 -441377
305 -441377
310 -441377
315 -441377
320 -441377
325 -441377
330 -441377
335 -441377
340 -441377
345 -441377
350 -441377
355 -441377
360 -441377
365 -441377
370 -441377
375 -441377
380 -441377
385 -441377
390 -441377
395 -441377
400 -441377
405 -441377
410 -441377
415 -441377
420 -441377
425 -441377
430 -441377
435 -441377
440 -441377
445 -441377
450 -441377
455 -441377
460 -441377
465 -441377
470 -441377
475 -441377
480 -441377
485 -441377
490 -441377
495 -441377
500 -441377
505 -441377
510 -441377
515 -441377
520 -441377
525 -441377
530 -441377
535 -441377
540 -441377
545 -441377
550 -441377
555 -441377
560 -441377
565 -441377
570 -441377
575 -441377
580 -441377
585 -441377
590 -441377
595 -441377
600 -441377
605 -441377
610 -441377
615 -441377
620 -441377
625 -441377
630 -441377
635 -441377
640 -441377
645 -441377
650 -441377
655 -441377
660 -441377
665 -441377
670 -441377
675 -441377
680 -441377
685 -441377
690 -441377
695 -441377
700 -438449
705 -438449
710 -438449
715 -438449
720 -438449
725 -438449
730 -438449
735 -438449
740 -438449
745 -438449
750 -438449
755 -438449
760 -438449
765 -438449
770 -438449
775 -438449
780 -438449
785 -438449
790 -438449
795 -438449
800 -438449
805 -438449
810 -438449
815 -438449
820 -438449
825 -438449
830 -438449
835 -438449
840 -438449
845 -438449
850 -438449
855 -438449
860 -438449
865 -438449
870 -438449
875 -438449
880 -438449
885 -438449
890 -438449
895 -438449
900 -438449
905 -438449
910 -438449
915 -438449
920 -438449
925 -438449
930 -438449
935 -438449
940 -438449
945 -438449
950 -438449
955 -438449
960 -438449
965 -438449
970 -438449
975 -438449
980 -438449
985 -438449
990 -438449
995 -438449
1000 -438449
1005 -438449
1010 -438449
1015 -438449
1020 -438449
1025 -438449
1030 -438449
1035 -438449
1040 -438449
1045 -438449
1050 -438449
1055 -438449
1060 -438449
1065 -438449
1070 -438449
1075 -438449
1080 -438449
1085 -438449
1090 -438449
1095 -438449
1100 -438449
1105 -438449
1110 -438449
1115 -438449
1120 -438449
1125 -438449
1130 -438449
1135 -438449
1140 -438449
1145 -438449
1150 -438449
1155 -438449
1160 -438449
1165 -438449
1170 -438449
1175 -438449
1180 -438449
1185 -438449
1190 -438449
1195 -438449
1200 -438449
1205 -438449
1210 -438449
1215 -438449
1220 -438449
1225 -438449
1230 -438449
1235 -438449
1240 -438449
1245 -438449
1250 -438449
1255 -438449
1260 -438449
1265 -438449
1270 -438449
1275 -438449
1280 -436263
1285 -436263
1290 -436263
1295 -436263
1300 -436263
1305 -436263
1310 -436263
1315 -436263
1320 -436263
1325 -436263
1330 -436263
1335 -436263
1340 -436263
1345 -436263
1350 -436263
1355 -436263
1360 -436263
1365 -436263
1370 -436263
1375 -436263
1380 -436263
1385 -436263
1390 -436263
1395 -436263
1400 -436263
1405 -436263
1410 -436263
1415 -436263
1420 -436263
1425 -436263
1430 -436263
1435 -436263
1440 -436263
1445 -436263
1450 -436263
1455 -436263
1460 -436263
1465 -436263
1470 -436263
1475 -436263
1480 -436263
1485 -436263
1490 -436263
1495 -436263
1500 -436263
1505 -436263
1510 -436263
1515 -436263
1520 -436263
1525 -436263
1530 -436263
1535 -436263
1540 -436263
1545 -436263
1550 -436263
1555 -436263
1560 -436263
1565 -436263
1570 -436263
1575 -436263
1580 -436263
1585 -436263
1590 -436263
1595 -436263
1600 -436263
1605 -436263
1610 -436263
1615 -436263
1620 -436263
1625 -436263
1630 -436263
1635 -436263
1640 -436263
1645 -436263
1650 -436263
1655 -436263
1660 -436263
1665 -436263
1670 -436263
1675 -436263
1680 -436263
1685 -436263
1690 -436263
1695 -436263
1700 -436263
1705 -436263
1710 -436263
1715 -436263
1720 -436263
1725 -436263
1730 -436263
1735 -436263
1740 -436263
1745 -436263
1750 -436263
1755 -436263
1760 -436263
1765 -436263
1770 -436263
1775 -436263
1780 -436263
1785 -436263
1790 -436263
1795 -436263
1800 -436263
1805 -436263
1810 -436263
1815 -436263
1820 -436263
1825 -436263
1830 -436263
1835 -436263
1840 -436263
1845 -436263
1850 -436263
1855 -436263
1860 -436263
1865 -436263
1870 -436263
1875 -436263
1880 -436263
1885 -436263
1890 -436263
1895 -436263
1900 -436263
1905 -436263
1910 -436263
1915 -436263
1920 -436263
1925 -436263
1930 -436263
1935 -436263
1940 -436263
1945 -436263
1950 -436263
1955 -436263
1960 -436263
1965 -436263
1970 -436263
1975 -436263
1980 -436263
1985 -436263
1990 -436263
1995 -436263
2000 -436263
2005 -436263
2010 -436263
2015 -436263
2020 -436263
2025 -436263
2030 -436263
2035 -436263
2040 -436263
2045 -436263
2050 -436263
2055 -436263
2060 -436263
2065 -436263
2070 -436263
2075 -436263
