10 -455886
15 -455886
20 -455886
25 -455886
30 -452163
35 -452163
40 -452163
45 -452163
50 -452163
55 -452163
60 -452163
65 -452163
70 -452163
75 -452163
80 -452163
85 -452163
90 -452163
95 -452163
100 -451295
105 -451295
110 -451295
115 -451295
120 -449475
125 -449475
130 -449475
135 -449475
140 -438403
145 -438403
150 -438403
155 -438403
160 -438403
165 -438403
170 -438403
175 -438403
180 -438403
185 -438403
190 -438403
195 -438403
200 -438403
205 -438403
210 -438403
215 -438403
220 -438403
225 -438403
230 -438403
235 -438403
240 -438403
245 -438403
250 -438403
255 -438403
260 -438403
265 -438403
270 -438403
275 -438403
280 -438403
285 -438403
290 -438403
295 -438403
300 -438403
305 -438403
310 -438403
315 -438403
320 -438403
325 -438403
330 -438403
335 -438403
340 -438403
345 -438403
350 -438403
355 -438403
360 -438403
365 -438403
370 -438403
375 -438403
380 -438403
385 -438403
390 -438403
395 -438403
400 -438403
405 -438403
410 -438403
415 -438403
420 -438403
425 -438403
430 -438403
435 -438403
440 -438403
445 -438403
450 -438403
455 -438403
460 -438403
465 -438403
470 -438403
475 -438403
480 -438403
485 -438403
490 -438403
495 -438403
500 -438403
505 -438403
510 -438403
515 -438403
520 -438403
525 -438403
530 -438403
535 -438403
540 -438403
545 -438403
550 -438403
555 -438403
560 -438403
565 -438403
570 -438403
575 -438403
580 -438403
585 -438403
590 -438403
595 -438403
600 -438403
605 -438403
610 -438403
615 -438403
620 -438403
625 -438403
630 -438403
635 -438403
640 -438403
645 -438403
650 -438403
655 -438403
660 -438403
665 -438403
670 -438403
675 -438403
680 -438403
685 -438403
690 -438403
695 -438403
700 -438403
705 -438403
710 -438403
715 -438403
720 -438403
725 -438403
730 -438403
735 -438403
740 -438403
745 -438403
750 -438403
755 -438403
760 -438403
765 -438403
770 -438403
775 -438403
780 -438403
785 -438403
790 -438403
795 -438403
800 -438403
805 -438403
810 -438403
815 -438403
820 -438403
825 -438403
830 -438403
835 -438403
840 -438403
845 -438403
850 -438403
855 -438403
860 -438403
865 -438403
870 -438403
875 -438403
880 -438403
885 -438403
890 -438403
895 -438403
900 -438403
905 -438403
910 -438403
915 -438403
920 -438403
925 -438403
930 -438403
935 -438403
940 -438403
945 -438403
950 -438403
955 -438403
960 -438403
965 -438403
970 -438403
975 -438403
980 -438403
985 -438403
990 -438403
995 -438403
1000 -438403
1005 -438403
1010 -438403
1015 -438403
1020 -438403
1025 -438403
1030 -438403
1035 -438403
1040 -438403
1045 -438403
1050 -438403
1055 -438403
1060 -438403
1065 -438403
1070 -438403
1075 -438403
1080 -438403
1085 -438403
1090 -438403
1095 -438403
1100 -438403
1105 -438403
1110 -438403
1115 -438403
1120 -438403
1125 -438403
1130 -438403
1135 -438403
1140 -438403
1145 -438403
1150 -438403
1155 -438403
1160 -438403
1165 -438403
1170 -438403
1175 -438403
1180 -438403
1185 -438403
1190 -438403
1195 -438403
1200 -438403
1205 -438403
1210 -438403
1215 -438403
1220 -438403
1225 -438403
1230 -438403
1235 -438403
1240 -438403
1245 -438403
1250 -438403
1255 -438403
1260 -438403
1265 -438403
1270 -438403
1275 -438403
1280 -438403
1285 -438403
1290 -438403
1295 -438403
1300 -438403
1305 -438403
1310 -438403
1315 -438403
1320 -438403
1325 -438403
1330 -438403
1335 -438403
1340 -438403
1345 -438403
1350 -438403
1355 -438403
1360 -438403
1365 -438403
1370 -438403
1375 -438403
1380 -438403
1385 -438403
1390 -438403
1395 -438403
1400 -438403
1405 -438403
1410 -438403
1415 -438403
1420 -438403
1425 -438403
1430 -438403
1435 -438403
1440 -438403
1445 -438403
1450 -438403
1455 -438403
1460 -438403
1465 -438403
1470 -438403
1475 -438403
1480 -438403
1485 -438403
1490 -438403
1495 -438403
1500 -438403
1505 -438403
1510 -438403
1515 -438403
1520 -438403
1525 -438403
1530 -438403
1535 -438403
1540 -438403
1545 -438403
1550 -438403
1555 -438403
1560 -438403
1565 -438403
1570 -438403
1575 -438403
1580 -438403
1585 -438403
1590 -438403
1595 -438403
1600 -438403
1605 -438403
1610 -438403
1615 -438403
1620 -438403
1625 -438403
1630 -438403
1635 -438403
1640 -438403
1645 -438403
1650 -438403
1655 -438403
1660 -438403
1665 -438403
1670 -438403
1675 -438403
1680 -438403
1685 -438403
1690 -438403
1695 -438403
1700 -438403
1705 -438403
1710 -438403
1715 -438403
1720 -438403
1725 -438403
1730 -438403
1735 -438403
1740 -438403
1745 -438403
1750 -438403
1755 -438403
1760 -438403
1765 -438403
1770 -438403
1775 -438403
1780 -438403
1785 -438403
1790 -438403
1795 -438403
1800 -438403
1805 -438403
1810 -438403
1815 -438403
1820 -438403
1825 -438403
1830 -438403
1835 -438403
1840 -438403
1845 -438403
1850 -438403
1855 -438403
1860 -438403
1865 -438403
1870 -438403
1875 -438403
1880 -438403
1885 -438403
1890 -438403
1895 -438403
1900 -438403
1905 -438403
1910 -438403
1915 -438403
1920 -438403
1925 -438403
1930 -438403
1935 -438403
1940 -438403
1945 -438403
1950 -438403
1955 -438403
1960 -438403
1965 -438403
1970 -438403
1975 -438403
1980 -438403
1985 -438403
1990 -438403
1995 -438403
2000 -438403
2005 -438403
2010 -438403
2015 -438403
2020 -438403
2025 -438403
2030 -438403
2035 -438403
2040 -438403
2045 -438403
2050 -438403
2055 -438403
2060 -438403
2065 -438403
2070 -438403
2075 -438403
2080 -438403
2085 -438403
2090 -438403
2095 -438403
2100 -438403
2105 -438403
2110 -438403
2115 -438403
2120 -438403
2125 -438403
2130 -438403
2135 -438403
2140 -438403
2145 -438403
2150 -438403
2155 -438403
2160 -438403
2165 -438403
2170 -438403
2175 -438403
2180 -438403
2185 -438403
2190 -438403
2195 -438403
2200 -438403
2205 -438403
2210 -438403
2215 -438403
2220 -438403
2225 -438403
2230 -438403
2235 -438403
2240 -438403
2245 -438403
2250 -438403
2255 -438403
2260 -438403
2265 -438403
2270 -438403
2275 -438403
2280 -438403
2285 -438403
2290 -438403
2295 -438403
2300 -438403
2305 -438403
2310 -438403
2315 -438403
2320 -438403
2325 -438403
2330 -438403
2335 -438403
2340 -438403
2345 -438403
2350 -438403
2355 -438403
2360 -438403
2365 -438403
2370 -438403
2375 -438403
2380 -438403
2385 -438403
2390 -438403
2395 -438403
2400 -438403
2405 -438403
2410 -438403
2415 -438403
2420 -438403
2425 -438403
2430 -438403
2435 -438403
2440 -438403
2445 -438403
2450 -438403
2455 -438403
2460 -438403
2465 -438403
2470 -438403
2475 -438403
2480 -438403
2485 -438403
2490 -438403
2495 -438403
2500 -438403
2505 -438403
2510 -438403
2515 -438403
2520 -438403
2525 -438403
2530 -438403
2535 -438403
2540 -438403
2545 -438403
2550 -438403
2555 -438403
2560 -438403
2565 -438403
2570 -438403
2575 -438403
2580 -438403
2585 -438403
2590 -438403
2595 -438403
2600 -438403
2605 -438403
2610 -438403
2615 -438403
2620 -438403
2625 -438403
2630 -438403
2635 -438403
2640 -438403
2645 -438403
2650 -438403
2655 -438403
2660 -438403
2665 -438403
2670 -438403
2675 -438403
2680 -438403
2685 -438403
2690 -438403
2695 -438403
2700 -438403
2705 -438403
2710 -438403
2715 -438403
2720 -438403
2725 -438403
2730 -438403
2735 -438403
2740 -438403
2745 -438403
2750 -438403
2755 -438403
2760 -438403
2765 -438403
2770 -438403
2775 -438403
2780 -438403
2785 -438403
2790 -438403
2795 -438403
2800 -438403
2805 -438403
2810 -438403
2815 -438403
2820 -438403
2825 -438403
2830 -438403
2835 -438403
2840 -438403
2845 -438403
2850 -438403
2855 -438403
2860 -438403
2865 -438403
2870 -438403
2875 -438403
2880 -438403
2885 -438403
2890 -438403
2895 -438403
2900 -438403
2905 -438403
2910 -438403
2915 -438403
2920 -438403
2925 -438403
2930 -438403
2935 -438403
2940 -438403
2945 -438403
2950 -438403
2955 -438403
2960 -438403
2965 -438403
2970 -438403
2975 -438403
2980 -438403
2985 -438403
2990 -438403
2995 -438403
3000 -438403
3005 -438403
3010 -438403
3015 -438403
3020 -438403
3025 -438403
3030 -438403
3035 -438403
3040 -438403
3045 -438403
3050 -438403
3055 -438403
3060 -438403
3065 -438403
3070 -438403
3075 -438403
3080 -438403
3085 -438403
3090 -438403
3095 -438403
3100 -438403
3105 -438403
3110 -438403
3115 -438403
3120 -438403
3125 -438403
3130 -438403
3135 -438403
3140 -438403
3145 -438403
3150 -438403
3155 -438403
3160 -438403
3165 -438403
3170 -438403
3175 -438403
3180 -438403
3185 -438403
3190 -438403
3195 -438403
3200 -438403
3205 -438403
3210 -438403
3215 -438403
3220 -438403
3225 -438403
3230 -438403
3235 -438403
3240 -438403
3245 -438403
3250 -438403
3255 -438403
3260 -438403
3265 -438403
3270 -438403
3275 -438403
3280 -438403
3285 -438403
3290 -438403
3295 -438403
3300 -438403
3305 -438403
3310 -438403
3315 -438403
3320 -438403
3325 -438403
3330 -438403
3335 -438403
3340 -438403
3345 -438403
3350 -438403
3355 -438403
3360 -438403
3365 -438403
3370 -438403
3375 -438403
3380 -438403
3385 -438403
3390 -438403
3395 -438403
3400 -438403
3405 -438403
3410 -438403
3415 -438403
3420 -438403
3425 -438403
3430 -438403
3435 -438403
3440 -438403
3445 -438403
3450 -438403
3455 -438403
3460 -438403
3465 -438403
3470 -438403
3475 -438403
3480 -438403
3485 -438403
3490 -438403
3495 -438403
3500 -438403
3505 -438403
3510 -438403
3515 -438403
3520 -438403
3525 -438403
3530 -438403
3535 -438403
3540 -438403
3545 -438403
3550 -438403
3555 -438403
3560 -438403
3565 -438403
3570 -438403
3575 -438403
3580 -438403
3585 -438403
3590 -438403
3595 -438403
3600 -438403
3605 -438403
3610 -438403
3615 -438403
3620 -438403
3625 -438403
3630 -438403
3635 -438403
3640 -438403
3645 -438403
3650 -438403
3655 -438403
3660 -438403
3665 -438403
3670 -438403
3675 -438403
3680 -438403
3685 -438403
3690 -438403
3695 -438403
3700 -438403
3705 -438403
3710 -438403
3715 -438403
3720 -438403
3725 -438403
3730 -438403
3735 -438403
3740 -438403
3745 -438403
3750 -438403
3755 -438403
3760 -438403
3765 -438403
3770 -438403
3775 -438403
3780 -438403
3785 -438403
3790 -438403
3795 -438403
3800 -438403
3805 -438403
3810 -438403
3815 -438403
3820 -438403
3825 -438403
3830 -438403
3835 -438403
3840 -438403
3845 -438403
3850 -438403
3855 -438403
3860 -438403
3865 -438403
3870 -438403
3875 -438403
3880 -438403
3885 -438403
3890 -438403
3895 -438403
3900 -438403
3905 -438403
3910 -438403
3915 -438403
3920 -438403
3925 -438403
3930 -438403
3935 -438403
3940 -438403
3945 -438403
3950 -438403
3955 -438403
3960 -438403
3965 -438403
3970 -438403
3975 -438403
3980 -438403
3985 -438403
3990 -438403
3995 -438403
4000 -438403
4005 -438403
4010 -438403
4015 -438403
4020 -438403
4025 -438403
4030 -438403
4035 -438403
4040 -438403
4045 -438403
4050 -438403
4055 -438403
4060 -438403
4065 -438403
4070 -438403
4075 -438403
4080 -438403
4085 -438403
4090 -438403
4095 -438403
4100 -438403
4105 -438403
4110 -438403
4115 -438403
4120 -438403
4125 -438403
4130 -438403
4135 -438403
4140 -438403
4145 -438403
4150 -438403
4155 -438403
4160 -438403
4165 -438403
4170 -438403
4175 -438403
4180 -438403
4185 -438403
4190 -438403
4195 -438403
4200 -438403
4205 -438403
4210 -438403
4215 -438403
4220 -438403
4225 -438403
4230 -438403
4235 -438403
4240 -438403
4245 -438403
4250 -438403
4255 -438403
4260 -438403
4265 -438403
4270 -438403
4275 -438403
4280 -438403
4285 -438403
4290 -438403
4295 -438403
4300 -438403
4305 -438403
4310 -438403
4315 -438403
4320 -438403
4325 -438403
4330 -438403
4335 -438403
4340 -438403
4345 -438403
4350 -438403
4355 -438403
4360 -438403
4365 -438403
4370 -438403
4375 -438403
4380 -438403
4385 -438403
4390 -438403
4395 -438403
4400 -438403
4405 -438403
4410 -438403
4415 -438403
4420 -438403
4425 -438403
4430 -438403
4435 -438403
4440 -438403
4445 -438403
4450 -438403
4455 -438403
4460 -438403
4465 -438403
4470 -438403
4475 -438403
4480 -438403
4485 -438403
4490 -438403
4495 -438403
4500 -438403
4505 -438403
4510 -438403
4515 -438403
4520 -438403
4525 -438403
4530 -438403
4535 -438403
4540 -438403
4545 -438403
4550 -438403
4555 -438403
4560 -438403
4565 -438403
4570 -438403
4575 -438403
4580 -438403
4585 -438403
4590 -438403
4595 -438403
4600 -438403
4605 -438403
4610 -438403
4615 -438403
4620 -438403
4625 -438403
4630 -438403
4635 -438403
4640 -438403
4645 -438403
4650 -438403
4655 -438403
4660 -438403
4665 -438403
4670 -438403
4675 -438403
4680 -438403
4685 -438403
4690 -438403
4695 -438403
4700 -438403
4705 -438403
4710 -438403
4715 -438403
4720 -438403
4725 -438403
4730 -438403
4735 -438403
4740 -438403
4745 -438403
4750 -438403
4755 -438403
4760 -438403
4765 -438403
4770 -438403
4775 -438403
4780 -438403
4785 -438403
4790 -438403
4795 -438403
4800 -438403
4805 -438403
4810 -438403
4815 -438403
4820 -438403
4825 -438403
4830 -438403
4835 -438403
4840 -438403
4845 -438403
4850 -438403
4855 -438403
4860 -438403
4865 -438403
4870 -438403
4875 -438403
4880 -438403
4885 -438403
4890 -438403
4895 -438403
4900 -438403
4905 -438403
4910 -438403
4915 -438403
4920 -438403
4925 -438403
4930 -438403
4935 -438403
4940 -438403
4945 -438403
4950 -438403
4955 -438403
4960 -438403
4965 -438403
4970 -438403
4975 -438403
4980 -438403
4985 -438403
4990 -438403
4995 -438403
5000 -438403
5005 -438403
5010 -438403
5015 -438403
5020 -438403
5025 -438403
5030 -438403
5035 -438403
5040 -438403
5045 -438403
5050 -438403
5055 -438403
5060 -438403
5065 -438403
5070 -438403
5075 -438403
5080 -438403
5085 -438403
5090 -438403
5095 -438403
5100 -438403
5105 -438403
5110 -438403
5115 -438403
5120 -438403
5125 -438403
5130 -438403
5135 -438403
5140 -438403
5145 -438403
5150 -438403
5155 -438403
5160 -438403
5165 -438403
5170 -438403
5175 -438403
5180 -438403
5185 -438403
5190 -438403
5195 -438403
5200 -438403
5205 -438403
5210 -438403
5215 -438403
5220 -438403
5225 -438403
5230 -438403
5235 -438403
5240 -438403
5245 -438403
5250 -438403
5255 -438403
5260 -438403
5265 -438403
5270 -438403
5275 -438403
5280 -438403
5285 -438403
5290 -438403
5295 -438403
5300 -438403
5305 -438403
5310 -438403
5315 -438403
5320 -438403
5325 -438403
5330 -438403
5335 -438403
5340 -438403
5345 -438403
5350 -438403
5355 -438403
5360 -438403
5365 -438403
5370 -438403
5375 -438403
5380 -438403
5385 -438403
5390 -438403
5395 -438403
5400 -438403
5405 -438403
5410 -438403
5415 -438403
5420 -438403
5425 -438403
5430 -438403
5435 -438403
5440 -438403
5445 -438403
5450 -438403
5455 -438403
5460 -438403
5465 -438403
5470 -438403
5475 -438403
5480 -438403
5485 -438403
5490 -438403
5495 -438403
5500 -438403
5505 -438403
5510 -438403
5515 -438403
5520 -438403
5525 -438403
5530 -438403
5535 -438403
5540 -438403
5545 -438403
5550 -438403
5555 -438403
5560 -438403
5565 -438403
5570 -438403
5575 -438403
5580 -438403
5585 -438403
5590 -438403
5595 -438403
5600 -438403
5605 -438403
5610 -438403
5615 -438403
5620 -438403
5625 -438403
5630 -438403
5635 -438403
5640 -438403
5645 -438403
5650 -438403
5655 -438403
5660 -438403
5665 -438403
5670 -438403
5675 -438403
5680 -438403
5685 -438403
5690 -438403
5695 -438403
5700 -438403
5705 -438403
5710 -438403
5715 -438403
5720 -438403
5725 -438403
5730 -438403
5735 -438403
5740 -438403
5745 -438403
5750 -438403
5755 -438403
5760 -438403
5765 -438403
5770 -438403
5775 -438403
5780 -438403
5785 -438403
5790 -438403
5795 -438403
5800 -438403
5805 -438403
5810 -438403
5815 -438403
5820 -438403
5825 -438403
5830 -438403
5835 -438403
5840 -438403
5845 -438403
5850 -438403
5855 -438403
5860 -438403
5865 -438403
5870 -438403
5875 -438403
5880 -438403
5885 -438403
5890 -438403
5895 -438403
5900 -438403
5905 -438403
5910 -438403
5915 -438403
5920 -438403
5925 -438403
5930 -438403
5935 -438403
5940 -438403
5945 -438403
5950 -438403
5955 -438403
5960 -438403
5965 -438403
5970 -438403
5975 -438403
5980 -438403
5985 -438403
5990 -438403
5995 -438403
6000 -438403
6005 -438403
6010 -438403
6015 -438403
6020 -438403
6025 -438403
6030 -438403
6035 -438403
6040 -438403
6045 -438403
6050 -438403
6055 -438403
6060 -438403
6065 -438403
6070 -438403
6075 -438403
6080 -438403
6085 -438403
6090 -438403
6095 -438403
6100 -438403
6105 -438403
6110 -438403
6115 -438403
6120 -438403
6125 -438403
6130 -438403
6135 -438403
6140 -438403
6145 -438403
6150 -438403
6155 -438403
6160 -438403
6165 -438403
6170 -438403
6175 -438403
6180 -438403
6185 -438403
6190 -438403
6195 -438403
6200 -438403
6205 -438403
6210 -438403
6215 -438403
6220 -438403
6225 -438403
6230 -438403
6235 -438403
6240 -438403
6245 -438403
6250 -438403
6255 -438403
6260 -438403
6265 -438403
6270 -438403
6275 -438403
6280 -438403
6285 -438403
6290 -438403
6295 -438403
6300 -438403
6305 -438403
6310 -438403
6315 -438403
6320 -438403
6325 -438403
6330 -438403
6335 -438403
6340 -438403
6345 -438403
6350 -438403
6355 -438403
6360 -438403
6365 -438403
6370 -438403
6375 -438403
6380 -438403
6385 -438403
6390 -438403
6395 -438403
6400 -438403
6405 -438403
6410 -438403
6415 -438403
6420 -438403
6425 -438403
6430 -438403
6435 -438403
6440 -438403
6445 -438403
6450 -438403
6455 -438403
6460 -438403
6465 -438403
6470 -438403
6475 -438403
6480 -438403
6485 -438403
6490 -438403
6495 -438403
6500 -438403
6505 -438403
6510 -438403
6515 -438403
6520 -438403
6525 -438403
6530 -438403
6535 -438403
6540 -438403
6545 -438403
6550 -438403
6555 -438403
6560 -438403
6565 -438403
6570 -438403
6575 -438403
6580 -438403
6585 -438403
6590 -438403
6595 -438403
6600 -438403
6605 -438403
6610 -438403
6615 -438403
6620 -438403
6625 -438403
6630 -438403
6635 -438403
6640 -438403
6645 -438403
6650 -438403
6655 -438403
6660 -438403
6665 -438403
6670 -438403
6675 -438403
6680 -438403
6685 -438403
6690 -438403
6695 -438403
6700 -438403
6705 -438403
6710 -438403
6715 -438403
6720 -438403
6725 -438403
6730 -438403
6735 -438403
6740 -438403
6745 -438403
6750 -438403
6755 -438403
6760 -438403
6765 -438403
6770 -438403
6775 -438403
6780 -438403
6785 -438403
6790 -438403
6795 -438403
6800 -438403
6805 -438403
6810 -438403
6815 -438403
6820 -438403
6825 -438403
6830 -438403
6835 -438403
6840 -438403
6845 -438403
6850 -438403
6855 -438403
6860 -438403
6865 -438403
6870 -438403
6875 -438403
6880 -438403
6885 -438403
6890 -438403
6895 -438403
6900 -438403
6905 -438403
6910 -438403
6915 -438403
6920 -438403
6925 -438403
6930 -438403
6935 -438403
6940 -438403
6945 -438403
6950 -438403
6955 -438403
6960 -438403
6965 -438403
6970 -438403
6975 -438403
6980 -438403
6985 -438403
6990 -438403
6995 -438403
7000 -438403
7005 -438403
7010 -438403
7015 -438403
7020 -438403
7025 -438403
7030 -438403
7035 -438403
7040 -438403
7045 -438403
7050 -438403
7055 -438403
7060 -438403
7065 -438403
7070 -438403
7075 -438403
7080 -438403
7085 -438403
7090 -438403
7095 -438403
7100 -438403
7105 -438403
7110 -438403
7115 -438403
7120 -438403
7125 -438403
7130 -438403
7135 -438403
7140 -438403
7145 -438403
7150 -438403
7155 -438403
7160 -438403
7165 -438403
7170 -438403
7175 -438403
7180 -438403
7185 -438403
7190 -438403
7195 -438403
7200 -438403
7205 -438403
7210 -438403
7215 -438403
7220 -438403
7225 -438403
7230 -438403
7235 -438403
7240 -438403
7245 -438403
7250 -438403
7255 -438403
7260 -438403
7265 -438403
7270 -438403
7275 -438403
7280 -438403
7285 -438403
7290 -438403
7295 -438403
7300 -438403
7305 -438403
7310 -438403
7315 -438403
7320 -438403
7325 -438403
7330 -438403
7335 -438403
7340 -438403
7345 -438403
7350 -438403
7355 -438403
7360 -438403
7365 -438403
7370 -438403
7375 -438403
7380 -438403
7385 -438403
7390 -438403
7395 -438403
7400 -438403
7405 -438403
7410 -438403
7415 -438403
7420 -438403
7425 -438403
7430 -438403
7435 -438403
7440 -438403
7445 -438403
7450 -438403
7455 -438403
7460 -438403
7465 -438403
7470 -438403
7475 -438403
7480 -438403
7485 -438403
7490 -438403
7495 -438403
7500 -438403
7505 -438403
7510 -438403
7515 -438403
7520 -438403
7525 -438403
7530 -438403
7535 -438403
7540 -438403
7545 -438403
7550 -438403
7555 -438403
7560 -438403
7565 -438403
7570 -438403
7575 -438403
7580 -438403
7585 -438403
7590 -438403
7595 -438403
7600 -438403
7605 -438403
7610 -438403
7615 -438403
7620 -438403
7625 -438403
7630 -438403
7635 -438403
7640 -438403
7645 -438403
7650 -438403
7655 -438403
7660 -438403
7665 -438403
7670 -438403
7675 -438403
7680 -438403
7685 -438403
7690 -438403
7695 -438403
7700 -438403
7705 -438403
7710 -438403
7715 -438403
7720 -438403
7725 -438403
7730 -438403
7735 -438403
7740 -438403
7745 -438403
7750 -438403
7755 -438403
7760 -438403
7765 -438403
7770 -438403
7775 -438403
7780 -438403
7785 -438403
7790 -438403
7795 -438403
7800 -438403
7805 -438403
7810 -438403
7815 -438403
7820 -438403
7825 -438403
7830 -438403
7835 -438403
7840 -438403
7845 -438403
7850 -438403
7855 -438403
7860 -438403
7865 -438403
7870 -438403
7875 -438403
7880 -438403
7885 -438403
7890 -438403
7895 -438403
7900 -438403
7905 -438403
7910 -438403
7915 -438403
7920 -438403
7925 -438403
7930 -438403
7935 -438403
7940 -438403
7945 -438403
7950 -438403
7955 -438403
7960 -438403
7965 -438403
7970 -438403
7975 -438403
