10 -361522
15 -361522
20 -361522
25 -361522
30 -361522
35 -361522
40 -361522
45 -361522
50 -361522
55 -357298
60 -357298
65 -357298
70 -354713
75 -354713
80 -354713
85 -354713
90 -354713
95 -354713
100 -354713
105 -354713
110 -354713
115 -354713
120 -354713
125 -354713
130 -354713
135 -354713
140 -354713
145 -354713
150 -354713
155 -354713
160 -354713
165 -354713
170 -354713
175 -354713
180 -354713
185 -354713
190 -354713
195 -354713
200 -354713
205 -354713
210 -354713
215 -354713
220 -354713
225 -354713
230 -354713
235 -354713
240 -354713
245 -354713
250 -354713
255 -354713
260 -354713
265 -354713
270 -354713
275 -354713
280 -354713
285 -354713
290 -354713
295 -354713
300 -354713
305 -354713
310 -354713
315 -354713
320 -354713
325 -354713
330 -354713
335 -354713
340 -354713
345 -354713
350 -354713
355 -354713
360 -354713
365 -354713
370 -354713
375 -354713
380 -354713
385 -354713
390 -354713
395 -354713
400 -354713
405 -354713
410 -354713
415 -354713
420 -354713
425 -354713
430 -354713
435 -354713
440 -354713
445 -354713
450 -354713
455 -354713
460 -354713
465 -354713
470 -354713
475 -354713
480 -354713
485 -354713
490 -354713
495 -354713
500 -354713
505 -354713
510 -354713
515 -354713
520 -351250
525 -351250
530 -351250
535 -351250
540 -351250
545 -351250
550 -351250
555 -351250
560 -351250
565 -351250
570 -351250
575 -351250
580 -351250
585 -351250
590 -351250
595 -351250
600 -351250
605 -351250
610 -351250
615 -351250
620 -351250
625 -351250
630 -351250
635 -351250
640 -351250
645 -351250
650 -351250
655 -351250
660 -351250
665 -351250
670 -351250
675 -351250
680 -351250
685 -351250
690 -351250
695 -351250
700 -351250
705 -351250
710 -351250
715 -351250
720 -351250
725 -351250
730 -351250
735 -351250
740 -351250
745 -351250
750 -351250
755 -351250
760 -351250
765 -351250
770 -351250
775 -351250
780 -351250
785 -351250
790 -351250
795 -351250
800 -351250
805 -351250
810 -351250
815 -351250
820 -351250
825 -351250
830 -351250
835 -351250
840 -351250
845 -351250
850 -351250
855 -351250
860 -351250
865 -351250
870 -351250
875 -351250
880 -351250
885 -351250
890 -351250
895 -351250
900 -351250
905 -351250
910 -351250
915 -351250
920 -351250
925 -351250
930 -351250
935 -351250
940 -351250
945 -351250
950 -351250
955 -351250
960 -351250
965 -351250
970 -351250
975 -351250
980 -351250
985 -351250
990 -351250
995 -351250
1000 -351250
1005 -351250
1010 -351250
1015 -351250
1020 -351250
1025 -351250
1030 -351250
1035 -351250
1040 -351250
1045 -351250
1050 -351250
1055 -351250
1060 -351250
1065 -351250
1070 -351250
1075 -351250
1080 -351250
1085 -351250
1090 -351250
1095 -351250
1100 -351250
1105 -351250
1110 -351250
1115 -351250
1120 -351250
1125 -351250
1130 -351250
1135 -351250
1140 -351250
1145 -351250
1150 -351250
1155 -351250
1160 -351250
1165 -351250
1170 -351250
1175 -351250
1180 -351250
1185 -351250
1190 -351250
1195 -351250
1200 -351250
1205 -351250
1210 -351250
1215 -351250
1220 -351250
1225 -351250
1230 -351250
1235 -351250
1240 -351250
1245 -351250
1250 -351250
1255 -351250
1260 -351250
1265 -351250
1270 -351250
1275 -351250
1280 -351250
1285 -351250
1290 -351250
1295 -351250
1300 -351250
1305 -351250
1310 -351250
1315 -351250
1320 -351250
1325 -351250
1330 -351250
1335 -351250
1340 -351250
1345 -351250
1350 -351250
1355 -351250
1360 -351250
1365 -351250
1370 -351250
1375 -351250
1380 -351250
1385 -351250
1390 -351250
1395 -351250
1400 -351250
1405 -351250
1410 -351250
1415 -351250
1420 -351250
1425 -351250
1430 -351250
1435 -351250
1440 -351250
1445 -351250
1450 -351250
1455 -351250
1460 -351250
1465 -351250
1470 -351250
1475 -351250
1480 -351250
1485 -351250
1490 -351250
1495 -351250
1500 -351250
1505 -351250
1510 -351250
1515 -351250
1520 -351250
1525 -351250
1530 -351250
1535 -351250
1540 -351250
1545 -351250
1550 -351250
1555 -351250
1560 -351250
1565 -351250
1570 -351250
1575 -351250
1580 -351250
1585 -351250
1590 -351250
1595 -351250
1600 -351250
1605 -351250
1610 -351250
1615 -351250
1620 -351250
1625 -351250
1630 -351250
1635 -351250
1640 -351250
1645 -351250
1650 -351250
1655 -351250
1660 -351250
1665 -351250
1670 -351250
1675 -351250
1680 -351250
1685 -351250
1690 -351250
1695 -351250
1700 -351250
1705 -351250
1710 -351250
1715 -351250
1720 -351250
1725 -351250
1730 -351250
1735 -351250
1740 -351250
1745 -351250
1750 -351250
1755 -351250
1760 -351250
1765 -351250
1770 -351250
1775 -351250
1780 -351250
1785 -351250
1790 -351250
1795 -351250
1800 -351250
1805 -351250
1810 -351250
1815 -351250
1820 -351250
1825 -351250
1830 -351250
1835 -351250
1840 -351250
1845 -351250
1850 -351250
1855 -351250
1860 -351250
1865 -351250
1870 -350853
1875 -350853
1880 -350853
1885 -350853
1890 -350853
1895 -350853
1900 -350853
1905 -350853
1910 -350853
1915 -350853
1920 -350853
1925 -350853
1930 -350853
1935 -350853
1940 -350853
1945 -350853
1950 -350853
1955 -350853
1960 -350853
1965 -350853
1970 -350853
1975 -350853
1980 -350853
1985 -350853
1990 -350853
1995 -350853
2000 -350853
2005 -350853
2010 -350853
2015 -350853
2020 -350853
2025 -350853
2030 -350853
2035 -350853
2040 -350853
2045 -350853
2050 -350853
2055 -350853
2060 -350853
2065 -350853
2070 -350853
2075 -350853
2080 -350853
2085 -350853
2090 -350853
2095 -350853
2100 -350853
2105 -350853
2110 -350853
2115 -350853
2120 -350853
2125 -350853
2130 -350853
2135 -350853
2140 -350853
2145 -350853
2150 -350853
2155 -350853
2160 -350853
2165 -350853
2170 -350853
2175 -350853
2180 -350853
2185 -350853
2190 -350853
2195 -350853
2200 -350853
2205 -350853
2210 -350853
2215 -350853
2220 -350853
2225 -350853
2230 -350853
2235 -350853
2240 -350853
2245 -350853
2250 -350853
2255 -350853
2260 -350853
2265 -350853
2270 -350853
2275 -350853
2280 -350853
2285 -350853
2290 -350853
2295 -350853
2300 -350853
2305 -350853
2310 -350853
2315 -350853
2320 -350853
2325 -350853
2330 -350853
2335 -350853
2340 -350853
2345 -350853
2350 -350853
2355 -350853
2360 -350853
2365 -350853
2370 -350853
2375 -350853
2380 -350853
2385 -350853
2390 -350853
2395 -350853
2400 -350853
2405 -350853
2410 -350853
2415 -350853
2420 -350853
2425 -350853
2430 -350853
2435 -350853
2440 -350853
2445 -350853
2450 -350853
2455 -350853
2460 -350853
2465 -350853
2470 -350853
2475 -350853
2480 -350853
2485 -350853
2490 -350853
2495 -350853
2500 -350853
2505 -350853
2510 -350853
2515 -350853
2520 -350853
2525 -350853
2530 -350853
2535 -350853
2540 -350853
2545 -350853
2550 -350853
2555 -350853
2560 -350853
2565 -350853
2570 -350853
2575 -350853
2580 -350853
2585 -350853
2590 -350853
2595 -350853
2600 -350853
2605 -350853
2610 -350853
2615 -350853
2620 -350853
2625 -350853
2630 -350853
2635 -350853
2640 -350853
2645 -350853
2650 -350853
2655 -350853
2660 -350853
2665 -350853
2670 -350853
2675 -350853
2680 -350853
2685 -350853
2690 -350853
2695 -350853
2700 -350853
2705 -350853
2710 -350853
2715 -350853
2720 -350853
2725 -350853
2730 -350853
2735 -350853
2740 -350853
2745 -350853
2750 -350853
2755 -350853
2760 -350853
2765 -350853
2770 -350853
2775 -350853
2780 -350853
2785 -350853
2790 -350853
2795 -350853
2800 -350853
2805 -350853
2810 -350853
2815 -350853
2820 -350853
2825 -350853
2830 -350853
2835 -350853
2840 -350853
2845 -350853
2850 -350853
2855 -350853
2860 -350853
2865 -350853
2870 -350853
2875 -350853
2880 -350853
2885 -350853
2890 -350853
2895 -350853
2900 -350853
2905 -350853
2910 -350853
2915 -350853
2920 -350853
2925 -350853
2930 -350853
2935 -350853
2940 -350853
2945 -350853
2950 -350853
2955 -350853
2960 -350853
2965 -350853
2970 -350853
2975 -350853
2980 -350853
2985 -350853
2990 -350853
2995 -350853
3000 -350853
3005 -350853
3010 -350853
3015 -350853
3020 -350853
3025 -350853
3030 -350853
3035 -350853
3040 -350853
3045 -350853
3050 -350853
3055 -350853
3060 -350853
3065 -350853
3070 -350853
3075 -350853
3080 -350853
3085 -350853
3090 -350853
3095 -350853
3100 -350853
3105 -350853
3110 -350853
3115 -350853
3120 -350853
3125 -350853
3130 -350853
3135 -350853
3140 -350853
3145 -350853
3150 -350853
3155 -350853
3160 -350853
3165 -350853
3170 -350853
3175 -350853
3180 -350853
3185 -350853
3190 -350853
3195 -350853
3200 -350853
3205 -350853
3210 -350853
3215 -350853
3220 -350853
3225 -350853
3230 -350853
3235 -350853
3240 -350853
3245 -350853
3250 -350853
3255 -350853
3260 -350853
3265 -350853
3270 -350853
3275 -350853
3280 -350853
3285 -350853
3290 -350853
3295 -350853
3300 -350853
