10 -383319
15 -380812
20 -377392
25 -376509
30 -376509
35 -376509
40 -376509
45 -376509
50 -375924
55 -375924
60 -375924
65 -375924
70 -374286
75 -374286
80 -374286
85 -374286
90 -374286
95 -374286
100 -374286
105 -374286
110 -374286
115 -374061
120 -374061
125 -374061
130 -374061
135 -373940
140 -373940
145 -373940
150 -373940
155 -373940
160 -373940
165 -373940
170 -373940
175 -373940
180 -373940
185 -373940
190 -373940
195 -373940
200 -373940
205 -373940
210 -373940
215 -373940
220 -373940
225 -373940
230 -373940
235 -373154
240 -373154
245 -373154
250 -373154
255 -373154
260 -373154
265 -373154
270 -373154
275 -373154
280 -373154
285 -370721
290 -370721
295 -370721
300 -370721
305 -370721
310 -370721
315 -370721
320 -370721
325 -370721
330 -370721
335 -370721
340 -368698
345 -368698
350 -368698
355 -368698
360 -368698
365 -368698
370 -368698
375 -368698
380 -368698
385 -368698
390 -368698
395 -368698
400 -368698
405 -368698
410 -368698
415 -368698
420 -368698
425 -368698
430 -368698
435 -368698
440 -368698
445 -368698
450 -368698
455 -368698
460 -368698
465 -368698
470 -368698
475 -368698
480 -368698
485 -368698
490 -368698
495 -368698
500 -368698
505 -368698
510 -368698
515 -368698
520 -368698
525 -368698
530 -367956
535 -367956
540 -367956
545 -367956
550 -367956
555 -367956
560 -367956
565 -363157
570 -363157
575 -363157
580 -363157
585 -363157
590 -363157
595 -363157
600 -363157
605 -363157
610 -363157
615 -360338
620 -360338
625 -360338
630 -360338
635 -360338
640 -360338
645 -360338
650 -360338
655 -360338
660 -360338
665 -360338
670 -360338
675 -360338
680 -360338
685 -360338
690 -360338
695 -360338
700 -360338
705 -360338
710 -360338
715 -360338
720 -360338
725 -360338
730 -360338
735 -360338
740 -360338
745 -360338
750 -360338
755 -360338
760 -360338
765 -360338
770 -360338
775 -360338
780 -360338
785 -360338
790 -360338
795 -360338
800 -360338
805 -360338
810 -360338
815 -360338
820 -360338
825 -360338
830 -360338
835 -360338
840 -360338
845 -360338
850 -360338
855 -360338
860 -360338
865 -360338
870 -360338
875 -360338
880 -360338
885 -360338
890 -360338
895 -360338
900 -360338
905 -360338
910 -360338
915 -360338
920 -360338
925 -360338
930 -360338
935 -360338
940 -360338
945 -360338
950 -360338
955 -360338
960 -360338
965 -360338
970 -360338
975 -360338
980 -360338
985 -360338
990 -360338
995 -360338
1000 -360338
1005 -360338
1010 -360338
1015 -360338
1020 -360338
1025 -360338
1030 -360338
1035 -360338
1040 -360338
1045 -360338
1050 -360338
1055 -360338
1060 -360338
1065 -360338
1070 -360338
1075 -360338
1080 -360338
1085 -360338
1090 -360338
1095 -360338
1100 -360338
1105 -360338
1110 -360338
1115 -360338
1120 -360338
1125 -360338
1130 -360338
1135 -360338
1140 -360338
1145 -360338
1150 -360338
1155 -360338
1160 -360338
1165 -360338
1170 -360338
1175 -360338
1180 -360338
1185 -360338
1190 -360338
1195 -360338
1200 -360338
1205 -360338
1210 -360338
1215 -360338
1220 -360338
1225 -360338
1230 -360338
1235 -360338
1240 -360338
1245 -360338
1250 -360338
1255 -360338
1260 -360338
1265 -360338
1270 -360338
1275 -360338
1280 -360338
1285 -360338
1290 -360338
1295 -360338
1300 -360338
1305 -360338
1310 -360338
1315 -360338
1320 -360338
1325 -360338
1330 -360338
1335 -360338
1340 -360338
1345 -360338
1350 -360338
1355 -360338
1360 -360338
1365 -360338
1370 -360338
1375 -360338
1380 -360338
1385 -360338
1390 -360338
1395 -360338
1400 -360338
1405 -360338
1410 -360338
1415 -360338
1420 -360338
1425 -360338
1430 -360338
1435 -360338
1440 -360338
1445 -360338
1450 -360338
1455 -360338
1460 -360338
1465 -360338
1470 -360338
1475 -360338
1480 -360338
1485 -360338
1490 -360338
1495 -360338
1500 -360338
1505 -360338
1510 -360338
1515 -360338
1520 -360338
1525 -360338
1530 -360338
1535 -360338
1540 -360338
1545 -360338
1550 -360338
1555 -360338
1560 -360338
1565 -360338
1570 -360338
1575 -360338
1580 -360338
1585 -360338
1590 -360338
1595 -360338
1600 -360338
1605 -360338
1610 -360338
1615 -360338
1620 -360338
1625 -360338
1630 -360338
1635 -360338
1640 -360338
1645 -360338
1650 -360338
1655 -360338
1660 -360338
1665 -360338
1670 -360338
1675 -360338
1680 -360338
1685 -360338
1690 -360338
1695 -360338
1700 -360338
1705 -360338
1710 -360338
1715 -360338
1720 -360338
1725 -360338
1730 -360338
1735 -360338
1740 -360338
1745 -360338
1750 -360338
1755 -360338
1760 -360338
1765 -360338
1770 -360338
1775 -360338
1780 -360338
1785 -360338
1790 -360338
1795 -360338
1800 -360338
1805 -360338
1810 -360338
1815 -360338
1820 -360338
1825 -360338
1830 -360338
1835 -360338
1840 -360338
1845 -360338
1850 -360338
1855 -360338
1860 -360338
1865 -360338
1870 -360338
1875 -360338
1880 -360338
1885 -360338
1890 -360338
1895 -360338
1900 -360338
1905 -360338
1910 -360338
1915 -360338
1920 -360338
1925 -360338
1930 -360338
1935 -360338
1940 -360338
1945 -360338
1950 -360338
1955 -360338
1960 -360338
1965 -360338
1970 -360338
1975 -360338
1980 -360338
1985 -360338
1990 -360338
1995 -360338
2000 -360338
2005 -360338
2010 -360338
2015 -360338
2020 -360338
2025 -360338
2030 -360338
2035 -360338
2040 -360338
2045 -360338
2050 -360338
2055 -360338
2060 -360338
2065 -360338
2070 -360338
2075 -360338
2080 -360338
2085 -360338
2090 -360338
2095 -360338
2100 -360338
2105 -360338
2110 -360338
2115 -360338
2120 -360338
2125 -360338
2130 -360338
2135 -360338
2140 -360338
2145 -360338
2150 -360338
2155 -360338
2160 -360338
2165 -360338
2170 -360338
2175 -360338
2180 -360338
2185 -360338
2190 -360338
2195 -360338
2200 -360338
2205 -360338
2210 -360338
2215 -360338
2220 -360338
2225 -360338
2230 -360338
2235 -360338
2240 -360338
2245 -360338
2250 -360338
2255 -360338
2260 -360338
2265 -360338
2270 -360338
2275 -360338
2280 -360338
2285 -360338
2290 -360338
2295 -360338
2300 -360338
2305 -360338
2310 -360338
2315 -360338
2320 -360338
2325 -360338
2330 -360338
2335 -360338
2340 -360338
2345 -360338
2350 -360338
2355 -360338
2360 -360338
2365 -360338
2370 -360338
2375 -360338
2380 -360338
2385 -360338
2390 -360338
2395 -360338
2400 -360338
2405 -360338
2410 -360338
2415 -360338
2420 -360338
2425 -360338
2430 -360338
2435 -360338
2440 -360338
2445 -360338
2450 -360338
2455 -360338
2460 -360338
2465 -360338
2470 -360338
2475 -360338
2480 -360338
2485 -360338
2490 -360338
2495 -360338
2500 -360338
2505 -360338
2510 -360338
2515 -360338
2520 -360338
2525 -360338
2530 -360338
2535 -360338
2540 -360338
2545 -360338
2550 -360338
2555 -360338
2560 -360338
2565 -360338
2570 -360338
2575 -360338
2580 -360338
2585 -360338
2590 -360338
2595 -360338
2600 -360338
2605 -360338
2610 -360338
2615 -360338
2620 -360338
2625 -360338
2630 -360338
2635 -360338
2640 -360338
2645 -360338
2650 -360338
2655 -360338
2660 -360338
2665 -360338
2670 -360338
2675 -360338
2680 -360338
2685 -360338
2690 -360338
2695 -360338
2700 -360338
2705 -360338
2710 -360338
2715 -360338
2720 -360338
2725 -360338
2730 -360338
2735 -360338
2740 -360338
2745 -360338
2750 -360338
2755 -360338
2760 -360338
2765 -360338
2770 -360338
2775 -360338
2780 -360338
2785 -360338
2790 -360338
2795 -360338
2800 -360338
2805 -360338
2810 -360338
2815 -360338
2820 -360338
2825 -360338
2830 -360338
2835 -360338
2840 -360338
2845 -360338
2850 -360338
2855 -360338
2860 -360338
2865 -360338
2870 -360338
2875 -360338
2880 -360338
2885 -360338
2890 -360338
2895 -360338
2900 -360338
2905 -360338
2910 -360338
2915 -360338
2920 -360338
2925 -360338
2930 -360338
2935 -360338
2940 -360338
2945 -360338
2950 -360338
2955 -360338
2960 -360338
2965 -360338
2970 -360338
2975 -360338
2980 -360338
2985 -360338
2990 -360338
2995 -360338
3000 -360338
3005 -360338
3010 -360338
3015 -360338
3020 -360338
3025 -360338
3030 -360338
3035 -360338
3040 -360338
3045 -360338
3050 -360338
3055 -360338
3060 -360338
3065 -360338
3070 -360338
3075 -360338
3080 -360338
3085 -360338
3090 -360338
3095 -360338
3100 -360338
3105 -360338
3110 -360338
3115 -360338
3120 -360338
3125 -360338
3130 -360338
3135 -360338
3140 -360338
3145 -360338
3150 -360338
3155 -360338
3160 -360338
3165 -360338
3170 -360338
3175 -360338
3180 -360338
3185 -360338
3190 -360338
3195 -360338
3200 -360338
3205 -360338
3210 -360338
3215 -360338
3220 -360338
3225 -360338
3230 -360338
3235 -360338
3240 -360338
3245 -360338
3250 -360338
3255 -360338
3260 -360338
3265 -360338
3270 -360338
3275 -360338
3280 -360338
3285 -360338
3290 -360338
3295 -360338
3300 -360338
3305 -360338
3310 -360338
3315 -360338
3320 -360338
3325 -360338
3330 -360338
3335 -360338
3340 -360338
3345 -360338
3350 -360338
3355 -360338
3360 -360338
3365 -360338
3370 -360338
3375 -360338
3380 -360338
3385 -360338
3390 -360338
3395 -360338
3400 -360338
3405 -360338
3410 -360338
3415 -360338
3420 -360338
3425 -360338
3430 -360338
3435 -360338
3440 -360338
3445 -360338
3450 -360338
3455 -360338
3460 -360338
3465 -360338
3470 -360338
3475 -360338
3480 -360338
3485 -360338
3490 -360338
3495 -360338
3500 -360338
3505 -360338
3510 -360338
3515 -360338
3520 -360338
3525 -360338
3530 -360338
3535 -360338
3540 -360338
3545 -360338
3550 -360338
3555 -360338
3560 -360338
3565 -360338
3570 -360338
3575 -360338
3580 -360338
3585 -360338
3590 -360338
3595 -360338
3600 -360338
3605 -360338
3610 -360338
3615 -360338
3620 -360338
3625 -360338
3630 -360338
3635 -360338
3640 -360338
3645 -360338
3650 -360338
3655 -360338
3660 -360338
3665 -360338
3670 -360338
3675 -360338
3680 -360338
3685 -360338
3690 -360338
3695 -360338
3700 -360338
3705 -360338
3710 -360338
3715 -360338
3720 -360338
3725 -360338
3730 -360338
3735 -360338
3740 -360338
3745 -360338
3750 -360338
3755 -360338
3760 -360338
3765 -360338
3770 -360338
3775 -360338
3780 -360338
3785 -360338
3790 -360338
3795 -360338
3800 -360338
3805 -360338
3810 -360338
3815 -360338
3820 -360338
3825 -360338
3830 -360338
3835 -360338
3840 -360338
3845 -360338
3850 -360338
3855 -360338
3860 -360338
3865 -360338
3870 -360338
3875 -360338
3880 -360338
3885 -360338
3890 -360338
3895 -360338
3900 -360338
3905 -360338
3910 -360338
3915 -360338
3920 -360338
3925 -360338
3930 -360338
3935 -360338
3940 -360338
3945 -360338
3950 -360338
3955 -360338
3960 -360338
3965 -360338
3970 -360338
3975 -360338
3980 -360338
3985 -360338
3990 -360338
3995 -360338
4000 -360338
4005 -360338
4010 -360338
4015 -360338
4020 -360338
4025 -360338
4030 -360338
4035 -360338
4040 -360338
4045 -360338
4050 -360338
4055 -360338
4060 -360338
4065 -360338
4070 -360338
4075 -360338
4080 -360338
4085 -360338
4090 -360338
4095 -360338
4100 -360338
4105 -360338
4110 -360338
4115 -360338
4120 -360338
4125 -360338
4130 -360338
4135 -360338
4140 -360338
4145 -360338
4150 -360338
4155 -360338
4160 -360338
4165 -360338
4170 -360338
4175 -360338
4180 -360338
4185 -360338
4190 -360338
4195 -360338
4200 -360338
4205 -360338
4210 -360338
4215 -360338
4220 -360338
4225 -360338
4230 -360338
4235 -360338
4240 -360338
4245 -360338
4250 -360338
4255 -360338
4260 -360338
4265 -360338
4270 -360338
4275 -360338
4280 -360338
4285 -360338
4290 -360338
4295 -360338
4300 -360338
4305 -360338
4310 -360338
4315 -360338
4320 -360338
4325 -360338
4330 -360338
4335 -360338
4340 -360338
4345 -360338
4350 -360338
4355 -360338
4360 -360338
4365 -360338
4370 -360338
4375 -360338
4380 -360338
4385 -360338
4390 -360338
4395 -360338
4400 -357072
4405 -357072
4410 -357072
4415 -357072
4420 -357072
4425 -357072
4430 -357072
4435 -357072
4440 -357072
4445 -357072
4450 -357072
4455 -357072
4460 -357072
4465 -357072
4470 -357072
4475 -357072
4480 -357072
4485 -357072
4490 -357072
4495 -357072
4500 -357072
4505 -357072
4510 -357072
4515 -357072
4520 -357072
4525 -357072
4530 -357072
4535 -357072
4540 -357072
4545 -357072
4550 -357072
4555 -357072
4560 -357072
4565 -357072
4570 -357072
4575 -357072
4580 -357072
4585 -357072
4590 -357072
4595 -357072
4600 -357072
4605 -357072
4610 -357072
4615 -357072
4620 -357072
4625 -357072
4630 -357072
4635 -357072
4640 -357072
4645 -357072
4650 -357072
4655 -357072
4660 -357072
4665 -357072
4670 -357072
4675 -357072
4680 -357072
4685 -357072
4690 -357072
4695 -357072
4700 -357072
4705 -357072
4710 -357072
4715 -357072
4720 -357072
4725 -357072
4730 -357072
4735 -357072
4740 -357072
4745 -357072
4750 -357072
4755 -357072
4760 -357072
4765 -357072
4770 -357072
4775 -357072
4780 -357072
4785 -357072
4790 -357072
4795 -357072
4800 -357072
4805 -357072
4810 -357072
4815 -357072
4820 -357072
4825 -357072
4830 -357072
4835 -357072
4840 -357072
4845 -357072
4850 -357072
4855 -357072
4860 -357072
4865 -357072
4870 -357072
4875 -357072
4880 -357072
4885 -357072
4890 -357072
4895 -357072
4900 -357072
4905 -357072
4910 -357072
4915 -357072
4920 -357072
4925 -357072
4930 -357072
4935 -357072
4940 -357072
4945 -357072
4950 -357072
4955 -357072
4960 -357072
4965 -357072
4970 -357072
4975 -357072
4980 -357072
4985 -357072
4990 -357072
4995 -357072
5000 -357072
5005 -357072
5010 -357072
5015 -357072
5020 -357072
5025 -357072
5030 -357072
5035 -357072
5040 -357072
5045 -357072
5050 -357072
5055 -357072
5060 -357072
5065 -357072
5070 -357072
5075 -357072
5080 -357072
5085 -357072
5090 -357072
5095 -357072
5100 -357072
5105 -357072
5110 -357072
5115 -357072
5120 -357072
5125 -357072
5130 -357072
5135 -357072
5140 -357072
5145 -357072
5150 -357072
5155 -357072
5160 -357072
5165 -357072
5170 -357072
5175 -357072
5180 -357072
5185 -357072
5190 -357072
5195 -357072
5200 -357072
5205 -357072
5210 -357072
5215 -357072
5220 -357072
5225 -357072
5230 -357072
5235 -357072
5240 -357072
5245 -357072
5250 -357072
5255 -357072
5260 -357072
5265 -357072
5270 -357072
5275 -357072
5280 -357072
5285 -357072
5290 -357072
5295 -357072
5300 -357072
5305 -357072
5310 -357072
5315 -357072
5320 -357072
5325 -357072
5330 -357072
5335 -357072
5340 -357072
5345 -357072
5350 -357072
5355 -357072
5360 -357072
5365 -357072
5370 -357072
5375 -357072
5380 -357072
5385 -357072
5390 -357072
5395 -357072
5400 -357072
5405 -357072
5410 -357072
5415 -357072
5420 -357072
5425 -357072
5430 -357072
5435 -357072
5440 -357072
5445 -357072
5450 -357072
5455 -357072
5460 -357072
5465 -357072
5470 -357072
5475 -357072
5480 -357072
5485 -357072
5490 -357072
5495 -357072
5500 -357072
5505 -357072
5510 -357072
5515 -357072
5520 -357072
5525 -357072
5530 -357072
5535 -357072
5540 -357072
5545 -357072
5550 -357072
5555 -357072
5560 -357072
5565 -357072
5570 -357072
5575 -357072
5580 -357072
5585 -357072
5590 -357072
5595 -357072
5600 -357072
5605 -357072
5610 -357072
5615 -357072
5620 -357072
5625 -357072
5630 -357072
5635 -357072
5640 -357072
5645 -357072
