10 -343253
15 -343253
20 -343253
25 -343253
30 -343253
35 -343253
40 -340057
45 -340057
50 -340057
55 -340057
60 -340057
65 -340057
70 -340057
75 -340057
80 -340057
85 -340057
90 -340057
95 -340057
100 -340057
105 -340057
110 -340057
115 -340057
120 -340057
125 -340057
130 -340057
135 -340057
140 -340057
145 -340057
150 -340057
155 -340057
160 -339492
165 -339492
170 -339492
175 -339492
180 -339492
185 -339492
190 -339492
195 -339492
200 -339492
205 -339492
210 -339492
215 -339492
220 -339492
225 -339492
230 -339492
235 -339492
240 -339492
245 -339492
250 -339492
255 -339492
260 -339492
265 -339492
270 -339492
275 -339492
280 -339492
285 -339492
290 -339492
295 -339492
300 -339492
305 -339492
310 -339492
315 -339492
320 -339492
325 -339492
330 -339492
335 -339492
340 -339492
345 -339492
350 -339492
355 -339492
360 -339492
365 -339492
370 -339492
375 -339492
380 -339492
385 -339492
390 -339492
395 -339492
400 -339492
405 -339492
410 -339492
415 -339492
420 -339492
425 -339492
430 -339492
435 -339492
440 -339492
445 -339492
450 -339492
455 -339492
460 -339492
465 -339492
470 -339492
475 -339492
480 -339492
485 -339492
490 -339492
495 -339492
500 -339492
505 -339492
510 -339492
515 -339492
520 -339492
525 -339492
530 -339492
535 -339492
540 -339492
545 -339492
550 -339492
555 -339492
560 -339492
565 -339492
570 -339492
575 -339492
580 -339492
585 -339492
590 -339492
595 -339492
600 -339492
605 -339492
610 -339492
615 -339492
620 -339492
625 -339492
630 -339492
635 -339492
640 -339492
645 -339492
650 -339492
655 -338800
660 -338800
665 -338800
670 -338800
675 -338800
680 -338800
685 -338800
690 -338800
695 -338800
700 -338800
705 -338800
710 -338800
715 -338800
720 -338800
725 -338800
730 -338800
735 -338800
740 -338800
745 -338800
750 -338800
755 -338800
760 -338800
765 -338800
770 -338800
775 -338800
780 -338800
785 -338800
790 -338800
795 -338800
800 -338800
805 -338800
810 -338800
815 -338800
820 -338800
825 -338800
830 -338800
835 -336695
840 -336695
845 -336695
850 -336695
855 -336695
860 -336695
865 -336695
870 -336695
875 -336695
880 -336695
885 -336695
890 -336695
895 -336695
900 -336695
905 -336695
910 -336695
915 -336695
920 -336695
925 -336695
930 -336695
935 -336695
940 -336695
945 -336695
950 -336695
955 -336695
960 -336695
965 -336695
970 -336695
975 -336695
980 -336695
985 -336695
990 -336695
995 -336695
1000 -336695
1005 -336695
1010 -336695
1015 -336695
1020 -336695
1025 -336695
1030 -336695
1035 -336695
1040 -336695
1045 -336695
1050 -336695
1055 -336695
1060 -336695
1065 -336695
1070 -336695
1075 -336695
1080 -336695
1085 -335961
1090 -335961
1095 -335961
1100 -335961
1105 -335961
1110 -335961
1115 -335961
1120 -335961
1125 -335961
1130 -335961
1135 -329941
1140 -329941
1145 -329941
1150 -329941
1155 -329941
1160 -329941
1165 -329941
1170 -329941
1175 -329941
1180 -329941
1185 -329941
1190 -329941
1195 -329941
1200 -329941
1205 -329941
1210 -329941
1215 -329941
1220 -329941
1225 -329941
1230 -329941
1235 -329941
1240 -329941
1245 -329941
1250 -329941
1255 -329941
1260 -329941
1265 -329941
1270 -329941
1275 -329941
1280 -329941
1285 -329941
1290 -329941
1295 -329941
1300 -329941
1305 -329941
1310 -329941
1315 -329941
1320 -329941
1325 -329941
1330 -329941
1335 -329941
1340 -329941
1345 -329941
1350 -329941
1355 -329941
1360 -329941
1365 -329941
1370 -329941
1375 -329941
1380 -329941
1385 -329941
1390 -329941
1395 -329941
1400 -329941
1405 -329941
1410 -329941
1415 -329941
1420 -329941
1425 -329941
1430 -329941
1435 -329941
1440 -329941
1445 -329941
1450 -329941
1455 -329941
1460 -329941
1465 -329941
1470 -329941
1475 -329941
1480 -329941
1485 -329941
1490 -329941
1495 -329941
1500 -329941
1505 -329941
1510 -329941
1515 -329941
1520 -329941
1525 -329941
1530 -329941
1535 -329941
1540 -329941
1545 -329941
1550 -329941
1555 -329941
1560 -329941
1565 -329941
1570 -329941
1575 -329941
1580 -329941
1585 -329941
1590 -329941
1595 -329941
1600 -329941
1605 -329941
1610 -329941
1615 -329941
1620 -329941
1625 -329941
1630 -329941
1635 -329941
1640 -329941
1645 -329941
1650 -329941
1655 -329941
1660 -329941
1665 -329941
1670 -329941
1675 -329941
1680 -329941
1685 -329941
1690 -329941
1695 -329941
1700 -329941
1705 -329941
1710 -329941
1715 -329941
1720 -329941
1725 -329941
1730 -329941
1735 -329941
1740 -329941
1745 -329941
1750 -329941
1755 -329941
1760 -329941
1765 -329941
1770 -329941
1775 -329941
1780 -329941
1785 -329941
1790 -329941
1795 -329941
1800 -329941
1805 -329941
1810 -329941
1815 -329941
1820 -329941
1825 -329941
1830 -329941
1835 -329941
1840 -329941
1845 -329941
1850 -329941
1855 -329941
1860 -329941
1865 -329941
1870 -329941
1875 -329941
1880 -329941
1885 -329941
1890 -329941
1895 -329941
1900 -329941
1905 -329941
1910 -329941
1915 -329941
1920 -329941
1925 -329941
1930 -329941
1935 -329941
1940 -329941
1945 -329941
1950 -329941
1955 -329941
1960 -329941
1965 -329941
1970 -329941
1975 -329941
1980 -329941
1985 -329941
1990 -329941
1995 -329941
2000 -329941
2005 -329941
2010 -329941
2015 -329941
2020 -329941
2025 -329941
2030 -329941
2035 -329941
2040 -329941
2045 -329941
2050 -329941
2055 -329941
2060 -329941
2065 -329941
2070 -329941
2075 -329941
2080 -329941
2085 -329941
2090 -329941
2095 -329941
2100 -329941
2105 -329941
2110 -329941
2115 -329941
2120 -323391
2125 -323391
2130 -323391
2135 -323391
2140 -323391
2145 -323391
2150 -323391
2155 -323391
2160 -323391
2165 -323391
2170 -323391
2175 -323391
2180 -323391
2185 -323391
2190 -323391
2195 -323391
2200 -323391
2205 -323391
2210 -323391
2215 -323391
2220 -323391
2225 -323391
2230 -323391
2235 -323391
2240 -323391
2245 -323391
2250 -323391
2255 -323391
2260 -323391
2265 -323391
2270 -323391
2275 -323391
2280 -323391
2285 -323391
2290 -323391
2295 -323391
2300 -323391
2305 -323391
2310 -323391
2315 -323391
2320 -323391
2325 -323391
2330 -323391
2335 -323391
2340 -323391
2345 -323391
2350 -323391
2355 -323391
2360 -323391
2365 -323391
2370 -323391
2375 -323391
2380 -323391
2385 -323391
2390 -323391
2395 -323391
2400 -323391
2405 -323391
2410 -323391
2415 -323391
2420 -323391
2425 -323391
2430 -323391
2435 -323391
2440 -323391
2445 -323391
2450 -323391
2455 -323391
2460 -323391
2465 -323391
2470 -323391
2475 -323391
2480 -323391
2485 -323391
2490 -323391
2495 -323391
2500 -323391
2505 -323391
2510 -323391
2515 -323391
2520 -323391
2525 -323391
2530 -323391
2535 -323391
2540 -323391
2545 -323391
2550 -323391
2555 -323391
2560 -323391
2565 -323391
2570 -323391
2575 -323391
2580 -323391
2585 -323391
2590 -323391
2595 -323391
2600 -323391
2605 -323391
2610 -323391
2615 -323391
2620 -323391
2625 -323391
2630 -323391
2635 -323391
2640 -323391
2645 -323391
2650 -323391
2655 -323391
2660 -323391
2665 -323391
2670 -323391
2675 -323391
2680 -323391
2685 -323391
2690 -323391
2695 -323391
2700 -323391
2705 -323391
2710 -323391
2715 -323391
2720 -323391
2725 -323391
2730 -323391
2735 -323391
2740 -323391
2745 -323391
2750 -323391
2755 -323391
2760 -323391
2765 -323391
2770 -323391
2775 -323391
2780 -323391
2785 -323391
2790 -323391
2795 -323391
2800 -323391
2805 -323391
2810 -323391
2815 -323391
2820 -323391
2825 -323391
2830 -323391
2835 -323391
2840 -323391
2845 -323391
2850 -323391
2855 -323391
2860 -323391
2865 -323391
2870 -323391
2875 -323391
2880 -323391
2885 -323391
2890 -323391
2895 -323391
2900 -323391
2905 -323391
2910 -323391
2915 -323391
2920 -323391
2925 -323391
2930 -323391
2935 -323391
2940 -323391
2945 -323391
2950 -323391
2955 -323391
2960 -323391
2965 -323391
2970 -323391
2975 -323391
2980 -323391
2985 -323391
2990 -323391
2995 -323391
3000 -323391
3005 -323391
3010 -323391
3015 -323391
3020 -323391
3025 -323391
3030 -323391
3035 -323391
3040 -323391
3045 -323391
3050 -323391
3055 -323391
3060 -323391
3065 -323391
3070 -323391
3075 -323391
3080 -323391
3085 -323391
3090 -323391
3095 -323391
3100 -323391
3105 -323391
3110 -323391
3115 -323391
3120 -323391
3125 -323391
3130 -323391
3135 -323391
3140 -323391
3145 -323391
3150 -323391
3155 -323391
3160 -323391
3165 -323391
3170 -323391
3175 -323391
3180 -323391
3185 -323391
3190 -323391
3195 -323391
3200 -323391
3205 -323391
3210 -323391
3215 -323391
3220 -323391
3225 -323391
3230 -323391
3235 -323391
3240 -323391
3245 -323391
3250 -323391
3255 -323391
3260 -323391
3265 -323391
3270 -323391
3275 -323391
3280 -323391
3285 -323391
3290 -323391
3295 -323391
3300 -323391
3305 -323391
3310 -323391
3315 -323391
3320 -323391
3325 -323391
3330 -323391
3335 -323391
3340 -323391
3345 -323391
3350 -323391
3355 -323391
3360 -323391
3365 -323391
3370 -323391
3375 -323391
3380 -323391
3385 -323391
3390 -323391
3395 -323391
3400 -323391
3405 -323391
3410 -323391
3415 -323391
3420 -323391
3425 -323391
3430 -323391
3435 -323391
3440 -323391
3445 -323391
3450 -323391
3455 -323391
3460 -323391
3465 -323391
3470 -323391
3475 -323391
3480 -323391
3485 -323391
3490 -323391
3495 -323391
3500 -323391
3505 -323391
3510 -323391
3515 -323391
3520 -323391
3525 -323391
3530 -323391
3535 -323391
3540 -323391
3545 -323391
3550 -323391
3555 -323391
3560 -323391
3565 -323391
3570 -323391
3575 -323391
3580 -323391
3585 -323391
3590 -323391
3595 -323391
3600 -323391
3605 -323391
3610 -323391
3615 -323391
3620 -323391
3625 -323391
3630 -323391
3635 -323391
3640 -323391
3645 -323391
3650 -323391
3655 -323391
3660 -323391
3665 -323391
3670 -323391
3675 -323391
3680 -323391
3685 -323391
3690 -323391
3695 -323391
3700 -323391
3705 -323391
3710 -323391
3715 -323391
3720 -323391
3725 -323391
3730 -323391
3735 -323391
3740 -323391
3745 -323391
3750 -323391
3755 -323391
3760 -323391
3765 -323391
3770 -323391
3775 -323391
3780 -323391
3785 -323391
3790 -323391
3795 -323391
3800 -323391
3805 -323391
3810 -323391
3815 -323391
3820 -323391
3825 -323391
3830 -323391
3835 -323391
3840 -323391
3845 -323391
3850 -323391
3855 -323391
3860 -323391
3865 -323391
3870 -323391
3875 -323391
3880 -323391
3885 -323391
3890 -323391
3895 -323391
3900 -323391
3905 -323391
3910 -323391
3915 -323391
3920 -323391
3925 -323391
3930 -323391
3935 -323391
3940 -323391
3945 -323391
3950 -323391
3955 -323391
3960 -323391
3965 -323391
3970 -323391
3975 -323391
3980 -323391
3985 -323391
3990 -323391
3995 -323391
4000 -323391
4005 -323391
4010 -323391
4015 -323391
4020 -323391
4025 -323391
4030 -323391
4035 -323391
4040 -323391
4045 -323391
4050 -323391
4055 -323391
4060 -323391
4065 -323391
4070 -323391
4075 -323391
4080 -323391
4085 -323391
4090 -323391
4095 -323391
4100 -323391
4105 -323391
4110 -323391
4115 -323391
4120 -323391
4125 -323391
4130 -323391
4135 -323391
4140 -323391
4145 -323391
4150 -323391
4155 -323391
4160 -323391
4165 -323391
4170 -323391
4175 -323391
4180 -323391
4185 -323391
4190 -323391
4195 -323391
4200 -323391
4205 -323391
4210 -323391
4215 -323391
4220 -323391
4225 -323391
4230 -323391
4235 -323391
4240 -323391
4245 -323391
4250 -323391
4255 -323391
4260 -323391
4265 -323391
4270 -323391
4275 -323391
4280 -323391
4285 -323391
4290 -323391
4295 -323391
4300 -323391
4305 -323391
4310 -323391
4315 -323391
4320 -323391
4325 -323391
4330 -323391
4335 -323391
4340 -323391
4345 -323391
4350 -323391
4355 -323391
4360 -323391
4365 -323391
4370 -323391
4375 -323391
4380 -323391
4385 -323391
4390 -323391
4395 -323391
4400 -323391
4405 -323391
4410 -323391
4415 -323391
4420 -323391
4425 -323391
4430 -323391
4435 -323391
4440 -323391
4445 -323391
4450 -323391
4455 -323391
4460 -323391
4465 -323391
4470 -323391
4475 -323391
4480 -323391
4485 -323391
4490 -323391
4495 -323391
4500 -323391
4505 -323391
4510 -323391
4515 -323391
4520 -323391
4525 -323391
4530 -323391
4535 -323391
4540 -323391
4545 -323391
4550 -322932
4555 -322932
4560 -322932
4565 -322932
4570 -322932
4575 -322932
4580 -322932
4585 -322932
4590 -322932
4595 -322932
4600 -322932
4605 -322932
4610 -322932
4615 -322932
4620 -322932
4625 -322932
4630 -322932
4635 -322932
4640 -322932
4645 -322932
4650 -322932
4655 -322932
4660 -322932
4665 -322932
4670 -322932
4675 -322932
4680 -322932
4685 -322932
4690 -322932
4695 -322932
4700 -322932
4705 -322932
4710 -322932
4715 -322932
4720 -322932
4725 -322932
4730 -322932
4735 -322932
4740 -322932
4745 -322932
4750 -322932
4755 -322932
4760 -322932
4765 -322932
4770 -322932
4775 -322932
4780 -322932
4785 -322932
4790 -322932
4795 -322932
4800 -322932
4805 -322932
4810 -322932
4815 -322932
4820 -322932
4825 -322932
4830 -322932
4835 -322932
4840 -322932
4845 -322932
4850 -322932
4855 -322932
4860 -322932
4865 -322932
4870 -322932
4875 -322932
4880 -322932
4885 -322932
4890 -322932
4895 -322932
4900 -322932
4905 -322932
4910 -322932
4915 -322932
4920 -322932
4925 -322932
4930 -322932
4935 -322932
4940 -322932
4945 -322932
4950 -322932
4955 -322932
4960 -322932
4965 -322932
4970 -322932
4975 -322932
4980 -322932
4985 -322932
4990 -322932
4995 -322932
5000 -322932
5005 -322932
5010 -322932
5015 -322932
5020 -322932
5025 -322932
5030 -322932
5035 -322932
5040 -322932
5045 -322932
5050 -322932
5055 -322932
5060 -322932
5065 -322932
5070 -322932
5075 -322932
5080 -322932
5085 -322932
5090 -322932
5095 -322932
5100 -322932
5105 -322932
5110 -322932
5115 -322932
5120 -322932
5125 -322932
5130 -322932
5135 -322932
5140 -322932
5145 -322932
5150 -322932
5155 -322932
5160 -322932
5165 -322932
5170 -322932
5175 -322932
5180 -322932
5185 -322932
5190 -322932
5195 -322932
5200 -322932
5205 -322932
5210 -322932
5215 -322932
5220 -322932
5225 -322932
5230 -322932
5235 -322932
5240 -322932
5245 -322932
5250 -322932
5255 -322932
5260 -322932
5265 -322932
5270 -322932
5275 -322932
5280 -322932
5285 -322932
5290 -322932
5295 -322932
5300 -322932
5305 -322932
5310 -322932
5315 -322932
5320 -322932
5325 -322932
5330 -322932
5335 -322932
5340 -322932
5345 -322932
5350 -322932
5355 -322932
5360 -322932
5365 -322932
5370 -322932
5375 -322932
5380 -322932
5385 -322932
5390 -322932
5395 -322932
5400 -322932
5405 -322932
5410 -322932
5415 -322932
5420 -322932
5425 -322932
5430 -322932
5435 -322932
5440 -322932
5445 -322932
5450 -322932
5455 -322932
5460 -322932
5465 -322932
5470 -322932
5475 -322932
5480 -322932
5485 -322932
5490 -322932
5495 -322932
5500 -322932
5505 -322932
5510 -322932
5515 -322932
5520 -322932
5525 -322932
5530 -322932
5535 -322932
5540 -322932
5545 -322932
5550 -322932
5555 -322932
5560 -322932
5565 -322932
5570 -322932
5575 -322932
5580 -322932
5585 -322932
5590 -322932
5595 -322932
5600 -322932
5605 -322932
5610 -322932
5615 -322932
5620 -322932
5625 -322932
5630 -322932
5635 -322932
5640 -322932
5645 -322932
5650 -322932
5655 -322932
5660 -322932
5665 -322932
5670 -322932
5675 -322932
5680 -322932
5685 -322932
5690 -322932
5695 -322932
5700 -322932
5705 -322932
5710 -322932
5715 -322932
5720 -322932
5725 -322932
5730 -322932
5735 -322932
5740 -322932
5745 -322932
5750 -322932
5755 -322932
5760 -322932
5765 -322932
5770 -322932
5775 -322932
5780 -322932
5785 -322932
5790 -322932
5795 -322932
5800 -322932
5805 -322932
5810 -322932
5815 -322932
5820 -322932
5825 -322932
5830 -322932
5835 -322932
5840 -322932
5845 -322932
5850 -322932
5855 -322932
5860 -322932
5865 -322932
5870 -322932
5875 -322932
5880 -322932
5885 -322932
5890 -322932
5895 -322932
5900 -322932
5905 -322932
5910 -322932
5915 -322932
5920 -322932
5925 -322932
5930 -322932
5935 -322932
5940 -322932
5945 -322932
5950 -322932
5955 -322932
5960 -322932
5965 -322932
5970 -322932
5975 -322932
5980 -322932
5985 -322932
5990 -322932
5995 -322932
6000 -322932
6005 -322932
6010 -322932
6015 -322932
6020 -322932
6025 -322932
6030 -322932
6035 -322932
6040 -322932
6045 -322932
6050 -322932
6055 -322932
6060 -322932
6065 -322932
6070 -322932
6075 -322932
6080 -322932
6085 -322932
6090 -322932
6095 -322932
6100 -322932
6105 -322932
6110 -322932
6115 -322932
6120 -322932
6125 -322932
6130 -322932
6135 -322932
6140 -322932
6145 -322932
6150 -322932
6155 -322932
6160 -322932
6165 -322932
6170 -322932
6175 -322932
6180 -322034
6185 -322034
6190 -322034
6195 -322034
6200 -322034
6205 -322034
6210 -322034
6215 -322034
6220 -322034
6225 -322034
6230 -322034
6235 -322034
6240 -322034
6245 -322034
6250 -322034
6255 -322034
6260 -322034
6265 -322034
6270 -322034
6275 -322034
6280 -322034
6285 -322034
6290 -322034
6295 -322034
6300 -322034
6305 -322034
6310 -322034
6315 -322034
6320 -322034
6325 -322034
6330 -322034
6335 -322034
6340 -322034
6345 -322034
6350 -322034
6355 -322034
6360 -322034
6365 -322034
6370 -322034
6375 -322034
6380 -322034
6385 -322034
6390 -322034
6395 -322034
6400 -322034
6405 -322034
6410 -322034
6415 -322034
6420 -322034
6425 -322034
6430 -322034
6435 -322034
6440 -322034
6445 -322034
6450 -322034
6455 -322034
6460 -322034
6465 -322034
6470 -322034
6475 -322034
6480 -322034
6485 -322034
6490 -322034
6495 -322034
6500 -322034
6505 -322034
6510 -322034
6515 -322034
6520 -322034
6525 -322034
6530 -322034
6535 -322034
6540 -322034
6545 -322034
6550 -322034
6555 -322034
6560 -322034
6565 -322034
6570 -322034
6575 -322034
6580 -322034
6585 -322034
6590 -322034
6595 -322034
6600 -322034
6605 -322034
6610 -322034
6615 -322034
6620 -322034
6625 -322034
6630 -322034
6635 -322034
6640 -322034
6645 -322034
6650 -322034
6655 -322034
6660 -322034
6665 -322034
6670 -322034
6675 -322034
6680 -322034
6685 -322034
6690 -322034
6695 -322034
6700 -322034
6705 -322034
6710 -322034
6715 -322034
6720 -322034
6725 -322034
6730 -322034
6735 -322034
6740 -322034
6745 -322034
6750 -322034
6755 -322034
6760 -322034
6765 -322034
6770 -322034
6775 -322034
6780 -322034
6785 -322034
6790 -322034
6795 -322034
6800 -322034
6805 -322034
6810 -322034
6815 -322034
6820 -322034
6825 -322034
6830 -322034
6835 -322034
6840 -322034
6845 -322034
6850 -322034
6855 -322034
6860 -322034
6865 -322034
6870 -322034
6875 -322034
6880 -322034
6885 -322034
6890 -322034
6895 -322034
6900 -322034
6905 -322034
6910 -322034
6915 -322034
6920 -322034
6925 -322034
6930 -322034
6935 -322034
6940 -322034
6945 -322034
6950 -322034
6955 -322034
6960 -322034
6965 -322034
6970 -322034
6975 -322034
6980 -322034
6985 -322034
6990 -322034
6995 -322034
7000 -322034
7005 -322034
7010 -322034
7015 -322034
7020 -322034
7025 -322034
7030 -322034
7035 -322034
7040 -322034
7045 -322034
7050 -322034
7055 -322034
7060 -322034
7065 -322034
7070 -322034
7075 -322034
7080 -322034
7085 -322034
7090 -322034
7095 -322034
7100 -322034
7105 -322034
7110 -322034
7115 -322034
7120 -322034
7125 -322034
7130 -322034
7135 -322034
7140 -322034
7145 -322034
7150 -322034
7155 -322034
7160 -322034
7165 -322034
7170 -322034
7175 -322034
7180 -322034
7185 -322034
7190 -322034
7195 -322034
7200 -322034
7205 -322034
7210 -322034
7215 -322034
7220 -322034
7225 -322034
7230 -322034
7235 -322034
7240 -322034
7245 -322034
7250 -322034
7255 -322034
7260 -322034
7265 -322034
7270 -322034
7275 -322034
7280 -322034
7285 -322034
7290 -322034
7295 -322034
7300 -322034
7305 -322034
7310 -322034
7315 -322034
7320 -322034
7325 -322034
7330 -322034
7335 -322034
7340 -322034
7345 -322034
7350 -322034
7355 -322034
7360 -322034
7365 -322034
7370 -322034
7375 -322034
7380 -322034
7385 -322034
7390 -322034
7395 -322034
7400 -322034
7405 -322034
7410 -322034
7415 -322034
7420 -322034
7425 -322034
7430 -322034
7435 -322034
7440 -322034
7445 -322034
7450 -322034
7455 -322034
7460 -322034
7465 -322034
7470 -322034
7475 -322034
7480 -322034
7485 -322034
7490 -322034
7495 -322034
7500 -322034
7505 -322034
7510 -322034
7515 -322034
7520 -322034
7525 -322034
7530 -322034
7535 -322034
7540 -322034
7545 -322034
7550 -322034
7555 -322034
7560 -322034
7565 -322034
7570 -322034
7575 -322034
7580 -322034
7585 -322034
7590 -322034
7595 -322034
7600 -322034
7605 -322034
7610 -322034
7615 -322034
7620 -322034
7625 -322034
7630 -322034
7635 -322034
7640 -322034
7645 -322034
7650 -322034
7655 -322034
7660 -322034
7665 -322034
7670 -322034
7675 -322034
7680 -322034
7685 -322034
7690 -322034
7695 -322034
7700 -322034
7705 -322034
7710 -322034
7715 -322034
7720 -322034
7725 -322034
7730 -322034
7735 -322034
7740 -322034
7745 -322034
7750 -322034
7755 -322034
7760 -322034
7765 -322034
7770 -322034
7775 -322034
7780 -322034
7785 -322034
7790 -322034
7795 -322034
7800 -322034
7805 -322034
7810 -322034
7815 -322034
7820 -322034
7825 -322034
7830 -322034
7835 -322034
7840 -322034
7845 -322034
7850 -322034
7855 -322034
7860 -322034
7865 -322034
7870 -322034
7875 -322034
7880 -322034
7885 -322034
7890 -322034
7895 -322034
7900 -322034
7905 -322034
7910 -322034
7915 -322034
7920 -322034
7925 -322034
7930 -322034
7935 -322034
7940 -322034
7945 -322034
7950 -322034
7955 -322034
7960 -322034
7965 -322034
7970 -322034
7975 -322034
7980 -322034
7985 -322034
7990 -322034
7995 -322034
8000 -322034
8005 -322034
8010 -322034
8015 -322034
8020 -322034
8025 -322034
8030 -322034
8035 -322034
8040 -322034
8045 -322034
8050 -322034
8055 -322034
8060 -322034
8065 -322034
8070 -322034
8075 -322034
8080 -322034
8085 -322034
8090 -322034
8095 -322034
8100 -322034
8105 -322034
8110 -322034
8115 -322034
