10 -454129
15 -454129
20 -454129
25 -454129
30 -454129
35 -454129
40 -454129
45 -454129
50 -454129
55 -451146
60 -451146
65 -451146
70 -451146
75 -451146
80 -451146
85 -449247
90 -449247
95 -449247
100 -449247
105 -449247
110 -449247
115 -449247
120 -449247
125 -449247
130 -449247
135 -449247
140 -449247
145 -449247
150 -449247
155 -449247
160 -449247
165 -449247
170 -449247
175 -449247
180 -446779
185 -444489
190 -444489
195 -444489
200 -444489
205 -444489
210 -444489
215 -444489
220 -444489
225 -444489
230 -444489
235 -444489
240 -444489
245 -444489
250 -444489
255 -444489
260 -444489
265 -444489
270 -444489
275 -444489
280 -444489
285 -444489
290 -444489
295 -444489
300 -444489
305 -442843
310 -442843
315 -442843
320 -442843
325 -442843
330 -442843
335 -442843
340 -442843
345 -442843
350 -442843
355 -442843
360 -442843
365 -442843
370 -442843
375 -442843
380 -442843
385 -442843
390 -442843
395 -442843
400 -442843
405 -442843
410 -442843
415 -442843
420 -442843
425 -442843
430 -442843
435 -442843
440 -442843
445 -442843
450 -442843
455 -442843
460 -442843
465 -442843
470 -442843
475 -442843
480 -442843
485 -442843
490 -442843
495 -442843
500 -442843
505 -442843
510 -442843
515 -442843
520 -442843
525 -442843
530 -442843
535 -442843
540 -442843
545 -442843
550 -442843
555 -442843
560 -442843
565 -442843
570 -442843
575 -442843
580 -442843
585 -442843
590 -442843
595 -442843
600 -442843
605 -442843
610 -442843
615 -442843
620 -442843
625 -442843
630 -442843
635 -442843
640 -442843
645 -442843
650 -442843
655 -442843
660 -442843
665 -442843
670 -442843
675 -442843
680 -442843
685 -442843
690 -442843
695 -442843
700 -442843
705 -442843
710 -442843
715 -442843
720 -442843
725 -442843
730 -442843
735 -442843
740 -442843
745 -442843
750 -442843
755 -442843
760 -442843
765 -442843
770 -442843
775 -442843
780 -442843
785 -442843
790 -442843
795 -442843
800 -442843
805 -442843
810 -440712
815 -440712
820 -440712
825 -440712
830 -440712
835 -440712
840 -440712
845 -440712
850 -440712
855 -440712
860 -440712
865 -440712
870 -440712
875 -440712
880 -440712
885 -440712
890 -440712
895 -440712
900 -440712
905 -440712
910 -440712
915 -440712
920 -440712
925 -440712
930 -440712
935 -440712
940 -440712
945 -440712
950 -440712
955 -440712
960 -440712
965 -440712
970 -440712
975 -440712
980 -440712
985 -440712
990 -440712
995 -440712
1000 -440712
1005 -440712
1010 -440712
1015 -440712
1020 -440712
1025 -440712
1030 -440712
1035 -440712
1040 -440712
1045 -440712
1050 -440712
1055 -440712
1060 -440712
1065 -440712
1070 -440712
1075 -440712
1080 -440712
1085 -440712
1090 -440712
1095 -440712
1100 -440712
1105 -440712
1110 -440712
1115 -440712
1120 -440712
1125 -440712
1130 -440712
1135 -440712
1140 -440712
1145 -440712
1150 -440712
1155 -440712
1160 -440712
1165 -440712
1170 -440712
1175 -440712
1180 -440712
1185 -440712
1190 -440712
1195 -440712
1200 -440712
1205 -440712
1210 -440712
1215 -440712
1220 -440712
1225 -440712
1230 -440712
1235 -440712
1240 -440712
1245 -440712
1250 -440712
1255 -440712
1260 -440712
1265 -440712
1270 -440712
1275 -440712
1280 -440712
1285 -440712
1290 -440712
1295 -440712
1300 -440712
1305 -440712
1310 -440712
1315 -440712
1320 -440712
1325 -440712
1330 -440712
1335 -440712
1340 -440712
1345 -440712
1350 -440712
1355 -440712
1360 -440712
1365 -440712
1370 -440712
1375 -440712
1380 -440712
1385 -440712
1390 -440712
1395 -440712
1400 -440712
1405 -440712
1410 -440712
1415 -440712
1420 -440712
1425 -440712
1430 -440712
1435 -440712
1440 -440712
1445 -440712
1450 -440712
1455 -440712
1460 -440712
1465 -440712
1470 -440712
1475 -440712
1480 -440712
1485 -440712
1490 -440712
1495 -440712
1500 -440712
1505 -440712
1510 -440712
1515 -440712
1520 -440712
1525 -440712
1530 -440712
1535 -440712
1540 -440712
1545 -440712
1550 -440712
1555 -440712
1560 -440712
1565 -440712
1570 -440712
1575 -440712
1580 -440712
1585 -440712
1590 -440712
1595 -440712
1600 -440712
1605 -440712
1610 -440712
1615 -440712
1620 -440712
1625 -440712
1630 -440712
1635 -440712
1640 -440712
1645 -440712
1650 -440712
1655 -440712
1660 -440712
1665 -440712
1670 -440712
1675 -440712
1680 -440712
1685 -440712
1690 -440712
1695 -440712
1700 -440712
1705 -440712
1710 -440712
1715 -440712
1720 -440712
1725 -440712
1730 -440712
1735 -440712
1740 -440712
1745 -440712
1750 -440712
1755 -440712
1760 -440712
1765 -440712
1770 -440712
1775 -440712
1780 -440712
1785 -440712
1790 -440712
1795 -440712
1800 -440712
1805 -440712
1810 -440712
1815 -440712
1820 -440712
1825 -440712
1830 -440712
1835 -440712
1840 -440712
1845 -440712
1850 -440712
1855 -440712
1860 -440712
1865 -440712
1870 -440712
1875 -440712
1880 -440712
1885 -440712
1890 -440712
1895 -440712
1900 -440712
1905 -440712
1910 -440712
1915 -440712
1920 -440712
1925 -440712
1930 -440712
1935 -440712
1940 -440712
1945 -440712
1950 -440712
1955 -440712
1960 -440712
1965 -440712
1970 -440712
1975 -440712
1980 -440712
1985 -440712
1990 -440712
1995 -440712
2000 -440712
2005 -440712
2010 -440712
2015 -440712
2020 -440712
2025 -440712
2030 -440712
2035 -440712
2040 -440712
2045 -440712
2050 -440712
2055 -440712
2060 -440712
2065 -440712
2070 -440712
2075 -440712
2080 -440712
2085 -440712
2090 -440712
2095 -440712
2100 -440712
2105 -440712
2110 -440712
2115 -437830
2120 -437830
2125 -437830
2130 -437830
2135 -437830
2140 -437830
2145 -437830
2150 -437830
2155 -437830
2160 -437830
2165 -437830
2170 -437830
2175 -437830
2180 -437830
2185 -437830
2190 -437830
2195 -437830
2200 -437830
2205 -437830
2210 -437830
2215 -437830
2220 -437830
2225 -437830
2230 -437830
2235 -437830
2240 -437830
2245 -437830
2250 -437830
2255 -437830
2260 -437830
2265 -437830
2270 -437830
2275 -437830
2280 -437830
2285 -437830
2290 -437830
2295 -437830
2300 -437830
2305 -437830
2310 -437830
2315 -437830
2320 -437830
2325 -437830
2330 -437830
2335 -437830
2340 -437830
2345 -437830
2350 -437830
2355 -437830
2360 -437830
2365 -437830
2370 -437830
2375 -437830
2380 -437830
2385 -437830
2390 -437830
2395 -437830
2400 -437830
2405 -437830
2410 -437830
2415 -437830
2420 -437830
2425 -437830
2430 -437830
2435 -437830
2440 -437830
2445 -437830
2450 -437830
2455 -437830
2460 -437830
2465 -437830
2470 -437830
2475 -437830
2480 -437830
2485 -437830
2490 -437830
2495 -437830
2500 -437830
2505 -437830
2510 -437830
2515 -437830
2520 -437830
2525 -437830
2530 -437830
2535 -437830
2540 -437830
2545 -437830
2550 -437830
2555 -437830
2560 -437830
2565 -437830
2570 -437830
2575 -437830
2580 -437830
2585 -437830
2590 -437830
2595 -437830
2600 -437830
2605 -437830
2610 -437830
2615 -437830
2620 -437830
2625 -437830
2630 -437830
2635 -437830
2640 -437830
2645 -437830
2650 -437830
2655 -437830
2660 -437830
2665 -437830
2670 -437830
2675 -437830
2680 -437830
2685 -437830
2690 -437830
2695 -437830
2700 -437830
2705 -437830
2710 -437830
2715 -437830
2720 -437830
2725 -437830
2730 -437830
2735 -437830
2740 -437830
2745 -437830
2750 -437830
2755 -437830
2760 -437830
2765 -437830
2770 -437830
2775 -437830
2780 -437830
2785 -437830
2790 -437830
2795 -437830
2800 -437830
2805 -437830
2810 -437830
2815 -437830
2820 -437830
2825 -437830
2830 -437830
2835 -437830
2840 -437830
2845 -437830
2850 -437830
2855 -437830
2860 -437830
2865 -437830
2870 -437830
2875 -437830
2880 -437830
2885 -437830
2890 -437830
2895 -437830
2900 -437830
2905 -437830
2910 -437830
2915 -437830
2920 -437830
2925 -437830
2930 -437830
2935 -437830
2940 -437830
2945 -437830
2950 -437830
2955 -437830
2960 -437830
2965 -437830
2970 -437830
2975 -437830
2980 -437830
2985 -437830
2990 -437830
2995 -437830
3000 -437830
3005 -437830
3010 -437830
3015 -437830
3020 -437830
3025 -437830
3030 -437830
3035 -437830
3040 -437830
3045 -437830
3050 -437830
3055 -437830
3060 -437830
3065 -437830
3070 -437830
3075 -437830
3080 -437830
3085 -437830
3090 -437830
3095 -437830
3100 -437830
3105 -437830
3110 -437830
3115 -437830
3120 -437830
3125 -437830
3130 -437830
3135 -437830
3140 -437830
3145 -437830
3150 -437830
3155 -437830
3160 -437830
3165 -437830
3170 -437830
3175 -437830
3180 -437830
3185 -437830
3190 -437830
3195 -437830
3200 -437830
3205 -437830
3210 -437830
3215 -437830
3220 -437830
3225 -437830
3230 -437830
3235 -437830
3240 -437830
3245 -437830
3250 -437830
3255 -437830
3260 -437830
3265 -437830
3270 -437830
3275 -437830
3280 -437830
3285 -437830
3290 -437830
3295 -437830
3300 -437830
3305 -437830
3310 -437830
3315 -437830
3320 -437830
3325 -437830
3330 -437830
3335 -437830
3340 -437830
3345 -437830
3350 -437830
3355 -437830
3360 -437830
3365 -437830
3370 -437830
3375 -437830
3380 -437830
3385 -437830
3390 -437830
3395 -437830
3400 -437830
3405 -437830
3410 -437830
3415 -437830
3420 -437830
3425 -437830
3430 -437830
3435 -437830
3440 -437830
3445 -437830
3450 -437830
3455 -437830
3460 -437830
3465 -437830
3470 -437830
3475 -437830
3480 -437830
3485 -437830
3490 -437830
3495 -437830
3500 -437830
3505 -437830
3510 -437830
3515 -437830
3520 -437830
3525 -437830
3530 -437830
3535 -437830
3540 -437830
3545 -437830
3550 -437830
3555 -437830
3560 -437830
3565 -437830
3570 -437830
3575 -437830
3580 -437830
3585 -437830
3590 -437830
3595 -437830
3600 -437830
3605 -437830
3610 -437830
3615 -437830
3620 -437830
3625 -437830
3630 -437830
3635 -437830
3640 -437830
3645 -437830
3650 -437830
3655 -437830
3660 -437830
3665 -437830
3670 -437830
3675 -437830
3680 -437830
3685 -437830
3690 -437830
3695 -437830
3700 -437830
3705 -437830
3710 -437830
3715 -437830
3720 -437830
3725 -437830
3730 -437830
3735 -437830
3740 -437830
3745 -437830
3750 -437830
3755 -437830
3760 -437830
3765 -437830
3770 -437830
3775 -437830
3780 -437830
3785 -437830
3790 -437830
3795 -437830
3800 -437830
3805 -437830
3810 -437830
3815 -437830
3820 -437830
3825 -437830
3830 -437830
3835 -437830
3840 -437830
3845 -437830
3850 -437830
3855 -437830
3860 -437830
3865 -437830
3870 -437830
3875 -437830
3880 -437830
3885 -437830
3890 -437830
3895 -437830
3900 -437830
3905 -437830
3910 -437830
3915 -437830
3920 -437830
3925 -437830
3930 -437830
3935 -437830
3940 -437830
3945 -437830
3950 -437830
3955 -437830
3960 -437830
3965 -437830
3970 -437830
3975 -437830
3980 -437830
3985 -437830
3990 -437830
3995 -437830
4000 -437830
4005 -437830
4010 -437830
4015 -437830
4020 -437830
4025 -437830
4030 -437830
4035 -437830
4040 -437830
4045 -437830
4050 -437830
4055 -437830
4060 -437830
4065 -437830
4070 -437830
4075 -437830
4080 -437830
4085 -437830
4090 -437830
4095 -437830
4100 -437830
4105 -437830
4110 -437830
4115 -437830
4120 -437830
4125 -437830
4130 -437830
4135 -437830
4140 -437830
4145 -437830
4150 -437830
4155 -437830
4160 -437830
4165 -437830
4170 -437830
4175 -437830
4180 -437830
4185 -437830
4190 -437830
4195 -437830
4200 -437830
4205 -437830
4210 -437830
4215 -437830
4220 -437830
4225 -437830
4230 -437830
4235 -437830
4240 -437830
4245 -437830
4250 -437830
4255 -437830
4260 -437830
4265 -437830
4270 -437830
4275 -437830
4280 -437830
4285 -437830
4290 -437830
4295 -437830
4300 -437830
4305 -437830
4310 -437830
4315 -437830
4320 -437830
4325 -437830
4330 -437830
4335 -437830
4340 -437830
4345 -437830
4350 -437830
4355 -437830
4360 -437830
4365 -437830
4370 -437830
4375 -437830
4380 -437830
4385 -437830
4390 -437830
4395 -437830
4400 -437830
4405 -437830
4410 -437830
4415 -437830
4420 -437830
4425 -437830
4430 -437830
4435 -437830
4440 -437830
4445 -437830
4450 -437830
4455 -437830
4460 -437830
4465 -437830
4470 -437830
4475 -437830
4480 -437830
4485 -437830
4490 -437830
4495 -437830
4500 -437830
4505 -437830
4510 -437830
4515 -437830
4520 -437830
4525 -437830
4530 -437830
4535 -437830
4540 -437830
4545 -437830
4550 -437830
4555 -437830
4560 -437830
4565 -437830
4570 -437830
4575 -437830
4580 -437830
4585 -437830
4590 -437830
4595 -437830
4600 -437830
4605 -437830
4610 -437830
4615 -437830
4620 -437830
4625 -437830
4630 -437830
4635 -437830
4640 -437830
4645 -437830
4650 -437830
4655 -437830
4660 -437830
4665 -437830
4670 -437830
4675 -437830
4680 -437830
4685 -437830
4690 -437830
4695 -437830
4700 -437830
4705 -437830
4710 -437830
4715 -437830
4720 -437830
4725 -437830
4730 -437830
4735 -437830
4740 -437830
4745 -437830
4750 -437830
4755 -437830
4760 -437830
4765 -437830
4770 -437830
4775 -437830
4780 -437830
4785 -437830
4790 -437830
4795 -437830
4800 -437830
4805 -437830
4810 -437830
4815 -437830
4820 -437830
4825 -437830
4830 -437830
4835 -437830
4840 -437830
4845 -437830
4850 -437830
4855 -437830
4860 -437830
4865 -437830
4870 -437830
4875 -437830
4880 -437830
4885 -437830
4890 -437830
4895 -437830
4900 -437830
4905 -437830
4910 -437830
4915 -437830
4920 -437830
4925 -437830
4930 -437830
4935 -437830
4940 -437830
4945 -437830
4950 -437830
4955 -437830
4960 -437830
4965 -437830
4970 -437830
4975 -437830
4980 -437830
4985 -437830
4990 -437830
4995 -437830
5000 -437830
5005 -437830
5010 -437830
5015 -437830
5020 -437830
5025 -437830
5030 -437830
5035 -437830
5040 -437830
5045 -437830
5050 -437830
5055 -437830
5060 -437830
5065 -437830
5070 -437830
5075 -437830
5080 -437830
5085 -437830
5090 -437830
5095 -437830
5100 -437830
5105 -437830
5110 -437830
5115 -437830
5120 -437830
5125 -437830
5130 -437830
5135 -437830
5140 -437830
5145 -437830
5150 -437830
5155 -437830
5160 -437830
5165 -437830
5170 -437830
5175 -437830
5180 -437830
5185 -437830
5190 -437830
5195 -437830
5200 -437830
5205 -437830
5210 -437830
5215 -437830
5220 -437830
5225 -437830
5230 -437830
5235 -437830
5240 -437830
5245 -437830
5250 -437830
5255 -437830
5260 -437830
5265 -437830
5270 -437830
5275 -437830
5280 -437830
5285 -437830
5290 -437830
5295 -437830
5300 -437830
5305 -437830
5310 -437830
5315 -437830
5320 -437830
5325 -437830
5330 -437830
5335 -437830
5340 -437830
5345 -437830
5350 -437830
5355 -437830
5360 -437830
5365 -437830
5370 -437830
5375 -437830
5380 -437830
5385 -437830
5390 -437830
5395 -437830
5400 -437830
5405 -437830
5410 -437830
5415 -437830
5420 -437830
5425 -437830
5430 -437830
5435 -437830
5440 -437830
5445 -437830
5450 -437830
5455 -437830
5460 -437830
5465 -437830
5470 -437830
5475 -437830
5480 -437830
5485 -437830
5490 -437830
5495 -437830
5500 -437830
5505 -437830
5510 -437830
5515 -437830
5520 -437830
5525 -437830
5530 -437830
5535 -437830
5540 -437830
5545 -437830
5550 -437830
5555 -437830
5560 -437830
5565 -437830
5570 -437830
5575 -437830
5580 -437830
5585 -437830
5590 -437830
5595 -437830
5600 -437830
5605 -437830
5610 -437830
5615 -437830
5620 -437830
5625 -437830
5630 -437830
5635 -437830
5640 -437830
5645 -437830
5650 -437830
5655 -437830
5660 -437830
5665 -437830
5670 -437830
5675 -437830
5680 -437830
5685 -437830
5690 -437830
5695 -437830
5700 -437830
5705 -437830
5710 -437830
5715 -437830
5720 -437830
5725 -437830
5730 -437830
5735 -437830
5740 -437830
5745 -437830
5750 -437830
5755 -437830
5760 -437830
5765 -437830
5770 -437830
5775 -437830
5780 -437830
5785 -437830
5790 -437830
5795 -437830
5800 -437830
5805 -437830
5810 -437830
5815 -437830
5820 -437830
5825 -437830
5830 -437830
5835 -437830
5840 -437830
5845 -437830
5850 -437830
5855 -437830
5860 -437830
5865 -437830
5870 -437830
5875 -437830
5880 -437830
5885 -437830
5890 -437830
5895 -437830
5900 -437830
5905 -437830
5910 -437830
5915 -437830
5920 -437830
5925 -437830
5930 -437830
5935 -437830
5940 -437830
5945 -437830
5950 -437830
5955 -437830
5960 -437830
5965 -437830
5970 -437830
5975 -437830
5980 -437830
5985 -437830
5990 -437830
5995 -437830
6000 -437830
6005 -437830
6010 -437830
6015 -437830
6020 -437830
6025 -437830
6030 -437830
6035 -437830
6040 -437830
6045 -437830
6050 -437830
6055 -437830
6060 -437830
6065 -437830
6070 -437830
6075 -437830
6080 -437830
6085 -437830
6090 -437830
6095 -437830
6100 -437830
6105 -437830
6110 -437830
6115 -437830
6120 -437830
6125 -437830
6130 -437830
6135 -437830
6140 -437830
6145 -437830
6150 -437830
6155 -437830
6160 -437830
6165 -437830
6170 -437830
6175 -437830
6180 -437830
6185 -437830
6190 -437830
6195 -437830
6200 -437830
6205 -437830
6210 -437830
6215 -437830
6220 -437830
6225 -437830
6230 -437830
6235 -437830
6240 -437830
6245 -437830
6250 -437830
6255 -437830
6260 -437830
6265 -437830
6270 -437830
6275 -437830
6280 -437830
6285 -437830
6290 -437830
6295 -437830
6300 -437830
6305 -437830
6310 -437830
6315 -437830
6320 -437830
6325 -437830
6330 -437830
6335 -437830
6340 -437830
6345 -437830
6350 -437830
6355 -437830
6360 -437830
6365 -437830
6370 -437830
6375 -437830
6380 -437830
6385 -437830
6390 -437830
6395 -437830
6400 -437830
6405 -437830
6410 -437830
6415 -437830
6420 -437830
6425 -437830
6430 -437830
6435 -437830
6440 -437830
6445 -437830
6450 -437830
6455 -437830
6460 -437830
6465 -437830
6470 -437830
6475 -437830
6480 -437830
6485 -437830
6490 -437830
6495 -437830
6500 -437830
6505 -437830
6510 -437830
6515 -437830
6520 -437830
6525 -437830
6530 -437830
6535 -437830
6540 -437830
6545 -437830
6550 -437830
6555 -437830
6560 -437830
6565 -437830
6570 -437830
6575 -437830
6580 -437830
6585 -437830
6590 -437830
6595 -437830
6600 -437830
6605 -437830
6610 -437830
6615 -437830
6620 -437830
6625 -437830
6630 -437830
6635 -437830
6640 -437830
6645 -437830
6650 -437830
6655 -437830
6660 -437830
6665 -437830
6670 -437830
6675 -437830
6680 -437830
6685 -437830
6690 -437830
6695 -437830
6700 -437830
6705 -437830
6710 -437830
6715 -437830
6720 -437830
6725 -437830
6730 -437830
6735 -437830
6740 -437830
6745 -437830
6750 -437830
6755 -437830
6760 -437830
6765 -437830
6770 -437830
6775 -437830
6780 -437830
6785 -437830
6790 -437830
6795 -437830
6800 -437830
6805 -437830
6810 -437830
6815 -437830
6820 -437830
6825 -437830
6830 -437830
6835 -437830
6840 -437830
6845 -437830
6850 -437830
6855 -437830
6860 -437830
6865 -437830
6870 -437830
6875 -437830
6880 -437830
6885 -437830
6890 -437830
6895 -437830
6900 -437830
6905 -437830
6910 -437830
6915 -437830
6920 -437830
6925 -437830
6930 -437830
6935 -437830
6940 -437830
6945 -437830
6950 -437830
6955 -437830
6960 -437830
6965 -437830
6970 -437830
6975 -437830
6980 -437830
6985 -437830
6990 -437830
6995 -437830
7000 -437830
7005 -437830
7010 -437830
7015 -437830
7020 -437830
7025 -437830
7030 -437830
7035 -437830
7040 -437830
7045 -437830
7050 -437830
7055 -437830
7060 -437830
7065 -437830
7070 -437830
7075 -437830
7080 -437830
7085 -437830
7090 -437830
7095 -437830
7100 -437830
7105 -437830
7110 -437830
7115 -437830
7120 -437830
7125 -437830
7130 -437830
7135 -437830
7140 -437830
7145 -437830
7150 -437830
7155 -437830
7160 -437830
7165 -437830
7170 -437830
7175 -437830
7180 -437830
7185 -437830
7190 -437830
7195 -437830
7200 -437830
7205 -437830
7210 -437830
7215 -437830
7220 -437830
7225 -437830
7230 -437830
7235 -437830
7240 -437830
7245 -437830
7250 -437830
7255 -437830
7260 -437830
7265 -437830
7270 -437830
7275 -437830
7280 -437830
7285 -437830
7290 -437830
7295 -437830
7300 -437830
7305 -437830
7310 -437830
7315 -437830
7320 -437830
7325 -437830
7330 -437830
7335 -437830
7340 -437830
7345 -437830
7350 -437830
7355 -437830
7360 -437830
7365 -437830
7370 -437830
7375 -437830
7380 -437830
7385 -437830
7390 -437830
7395 -437830
7400 -437830
7405 -437830
7410 -437830
7415 -437830
7420 -437830
7425 -437830
7430 -437830
7435 -437830
7440 -437830
7445 -437830
7450 -437830
7455 -437830
7460 -437830
7465 -437830
7470 -437830
7475 -437830
7480 -437830
7485 -437830
7490 -437830
7495 -437830
7500 -437830
7505 -437830
7510 -437830
7515 -437830
7520 -437830
7525 -437830
7530 -437830
7535 -437830
7540 -437830
7545 -437830
7550 -437830
7555 -437830
7560 -437830
7565 -437830
7570 -437830
7575 -437830
7580 -437830
7585 -437830
7590 -437830
7595 -437830
7600 -437830
7605 -437830
7610 -437830
7615 -437830
7620 -437830
7625 -437830
7630 -437830
7635 -437830
7640 -437830
7645 -437830
7650 -437830
7655 -437830
7660 -437830
7665 -437830
7670 -437830
7675 -437830
7680 -437830
7685 -437830
7690 -437830
7695 -437830
7700 -437830
7705 -437830
7710 -437830
7715 -437830
7720 -437830
7725 -437830
7730 -437830
7735 -437830
7740 -437830
7745 -437830
7750 -437830
7755 -437830
7760 -437830
7765 -437830
7770 -437830
7775 -437830
7780 -437830
7785 -437830
7790 -437830
7795 -437830
7800 -437830
7805 -437830
7810 -437830
7815 -437830
7820 -437830
7825 -437830
7830 -437830
7835 -437830
7840 -437830
7845 -437830
7850 -437830
7855 -437830
7860 -437830
7865 -437830
7870 -437830
7875 -437830
7880 -437830
7885 -437830
7890 -437830
7895 -437830
7900 -437830
7905 -437830
7910 -437830
7915 -437830
7920 -437830
7925 -437830
7930 -437830
7935 -437830
7940 -437830
7945 -437830
7950 -437830
7955 -431878
7960 -431878
7965 -431878
7970 -431878
7975 -431878
7980 -431878
7985 -431878
7990 -431878
7995 -431878
8000 -431878
8005 -431878
8010 -431878
8015 -431878
8020 -431878
8025 -431878
8030 -431878
8035 -431878
8040 -431878
8045 -431878
8050 -431878
8055 -431878
8060 -431878
8065 -431878
8070 -431878
8075 -431878
8080 -431878
8085 -431878
8090 -431878
8095 -431878
8100 -431878
8105 -431878
8110 -431878
8115 -431878
8120 -431878
8125 -431878
8130 -431878
8135 -431878
8140 -431878
8145 -431878
8150 -431878
8155 -431878
8160 -431878
8165 -431878
8170 -431878
8175 -431878
8180 -431878
8185 -431878
8190 -431878
8195 -431878
8200 -431878
8205 -431878
8210 -431878
8215 -431878
8220 -431878
8225 -431878
8230 -431878
8235 -431878
8240 -431878
8245 -431878
8250 -431878
8255 -431878
8260 -431878
8265 -431878
8270 -431878
8275 -431878
8280 -431878
8285 -431878
8290 -431878
8295 -431878
8300 -431878
8305 -431878
8310 -431878
8315 -431878
8320 -431878
8325 -431878
8330 -431878
8335 -431878
8340 -431878
8345 -431878
8350 -431878
8355 -431878
8360 -431878
8365 -431878
8370 -431878
8375 -431878
8380 -431878
8385 -431878
8390 -431878
8395 -431878
8400 -431878
8405 -431878
8410 -431878
8415 -431878
8420 -431878
8425 -431878
8430 -431878
8435 -431878
8440 -431878
8445 -431878
8450 -431878
8455 -431878
8460 -431878
8465 -431878
8470 -431878
8475 -431878
8480 -431878
8485 -431878
8490 -431878
8495 -431878
8500 -431878
8505 -431878
8510 -431878
8515 -431878
8520 -431878
8525 -431878
8530 -431878
8535 -431878
8540 -431878
8545 -431878
8550 -431878
8555 -431878
8560 -431878
8565 -431878
8570 -431878
8575 -431878
8580 -431878
8585 -431878
8590 -431878
8595 -431878
8600 -431878
8605 -431878
8610 -431878
8615 -431878
8620 -431878
8625 -431878
8630 -431878
8635 -431878
8640 -431878
8645 -431878
8650 -431878
8655 -431878
8660 -431878
8665 -431878
8670 -431878
8675 -431878
8680 -431878
8685 -431878
8690 -431878
8695 -431878
8700 -431878
8705 -431878
8710 -431878
8715 -431878
8720 -431878
8725 -431878
8730 -431878
8735 -431878
8740 -431878
8745 -431878
8750 -431878
8755 -431878
8760 -431878
8765 -431878
8770 -431878
8775 -431878
8780 -431878
8785 -431878
8790 -431878
8795 -431878
8800 -431878
8805 -431878
8810 -431878
8815 -431878
8820 -431878
8825 -431878
8830 -431878
8835 -431878
8840 -431878
8845 -431878
8850 -431878
8855 -431878
8860 -431878
8865 -431878
8870 -431878
8875 -431878
8880 -431878
8885 -431878
8890 -431878
8895 -431878
8900 -431878
8905 -431878
8910 -431878
8915 -431878
8920 -431878
8925 -431878
8930 -431878
8935 -431878
8940 -431878
8945 -431878
8950 -431878
8955 -431878
8960 -431878
8965 -431878
8970 -431878
8975 -431878
8980 -431878
8985 -431878
8990 -431878
8995 -431878
9000 -431878
9005 -431878
9010 -431878
9015 -431878
9020 -431878
9025 -431878
9030 -431878
9035 -431878
9040 -431878
9045 -431878
9050 -431878
9055 -431878
9060 -431878
9065 -431878
9070 -431878
9075 -431878
9080 -431878
9085 -431878
9090 -431878
9095 -431878
9100 -431878
9105 -431878
9110 -431878
9115 -431878
9120 -431878
9125 -431878
9130 -431878
9135 -431878
9140 -431878
9145 -431878
9150 -431878
9155 -431878
9160 -431878
9165 -431878
9170 -431878
9175 -431878
9180 -431878
9185 -431878
9190 -431878
9195 -431878
9200 -431878
9205 -431878
9210 -431878
9215 -431878
9220 -431878
9225 -431878
9230 -431878
9235 -431878
9240 -431878
9245 -431878
9250 -431878
9255 -431878
9260 -431878
9265 -431878
9270 -431878
9275 -431878
9280 -431878
9285 -431878
9290 -431878
9295 -431878
9300 -431878
9305 -431878
9310 -431878
9315 -431878
9320 -431878
9325 -431878
9330 -431878
9335 -431878
9340 -431878
9345 -431878
9350 -431878
9355 -431878
9360 -431878
9365 -431878
9370 -431878
9375 -431878
9380 -431878
9385 -431878
9390 -431878
9395 -431878
9400 -431878
9405 -431878
9410 -431878
9415 -431878
9420 -431878
9425 -431878
9430 -431878
9435 -431878
9440 -431878
9445 -431878
9450 -431878
9455 -431878
9460 -431878
9465 -431878
9470 -431878
9475 -431878
9480 -431878
9485 -431878
9490 -431878
9495 -431878
9500 -431878
9505 -431878
9510 -431878
9515 -431878
9520 -431878
9525 -431878
9530 -431878
9535 -431878
9540 -431878
9545 -431878
9550 -431878
9555 -431878
9560 -431878
9565 -431878
9570 -431878
9575 -431878
9580 -431878
9585 -431878
9590 -431878
9595 -431878
9600 -431878
9605 -431878
9610 -431878
9615 -431878
9620 -431878
9625 -431878
9630 -431878
9635 -431878
9640 -431878
9645 -431878
9650 -431878
9655 -431878
9660 -431878
9665 -431878
9670 -431878
9675 -431878
9680 -431878
9685 -431878
9690 -431878
9695 -431878
9700 -431878
9705 -431878
9710 -431878
9715 -431878
9720 -431878
9725 -431878
9730 -431878
9735 -431878
9740 -431878
9745 -431878
9750 -431878
9755 -431878
9760 -431878
9765 -431878
9770 -431878
9775 -431878
9780 -431878
9785 -431878
9790 -431878
9795 -431878
9800 -431878
9805 -431878
9810 -431878
9815 -431878
9820 -431878
9825 -431878
9830 -431878
9835 -431878
9840 -431878
9845 -431878
9850 -431878
9855 -431878
9860 -431878
9865 -431878
9870 -431878
9875 -431878
9880 -431878
9885 -431878
9890 -431878
9895 -431878
9900 -431878
9905 -431878
9910 -431878
9915 -431878
9920 -431878
9925 -431878
9930 -431878
9935 -431878
9940 -431878
9945 -431878
9950 -431878
9955 -431878
9960 -431878
9965 -431878
9970 -431878
9975 -431878
9980 -431878
9985 -431878
9990 -431878
9995 -431878
10000 -431878
10005 -431878
10010 -431878
10015 -431878
10020 -431878
10025 -431878
10030 -431878
10035 -431878
10040 -431878
10045 -431878
10050 -431878
10055 -431878
10060 -431878
10065 -431878
10070 -431878
10075 -431878
10080 -431878
10085 -431878
10090 -431878
10095 -431878
10100 -431878
10105 -431878
10110 -431878
10115 -431878
10120 -431878
10125 -431878
10130 -431878
10135 -431878
10140 -431878
10145 -431878
10150 -431878
10155 -431878
10160 -431878
10165 -431878
10170 -431878
10175 -431878
10180 -431878
10185 -431878
10190 -431878
10195 -431878
10200 -431878
10205 -431878
10210 -431878
10215 -431878
10220 -431878
10225 -431878
10230 -431878
10235 -431878
10240 -431878
10245 -431878
10250 -431878
10255 -431878
10260 -431878
10265 -431878
10270 -431878
10275 -431878
10280 -431878
10285 -431878
10290 -431878
10295 -431878
10300 -431878
10305 -431878
10310 -431878
10315 -431878
10320 -431878
10325 -431878
10330 -431878
10335 -431878
10340 -431878
10345 -431878
10350 -431878
10355 -431878
10360 -431878
10365 -431878
10370 -431878
10375 -431878
10380 -431878
10385 -431878
10390 -431878
10395 -431878
10400 -431878
10405 -431878
10410 -431878
10415 -431878
10420 -431878
10425 -431878
10430 -431878
10435 -431878
10440 -431878
10445 -431878
10450 -431878
10455 -431878
10460 -431878
10465 -431878
10470 -431878
10475 -431878
10480 -431878
10485 -431878
10490 -431878
10495 -431878
10500 -431878
10505 -431878
10510 -431878
10515 -431878
10520 -431878
10525 -431878
10530 -431878
10535 -431878
10540 -431878
10545 -431878
10550 -431878
10555 -431878
10560 -431878
10565 -431878
10570 -431878
10575 -431878
10580 -431878
10585 -431878
10590 -431878
10595 -431878
10600 -431878
10605 -431878
10610 -431878
10615 -431878
10620 -431878
10625 -431878
10630 -431878
10635 -431878
10640 -431878
10645 -431878
10650 -431878
10655 -431878
10660 -431878
10665 -431878
10670 -431878
10675 -431878
10680 -431878
10685 -431878
10690 -431878
10695 -431878
10700 -431878
10705 -431878
10710 -431878
10715 -431878
10720 -431878
10725 -431878
10730 -431878
10735 -431878
10740 -431878
10745 -431878
10750 -431878
10755 -431878
10760 -431878
10765 -431878
10770 -431878
10775 -431878
10780 -431878
10785 -431878
10790 -431878
10795 -431878
10800 -431878
10805 -431878
10810 -431878
10815 -431878
10820 -431878
10825 -431878
10830 -431878
10835 -431878
10840 -431878
10845 -431878
10850 -431878
10855 -431878
10860 -431878
10865 -431878
10870 -431878
10875 -431878
10880 -431878
10885 -431878
10890 -431878
10895 -431878
10900 -431878
10905 -431878
10910 -431878
10915 -431878
10920 -431878
10925 -431878
10930 -431878
10935 -431878
10940 -431878
10945 -431878
10950 -431878
10955 -431878
10960 -431878
10965 -431878
10970 -431878
10975 -431878
10980 -431878
10985 -431878
10990 -431878
10995 -431878
11000 -431878
11005 -431878
11010 -431878
11015 -431878
11020 -431878
11025 -431878
11030 -431878
11035 -431878
11040 -431878
11045 -431878
11050 -431878
11055 -431878
11060 -431878
11065 -431878
11070 -431878
11075 -431878
11080 -431878
11085 -431878
11090 -431878
11095 -431878
11100 -431878
11105 -431878
11110 -431878
11115 -431878
11120 -431878
11125 -431878
11130 -431878
11135 -431878
11140 -431878
11145 -431878
11150 -431878
11155 -431878
11160 -431878
11165 -431878
11170 -431878
11175 -431878
11180 -431878
11185 -431878
11190 -431878
11195 -431878
11200 -431878
11205 -431878
11210 -431878
11215 -431878
11220 -431878
11225 -431878
11230 -431878
11235 -431878
11240 -431878
11245 -431878
11250 -431878
11255 -431878
11260 -431878
11265 -431878
11270 -431878
11275 -431878
11280 -431878
11285 -431878
11290 -431878
11295 -431878
11300 -431878
11305 -431878
11310 -431878
11315 -431878
11320 -431878
11325 -431878
11330 -431878
11335 -431878
11340 -431878
11345 -431878
11350 -431878
11355 -431878
11360 -431878
11365 -431878
11370 -431878
11375 -431878
11380 -431878
11385 -431878
11390 -431878
11395 -431878
11400 -431878
11405 -431878
11410 -431878
11415 -431878
11420 -431878
11425 -431878
11430 -431878
11435 -431878
11440 -431878
11445 -431878
11450 -431878
11455 -431878
11460 -431878
11465 -431878
11470 -431878
11475 -431878
11480 -431878
11485 -431878
11490 -431878
11495 -431878
11500 -431878
11505 -431878
11510 -431878
11515 -431878
11520 -431878
11525 -431878
11530 -431878
11535 -431878
11540 -431878
11545 -431878
11550 -431878
11555 -431878
11560 -431878
11565 -431878
11570 -431878
11575 -431878
11580 -431878
11585 -431878
11590 -431878
11595 -431878
11600 -431878
11605 -431878
11610 -431878
11615 -431878
11620 -431878
11625 -431878
11630 -431878
11635 -431878
11640 -431878
11645 -431878
11650 -431878
11655 -431878
11660 -431878
11665 -431878
11670 -431878
11675 -431878
11680 -431878
11685 -431878
11690 -431878
11695 -431878
11700 -431878
11705 -431878
11710 -431878
11715 -431878
11720 -431878
11725 -431878
11730 -431878
11735 -431878
11740 -431878
11745 -431878
11750 -431878
11755 -431878
11760 -431878
11765 -431878
11770 -431878
11775 -431878
11780 -431878
11785 -431878
11790 -431878
11795 -431878
11800 -431878
11805 -431878
11810 -431878
11815 -431878
11820 -431878
11825 -431878
11830 -431878
11835 -431878
11840 -431878
11845 -431878
11850 -431878
11855 -431878
11860 -431878
11865 -431878
11870 -431878
11875 -431878
11880 -431878
11885 -431878
11890 -431878
11895 -431878
11900 -431878
11905 -431878
11910 -431878
11915 -431878
11920 -431878
11925 -431878
11930 -431878
11935 -431878
11940 -431878
11945 -431878
11950 -431878
11955 -431878
11960 -431878
11965 -431878
11970 -431878
11975 -431878
11980 -431878
11985 -431878
11990 -431878
11995 -431878
12000 -431878
12005 -431878
12010 -431878
12015 -431878
12020 -431878
12025 -431878
12030 -431878
12035 -431878
12040 -431878
12045 -431878
12050 -431878
12055 -431878
12060 -431878
12065 -431878
12070 -431878
12075 -431878
12080 -431878
12085 -431878
12090 -431878
12095 -431878
12100 -431878
12105 -431878
12110 -431878
12115 -431878
12120 -431878
12125 -431878
12130 -431878
12135 -431878
12140 -431878
12145 -431878
12150 -431878
12155 -431878
12160 -431878
12165 -431878
12170 -431878
12175 -431878
12180 -431878
12185 -431878
12190 -431878
12195 -431878
12200 -431878
12205 -431878
12210 -431878
12215 -431878
12220 -431878
12225 -431878
12230 -431878
12235 -431878
12240 -431878
12245 -431878
12250 -431878
12255 -431878
12260 -431878
12265 -431878
12270 -431878
12275 -431878
12280 -431878
12285 -431878
12290 -431878
12295 -431878
12300 -431878
12305 -431878
12310 -431878
12315 -431878
12320 -431878
12325 -431878
12330 -431878
12335 -431878
12340 -431878
12345 -431878
12350 -431878
12355 -431878
12360 -431878
12365 -431878
12370 -431878
12375 -431878
12380 -431878
12385 -431878
12390 -431878
12395 -431878
12400 -431878
12405 -431878
12410 -431878
12415 -431878
12420 -431878
12425 -431878
12430 -431878
12435 -431878
12440 -431878
12445 -431878
12450 -431878
12455 -431878
12460 -431878
12465 -431878
12470 -431878
12475 -431878
12480 -431878
12485 -431878
12490 -431878
12495 -431878
12500 -431878
12505 -431878
12510 -431878
12515 -431878
12520 -431878
12525 -431878
12530 -431878
12535 -431878
12540 -431878
12545 -431878
12550 -431878
12555 -431878
12560 -431878
12565 -431878
12570 -431878
12575 -431878
12580 -431878
12585 -431878
12590 -431878
12595 -431878
12600 -431878
12605 -431878
12610 -431878
12615 -431878
12620 -431878
12625 -431878
12630 -431878
12635 -431878
12640 -431878
12645 -431878
12650 -431878
12655 -431878
12660 -431878
12665 -431878
12670 -431878
12675 -431878
12680 -431878
12685 -431878
12690 -431878
12695 -431878
12700 -431878
12705 -431878
12710 -431878
12715 -431878
12720 -431878
12725 -431878
12730 -431878
12735 -431878
12740 -431878
12745 -431878
12750 -431878
12755 -431878
12760 -431878
12765 -431878
12770 -431878
12775 -431878
12780 -431878
12785 -431878
12790 -431878
12795 -431878
12800 -431878
12805 -431878
12810 -431878
12815 -431878
12820 -431878
12825 -431878
12830 -431878
12835 -431878
12840 -431878
12845 -431878
12850 -431878
12855 -431878
12860 -431878
12865 -431878
12870 -431878
12875 -431878
12880 -431878
12885 -431878
12890 -431878
12895 -431878
12900 -431878
12905 -431878
12910 -431878
12915 -431878
12920 -431878
12925 -431878
12930 -431878
12935 -431878
12940 -431878
12945 -431878
12950 -431878
12955 -431878
12960 -431878
12965 -431878
12970 -431878
12975 -431878
12980 -431878
12985 -431878
12990 -431878
12995 -431878
13000 -431878
13005 -431878
13010 -431878
13015 -431878
13020 -431878
13025 -431878
13030 -431878
13035 -431878
13040 -431878
13045 -431878
13050 -431878
13055 -431878
13060 -431878
13065 -431878
13070 -431878
13075 -431878
13080 -431878
13085 -431878
13090 -431878
13095 -431878
13100 -431878
13105 -431878
13110 -431878
13115 -431878
13120 -431878
13125 -431878
13130 -431878
13135 -431878
13140 -431878
13145 -431878
13150 -431878
13155 -431878
13160 -431878
13165 -431878
13170 -431878
13175 -431878
13180 -431878
13185 -431878
13190 -431878
13195 -431878
13200 -431878
13205 -431878
13210 -431878
13215 -431878
13220 -431878
13225 -431878
13230 -431878
13235 -431878
13240 -431878
13245 -431878
13250 -431878
13255 -431878
13260 -431878
13265 -431878
13270 -431878
13275 -431878
13280 -431878
13285 -431878
13290 -431878
13295 -431878
13300 -431878
13305 -431878
13310 -431878
13315 -431878
13320 -431878
13325 -431878
13330 -431878
13335 -431878
13340 -431878
13345 -431878
13350 -431878
13355 -431878
13360 -431878
13365 -431878
13370 -431878
13375 -431878
13380 -431878
13385 -431878
13390 -431878
13395 -431878
13400 -431878
13405 -431878
13410 -431878
13415 -431878
13420 -431878
13425 -431878
13430 -431878
13435 -431878
13440 -431878
13445 -431878
13450 -431878
13455 -431878
13460 -431878
13465 -431878
13470 -431878
13475 -431878
13480 -431878
13485 -431878
13490 -431878
13495 -431878
13500 -431878
13505 -431878
13510 -431878
13515 -431878
13520 -431878
13525 -431878
13530 -431878
13535 -431878
13540 -431878
13545 -431878
13550 -431878
13555 -431878
13560 -431878
13565 -431878
13570 -431878
13575 -431878
13580 -431878
13585 -431878
13590 -431878
13595 -431878
13600 -431878
13605 -431878
13610 -431878
13615 -431878
13620 -431878
13625 -431878
13630 -431878
13635 -431878
13640 -431878
13645 -431878
13650 -431878
13655 -431878
13660 -431878
13665 -431878
13670 -431878
13675 -431878
13680 -431878
13685 -431878
13690 -431878
13695 -431878
13700 -431878
13705 -431878
13710 -431878
13715 -431878
13720 -431878
13725 -431878
13730 -431878
13735 -431878
13740 -431878
13745 -431878
13750 -431878
13755 -431878
13760 -431878
13765 -431878
13770 -431878
13775 -431878
13780 -431878
13785 -431878
13790 -431878
13795 -431878
13800 -431878
13805 -431878
13810 -431878
13815 -431878
13820 -431878
13825 -431878
13830 -431878
13835 -431878
13840 -431878
13845 -431878
13850 -431878
13855 -431878
13860 -431878
13865 -431878
13870 -431878
13875 -431878
13880 -431878
13885 -431878
13890 -431878
13895 -431878
13900 -431878
13905 -431878
13910 -431878
13915 -431878
13920 -431878
13925 -431878
13930 -431878
13935 -431878
13940 -431878
13945 -431878
13950 -431878
13955 -431878
13960 -431878
13965 -431878
13970 -431878
13975 -431878
13980 -431878
13985 -431878
13990 -431878
13995 -431878
14000 -431878
14005 -431878
14010 -431878
14015 -431878
14020 -431878
14025 -431878
14030 -431878
14035 -431878
14040 -431878
14045 -431878
14050 -431878
14055 -431878
14060 -431878
14065 -431878
14070 -431878
14075 -431878
14080 -431878
14085 -431878
14090 -431878
14095 -431878
14100 -431878
14105 -431878
14110 -431878
14115 -431878
14120 -431878
14125 -431878
14130 -431878
14135 -431878
14140 -431878
14145 -431878
14150 -431878
14155 -431878
14160 -431878
14165 -431878
14170 -431878
14175 -431878
14180 -431878
14185 -431878
14190 -431878
14195 -431878
14200 -431878
14205 -431878
14210 -431878
14215 -431878
14220 -431878
14225 -431878
14230 -431878
14235 -431878
14240 -431878
14245 -431878
14250 -431878
14255 -431878
14260 -431878
14265 -431878
14270 -431878
14275 -431878
14280 -431878
14285 -431878
14290 -431878
14295 -431878
14300 -431878
14305 -431878
14310 -431878
14315 -431878
14320 -431878
14325 -431878
14330 -431878
14335 -431878
14340 -431878
14345 -431878
14350 -431878
14355 -431878
14360 -431878
14365 -431878
14370 -431878
14375 -431878
14380 -431878
14385 -431878
14390 -431878
14395 -431878
14400 -431878
14405 -431878
14410 -431878
14415 -431878
14420 -431878
14425 -431878
14430 -431878
14435 -431878
14440 -431878
14445 -431878
14450 -431878
14455 -431878
14460 -431878
14465 -431878
14470 -431878
14475 -431878
14480 -431878
14485 -431878
14490 -431878
14495 -431878
14500 -431878
14505 -431878
14510 -431878
14515 -431878
14520 -431878
14525 -431878
14530 -431878
14535 -431878
14540 -431878
14545 -431878
14550 -431878
14555 -431878
14560 -431878
14565 -431878
14570 -431878
14575 -431878
14580 -431878
14585 -431878
14590 -431878
14595 -431878
14600 -431878
14605 -431878
14610 -431878
14615 -431878
14620 -431878
14625 -431878
14630 -431878
14635 -431878
14640 -431878
14645 -431878
14650 -431878
14655 -431878
14660 -431878
14665 -431878
14670 -431878
14675 -431878
14680 -431878
14685 -431878
14690 -431878
14695 -431878
14700 -431878
14705 -431878
14710 -431878
14715 -431878
14720 -431878
14725 -431878
14730 -431878
14735 -431878
14740 -431878
14745 -431878
14750 -431878
14755 -431878
14760 -431878
14765 -431878
14770 -431878
14775 -431878
14780 -431878
14785 -431878
14790 -431878
14795 -431878
14800 -431878
14805 -431878
14810 -431878
14815 -431878
14820 -431878
14825 -431878
14830 -431878
14835 -431878
14840 -431878
14845 -431878
14850 -431878
14855 -431878
14860 -431878
14865 -431878
14870 -431878
14875 -431878
14880 -431878
14885 -431878
14890 -431878
14895 -431878
14900 -431878
14905 -431878
14910 -431878
14915 -431878
14920 -431878
14925 -431878
14930 -431878
14935 -431878
14940 -431878
14945 -431878
14950 -431878
14955 -431878
14960 -431878
14965 -431878
14970 -431878
14975 -431878
14980 -431878
14985 -431878
14990 -431878
14995 -431878
15000 -431878
15005 -431878
15010 -431878
15015 -431878
15020 -431878
15025 -431878
15030 -431878
15035 -431878
15040 -431878
15045 -431878
15050 -431878
15055 -431878
15060 -431878
15065 -431878
15070 -431878
15075 -431878
15080 -431878
15085 -431878
15090 -431878
15095 -431878
15100 -431878
15105 -431878
15110 -431878
15115 -431878
15120 -431878
15125 -431878
15130 -431878
15135 -431878
15140 -431878
15145 -431878
15150 -431878
15155 -431878
15160 -431878
15165 -431878
15170 -431878
15175 -431878
15180 -431878
15185 -431878
15190 -431878
15195 -431878
15200 -431878
15205 -431878
15210 -431878
15215 -431878
15220 -431878
15225 -431878
15230 -431878
15235 -431878
15240 -431878
15245 -431878
15250 -431878
15255 -431878
15260 -431878
15265 -431878
15270 -431878
15275 -431878
15280 -431878
15285 -431878
15290 -431878
15295 -431878
15300 -431878
15305 -431878
15310 -431878
15315 -431878
15320 -431878
15325 -431878
15330 -431878
15335 -431878
15340 -431878
15345 -431878
15350 -431878
15355 -431878
15360 -431878
15365 -431878
15370 -431878
15375 -431878
15380 -431878
15385 -431878
15390 -431878
15395 -431878
15400 -431878
15405 -431878
15410 -431878
15415 -431878
15420 -431878
15425 -431878
15430 -431878
15435 -431878
15440 -431878
15445 -431878
15450 -431878
15455 -431878
15460 -431878
15465 -431878
15470 -431878
15475 -431878
15480 -431878
15485 -431878
15490 -431878
15495 -431878
15500 -431878
15505 -431878
15510 -431878
15515 -431878
15520 -431878
15525 -431878
15530 -431878
15535 -431878
15540 -431878
15545 -431878
15550 -431878
15555 -431878
15560 -431878
15565 -431878
15570 -431878
15575 -431878
15580 -431878
15585 -431878
15590 -431878
15595 -431878
15600 -431878
15605 -431878
15610 -431878
15615 -431878
15620 -431878
15625 -431878
15630 -431878
15635 -431878
15640 -431878
15645 -431878
15650 -431878
15655 -431878
15660 -431878
15665 -431878
15670 -431878
15675 -431878
15680 -431878
15685 -431878
15690 -431878
15695 -431878
15700 -431878
15705 -431878
15710 -431878
15715 -431878
15720 -431878
15725 -431878
15730 -431878
15735 -431878
15740 -431878
15745 -431878
15750 -431878
15755 -431878
15760 -431878
15765 -431878
15770 -431878
15775 -431878
15780 -431878
15785 -431878
15790 -431878
15795 -431878
15800 -431878
15805 -431878
15810 -430774
15815 -430774
15820 -430774
15825 -430774
15830 -430774
15835 -430774
15840 -430774
15845 -430774
15850 -430774
15855 -430774
15860 -430774
15865 -430774
15870 -430774
15875 -430774
15880 -430774
15885 -430774
15890 -430774
15895 -430774
15900 -430774
15905 -430774
15910 -430774
15915 -430774
15920 -430774
15925 -430774
15930 -430774
15935 -430774
15940 -430774
15945 -430774
15950 -430774
15955 -430774
15960 -430774
15965 -430774
15970 -430774
15975 -430774
15980 -430774
15985 -430774
15990 -430774
15995 -430774
16000 -430774
16005 -430774
16010 -430774
16015 -430774
16020 -430774
16025 -430774
16030 -430774
16035 -430774
16040 -430774
16045 -430774
16050 -430774
16055 -430774
16060 -430774
16065 -430774
16070 -430774
16075 -430774
16080 -430774
16085 -430774
16090 -430774
16095 -430774
16100 -430774
16105 -430774
16110 -430774
16115 -430774
16120 -430774
16125 -430774
16130 -430774
16135 -430774
16140 -430774
16145 -430774
16150 -430774
16155 -430774
16160 -430774
16165 -430774
16170 -430774
16175 -430774
16180 -430774
16185 -430774
16190 -430774
16195 -430774
16200 -430774
16205 -430774
16210 -430774
16215 -430774
16220 -430774
16225 -430774
16230 -430774
16235 -430774
16240 -430774
16245 -430774
16250 -430774
16255 -430774
16260 -430774
16265 -430774
16270 -430774
16275 -430774
16280 -430774
16285 -430774
16290 -430774
16295 -430774
16300 -430774
16305 -430774
16310 -430774
16315 -430774
16320 -430774
16325 -430774
16330 -430774
16335 -430774
16340 -430774
16345 -430774
16350 -430774
16355 -430774
16360 -430774
16365 -430774
16370 -430774
16375 -430774
16380 -430774
16385 -430774
16390 -430774
16395 -430774
16400 -430774
16405 -430774
16410 -430774
16415 -430774
16420 -430774
16425 -430774
16430 -430774
16435 -430774
16440 -430774
16445 -430774
16450 -430774
16455 -430774
16460 -430774
16465 -430774
16470 -430774
16475 -430774
16480 -430774
16485 -430774
16490 -430774
16495 -430774
16500 -430774
16505 -430774
16510 -430774
16515 -430774
16520 -430774
16525 -430774
16530 -430774
16535 -430774
16540 -430774
16545 -430774
16550 -430774
16555 -430774
16560 -430774
16565 -430774
16570 -430774
16575 -430774
16580 -430774
16585 -430774
16590 -430774
16595 -430774
16600 -430774
16605 -430774
16610 -430774
16615 -430774
16620 -430774
16625 -430774
16630 -430774
16635 -430774
16640 -430774
16645 -430774
16650 -430774
16655 -430774
16660 -430774
16665 -430774
16670 -430774
16675 -430774
16680 -430774
16685 -430774
16690 -430774
16695 -430774
16700 -430774
16705 -430774
16710 -430774
16715 -430774
16720 -430774
16725 -430774
16730 -430774
16735 -430774
16740 -430774
16745 -430774
16750 -430774
16755 -430774
16760 -430774
16765 -430774
16770 -430774
16775 -430774
16780 -430774
16785 -430774
16790 -430774
16795 -430774
16800 -430774
16805 -430774
16810 -430774
16815 -430774
16820 -430774
16825 -430774
16830 -430774
16835 -430774
16840 -430774
16845 -430774
16850 -430774
16855 -430774
16860 -430774
16865 -430774
16870 -430774
16875 -430774
16880 -430774
16885 -430774
16890 -430774
16895 -430774
16900 -430774
16905 -430774
16910 -430774
16915 -430774
16920 -430774
16925 -430774
16930 -430774
16935 -430774
16940 -430774
16945 -430774
16950 -430774
16955 -430774
16960 -430774
16965 -430774
16970 -430774
16975 -430774
16980 -430774
16985 -430774
16990 -430774
16995 -430774
17000 -430774
17005 -430774
17010 -430774
17015 -430774
17020 -430774
17025 -430774
17030 -430774
17035 -430774
17040 -430774
17045 -430774
17050 -430774
17055 -430774
17060 -430774
17065 -430774
17070 -430774
17075 -430774
17080 -430774
17085 -430774
17090 -430774
17095 -430774
17100 -430774
17105 -430774
17110 -430774
17115 -430774
17120 -430774
17125 -430774
17130 -430774
17135 -430774
17140 -430774
17145 -430774
17150 -430774
17155 -430774
17160 -430774
17165 -430774
17170 -430774
17175 -430774
17180 -430774
17185 -430774
17190 -430774
17195 -430774
17200 -430774
17205 -430774
17210 -430774
17215 -430774
17220 -430774
17225 -430774
17230 -430774
17235 -430774
17240 -430774
17245 -430774
17250 -430774
17255 -430774
17260 -430774
17265 -430774
17270 -430774
17275 -430774
17280 -430774
17285 -430774
17290 -430774
17295 -430774
17300 -430774
17305 -430774
17310 -430774
17315 -430774
17320 -430774
17325 -430774
17330 -430774
17335 -430774
17340 -430774
17345 -430774
17350 -430774
17355 -430774
17360 -430774
17365 -430774
17370 -430774
17375 -430774
17380 -430774
17385 -430774
17390 -430774
17395 -430774
17400 -430774
17405 -430774
17410 -430774
17415 -430774
17420 -430774
17425 -430774
17430 -430774
17435 -430774
17440 -430774
17445 -430774
17450 -430774
17455 -430774
17460 -430774
17465 -430774
17470 -430774
17475 -430774
17480 -430774
17485 -430774
17490 -430774
17495 -430774
17500 -430774
17505 -430774
17510 -430774
17515 -430774
17520 -430774
17525 -430774
17530 -430774
17535 -430774
17540 -430774
17545 -430774
17550 -430774
17555 -430774
17560 -430774
17565 -430774
17570 -430774
17575 -430774
17580 -430774
17585 -430774
17590 -430774
17595 -430774
17600 -430774
17605 -430774
17610 -430774
17615 -430774
17620 -430774
17625 -430774
17630 -430774
17635 -430774
17640 -430774
17645 -430774
17650 -430774
17655 -430774
17660 -430774
17665 -430774
17670 -430774
17675 -430774
17680 -430774
17685 -430774
17690 -430774
17695 -430774
17700 -430774
17705 -430774
17710 -430774
17715 -430774
17720 -430774
17725 -430774
17730 -430774
17735 -430774
17740 -430774
17745 -430774
17750 -430774
17755 -430774
17760 -430774
17765 -430774
17770 -430774
17775 -430774
17780 -430774
17785 -430774
17790 -430774
17795 -430774
17800 -430774
17805 -430774
17810 -430774
17815 -430774
17820 -430774
17825 -430774
17830 -430774
17835 -430774
17840 -430774
17845 -430774
17850 -430774
17855 -430774
17860 -430774
17865 -430774
17870 -430774
17875 -430774
17880 -430774
17885 -430774
17890 -430774
17895 -430774
17900 -430774
17905 -430774
17910 -430774
17915 -430774
17920 -430774
17925 -430774
17930 -430774
17935 -430774
17940 -430774
17945 -430774
17950 -430774
17955 -430774
17960 -430774
17965 -430774
17970 -430774
17975 -430774
17980 -430774
17985 -430774
17990 -430774
17995 -430774
18000 -430774
18005 -430774
18010 -430774
18015 -430774
18020 -430774
18025 -430774
18030 -430774
18035 -430774
18040 -430774
18045 -430774
18050 -430774
18055 -430774
18060 -430774
18065 -430774
18070 -430774
18075 -430774
18080 -430774
18085 -430774
18090 -430774
18095 -430774
18100 -430774
18105 -430774
18110 -430774
18115 -430774
18120 -430774
18125 -430774
18130 -430774
18135 -430774
18140 -430774
18145 -430774
18150 -430774
18155 -430774
18160 -430774
18165 -430774
18170 -430774
18175 -430774
18180 -430774
18185 -430774
18190 -430774
18195 -430774
18200 -430774
18205 -430774
18210 -430774
18215 -430774
18220 -430774
18225 -430774
18230 -430774
18235 -430774
18240 -430774
18245 -430774
18250 -430774
18255 -430774
18260 -430774
18265 -430774
18270 -430774
18275 -430774
18280 -430774
18285 -430774
18290 -430774
18295 -430774
18300 -430774
18305 -430774
18310 -430774
18315 -430774
18320 -430774
18325 -430774
18330 -430774
18335 -430774
18340 -430774
18345 -430774
18350 -430774
18355 -430774
18360 -430774
18365 -430774
18370 -430774
18375 -430774
18380 -430774
18385 -430774
18390 -430774
18395 -430774
18400 -430774
18405 -430774
18410 -430774
18415 -430774
18420 -430774
18425 -430774
18430 -430774
18435 -430774
18440 -430774
18445 -430774
18450 -430774
18455 -430774
18460 -430774
18465 -430774
18470 -430774
18475 -430774
18480 -430774
18485 -430774
18490 -430774
18495 -430774
18500 -430774
18505 -430774
18510 -430774
18515 -430774
18520 -430774
18525 -430774
18530 -430774
18535 -430774
18540 -430774
18545 -430774
18550 -430774
18555 -430774
18560 -430774
18565 -430774
18570 -430774
18575 -430774
18580 -430774
18585 -430774
18590 -430774
18595 -430774
18600 -430774
18605 -430774
18610 -430774
18615 -430774
18620 -430774
18625 -430774
18630 -430774
18635 -430774
18640 -430774
18645 -430774
18650 -430774
18655 -430774
18660 -430774
18665 -430774
18670 -430774
18675 -430774
18680 -430774
18685 -430774
18690 -430774
18695 -430774
18700 -430774
18705 -430774
18710 -430774
18715 -430774
18720 -430774
18725 -430774
18730 -430774
18735 -430774
18740 -430774
18745 -430774
18750 -430774
18755 -430774
18760 -430774
18765 -430774
18770 -430774
18775 -430774
18780 -430774
18785 -430774
18790 -430774
18795 -430774
18800 -430774
18805 -430774
18810 -430774
18815 -430774
18820 -430774
18825 -430774
18830 -430774
18835 -430774
18840 -430774
18845 -430774
18850 -430774
18855 -430774
18860 -430774
18865 -430774
18870 -430774
18875 -430774
18880 -430774
18885 -430774
18890 -430774
18895 -430774
18900 -430774
18905 -430774
18910 -430774
18915 -430774
18920 -430774
18925 -430774
18930 -430774
18935 -430774
18940 -430774
18945 -430774
