10 -465093
15 -461192
20 -461192
25 -461192
30 -461192
35 -461192
40 -459313
45 -459313
50 -459313
55 -459313
60 -459313
65 -456316
70 -456316
75 -456316
80 -456316
85 -456316
90 -456316
95 -456316
100 -455230
105 -455230
110 -455230
115 -455230
120 -455230
125 -455230
130 -455230
135 -455230
140 -455230
145 -455230
150 -455230
155 -455230
160 -455230
165 -455230
170 -455230
175 -455230
180 -455230
185 -455230
190 -455230
195 -455230
200 -455230
205 -455230
210 -455230
215 -455230
220 -455230
225 -455230
230 -455230
235 -455230
240 -455230
245 -455230
250 -455230
255 -455230
260 -455230
265 -451477
270 -451477
275 -451477
280 -451477
285 -451477
290 -451477
295 -451477
300 -451477
305 -451477
310 -451477
315 -451477
320 -451477
325 -451477
330 -451477
335 -451477
340 -451477
345 -451477
350 -451477
355 -451477
360 -451477
365 -451477
370 -451477
375 -451477
380 -451477
385 -451477
390 -451477
395 -451477
400 -451477
405 -451477
410 -451477
415 -451477
420 -451477
425 -451477
430 -451477
435 -451477
440 -451477
445 -451477
450 -451477
455 -451477
460 -451477
465 -451477
470 -451477
475 -451477
480 -451477
485 -451477
490 -451477
495 -451477
500 -451477
505 -451477
510 -451477
515 -451477
520 -451477
525 -451477
530 -451477
535 -451477
540 -451477
545 -451477
550 -451477
555 -451477
560 -451477
565 -451477
570 -451477
575 -451477
580 -451477
585 -451477
590 -451477
595 -451477
600 -451477
605 -451477
610 -451477
615 -451477
620 -451477
625 -451477
630 -451477
635 -451477
640 -451477
645 -451477
650 -451477
655 -451477
660 -451477
665 -451477
670 -451477
675 -451477
680 -451477
685 -451477
690 -451477
695 -451477
700 -451477
705 -451477
710 -451477
715 -451477
720 -451477
725 -451477
730 -451477
735 -451477
740 -451477
745 -451477
750 -451477
755 -451477
760 -451477
765 -451477
770 -451477
775 -451477
780 -451477
785 -451477
790 -451477
795 -451477
800 -451477
805 -451477
810 -451477
815 -451477
820 -451477
825 -451477
830 -451477
835 -451477
840 -451477
845 -451477
850 -451477
855 -451477
860 -451477
865 -451477
870 -451477
875 -451114
880 -451114
885 -451114
890 -451114
895 -451114
900 -451114
905 -451114
910 -451114
915 -451114
920 -451114
925 -451114
930 -451114
935 -451114
940 -451114
945 -451114
950 -451114
955 -450471
960 -450471
965 -450471
970 -450471
975 -450471
980 -450471
985 -450471
990 -450471
995 -450471
1000 -450471
1005 -450471
1010 -450471
1015 -450471
1020 -447118
1025 -447118
1030 -447118
1035 -447118
1040 -447118
1045 -447118
1050 -447110
1055 -447110
1060 -447110
1065 -447110
1070 -447110
1075 -447110
1080 -447110
1085 -447110
1090 -447102
1095 -447102
1100 -447102
1105 -447102
1110 -447102
1115 -447102
1120 -447102
1125 -447102
1130 -447102
1135 -447102
1140 -447102
1145 -447102
1150 -446803
1155 -446803
1160 -446803
1165 -446803
1170 -446803
1175 -446803
1180 -446803
1185 -446803
1190 -446803
1195 -446803
1200 -446803
1205 -446803
1210 -446803
1215 -446803
1220 -445614
1225 -445614
1230 -445614
1235 -445614
1240 -445614
1245 -445614
1250 -445614
1255 -445614
1260 -445291
1265 -445291
1270 -445291
1275 -445291
1280 -445291
1285 -445291
1290 -445291
1295 -445291
1300 -445291
1305 -445291
1310 -445291
1315 -445291
1320 -445291
1325 -445291
1330 -445291
1335 -445291
1340 -445291
1345 -445291
1350 -445291
1355 -445291
1360 -445291
1365 -445291
1370 -445291
1375 -445291
1380 -445291
1385 -445291
1390 -445291
1395 -445291
1400 -445291
1405 -445291
1410 -445291
1415 -445291
1420 -445291
1425 -445291
1430 -445291
1435 -445291
1440 -445291
1445 -445291
1450 -445291
1455 -445291
1460 -445291
1465 -445291
1470 -445291
1475 -445291
1480 -445291
1485 -445291
1490 -445291
1495 -445291
1500 -445291
1505 -445291
1510 -445291
1515 -445291
1520 -445291
1525 -445291
1530 -445291
1535 -445291
1540 -445291
1545 -445291
1550 -445291
1555 -445291
1560 -445291
1565 -445291
1570 -445291
1575 -445291
1580 -445291
1585 -445291
1590 -445291
1595 -441373
1600 -441373
1605 -441373
1610 -441373
1615 -441373
1620 -441373
1625 -441373
1630 -441373
1635 -441373
1640 -441373
1645 -441373
1650 -441373
1655 -441373
1660 -441373
1665 -441373
1670 -441373
1675 -441373
1680 -441373
1685 -441373
1690 -441373
1695 -441373
1700 -441373
1705 -441373
1710 -441373
1715 -441373
1720 -441373
1725 -441373
1730 -441373
1735 -441373
1740 -441373
1745 -441373
1750 -441373
1755 -441373
1760 -441373
1765 -441373
1770 -441373
1775 -441373
1780 -441373
1785 -441373
1790 -441373
1795 -441373
1800 -441373
1805 -441373
1810 -441373
1815 -441373
1820 -441373
1825 -441373
1830 -441373
1835 -441373
1840 -441373
1845 -441373
1850 -441373
1855 -441373
1860 -441373
1865 -441373
1870 -441373
1875 -441373
1880 -441373
1885 -441373
1890 -441373
1895 -441373
1900 -441373
1905 -441373
1910 -441373
1915 -441373
1920 -441373
1925 -441373
1930 -441373
1935 -441373
1940 -441373
1945 -441373
1950 -441373
1955 -441373
1960 -441373
1965 -441373
1970 -441373
1975 -441373
1980 -441373
1985 -441373
1990 -441373
1995 -441373
2000 -441373
2005 -441373
2010 -441373
2015 -441373
2020 -441373
2025 -441373
2030 -441373
2035 -441373
2040 -441373
2045 -441373
2050 -441373
2055 -441373
2060 -441373
2065 -441373
2070 -441373
2075 -441373
2080 -441373
2085 -441373
2090 -441373
2095 -441373
2100 -441373
2105 -441373
2110 -441373
2115 -441373
2120 -441373
2125 -441373
2130 -441373
2135 -441373
2140 -441373
2145 -441373
2150 -441373
2155 -441373
2160 -441373
2165 -441373
2170 -441373
2175 -441373
2180 -441373
2185 -441373
2190 -441373
2195 -441373
2200 -441373
2205 -441373
2210 -441373
2215 -441373
2220 -441373
2225 -441373
2230 -441373
2235 -441373
2240 -441373
2245 -441373
2250 -441373
2255 -441373
2260 -441373
2265 -441373
2270 -441373
2275 -441373
2280 -441373
2285 -441373
2290 -441373
2295 -441373
2300 -441373
2305 -441373
2310 -441373
2315 -441373
2320 -441373
2325 -441373
2330 -441373
2335 -441373
2340 -441373
2345 -441373
2350 -441373
2355 -441373
2360 -441373
2365 -441373
2370 -441373
2375 -441373
2380 -441373
2385 -441373
2390 -441373
2395 -441373
2400 -441373
2405 -441373
2410 -441373
2415 -441373
2420 -441373
2425 -441373
2430 -441373
2435 -441373
2440 -441373
2445 -441373
2450 -441373
2455 -441373
2460 -441373
2465 -441373
2470 -441373
2475 -441373
2480 -441373
2485 -441373
2490 -441373
2495 -441373
2500 -441373
2505 -441373
2510 -441373
2515 -441373
2520 -441373
2525 -441373
2530 -441373
2535 -441373
2540 -441373
2545 -441373
2550 -441373
2555 -441373
2560 -441373
2565 -441373
2570 -441373
2575 -441373
2580 -441373
2585 -441373
2590 -441373
2595 -441373
2600 -441373
2605 -441373
2610 -441373
2615 -441373
2620 -441373
2625 -441373
2630 -441373
2635 -441373
2640 -441373
2645 -441373
2650 -441373
2655 -441373
2660 -441373
2665 -441373
2670 -441373
2675 -441373
2680 -441373
2685 -441373
2690 -441373
2695 -441373
2700 -441373
2705 -441373
2710 -441373
2715 -441373
2720 -441373
2725 -441373
2730 -441373
2735 -441373
2740 -441373
2745 -441373
2750 -441373
2755 -441373
2760 -441373
2765 -441373
2770 -441373
2775 -441373
2780 -441373
2785 -441373
2790 -441373
2795 -441373
2800 -441373
2805 -441373
2810 -441373
2815 -441373
2820 -441373
2825 -441373
2830 -441373
2835 -441373
2840 -441373
2845 -441373
2850 -441373
2855 -441373
2860 -441373
2865 -441373
2870 -441373
2875 -441373
2880 -441373
2885 -441373
2890 -441373
2895 -441373
2900 -441373
2905 -441373
2910 -441373
2915 -441373
2920 -441373
2925 -441373
2930 -441373
2935 -441373
2940 -441373
2945 -441373
2950 -441373
2955 -441373
2960 -441373
2965 -441373
2970 -441373
2975 -441373
2980 -441373
2985 -441373
2990 -441373
2995 -441373
3000 -441373
3005 -441373
3010 -441373
3015 -441373
3020 -441373
3025 -441373
3030 -441373
3035 -441373
3040 -441373
3045 -441373
3050 -441373
3055 -441373
3060 -441373
3065 -441373
3070 -441373
3075 -441373
3080 -441373
3085 -441373
3090 -441373
3095 -441373
3100 -441373
3105 -441373
3110 -441373
3115 -441373
3120 -441373
3125 -441373
3130 -441373
3135 -441373
3140 -441373
3145 -441373
3150 -441373
3155 -441373
3160 -441373
3165 -441373
3170 -441373
3175 -441373
3180 -441373
3185 -441373
3190 -441373
3195 -441373
3200 -441373
3205 -441373
3210 -441373
3215 -441373
3220 -441373
3225 -441373
3230 -441373
3235 -441373
3240 -441373
3245 -441373
3250 -441373
3255 -441373
3260 -441373
3265 -441373
3270 -441373
3275 -441373
3280 -441373
3285 -441373
3290 -441373
3295 -441373
3300 -441373
3305 -441373
3310 -441373
3315 -441373
3320 -441373
3325 -441373
3330 -441373
3335 -441373
3340 -441373
3345 -441373
3350 -441373
3355 -441373
3360 -441373
3365 -441373
3370 -441373
3375 -441373
3380 -441373
3385 -441373
3390 -441373
3395 -441373
3400 -441373
3405 -441373
3410 -441373
3415 -441373
3420 -441373
3425 -441373
3430 -441373
3435 -441373
3440 -441373
3445 -441373
3450 -441373
3455 -441373
3460 -441373
3465 -441373
3470 -441373
3475 -441373
3480 -441373
3485 -441373
3490 -437872
3495 -437872
3500 -437872
3505 -437872
3510 -437872
3515 -437872
3520 -437872
3525 -437872
3530 -437872
3535 -437872
3540 -437872
3545 -437872
3550 -437872
3555 -437872
3560 -437872
3565 -437872
3570 -437872
3575 -437872
3580 -437872
3585 -437872
3590 -437872
3595 -437872
3600 -437872
3605 -437872
3610 -437872
3615 -437872
3620 -437872
3625 -437872
3630 -437872
3635 -437872
3640 -437872
3645 -437872
3650 -437872
3655 -437872
3660 -437872
3665 -437872
3670 -437872
3675 -437872
3680 -437872
3685 -437872
3690 -437872
3695 -437872
3700 -437872
3705 -437872
3710 -437872
3715 -437872
3720 -437872
3725 -437872
3730 -437872
3735 -437872
3740 -437872
3745 -437872
3750 -437872
3755 -437872
3760 -437872
3765 -437872
3770 -437872
3775 -437872
3780 -437872
3785 -437872
3790 -437872
3795 -437872
3800 -437872
3805 -437872
3810 -437872
3815 -437872
3820 -437872
3825 -437872
3830 -437872
3835 -437872
3840 -437872
3845 -437872
3850 -437872
3855 -437872
3860 -437872
3865 -437872
3870 -437872
3875 -437872
3880 -437872
3885 -437872
3890 -437872
3895 -437872
3900 -437872
3905 -437872
3910 -437872
3915 -437872
3920 -437872
3925 -437872
3930 -437872
3935 -437872
3940 -437872
3945 -437872
3950 -437872
3955 -437872
3960 -437872
3965 -437872
3970 -437872
3975 -437872
3980 -437872
3985 -437872
3990 -437872
3995 -437872
4000 -437872
4005 -437872
4010 -437872
4015 -437872
4020 -437872
4025 -437872
4030 -437872
4035 -437872
4040 -437872
4045 -437872
4050 -437872
4055 -437872
4060 -437872
4065 -437872
4070 -437872
4075 -437872
4080 -437872
4085 -437872
4090 -437872
4095 -437872
4100 -437872
4105 -437872
4110 -437872
4115 -437872
4120 -437872
4125 -437872
4130 -437872
4135 -437872
4140 -437872
4145 -437872
4150 -437872
4155 -437872
4160 -437872
4165 -437872
4170 -437872
4175 -437872
4180 -437872
4185 -437872
4190 -437872
4195 -437872
4200 -437872
4205 -437872
4210 -437872
4215 -437872
4220 -437872
4225 -437872
4230 -437872
4235 -437872
4240 -437872
4245 -437872
4250 -437872
4255 -437872
4260 -437872
4265 -437872
4270 -437872
4275 -437872
4280 -437872
4285 -437872
4290 -437872
4295 -437872
4300 -437872
4305 -437872
4310 -437872
4315 -437872
4320 -437872
4325 -437872
4330 -437872
4335 -437872
4340 -437872
4345 -437872
4350 -437872
4355 -437872
4360 -437872
4365 -437872
4370 -437872
4375 -437872
4380 -437872
4385 -437872
4390 -437872
4395 -437872
4400 -437872
4405 -437872
4410 -437872
4415 -437872
4420 -437872
4425 -437872
4430 -437872
4435 -437872
4440 -437872
4445 -437872
4450 -437872
4455 -437872
4460 -437872
4465 -437872
4470 -437872
4475 -437872
4480 -437872
4485 -437872
4490 -437872
4495 -437872
4500 -437872
4505 -437872
4510 -437872
4515 -437872
4520 -437872
4525 -437872
4530 -437872
4535 -437872
4540 -437872
4545 -437872
4550 -437872
4555 -437872
4560 -437872
4565 -437872
4570 -437872
4575 -437872
4580 -437872
4585 -437872
4590 -437872
4595 -437872
4600 -437872
4605 -437872
4610 -437872
4615 -437872
4620 -437872
4625 -437872
4630 -437872
4635 -437872
4640 -437872
4645 -437872
4650 -437872
4655 -437872
4660 -437872
4665 -437872
4670 -437872
4675 -437872
4680 -437872
4685 -437872
4690 -437872
4695 -437872
4700 -437872
4705 -437872
4710 -437872
4715 -437872
4720 -437872
4725 -437872
4730 -437872
4735 -437872
4740 -437872
4745 -437872
4750 -437872
4755 -437872
4760 -437872
4765 -437872
4770 -437872
4775 -437872
4780 -437872
4785 -437872
4790 -437872
4795 -437872
4800 -437872
4805 -437872
4810 -437872
4815 -437872
4820 -437872
4825 -437872
4830 -437872
4835 -437872
4840 -437872
4845 -437872
4850 -437872
4855 -437872
4860 -437872
4865 -437872
4870 -437872
4875 -437872
4880 -437872
4885 -437872
4890 -437872
4895 -437872
4900 -437872
4905 -437872
4910 -437872
4915 -437872
4920 -437872
4925 -437872
4930 -437872
4935 -437872
4940 -437872
4945 -437872
4950 -437872
4955 -437872
4960 -437872
4965 -437872
4970 -437872
4975 -437872
4980 -437872
4985 -437872
4990 -437872
4995 -437872
5000 -437872
5005 -437872
5010 -437872
5015 -437872
5020 -437872
5025 -437872
5030 -437872
5035 -437872
5040 -437872
5045 -437872
5050 -437872
5055 -437872
5060 -437872
5065 -437872
5070 -437872
5075 -437872
5080 -437872
5085 -437872
5090 -437872
5095 -437872
5100 -437872
5105 -437872
5110 -437872
5115 -437872
5120 -437872
5125 -437872
5130 -437872
5135 -437872
5140 -437872
5145 -437872
5150 -437872
5155 -437872
5160 -437872
5165 -437872
5170 -437872
5175 -437872
5180 -437872
5185 -437872
5190 -437872
5195 -437872
5200 -437872
5205 -437872
5210 -437872
5215 -437872
5220 -437872
5225 -437872
5230 -437872
5235 -437872
5240 -437872
5245 -437872
5250 -437872
5255 -437872
5260 -437872
5265 -437872
5270 -437872
5275 -437872
5280 -437872
5285 -437872
5290 -437872
5295 -437872
5300 -437872
5305 -437872
5310 -437872
5315 -437872
5320 -437872
5325 -437872
5330 -437872
5335 -437872
5340 -437872
5345 -437872
5350 -437872
5355 -437872
5360 -437872
5365 -437872
5370 -437872
5375 -437872
5380 -437872
5385 -437872
5390 -437872
5395 -437872
5400 -437872
5405 -437872
5410 -437872
5415 -437872
5420 -437872
5425 -437872
5430 -437872
5435 -437872
5440 -437872
5445 -437872
5450 -437872
5455 -437872
5460 -437872
5465 -437872
5470 -437872
5475 -437872
5480 -437872
5485 -437872
5490 -437872
5495 -437872
5500 -437872
5505 -437872
5510 -437872
5515 -437872
5520 -437872
5525 -437872
5530 -437872
5535 -437872
5540 -437872
5545 -437872
5550 -437872
5555 -437872
5560 -437872
5565 -437872
5570 -437872
5575 -437872
5580 -437872
5585 -437872
5590 -437872
5595 -437872
5600 -437872
5605 -437872
5610 -437872
5615 -437872
5620 -437872
5625 -437872
5630 -437872
5635 -437872
5640 -437872
5645 -437872
5650 -437872
5655 -437872
5660 -437872
5665 -437872
5670 -437872
5675 -437872
5680 -437872
5685 -437872
5690 -437872
5695 -437872
5700 -437872
5705 -437872
5710 -437872
5715 -437872
5720 -437872
5725 -437872
5730 -437872
5735 -437872
5740 -437872
5745 -437872
5750 -437872
5755 -437872
5760 -437872
5765 -437872
5770 -437872
5775 -437872
5780 -437872
5785 -437872
5790 -437872
5795 -437872
5800 -437872
5805 -437872
5810 -437872
5815 -437872
5820 -437872
5825 -437872
5830 -437872
5835 -437872
5840 -437872
5845 -437872
5850 -437872
5855 -437872
5860 -437872
5865 -437872
5870 -437872
5875 -437872
5880 -437872
5885 -437872
5890 -437872
5895 -437872
5900 -437872
5905 -437872
5910 -437872
5915 -437872
5920 -437872
5925 -437872
5930 -437872
5935 -437872
5940 -437872
5945 -437872
5950 -437872
5955 -437872
5960 -437872
5965 -437872
5970 -437872
5975 -437872
5980 -437872
5985 -437872
5990 -437872
5995 -437872
6000 -437872
6005 -437872
6010 -437872
6015 -437872
6020 -437872
6025 -437872
6030 -437872
6035 -437872
6040 -437872
6045 -437872
6050 -437872
6055 -437872
6060 -437872
6065 -437872
6070 -437872
6075 -437872
6080 -437872
6085 -437872
6090 -437872
6095 -437872
6100 -437872
6105 -437872
6110 -437872
6115 -437872
6120 -437872
6125 -437872
6130 -437872
6135 -437872
6140 -437872
6145 -437872
6150 -437872
6155 -437872
6160 -437872
6165 -437872
6170 -437872
6175 -437872
6180 -437872
6185 -437872
6190 -437872
6195 -437872
6200 -437872
6205 -437872
6210 -437872
6215 -437872
6220 -437872
6225 -437872
6230 -437872
6235 -437872
6240 -437872
6245 -437872
6250 -437872
6255 -437872
6260 -437872
6265 -437872
6270 -437872
6275 -437872
6280 -437872
6285 -437872
6290 -437872
6295 -437872
6300 -437872
6305 -437872
6310 -437872
6315 -437872
6320 -437872
6325 -437872
6330 -437872
6335 -437872
6340 -437872
6345 -437872
6350 -437872
6355 -437872
6360 -437872
6365 -437872
6370 -437872
6375 -437872
6380 -437872
6385 -437872
6390 -437872
6395 -437872
6400 -437872
6405 -437872
6410 -437872
6415 -437872
6420 -437872
6425 -437872
6430 -437872
6435 -437872
6440 -437872
6445 -437872
6450 -437872
6455 -437872
6460 -437872
6465 -437872
6470 -437872
6475 -437872
6480 -437872
6485 -437872
6490 -437872
6495 -437872
6500 -437872
6505 -437872
6510 -437872
6515 -437872
6520 -437872
6525 -437872
6530 -437872
6535 -437872
6540 -437872
6545 -437872
6550 -437872
6555 -437872
6560 -437872
6565 -437872
6570 -437872
6575 -437872
6580 -437872
6585 -437872
6590 -437872
6595 -437872
6600 -437872
6605 -437872
6610 -437872
6615 -437872
6620 -437872
6625 -437872
6630 -437872
6635 -437872
6640 -437872
6645 -437872
6650 -437872
6655 -437872
6660 -437872
6665 -437872
6670 -437872
6675 -437872
6680 -437872
6685 -437872
6690 -437872
6695 -437872
6700 -437872
6705 -437872
6710 -437872
6715 -437872
6720 -437872
6725 -437872
6730 -437872
6735 -437872
6740 -437872
6745 -437872
6750 -437872
6755 -437872
6760 -437872
6765 -437872
6770 -437872
6775 -437872
6780 -437872
6785 -437872
6790 -437872
6795 -437872
6800 -437872
6805 -437872
6810 -437872
6815 -437872
6820 -437872
6825 -437872
6830 -437872
6835 -437872
6840 -437872
6845 -437872
6850 -437872
6855 -437872
6860 -437872
6865 -437872
6870 -437872
6875 -437872
6880 -437872
6885 -437872
6890 -437872
6895 -437872
6900 -437872
6905 -437872
6910 -437872
6915 -437872
6920 -437872
6925 -437872
6930 -437872
6935 -437872
6940 -437872
6945 -437872
6950 -437872
6955 -437872
6960 -437872
6965 -437872
6970 -437872
6975 -437872
6980 -437872
6985 -437872
6990 -437872
6995 -437872
7000 -437872
7005 -437872
7010 -437872
7015 -437872
7020 -437872
7025 -437872
7030 -437872
7035 -437872
7040 -437872
7045 -437872
7050 -437872
7055 -437872
7060 -437872
7065 -437872
7070 -437872
7075 -437872
7080 -437872
7085 -437872
7090 -437872
7095 -437872
7100 -437872
7105 -437872
7110 -437872
7115 -437872
7120 -437872
7125 -437872
7130 -437872
7135 -437872
7140 -437872
7145 -437872
7150 -437872
7155 -437872
7160 -437872
7165 -437872
7170 -437872
7175 -437872
7180 -437872
7185 -437872
7190 -437872
7195 -437872
7200 -437872
7205 -437872
7210 -437872
7215 -437872
7220 -437872
7225 -437872
7230 -437872
7235 -437872
7240 -437872
7245 -437872
7250 -437872
7255 -437872
7260 -437872
7265 -437872
7270 -437872
7275 -437872
7280 -437872
7285 -437872
7290 -437872
7295 -437872
7300 -437872
7305 -437872
7310 -437872
7315 -437872
7320 -437872
7325 -437872
7330 -437872
7335 -437872
7340 -437872
7345 -437872
7350 -437872
7355 -437872
7360 -437872
7365 -437872
7370 -437872
7375 -437872
7380 -437872
7385 -437872
7390 -437872
7395 -437872
7400 -437872
7405 -437872
7410 -437872
7415 -437872
7420 -437872
7425 -437872
7430 -437872
7435 -437872
7440 -437872
7445 -437872
7450 -437872
7455 -437872
7460 -437872
7465 -437872
7470 -437872
7475 -437872
7480 -437872
7485 -437872
7490 -437872
7495 -437872
7500 -437872
7505 -437872
7510 -437872
7515 -437872
7520 -437872
7525 -437872
7530 -437872
7535 -437872
7540 -437872
7545 -437872
7550 -437872
7555 -437872
7560 -437872
7565 -437872
7570 -437872
7575 -437872
7580 -437872
7585 -437872
7590 -437872
7595 -437872
7600 -437872
7605 -437872
7610 -437872
7615 -437872
7620 -437872
7625 -437872
7630 -437872
7635 -437872
7640 -437872
7645 -437872
7650 -437872
7655 -437872
7660 -437872
7665 -437872
7670 -437872
7675 -437872
7680 -437872
7685 -437872
7690 -437872
7695 -437872
7700 -437872
7705 -437872
7710 -437872
7715 -437872
7720 -437872
7725 -437872
7730 -437872
7735 -437872
7740 -437872
7745 -437872
7750 -437872
7755 -437872
7760 -437872
7765 -437872
7770 -437872
7775 -437872
7780 -437872
7785 -437872
7790 -437872
7795 -437872
7800 -437872
7805 -437872
7810 -437872
7815 -437872
7820 -437872
7825 -437872
7830 -437872
7835 -437872
7840 -437872
7845 -437872
7850 -437872
7855 -437872
7860 -437872
7865 -437872
7870 -437872
7875 -437872
7880 -437872
7885 -437872
7890 -437872
7895 -437872
7900 -437872
7905 -437872
7910 -437872
7915 -437872
7920 -437872
7925 -437872
7930 -437872
7935 -437872
7940 -437872
7945 -437872
7950 -437872
7955 -437872
7960 -437872
7965 -437872
7970 -437872
7975 -437872
7980 -437872
7985 -437872
7990 -437872
7995 -437872
8000 -437872
8005 -437872
8010 -437872
8015 -437872
8020 -437872
8025 -437872
8030 -437872
8035 -437872
8040 -437872
8045 -437872
8050 -437872
8055 -437872
8060 -437872
8065 -437872
8070 -437872
8075 -437872
8080 -437872
8085 -437872
8090 -437872
8095 -437872
8100 -437872
8105 -437872
8110 -437872
8115 -437872
8120 -437872
8125 -437872
8130 -437872
8135 -437872
8140 -437872
8145 -437872
8150 -437872
8155 -437872
8160 -437872
8165 -437872
8170 -437872
8175 -437872
8180 -437872
8185 -437872
8190 -437872
8195 -437872
8200 -437872
8205 -437872
8210 -437872
8215 -437872
8220 -437872
8225 -437872
8230 -437872
8235 -437872
8240 -437872
8245 -437872
8250 -437872
8255 -437872
8260 -437872
8265 -437872
8270 -437872
8275 -437872
8280 -437872
8285 -437872
8290 -437872
8295 -437872
8300 -437872
8305 -437872
8310 -437872
8315 -437872
8320 -437872
8325 -437872
8330 -437872
8335 -437872
8340 -437872
8345 -437872
8350 -437872
8355 -437872
8360 -437872
8365 -437872
8370 -437872
8375 -437872
8380 -437872
8385 -437872
8390 -437872
8395 -437872
8400 -437872
8405 -437872
8410 -437872
8415 -437872
8420 -437872
8425 -437872
8430 -437872
8435 -437872
8440 -437872
8445 -437872
8450 -437872
8455 -437872
8460 -437872
8465 -437872
8470 -437872
8475 -437872
8480 -437872
8485 -437872
8490 -437872
8495 -437872
8500 -437872
8505 -437872
8510 -437872
8515 -437872
8520 -437872
8525 -437872
8530 -437872
8535 -437872
8540 -437872
8545 -437872
8550 -437872
8555 -437872
8560 -437872
8565 -437872
8570 -437872
8575 -437872
8580 -437872
8585 -437872
8590 -437872
8595 -437872
8600 -437872
8605 -437872
8610 -437872
8615 -437872
8620 -437872
8625 -437872
8630 -437872
8635 -437872
8640 -437872
8645 -437872
8650 -437872
8655 -437872
8660 -437872
8665 -437872
8670 -437872
8675 -437872
8680 -437872
8685 -437872
8690 -437872
8695 -437872
8700 -437872
8705 -437872
8710 -437872
8715 -437872
8720 -437872
8725 -437872
8730 -437872
8735 -437872
8740 -437872
8745 -437872
8750 -437872
8755 -437872
8760 -437872
8765 -437872
8770 -437872
8775 -437872
8780 -437872
8785 -437872
8790 -437872
8795 -437872
8800 -437872
8805 -437872
8810 -437872
8815 -437872
8820 -437872
8825 -437872
8830 -437872
8835 -437872
8840 -437872
8845 -437872
8850 -437872
8855 -437872
8860 -437872
8865 -437872
8870 -437872
8875 -437872
8880 -437872
8885 -437872
8890 -437872
8895 -437872
8900 -437872
8905 -437872
8910 -437872
8915 -437872
8920 -437872
8925 -437872
8930 -437872
8935 -437872
8940 -437872
8945 -437872
8950 -437872
8955 -437872
8960 -437872
8965 -437872
8970 -437872
8975 -437872
8980 -437872
8985 -437872
8990 -437872
8995 -437872
9000 -437872
9005 -437872
9010 -437872
9015 -437872
9020 -437872
9025 -437872
9030 -437872
9035 -437872
9040 -437872
9045 -437872
9050 -437872
9055 -437872
9060 -437872
9065 -437872
9070 -437872
9075 -437872
9080 -437872
9085 -437872
9090 -437872
9095 -437872
9100 -437872
9105 -437872
9110 -437872
9115 -437872
9120 -437872
9125 -437872
9130 -437872
9135 -437872
9140 -437872
9145 -437872
9150 -437872
9155 -437872
9160 -437872
9165 -437872
9170 -437872
9175 -437872
9180 -437872
9185 -437872
9190 -437872
9195 -437872
9200 -437872
9205 -437872
9210 -437872
9215 -437872
9220 -437872
9225 -437872
9230 -437872
9235 -437872
9240 -437872
9245 -437872
9250 -437872
9255 -437872
9260 -437872
9265 -437872
9270 -437872
9275 -437872
9280 -437872
9285 -437872
9290 -437872
9295 -437872
9300 -437872
9305 -437872
9310 -437872
9315 -437872
9320 -437872
9325 -437872
9330 -437872
9335 -437872
9340 -437872
9345 -437872
9350 -437872
9355 -437872
9360 -437872
9365 -437872
9370 -437872
9375 -437872
9380 -437872
9385 -437872
9390 -437872
9395 -437872
9400 -437872
9405 -437872
9410 -437872
9415 -437872
9420 -437872
9425 -437872
9430 -437872
9435 -437872
9440 -437872
9445 -437872
9450 -437872
9455 -437872
9460 -437872
9465 -437872
9470 -437872
9475 -437872
9480 -437872
9485 -437872
9490 -437872
9495 -437872
9500 -437872
9505 -437872
9510 -437872
9515 -437872
9520 -437872
9525 -437872
9530 -437872
9535 -437872
9540 -437872
9545 -437872
9550 -437872
9555 -437872
9560 -437872
9565 -437872
9570 -437872
9575 -437872
9580 -437872
9585 -437872
9590 -437872
9595 -437872
9600 -437872
9605 -437872
9610 -437872
9615 -437872
9620 -437872
9625 -437872
9630 -437872
9635 -437872
9640 -437872
9645 -437872
9650 -437872
9655 -437872
9660 -437872
9665 -437872
9670 -437872
9675 -437872
9680 -437872
9685 -437872
9690 -437872
9695 -437872
9700 -437872
9705 -437872
9710 -437872
9715 -437872
9720 -437872
9725 -437872
9730 -437872
9735 -437872
9740 -437872
9745 -437872
9750 -437872
9755 -437872
9760 -437872
9765 -437872
9770 -437872
9775 -437872
9780 -437872
9785 -437872
9790 -437872
9795 -437872
9800 -437872
9805 -437872
9810 -437872
9815 -437872
9820 -437872
9825 -437872
9830 -437872
9835 -437872
9840 -437872
9845 -437872
9850 -437872
9855 -437872
9860 -437872
9865 -437872
9870 -437872
9875 -437872
9880 -437872
9885 -437872
9890 -437872
9895 -437872
9900 -437872
9905 -437872
9910 -437872
9915 -437872
9920 -437872
9925 -437872
9930 -437872
9935 -437872
9940 -437872
9945 -437872
9950 -437872
9955 -437872
9960 -437872
9965 -437872
9970 -437872
9975 -437872
9980 -437872
9985 -437872
9990 -437872
9995 -437872
10000 -437872
10005 -437872
10010 -437872
10015 -437872
10020 -437872
10025 -437872
10030 -437872
10035 -437872
10040 -437872
10045 -437872
10050 -437872
10055 -437872
10060 -437872
10065 -437872
10070 -437872
10075 -437872
10080 -437872
10085 -437872
10090 -437872
10095 -437872
10100 -437872
10105 -437872
10110 -437872
10115 -437872
10120 -437872
10125 -437872
10130 -437872
10135 -437872
10140 -437872
10145 -437872
10150 -437872
10155 -437872
10160 -437872
10165 -437872
10170 -437872
10175 -437872
10180 -437872
10185 -437872
10190 -437872
10195 -435795
10200 -435795
10205 -435795
10210 -435795
10215 -435795
10220 -435795
10225 -435795
10230 -435795
10235 -435795
10240 -435795
10245 -435795
10250 -435795
10255 -435795
10260 -435795
10265 -435795
10270 -435795
10275 -435795
10280 -435795
10285 -435795
10290 -435795
10295 -435795
10300 -435795
