20 -316189
30 -316189
40 -316189
50 -314834
60 -314622
70 -314622
80 -314622
90 -314622
100 -314622
110 -314622
120 -313089
130 -313089
140 -313089
150 -313089
160 -313089
170 -311893
180 -305598
190 -305598
200 -305598
210 -305598
220 -305598
230 -305598
240 -305598
250 -305598
260 -305598
270 -305598
280 -305598
290 -305598
300 -305598
310 -305598
320 -305598
330 -305598
340 -305598
350 -305598
360 -305598
370 -305598
380 -305598
390 -305598
400 -305598
410 -305598
420 -305598
430 -305598
440 -305598
450 -305598
460 -305598
470 -305598
480 -305598
490 -305598
500 -305598
510 -305598
520 -305598
530 -305598
540 -305598
550 -305598
560 -305598
570 -305598
580 -305598
590 -305598
600 -305598
610 -305598
620 -305598
630 -305598
640 -305598
650 -305598
660 -305598
670 -305598
680 -305598
690 -305598
700 -305598
710 -305598
720 -305598
730 -305598
740 -305292
750 -305292
760 -305292
770 -305292
780 -305292
790 -305292
800 -305292
810 -305292
820 -305292
830 -305292
840 -305292
850 -305292
860 -305292
870 -305292
880 -305292
890 -305292
900 -305292
910 -305292
920 -305292
930 -305292
940 -305292
950 -305292
960 -305292
970 -305292
980 -305292
990 -305292
1000 -305292
1010 -305292
1020 -305292
1030 -305292
1040 -305292
1050 -305292
1060 -305292
1070 -305292
1080 -305292
1090 -305292
1100 -305292
1110 -305292
1120 -304237
1130 -304237
1140 -304237
1150 -304237
1160 -304237
1170 -304237
1180 -304237
1190 -304237
1200 -304237
1210 -304237
1220 -304237
1230 -304237
1240 -304237
1250 -304237
1260 -304237
1270 -304237
1280 -304237
1290 -304237
1300 -304237
1310 -304237
1320 -304237
1330 -304237
1340 -304237
1350 -304237
1360 -304237
1370 -304237
1380 -304237
1390 -304237
1400 -304237
1410 -304237
1420 -304237
1430 -304237
1440 -304237
1450 -304237
1460 -304237
1470 -304237
1480 -304237
1490 -304237
1500 -304237
1510 -304237
1520 -304237
1530 -304237
1540 -304237
1550 -304237
1560 -304237
1570 -304237
1580 -304237
1590 -304237
1600 -304237
1610 -304237
1620 -304237
1630 -304237
1640 -304237
1650 -304237
1660 -304237
1670 -304237
1680 -304237
1690 -304237
1700 -304237
1710 -304237
1720 -304237
1730 -304237
1740 -304237
1750 -304237
1760 -304237
1770 -304237
1780 -304237
1790 -304237
1800 -304237
1810 -304237
1820 -304237
1830 -304237
1840 -304237
1850 -304237
1860 -304237
1870 -304237
1880 -304237
1890 -304237
1900 -304237
1910 -304237
1920 -304237
1930 -304237
1940 -304237
1950 -304237
1960 -304237
1970 -304237
1980 -304237
1990 -304237
2000 -304237
2010 -304237
2020 -304237
2030 -304237
2040 -304237
2050 -304237
2060 -304237
2070 -304237
2080 -304237
2090 -304237
2100 -304237
2110 -304237
2120 -304237
2130 -304237
2140 -304237
2150 -304237
2160 -304237
2170 -304237
2180 -304237
2190 -304237
2200 -304237
2210 -304237
2220 -304237
2230 -304237
2240 -304237
2250 -304237
2260 -304237
2270 -304237
2280 -304237
2290 -304237
2300 -304237
2310 -304237
2320 -304237
2330 -304237
2340 -304237
2350 -304237
2360 -304237
2370 -304237
2380 -304237
2390 -304237
2400 -304237
2410 -304237
2420 -304237
2430 -304237
2440 -304237
2450 -304237
2460 -304237
2470 -304237
2480 -304237
2490 -304237
2500 -304237
2510 -304237
2520 -304237
2530 -304237
2540 -304237
2550 -304237
2560 -304237
2570 -304237
2580 -304237
2590 -304237
2600 -304237
2610 -304237
2620 -304237
2630 -304237
2640 -304237
2650 -304237
2660 -304237
2670 -304237
2680 -304237
2690 -304237
2700 -304237
2710 -304237
2720 -304237
2730 -304237
2740 -304237
2750 -304237
2760 -302820
2770 -302820
2780 -302820
2790 -302820
2800 -302820
2810 -302820
2820 -302820
2830 -302820
2840 -302820
2850 -302820
2860 -302820
2870 -302820
2880 -302820
2890 -302820
2900 -302820
2910 -302820
2920 -302820
2930 -302820
2940 -302820
2950 -302820
2960 -302820
2970 -302820
2980 -302820
2990 -302820
3000 -302820
3010 -302820
3020 -302820
3030 -302820
3040 -302820
3050 -302820
3060 -302820
3070 -302820
3080 -302820
3090 -302820
3100 -302820
3110 -302820
3120 -302820
3130 -302820
3140 -302820
3150 -302820
3160 -302820
3170 -302820
3180 -302820
3190 -302820
3200 -302820
3210 -302820
3220 -302820
3230 -302820
3240 -302820
3250 -302820
3260 -302820
3270 -302820
3280 -302820
3290 -302820
3300 -302820
3310 -302820
3320 -302820
3330 -302820
3340 -302820
3350 -302820
3360 -302820
3370 -302820
3380 -302820
3390 -302820
3400 -302277
3410 -302277
3420 -302277
3430 -302277
3440 -302277
3450 -302277
3460 -302277
3470 -302277
3480 -302277
3490 -302277
3500 -302277
3510 -297331
3520 -297331
3530 -297331
3540 -297331
3550 -297331
3560 -297331
3570 -297331
3580 -297331
3590 -297331
3600 -297331
3610 -297331
3620 -297331
3630 -297331
3640 -297331
3650 -297331
3660 -297331
3670 -297331
3680 -297331
3690 -297331
3700 -297331
3710 -297331
3720 -297331
3730 -297331
3740 -297331
3750 -297331
3760 -297331
3770 -297331
3780 -297331
3790 -297331
3800 -297331
3810 -297331
3820 -297331
3830 -297331
3840 -297331
3850 -297331
3860 -297331
3870 -297331
3880 -297331
3890 -297331
3900 -297331
3910 -297331
3920 -297331
3930 -297331
3940 -297331
3950 -297331
3960 -297331
3970 -297331
3980 -297331
3990 -297331
4000 -297331
4010 -297331
4020 -297331
4030 -297331
4040 -297331
4050 -297331
4060 -297331
4070 -297331
4080 -297331
4090 -297331
4100 -297331
4110 -297331
4120 -297331
4130 -297331
4140 -297331
4150 -297331
4160 -297331
4170 -297331
4180 -297331
4190 -297331
4200 -297331
4210 -297331
4220 -297331
4230 -297331
4240 -297331
4250 -297331
4260 -297331
4270 -297331
4280 -297331
4290 -297331
4300 -297331
4310 -297331
4320 -297331
4330 -297331
4340 -297331
4350 -297331
4360 -297331
4370 -297331
4380 -297331
4390 -297331
4400 -297331
4410 -297331
4420 -297331
4430 -297331
4440 -297331
4450 -297331
4460 -297331
4470 -297331
4480 -297331
4490 -297331
4500 -297331
4510 -297331
4520 -297331
4530 -297331
4540 -297331
4550 -297331
4560 -297331
4570 -297331
4580 -297331
4590 -297331
4600 -297331
4610 -297331
4620 -297331
4630 -297331
4640 -297331
4650 -297331
4660 -297331
4670 -297331
4680 -297331
4690 -297331
4700 -297331
4710 -297331
4720 -297331
4730 -297331
4740 -297331
4750 -297331
4760 -297331
4770 -297331
4780 -297331
4790 -297331
4800 -297331
4810 -297331
4820 -297331
4830 -297331
4840 -297331
4850 -297331
4860 -297331
4870 -297331
4880 -297331
4890 -297331
4900 -297331
4910 -297331
4920 -297331
4930 -297331
4940 -297331
4950 -297331
4960 -297331
4970 -297331
4980 -297331
4990 -297331
5000 -297331
5010 -297331
5020 -297331
5030 -297331
5040 -297331
5050 -297331
5060 -297331
5070 -297331
5080 -297331
5090 -297331
5100 -297331
5110 -297331
5120 -297331
5130 -297331
5140 -297331
5150 -297331
5160 -297331
5170 -297331
5180 -297331
5190 -297331
5200 -297331
5210 -297331
5220 -297331
5230 -297331
5240 -297331
5250 -297331
5260 -297331
5270 -297331
5280 -297331
5290 -297331
5300 -297331
5310 -297331
5320 -297331
5330 -297331
5340 -297331
5350 -297331
5360 -297331
5370 -297331
5380 -297331
5390 -297331
5400 -297331
5410 -297331
5420 -297331
5430 -297331
5440 -297331
5450 -297331
5460 -297331
5470 -297331
5480 -297331
5490 -297331
5500 -297331
5510 -297331
5520 -297331
5530 -297331
5540 -297331
5550 -297331
5560 -297331
5570 -297331
5580 -297331
5590 -297331
5600 -297331
5610 -297331
5620 -297331
5630 -297331
5640 -297331
5650 -297331
5660 -297331
5670 -297331
5680 -297331
5690 -297331
5700 -297331
5710 -297331
5720 -297331
5730 -297331
5740 -297331
5750 -297331
5760 -297331
5770 -297331
5780 -297331
5790 -297331
5800 -297331
5810 -297331
5820 -297331
5830 -297331
5840 -297331
5850 -297331
5860 -297331
5870 -297331
5880 -297331
5890 -297331
5900 -297331
5910 -297331
5920 -297331
5930 -297331
5940 -297331
5950 -297331
5960 -297331
5970 -297331
5980 -297331
5990 -297331
6000 -297331
6010 -297331
6020 -297331
6030 -297331
6040 -297331
6050 -297331
6060 -297331
6070 -297331
6080 -297331
6090 -297331
6100 -297331
6110 -297331
6120 -297331
6130 -297331
6140 -297331
6150 -297331
6160 -297331
6170 -297331
6180 -297331
6190 -297331
6200 -297331
6210 -297331
6220 -297331
6230 -297331
6240 -297331
6250 -297331
6260 -297331
6270 -297331
6280 -297331
6290 -297331
6300 -297331
6310 -297331
6320 -297331
6330 -297331
6340 -297331
6350 -297331
6360 -297331
6370 -297331
6380 -297331
6390 -297331
6400 -297331
6410 -297331
6420 -297331
6430 -297331
6440 -297331
6450 -297331
6460 -297331
6470 -297331
6480 -297331
6490 -297331
6500 -297331
6510 -297331
6520 -297331
6530 -297331
6540 -297331
6550 -297331
6560 -297331
6570 -297331
6580 -297331
6590 -297331
6600 -297331
6610 -297331
6620 -297331
6630 -297331
6640 -297331
6650 -297331
6660 -297331
6670 -297331
6680 -297331
6690 -297331
6700 -297331
6710 -297331
6720 -297331
6730 -297331
6740 -297331
6750 -297331
6760 -297331
6770 -297331
6780 -297331
6790 -297331
6800 -297331
6810 -297331
6820 -297331
6830 -297331
6840 -297331
6850 -297331
6860 -297331
6870 -297331
6880 -297331
6890 -297331
6900 -297331
6910 -297331
6920 -297331
6930 -297331
6940 -297331
6950 -297331
6960 -297331
6970 -297331
6980 -297331
6990 -297331
7000 -297331
7010 -297331
7020 -297331
7030 -297331
7040 -297331
7050 -297331
7060 -297331
7070 -297331
7080 -297331
7090 -297331
7100 -297331
7110 -297331
7120 -297331
7130 -297331
7140 -297331
7150 -297331
7160 -297331
7170 -297331
7180 -297331
7190 -297331
7200 -297331
7210 -297331
7220 -297331
7230 -297331
7240 -297331
7250 -297331
7260 -297331
7270 -297331
7280 -297331
7290 -297331
7300 -297331
7310 -297331
7320 -297331
7330 -297331
7340 -297331
7350 -297331
7360 -297331
7370 -297331
7380 -297331
7390 -297331
7400 -297331
7410 -297331
7420 -297331
7430 -297331
7440 -297331
7450 -297331
7460 -297331
7470 -297331
7480 -297331
7490 -297331
7500 -297331
7510 -297331
7520 -297331
7530 -297331
7540 -297331
7550 -297331
7560 -297331
7570 -297331
7580 -297331
7590 -297331
7600 -297331
7610 -297331
7620 -297331
7630 -297331
7640 -297331
7650 -297331
7660 -297331
7670 -297331
7680 -297331
7690 -297331
7700 -297331
7710 -297331
7720 -297331
7730 -297331
7740 -297331
7750 -297331
7760 -297331
7770 -297331
7780 -297331
7790 -297331
7800 -297331
7810 -297331
7820 -297331
7830 -297331
7840 -297331
7850 -297331
7860 -297331
7870 -297331
7880 -297331
7890 -297331
7900 -297331
7910 -297331
7920 -297331
7930 -297331
7940 -297331
7950 -297331
7960 -297331
7970 -297331
7980 -297331
7990 -297331
8000 -297331
8010 -297331
8020 -297331
8030 -297331
8040 -297331
8050 -297331
8060 -297331
8070 -297331
8080 -297331
8090 -297331
8100 -297331
8110 -297331
8120 -297331
8130 -297331
8140 -297331
8150 -297331
8160 -297331
8170 -297331
8180 -297331
8190 -297331
8200 -297331
8210 -297331
8220 -297331
8230 -297331
8240 -297331
8250 -297331
8260 -297331
8270 -297331
8280 -297331
8290 -297331
8300 -297331
8310 -297331
8320 -297331
8330 -297331
8340 -297331
8350 -297331
8360 -297331
8370 -297331
8380 -297331
8390 -297331
8400 -297331
8410 -297331
8420 -297331
8430 -297331
8440 -297331
8450 -297331
8460 -297331
8470 -297331
8480 -297331
8490 -297331
8500 -297331
8510 -297331
8520 -297331
8530 -297331
8540 -297331
8550 -297331
8560 -297331
8570 -297331
8580 -297331
8590 -297331
8600 -297331
8610 -297331
8620 -297331
8630 -297331
8640 -297331
8650 -297331
8660 -297331
8670 -297331
8680 -297331
8690 -297331
8700 -297331
8710 -297331
8720 -297331
8730 -297331
8740 -297331
8750 -297331
8760 -297331
8770 -297331
8780 -297331
8790 -297331
8800 -297331
8810 -297331
8820 -297331
8830 -297331
8840 -297331
8850 -297331
8860 -297331
8870 -297331
8880 -297331
8890 -297331
8900 -297331
8910 -297331
8920 -297331
8930 -297331
8940 -297331
8950 -297331
8960 -297331
8970 -297331
8980 -297331
8990 -297331
9000 -297331
9010 -297331
9020 -297331
9030 -297331
9040 -297331
9050 -297331
9060 -297331
9070 -297331
9080 -297331
9090 -297331
9100 -297331
9110 -297331
9120 -297331
9130 -297331
9140 -297331
9150 -297331
9160 -297331
9170 -297331
9180 -297331
9190 -297331
9200 -297331
9210 -297331
9220 -297331
9230 -297331
9240 -297331
9250 -297331
9260 -297331
9270 -297331
9280 -297331
9290 -297331
9300 -297331
9310 -297331
9320 -297331
9330 -297331
9340 -297331
9350 -297331
9360 -297331
9370 -297331
9380 -297331
9390 -297331
9400 -297331
9410 -297331
9420 -297331
9430 -297331
9440 -297331
9450 -297331
9460 -297331
9470 -297331
9480 -297331
9490 -297331
9500 -297331
9510 -297331
9520 -297331
9530 -297331
9540 -297331
9550 -297331
9560 -297331
9570 -297331
9580 -297331
9590 -297331
9600 -297331
9610 -297331
9620 -297331
9630 -297331
9640 -297331
9650 -297331
9660 -297331
9670 -297331
9680 -297331
9690 -297331
9700 -297331
9710 -297331
9720 -297331
9730 -297331
9740 -297331
9750 -297331
9760 -297331
9770 -297331
9780 -297331
9790 -297331
9800 -297331
9810 -297331
9820 -297331
9830 -297331
9840 -297331
9850 -297331
9860 -297331
9870 -297331
9880 -297331
9890 -297331
9900 -297331
9910 -297331
9920 -297331
9930 -297331
9940 -297331
9950 -297331
9960 -297331
9970 -297331
9980 -297331
9990 -297331
10000 -297331
10010 -297331
10020 -297331
10030 -297331
10040 -297331
10050 -297331
10060 -297331
10070 -297331
10080 -297331
10090 -297331
10100 -297331
10110 -297331
10120 -297331
10130 -297331
10140 -297331
10150 -297331
10160 -297331
10170 -297331
10180 -297331
10190 -297331
10200 -297331
10210 -297331
10220 -297331
10230 -297331
10240 -297331
10250 -297331
10260 -297331
10270 -297331
10280 -297331
10290 -297331
10300 -297331
10310 -297331
10320 -297331
10330 -297331
10340 -297331
10350 -297331
10360 -297331
10370 -297331
10380 -297331
10390 -297331
10400 -297331
10410 -297331
10420 -297331
10430 -297331
10440 -297331
10450 -297331
10460 -297331
10470 -297331
10480 -297331
10490 -297331
10500 -297331
10510 -297331
10520 -297331
10530 -297331
10540 -297331
10550 -297331
10560 -297331
10570 -297331
10580 -297331
10590 -297331
10600 -297331
10610 -297331
10620 -297331
10630 -297331
10640 -297331
10650 -297331
10660 -297331
10670 -297331
10680 -297331
10690 -297331
10700 -297331
10710 -297331
10720 -297331
10730 -297331
10740 -297331
10750 -297331
10760 -297331
10770 -297331
10780 -297331
10790 -297331
10800 -297331
10810 -297331
10820 -297331
10830 -297331
10840 -297331
10850 -297331
10860 -297331
10870 -297331
10880 -297331
10890 -297331
10900 -297331
10910 -297331
10920 -297331
10930 -297331
10940 -297331
10950 -297331
10960 -297331
10970 -297331
10980 -297331
10990 -297331
11000 -297331
11010 -297331
11020 -297331
11030 -297331
11040 -297331
11050 -297331
11060 -297331
11070 -297331
11080 -297331
11090 -297331
11100 -297331
11110 -297331
11120 -297331
11130 -297331
11140 -297331
11150 -297331
11160 -297331
11170 -297331
11180 -297331
11190 -297331
11200 -297331
11210 -297331
11220 -297331
11230 -297331
11240 -297331
11250 -297331
11260 -297331
11270 -297331
11280 -297331
11290 -297331
11300 -297331
11310 -297331
11320 -297331
11330 -297331
11340 -297331
11350 -297331
11360 -297331
11370 -297331
