20 -320626
30 -318046
40 -318046
50 -317551
60 -317551
70 -317551
80 -311500
90 -311500
100 -311500
110 -311500
120 -311500
130 -311500
140 -311500
150 -311500
160 -311500
170 -308147
180 -308147
190 -308147
200 -308147
210 -308147
220 -308147
230 -308147
240 -308147
250 -308147
260 -308147
270 -308147
280 -308147
290 -308147
300 -308147
310 -308147
320 -308147
330 -308147
340 -308147
350 -308147
360 -308147
370 -308147
380 -308147
390 -308147
400 -308147
410 -308147
420 -308147
430 -308147
440 -308147
450 -308147
460 -302565
470 -302565
480 -302565
490 -302565
500 -302565
510 -302565
520 -302565
530 -302565
540 -302565
550 -302565
560 -302565
570 -302565
580 -302565
590 -302565
600 -302565
610 -302565
620 -302565
630 -302565
640 -302565
650 -302565
660 -302565
670 -302565
680 -302565
690 -302565
700 -302565
710 -302565
720 -302565
730 -302565
740 -302565
750 -302565
760 -302565
770 -302565
780 -302565
790 -302565
800 -302565
810 -302565
820 -302565
830 -302565
840 -302565
850 -302565
860 -302565
870 -302565
880 -302565
890 -302565
900 -302565
910 -302565
920 -302565
930 -302565
940 -302565
950 -302565
960 -302565
970 -302565
980 -302565
990 -302565
1000 -302565
1010 -302565
1020 -302565
1030 -302565
1040 -302565
1050 -302565
1060 -302565
1070 -302565
1080 -302565
1090 -302565
1100 -302565
1110 -302565
1120 -302565
1130 -302565
1140 -302565
1150 -302565
1160 -302565
1170 -302565
1180 -302565
1190 -302565
1200 -302565
1210 -302565
1220 -302565
1230 -302565
1240 -302565
1250 -302565
1260 -302565
1270 -302565
1280 -302565
1290 -302565
1300 -302565
1310 -302565
1320 -302565
1330 -302565
1340 -302565
1350 -302565
1360 -302565
1370 -302565
1380 -302565
1390 -302565
1400 -302565
1410 -302565
1420 -302565
1430 -302565
1440 -302565
1450 -302565
1460 -302565
1470 -302565
1480 -302565
1490 -302565
1500 -302565
1510 -302565
1520 -302565
1530 -302565
1540 -302565
1550 -302565
1560 -302565
1570 -302565
1580 -302565
1590 -302565
1600 -302565
1610 -302565
1620 -302565
1630 -302565
1640 -302565
1650 -302565
1660 -302565
1670 -302565
1680 -302565
1690 -302565
1700 -302565
1710 -302565
1720 -302565
1730 -302565
1740 -302565
1750 -302565
1760 -302565
1770 -302565
1780 -302565
1790 -302565
1800 -302565
1810 -302565
1820 -302565
1830 -302565
1840 -302565
1850 -302565
1860 -302565
1870 -302565
1880 -302565
1890 -302565
1900 -302565
1910 -302565
1920 -302565
1930 -302565
1940 -302565
1950 -302565
1960 -302565
1970 -302565
1980 -302565
1990 -302565
2000 -302565
2010 -302565
2020 -302565
2030 -302565
2040 -302565
2050 -302565
2060 -302565
2070 -302565
2080 -302565
2090 -302565
2100 -302565
2110 -302565
2120 -302565
2130 -302565
2140 -302565
2150 -302565
2160 -302565
2170 -302565
2180 -302565
2190 -302565
2200 -302565
2210 -302565
2220 -302565
2230 -302565
2240 -302565
2250 -302565
2260 -302565
2270 -302565
2280 -302565
2290 -302565
2300 -302565
2310 -302565
2320 -302565
2330 -302565
2340 -302565
2350 -302565
2360 -302565
2370 -302565
2380 -302565
2390 -302565
2400 -302565
2410 -302565
2420 -302565
2430 -302565
2440 -302565
2450 -302565
2460 -302565
2470 -302565
2480 -302565
2490 -302565
2500 -302565
2510 -302565
2520 -302565
2530 -302565
2540 -302565
2550 -302565
2560 -302565
2570 -302565
2580 -302565
2590 -302565
2600 -302565
2610 -302565
2620 -302565
2630 -302565
2640 -302565
2650 -302565
2660 -302565
2670 -302565
2680 -302565
2690 -302565
2700 -302565
2710 -302565
2720 -302565
2730 -302565
2740 -302565
2750 -302565
2760 -302565
2770 -302565
2780 -302565
2790 -302565
2800 -302565
2810 -302565
2820 -302565
2830 -302565
2840 -302565
2850 -302565
2860 -302565
2870 -302565
2880 -302565
2890 -302565
2900 -302565
2910 -302565
2920 -302565
2930 -302565
2940 -302565
2950 -302565
2960 -302565
2970 -302565
2980 -302565
2990 -302565
3000 -302565
3010 -302565
3020 -302565
3030 -302565
3040 -302565
3050 -302565
3060 -302565
3070 -302565
3080 -302565
3090 -302565
3100 -302565
3110 -302565
3120 -302565
3130 -302565
3140 -302565
3150 -302565
3160 -302565
3170 -302565
3180 -302565
3190 -302565
3200 -302565
3210 -302565
3220 -302565
3230 -302565
3240 -302565
3250 -302565
3260 -302565
3270 -302565
3280 -302565
3290 -302565
3300 -302565
3310 -302565
3320 -302565
3330 -302565
3340 -302565
3350 -302565
3360 -302565
3370 -302565
3380 -302565
3390 -302565
3400 -302565
3410 -302565
3420 -302565
3430 -302565
3440 -302565
3450 -302565
3460 -302302
3470 -302302
3480 -302302
3490 -302302
3500 -302302
3510 -302302
3520 -302302
3530 -302302
3540 -302302
3550 -302302
3560 -302302
3570 -302302
3580 -302302
3590 -302302
3600 -302302
3610 -302302
3620 -302302
3630 -302302
3640 -302302
3650 -302302
3660 -302302
3670 -302302
3680 -302302
3690 -302302
3700 -302302
3710 -302302
3720 -302302
3730 -302302
3740 -302302
3750 -302302
3760 -302302
3770 -302302
3780 -302302
3790 -302302
3800 -302302
3810 -302302
3820 -302302
3830 -302302
3840 -302302
3850 -302302
3860 -302302
3870 -302302
3880 -302302
3890 -302302
3900 -302302
3910 -302302
3920 -302302
3930 -302302
3940 -302302
3950 -302302
3960 -302302
3970 -302302
3980 -302302
3990 -302302
4000 -302302
4010 -302302
4020 -302302
4030 -302302
4040 -302302
4050 -302302
4060 -302302
4070 -302302
4080 -302302
4090 -302302
4100 -302302
4110 -302302
4120 -302302
4130 -302302
4140 -302302
4150 -302302
4160 -302302
4170 -302302
4180 -302302
4190 -302302
4200 -302302
4210 -302302
4220 -302302
4230 -302302
4240 -302302
4250 -302302
4260 -302302
4270 -302302
4280 -302302
4290 -302302
4300 -302302
4310 -302302
4320 -302302
4330 -302302
4340 -302302
4350 -302302
4360 -302302
4370 -302302
4380 -302302
4390 -302302
4400 -302302
4410 -302302
4420 -302302
4430 -302302
4440 -302302
4450 -302302
4460 -302302
4470 -302302
4480 -301856
4490 -301856
4500 -301856
4510 -301856
4520 -301856
4530 -301856
4540 -301856
4550 -301856
4560 -301856
4570 -301856
4580 -301856
4590 -301856
4600 -301856
4610 -301856
4620 -301856
4630 -301856
4640 -301856
4650 -301856
4660 -301856
4670 -301856
4680 -301856
4690 -301856
4700 -301856
4710 -301856
4720 -301856
4730 -301856
4740 -301856
4750 -301856
4760 -301856
4770 -301856
4780 -301856
4790 -301856
4800 -301856
4810 -301856
4820 -301856
4830 -301856
4840 -301856
4850 -301856
4860 -301856
4870 -301856
4880 -301856
4890 -301856
4900 -301856
4910 -301856
4920 -301856
4930 -301856
4940 -301856
4950 -301856
4960 -301856
4970 -301856
4980 -301856
4990 -301856
5000 -301856
5010 -301856
5020 -301856
5030 -301856
5040 -301856
5050 -301856
5060 -301856
5070 -301856
5080 -301856
5090 -301856
5100 -301856
5110 -301856
5120 -301856
5130 -301856
5140 -301856
5150 -301856
5160 -301856
5170 -301856
5180 -301856
5190 -301856
5200 -301856
5210 -301856
5220 -301856
5230 -301856
5240 -301856
5250 -301856
5260 -301856
5270 -301856
5280 -301856
5290 -301856
5300 -301856
5310 -301856
5320 -301856
5330 -301856
5340 -301856
5350 -301856
5360 -301856
5370 -301856
5380 -301856
5390 -301856
5400 -301856
5410 -301856
5420 -301856
5430 -301856
5440 -301856
5450 -301856
5460 -301856
5470 -301856
5480 -301856
5490 -301856
5500 -301856
5510 -301856
5520 -301856
5530 -301856
5540 -301856
5550 -301856
5560 -301856
5570 -301856
5580 -301856
5590 -301856
5600 -301856
5610 -301856
5620 -301856
5630 -301856
5640 -301856
5650 -301856
5660 -301856
5670 -301856
5680 -301856
5690 -301856
5700 -301856
5710 -301856
5720 -301856
5730 -301856
5740 -301856
5750 -301856
5760 -301856
5770 -301856
5780 -301856
5790 -301856
5800 -301856
5810 -301856
5820 -301856
5830 -301856
5840 -301856
5850 -301856
5860 -301856
5870 -301856
5880 -301856
5890 -301856
5900 -301856
5910 -301856
5920 -301856
5930 -301856
5940 -301856
5950 -301856
5960 -301856
5970 -301856
5980 -301856
5990 -301856
6000 -301856
6010 -301856
6020 -301856
6030 -301856
6040 -301856
6050 -301856
6060 -301856
6070 -301856
6080 -301856
6090 -301856
6100 -301856
6110 -301856
6120 -301856
6130 -301856
6140 -301856
6150 -301856
6160 -301856
6170 -301856
6180 -301856
6190 -301856
6200 -301856
6210 -301856
6220 -301856
6230 -301856
6240 -301856
6250 -301856
6260 -301856
6270 -301856
6280 -301856
6290 -301856
6300 -301856
6310 -301856
6320 -301856
6330 -301856
6340 -301856
6350 -301856
6360 -301048
6370 -301048
6380 -301048
6390 -301048
6400 -301048
6410 -301048
6420 -301048
6430 -301048
6440 -301048
6450 -301048
6460 -301048
6470 -301048
6480 -301048
6490 -301048
6500 -301048
6510 -301048
6520 -301048
6530 -301048
6540 -301048
6550 -301048
6560 -301048
6570 -301048
6580 -301048
6590 -301048
6600 -301048
6610 -301048
6620 -301048
6630 -301048
6640 -301048
6650 -301048
6660 -301048
6670 -301048
6680 -301048
6690 -301048
6700 -301048
6710 -301048
6720 -301048
6730 -301048
6740 -301048
6750 -301048
6760 -301048
6770 -301048
6780 -301048
6790 -301048
6800 -301048
6810 -300788
6820 -300788
6830 -300788
6840 -300788
6850 -300788
6860 -300788
6870 -300788
6880 -300788
6890 -300788
6900 -300788
6910 -300788
6920 -300788
6930 -300788
6940 -300788
6950 -300788
6960 -300788
6970 -300788
6980 -300788
6990 -300788
7000 -300788
7010 -300788
7020 -300788
7030 -300788
7040 -300788
7050 -300788
7060 -300788
7070 -300788
7080 -300788
7090 -300788
7100 -300788
7110 -300788
7120 -300788
7130 -300788
7140 -300788
7150 -300788
7160 -300788
7170 -300788
7180 -300788
7190 -300788
7200 -300788
7210 -300788
7220 -300788
7230 -300788
7240 -300788
7250 -300788
7260 -300788
7270 -300788
7280 -300788
7290 -300788
7300 -300788
7310 -300788
7320 -300788
7330 -300353
7340 -300353
7350 -300353
7360 -300353
7370 -300353
7380 -300353
7390 -300353
7400 -300353
7410 -300353
7420 -300353
7430 -300353
7440 -300353
7450 -300353
7460 -300353
7470 -300353
7480 -300353
7490 -300353
7500 -300353
7510 -300353
7520 -300353
7530 -300353
7540 -300353
7550 -300353
7560 -300353
7570 -300353
7580 -300353
7590 -300353
7600 -300353
7610 -300353
7620 -300353
7630 -300353
7640 -300353
7650 -300353
7660 -300353
7670 -300353
7680 -300353
7690 -300353
7700 -300353
7710 -300353
7720 -300353
7730 -300353
7740 -300353
7750 -300353
7760 -300353
7770 -300353
7780 -300353
7790 -300353
7800 -300353
7810 -300353
7820 -300353
7830 -300353
7840 -300353
7850 -300353
7860 -300353
7870 -300353
7880 -300353
7890 -300353
7900 -300353
7910 -300353
7920 -300353
7930 -300353
7940 -300353
7950 -300353
7960 -300353
7970 -300353
7980 -300353
7990 -300353
8000 -300353
8010 -300353
8020 -300353
8030 -300353
8040 -300353
8050 -300353
8060 -300353
8070 -300353
8080 -300353
8090 -300353
8100 -300353
8110 -300353
8120 -300353
8130 -300353
8140 -300353
8150 -300353
8160 -300353
8170 -300353
8180 -300353
8190 -300353
8200 -300353
8210 -300353
8220 -300353
8230 -300353
8240 -300353
8250 -300353
8260 -300353
8270 -300353
8280 -300353
8290 -300353
8300 -300353
8310 -300353
8320 -300353
8330 -300353
8340 -300353
8350 -300353
8360 -300353
8370 -300353
8380 -300353
8390 -300353
8400 -300353
8410 -300353
8420 -300353
8430 -300353
8440 -300353
8450 -300353
8460 -300353
8470 -300353
8480 -300353
8490 -300353
8500 -300353
8510 -300353
8520 -300353
8530 -300353
8540 -300353
8550 -300353
8560 -300353
8570 -300353
8580 -300353
8590 -300353
8600 -300353
8610 -300353
8620 -300353
8630 -300353
8640 -300353
8650 -300353
8660 -300353
8670 -300353
8680 -300353
8690 -300353
8700 -300353
8710 -300353
8720 -300353
8730 -300353
8740 -300353
8750 -300353
8760 -300353
8770 -300353
8780 -300353
8790 -300353
8800 -300353
8810 -300353
8820 -300353
8830 -300353
8840 -300353
8850 -300353
8860 -300353
8870 -300353
8880 -300353
8890 -300353
8900 -300353
8910 -300353
8920 -300353
8930 -300353
8940 -300353
8950 -300353
8960 -300353
8970 -300353
8980 -300353
8990 -300353
9000 -300353
9010 -300353
9020 -300353
9030 -300353
9040 -300353
9050 -300353
9060 -300353
9070 -300353
9080 -300353
9090 -300353
9100 -300353
9110 -300353
9120 -300353
9130 -300353
9140 -300353
9150 -300353
9160 -300353
9170 -300353
9180 -300353
9190 -300353
9200 -300353
9210 -300353
9220 -300353
9230 -300353
9240 -300353
9250 -300353
9260 -300353
9270 -300353
9280 -300353
9290 -300353
9300 -300353
9310 -300353
9320 -300353
9330 -300353
9340 -300353
9350 -300353
9360 -300353
9370 -300353
9380 -300353
9390 -300353
9400 -300353
9410 -300353
9420 -300353
9430 -300353
9440 -300353
9450 -300353
9460 -300353
9470 -300353
9480 -300353
9490 -300353
9500 -300353
9510 -300353
9520 -300353
9530 -300353
9540 -300353
9550 -300353
9560 -300353
9570 -300353
9580 -300353
9590 -300353
9600 -300353
9610 -300353
9620 -300353
9630 -300353
9640 -300353
9650 -300353
9660 -300353
9670 -300353
9680 -300353
9690 -300353
9700 -300353
9710 -300353
9720 -300353
9730 -300353
9740 -300353
9750 -300353
9760 -300353
9770 -300353
9780 -300353
9790 -300353
9800 -300353
9810 -300353
9820 -300353
9830 -300353
9840 -300353
9850 -300353
9860 -300353
9870 -300353
9880 -300353
9890 -300353
9900 -300353
9910 -300353
9920 -300353
9930 -300353
9940 -300353
9950 -300353
9960 -300353
9970 -300353
9980 -300353
9990 -300353
10000 -300353
10010 -300353
10020 -300353
10030 -300353
10040 -300353
10050 -300353
10060 -300353
10070 -300353
10080 -300353
10090 -300353
10100 -300353
10110 -300353
10120 -300353
10130 -300353
10140 -300353
10150 -300353
10160 -300353
10170 -300353
10180 -300353
10190 -300353
10200 -300353
10210 -300353
10220 -300353
10230 -300353
10240 -300353
10250 -300353
10260 -300353
10270 -300353
10280 -300353
10290 -300353
10300 -300353
10310 -300353
10320 -300353
10330 -300353
10340 -300353
10350 -300353
10360 -300353
10370 -300353
10380 -300353
10390 -300353
10400 -300353
10410 -300353
10420 -300353
10430 -300353
10440 -300353
10450 -300353
10460 -300353
10470 -300353
10480 -300353
10490 -300353
10500 -300353
10510 -300353
10520 -300353
10530 -300353
10540 -300353
10550 -300353
10560 -300353
10570 -300353
10580 -300353
10590 -300353
10600 -300353
10610 -300353
10620 -300353
10630 -300353
10640 -300353
10650 -300353
10660 -300353
10670 -300353
10680 -300353
10690 -300353
10700 -300353
10710 -300353
10720 -300353
10730 -300353
10740 -300353
10750 -300353
10760 -300353
10770 -300353
10780 -300353
10790 -300353
10800 -300353
10810 -300353
10820 -300353
10830 -300353
10840 -300353
10850 -300353
10860 -300353
10870 -300353
10880 -300353
10890 -300353
10900 -300353
10910 -300353
10920 -300353
10930 -300353
10940 -300353
10950 -300353
10960 -300353
10970 -300353
10980 -300353
10990 -300353
11000 -300353
11010 -300353
11020 -300353
11030 -300353
11040 -300353
11050 -300353
11060 -300353
11070 -300353
11080 -300353
11090 -300353
11100 -300353
11110 -300353
11120 -300353
11130 -300353
11140 -300353
11150 -300353
11160 -300353
11170 -300353
11180 -300353
11190 -300353
11200 -300353
11210 -300353
11220 -300353
11230 -300353
11240 -300353
11250 -300353
11260 -300353
11270 -300353
11280 -300353
11290 -300353
11300 -300353
11310 -300353
11320 -300353
11330 -300353
11340 -300353
11350 -300353
11360 -300353
11370 -300353
11380 -300353
11390 -300353
11400 -300353
11410 -300353
11420 -300353
11430 -300353
11440 -300353
11450 -300353
11460 -300353
11470 -300353
11480 -300353
11490 -300353
11500 -300353
11510 -300353
11520 -300353
11530 -300353
11540 -300353
11550 -300353
11560 -300353
11570 -300353
11580 -300353
11590 -300353
11600 -300353
11610 -300353
11620 -300353
11630 -300353
11640 -300353
11650 -300353
11660 -300353
11670 -300353
11680 -300353
11690 -300353
11700 -300353
11710 -300353
11720 -300353
11730 -300353
11740 -300353
11750 -300353
11760 -300353
11770 -300353
11780 -300353
11790 -300353
11800 -300353
11810 -300353
11820 -300353
11830 -300353
11840 -300353
11850 -300353
11860 -300353
11870 -300353
11880 -300353
11890 -300353
11900 -300353
11910 -300353
11920 -300353
11930 -300353
11940 -300353
11950 -300353
11960 -300353
11970 -300353
11980 -300353
11990 -300353
12000 -300353
12010 -300353
12020 -300353
12030 -300353
12040 -300353
12050 -300353
12060 -300353
12070 -300353
12080 -300353
12090 -300353
12100 -300353
12110 -300353
12120 -300353
12130 -300353
12140 -300353
12150 -300353
12160 -300353
12170 -300353
12180 -300353
12190 -300353
12200 -300353
12210 -300353
12220 -300353
12230 -300353
12240 -300353
12250 -300353
12260 -300353
12270 -300353
12280 -300353
12290 -300353
12300 -300353
12310 -300353
12320 -300353
12330 -300353
12340 -300353
12350 -300353
12360 -300353
12370 -300353
12380 -300353
12390 -300353
12400 -300353
12410 -300353
12420 -300353
12430 -300353
12440 -300353
12450 -300353
12460 -300353
12470 -300353
12480 -300353
12490 -300353
12500 -300353
12510 -300353
12520 -300353
12530 -300353
12540 -300353
12550 -300353
12560 -300353
12570 -300353
12580 -300353
12590 -300353
12600 -300353
12610 -300353
12620 -300353
12630 -300353
12640 -300353
12650 -300353
12660 -300353
12670 -300353
12680 -300353
12690 -300353
12700 -300353
12710 -300353
12720 -300353
12730 -300353
12740 -300353
12750 -300353
12760 -300353
12770 -300353
12780 -300353
12790 -300353
12800 -300353
12810 -300353
12820 -300353
12830 -300353
12840 -300353
12850 -300353
12860 -300353
12870 -300353
12880 -300353
12890 -300353
12900 -300353
12910 -300353
12920 -300353
12930 -300353
12940 -300353
12950 -300353
