10 -461523
15 -460370
20 -456687
25 -455422
30 -455422
35 -455422
40 -455422
45 -455422
50 -447475
55 -447475
60 -447475
65 -447475
70 -447475
75 -447475
80 -447475
85 -446170
90 -446170
95 -446170
100 -446170
105 -446170
110 -446170
115 -446170
120 -446170
125 -444553
130 -444553
135 -444553
140 -444553
145 -444553
150 -444553
155 -444553
160 -444553
165 -444553
170 -444553
175 -444553
180 -444553
185 -444553
190 -444553
195 -444553
200 -444553
205 -444553
210 -444553
215 -444553
220 -444553
225 -444553
230 -444553
235 -444553
240 -444553
245 -444553
250 -444553
255 -444553
260 -444553
265 -444553
270 -444553
275 -444553
280 -444553
285 -444553
290 -444553
295 -444553
300 -444553
305 -444553
310 -444553
315 -444553
320 -444553
325 -444553
330 -444553
335 -444553
340 -444553
345 -444553
350 -444553
355 -444553
360 -444553
365 -444553
370 -444553
375 -444553
380 -444553
385 -443317
390 -443317
395 -443317
400 -443317
405 -443317
410 -443317
415 -443317
420 -443317
425 -443317
430 -443317
435 -443317
440 -443317
445 -443317
450 -443317
455 -443317
460 -443317
465 -443317
470 -443317
475 -443317
480 -443317
485 -443317
490 -443317
495 -443317
500 -443317
505 -443317
510 -443317
515 -443317
520 -443317
525 -443317
530 -443317
535 -443317
540 -443317
545 -443317
550 -443317
555 -443317
560 -443317
565 -443317
570 -443317
575 -443317
580 -443317
585 -443317
590 -443317
595 -443317
600 -443317
605 -443317
610 -443317
615 -443317
620 -443317
625 -443317
630 -443317
635 -443317
640 -443317
645 -443317
650 -443317
655 -443317
660 -443317
665 -443317
670 -443317
675 -443317
680 -443317
685 -443317
690 -443317
695 -443317
700 -443317
705 -443317
710 -443317
715 -443317
720 -443317
725 -443317
730 -443317
735 -443317
740 -443317
745 -443317
750 -443317
755 -443317
760 -443317
765 -443317
770 -443317
775 -443317
780 -443317
785 -443317
790 -443317
795 -443317
800 -443317
805 -443317
810 -443317
815 -443317
820 -443317
825 -443317
830 -443317
835 -443317
840 -443317
845 -443317
850 -443317
855 -443317
860 -443317
865 -443317
870 -443317
875 -443317
880 -443317
885 -443317
890 -443317
895 -443317
900 -443317
905 -443317
910 -443317
915 -443317
920 -443317
925 -443317
930 -443317
935 -443317
940 -443317
945 -443317
950 -443317
955 -443317
960 -443317
965 -443317
970 -443317
975 -443317
980 -443317
985 -443317
990 -443317
995 -443317
1000 -443317
1005 -443317
1010 -443317
1015 -443317
1020 -443317
1025 -443317
1030 -443317
1035 -443317
1040 -443317
1045 -443317
1050 -443317
1055 -443317
1060 -443317
1065 -443317
1070 -443317
1075 -443317
1080 -443317
1085 -443317
1090 -443317
1095 -443317
1100 -443317
1105 -443317
1110 -443317
1115 -443317
1120 -443317
1125 -443317
1130 -443317
1135 -443317
1140 -443317
1145 -443317
1150 -443317
1155 -443317
1160 -443317
1165 -443317
1170 -443317
1175 -443317
1180 -443317
1185 -443317
1190 -443317
1195 -443317
1200 -443317
1205 -443317
1210 -443317
1215 -443317
1220 -443317
1225 -443317
1230 -443317
1235 -443317
1240 -443317
1245 -443317
1250 -443317
1255 -443317
1260 -443317
1265 -443317
1270 -443317
1275 -443317
1280 -443317
1285 -443317
1290 -443317
1295 -443317
1300 -443317
1305 -443317
1310 -443317
1315 -443317
1320 -443317
1325 -443317
1330 -443317
1335 -443317
1340 -443317
1345 -443317
1350 -443317
1355 -443317
1360 -443317
1365 -443317
1370 -443317
1375 -443317
1380 -443317
1385 -443317
1390 -443317
1395 -443317
1400 -443317
1405 -443317
1410 -443317
1415 -443317
1420 -443317
1425 -443317
1430 -443317
1435 -443317
1440 -443317
1445 -443317
1450 -443317
1455 -443317
1460 -443317
1465 -443317
1470 -443317
1475 -443317
1480 -443317
1485 -443317
1490 -443317
1495 -443317
1500 -443317
1505 -443317
1510 -443317
1515 -443317
1520 -443317
1525 -443317
1530 -443317
1535 -443317
1540 -443317
1545 -443317
1550 -443317
1555 -443317
1560 -443317
1565 -443317
1570 -443317
1575 -443317
1580 -443317
1585 -443317
1590 -443317
1595 -443317
1600 -443317
1605 -443317
1610 -443317
1615 -443317
1620 -443317
1625 -443317
1630 -443317
1635 -443317
1640 -443317
1645 -443317
1650 -443317
1655 -443317
1660 -443317
1665 -443317
1670 -443317
1675 -443317
1680 -443317
1685 -443317
1690 -443317
1695 -443317
1700 -443317
1705 -443317
1710 -443317
1715 -443317
1720 -443317
1725 -443317
1730 -443317
1735 -443317
1740 -443317
1745 -443317
1750 -443317
1755 -443317
1760 -443317
1765 -443317
1770 -443317
1775 -443317
1780 -443317
1785 -443317
1790 -443317
1795 -443317
1800 -443317
1805 -443317
1810 -443317
1815 -443317
1820 -443317
1825 -443317
1830 -443317
1835 -443317
1840 -443317
1845 -443317
1850 -443317
1855 -443317
1860 -443317
1865 -443317
1870 -443317
1875 -443317
1880 -443317
1885 -443317
1890 -443317
1895 -443317
1900 -443317
1905 -443317
1910 -443317
1915 -443317
1920 -443317
1925 -443317
1930 -443317
1935 -443317
1940 -443317
1945 -443317
1950 -443317
1955 -443317
1960 -443317
1965 -443317
1970 -443317
1975 -443317
1980 -443317
1985 -443317
1990 -443317
1995 -443317
2000 -443317
2005 -443317
2010 -443317
2015 -443317
2020 -443317
2025 -443317
2030 -443317
2035 -443317
2040 -443317
2045 -443317
2050 -443317
2055 -443317
2060 -443317
2065 -443317
2070 -443317
2075 -443317
2080 -443317
2085 -443317
2090 -443317
2095 -443317
2100 -443317
2105 -443317
2110 -443317
2115 -443317
2120 -443317
2125 -443317
2130 -443317
2135 -443317
2140 -443317
2145 -443317
2150 -443317
2155 -443317
2160 -443317
2165 -443317
2170 -443317
2175 -443317
2180 -443317
2185 -443317
2190 -443317
2195 -443317
2200 -443317
2205 -443317
2210 -443317
2215 -443317
2220 -443317
2225 -443317
2230 -443317
2235 -443317
2240 -443317
2245 -443317
2250 -443317
2255 -443317
2260 -443317
2265 -443317
2270 -443317
2275 -443317
2280 -443317
2285 -443317
2290 -443317
2295 -443317
2300 -443317
2305 -443317
2310 -443317
2315 -443317
2320 -443317
2325 -443317
2330 -443317
2335 -443317
2340 -443317
2345 -443317
2350 -443317
2355 -443317
2360 -443317
2365 -443317
2370 -443317
2375 -443317
2380 -443317
2385 -443317
2390 -443317
2395 -443317
2400 -443317
2405 -443317
2410 -443317
2415 -443317
2420 -443317
2425 -443317
2430 -443317
2435 -443317
2440 -443317
2445 -443317
2450 -443317
2455 -443317
2460 -443317
2465 -443317
2470 -443317
2475 -443317
2480 -443317
2485 -443317
2490 -443317
2495 -443317
2500 -443058
2505 -443058
2510 -443058
2515 -443058
2520 -443058
2525 -443058
2530 -443058
2535 -443058
2540 -443058
2545 -443058
2550 -443058
2555 -443058
2560 -443058
2565 -443058
2570 -443058
2575 -443058
2580 -443058
2585 -443058
2590 -443058
2595 -443058
2600 -443058
2605 -443058
2610 -443058
2615 -443058
2620 -443058
2625 -443058
2630 -443058
2635 -443058
2640 -443058
2645 -443058
2650 -442552
2655 -442552
2660 -442552
2665 -442552
2670 -442552
2675 -442552
2680 -442552
2685 -442552
2690 -442552
2695 -442552
2700 -442552
2705 -442552
2710 -442552
2715 -441942
2720 -441942
2725 -441942
2730 -441942
2735 -441942
2740 -441942
2745 -441942
2750 -441942
2755 -441942
2760 -441942
2765 -441942
2770 -441942
2775 -441942
2780 -441942
2785 -441942
2790 -441942
2795 -441942
2800 -441942
2805 -441942
2810 -441942
2815 -441942
2820 -441942
2825 -441942
2830 -441942
2835 -441942
2840 -441942
2845 -441942
2850 -441942
2855 -441942
2860 -441942
2865 -441942
2870 -441942
2875 -441942
2880 -441942
2885 -441942
2890 -441942
2895 -441942
2900 -441942
2905 -441942
2910 -441942
2915 -441942
2920 -441942
2925 -441942
2930 -441942
2935 -441942
2940 -441942
2945 -441942
2950 -441942
2955 -441942
2960 -441942
2965 -441942
2970 -441942
2975 -441942
2980 -441942
2985 -441942
2990 -441942
2995 -441942
3000 -441942
3005 -441942
3010 -441942
3015 -441942
3020 -441942
3025 -441942
3030 -441942
3035 -441942
3040 -441942
3045 -441942
3050 -441942
3055 -441942
3060 -441942
3065 -441942
3070 -441942
3075 -441942
3080 -441942
3085 -441942
3090 -441942
3095 -441942
3100 -441942
3105 -441942
3110 -441942
3115 -441942
3120 -441942
3125 -441942
3130 -441942
3135 -441942
3140 -441942
3145 -441942
3150 -441942
3155 -441942
3160 -441942
3165 -441942
3170 -437710
3175 -437710
3180 -437710
3185 -437710
3190 -437710
3195 -437710
3200 -437710
3205 -437710
3210 -437710
3215 -437710
3220 -437710
3225 -437710
3230 -437710
3235 -437710
3240 -437710
3245 -437710
3250 -437710
3255 -437710
3260 -437710
3265 -437710
3270 -437710
3275 -437710
3280 -437710
3285 -437710
3290 -437710
3295 -437710
3300 -437710
3305 -437710
3310 -437710
3315 -437710
3320 -437710
3325 -437710
3330 -437710
3335 -437710
3340 -437710
3345 -437710
3350 -437710
3355 -437710
3360 -437710
3365 -437710
3370 -437710
3375 -437710
3380 -437710
3385 -437710
3390 -437710
3395 -437710
3400 -437710
3405 -437710
3410 -437710
3415 -437710
3420 -437710
3425 -437710
3430 -437710
3435 -437710
3440 -437710
3445 -437710
3450 -437710
3455 -437710
3460 -437710
3465 -437710
3470 -437710
3475 -437710
3480 -437710
3485 -437710
3490 -437710
3495 -437710
3500 -437710
3505 -437710
3510 -437710
3515 -437710
3520 -437710
3525 -437710
3530 -437710
3535 -437710
3540 -437710
3545 -437710
3550 -437710
3555 -437710
3560 -437710
3565 -437710
3570 -437710
3575 -437710
3580 -437710
3585 -437710
3590 -437710
3595 -437710
3600 -437710
3605 -437710
3610 -437710
3615 -437710
3620 -437710
3625 -437710
3630 -437710
3635 -437710
3640 -437710
3645 -437710
3650 -437710
3655 -437710
3660 -437710
3665 -437710
3670 -437710
3675 -437710
3680 -437710
3685 -437710
3690 -437710
3695 -437710
3700 -437710
3705 -437710
3710 -437710
3715 -437710
3720 -437710
3725 -437710
3730 -437710
3735 -437710
3740 -437710
3745 -437710
3750 -437710
3755 -437710
3760 -437710
3765 -437710
3770 -437710
3775 -437710
3780 -437710
3785 -437710
3790 -437710
3795 -437710
3800 -437710
3805 -437710
3810 -437710
3815 -437710
3820 -437710
3825 -437710
3830 -437710
3835 -437710
3840 -437710
3845 -437710
3850 -437710
3855 -437710
3860 -437710
3865 -437710
3870 -437710
3875 -437710
3880 -437710
3885 -437710
3890 -437710
3895 -437710
3900 -437710
3905 -437710
3910 -437710
3915 -437710
3920 -437710
3925 -437710
3930 -437710
3935 -437710
3940 -437710
3945 -437710
3950 -437710
3955 -437710
3960 -437710
3965 -437710
3970 -437710
3975 -437710
3980 -437710
3985 -437710
3990 -437710
3995 -437710
4000 -437710
4005 -437710
4010 -437710
4015 -437710
4020 -437710
4025 -437710
4030 -437710
4035 -437710
4040 -437710
4045 -437710
4050 -437710
4055 -437710
4060 -437710
4065 -437710
4070 -437710
4075 -437710
4080 -437710
4085 -437710
4090 -437710
4095 -437710
4100 -437710
4105 -437710
4110 -437710
4115 -437710
4120 -437710
4125 -437710
4130 -437710
4135 -437710
4140 -437710
4145 -437710
4150 -437710
4155 -437710
4160 -437710
4165 -437710
4170 -437710
4175 -437710
4180 -437710
4185 -437710
4190 -437710
4195 -437710
4200 -437710
4205 -437710
4210 -437710
4215 -437710
4220 -437710
4225 -437710
4230 -437710
4235 -437710
4240 -437710
4245 -437710
4250 -437710
4255 -437710
4260 -437710
4265 -437710
4270 -437710
4275 -437710
4280 -437710
4285 -437710
4290 -437710
4295 -437710
4300 -437710
4305 -437710
4310 -437710
4315 -437710
4320 -437710
4325 -437710
4330 -437710
4335 -437710
4340 -437710
4345 -437710
4350 -437710
4355 -437710
4360 -437710
4365 -437710
4370 -437710
4375 -437710
4380 -437710
4385 -437710
4390 -437710
4395 -437710
4400 -437710
4405 -437710
4410 -437710
4415 -437710
4420 -437710
4425 -437710
4430 -437710
4435 -437710
4440 -437710
4445 -437710
4450 -437710
4455 -437710
4460 -437710
4465 -437710
4470 -437710
4475 -437710
4480 -437710
4485 -437710
4490 -437710
4495 -437710
4500 -437710
4505 -437710
4510 -437710
4515 -437710
4520 -437710
4525 -437710
4530 -437710
4535 -437710
4540 -437710
4545 -437710
4550 -437710
4555 -437710
4560 -437710
4565 -437710
4570 -437710
4575 -437710
4580 -437710
4585 -437710
4590 -437710
4595 -437710
4600 -437710
4605 -437710
4610 -437710
4615 -437710
4620 -437710
4625 -437710
4630 -437710
4635 -437710
4640 -437710
4645 -437710
4650 -437710
4655 -437710
4660 -437710
4665 -437710
4670 -437710
4675 -437710
4680 -437710
4685 -437710
4690 -437710
4695 -437710
4700 -437710
4705 -437710
4710 -437710
4715 -437710
4720 -437710
4725 -437710
4730 -437710
4735 -437710
4740 -437710
4745 -437710
4750 -437710
4755 -437710
4760 -437710
4765 -437710
4770 -437710
4775 -437710
4780 -437710
4785 -437710
4790 -437710
4795 -437710
4800 -437710
4805 -437710
4810 -437710
4815 -437710
4820 -437710
4825 -437710
4830 -437710
4835 -437710
4840 -437710
4845 -437710
4850 -437710
4855 -437710
4860 -437710
4865 -437710
4870 -437710
4875 -437710
4880 -437710
4885 -437710
4890 -437710
4895 -437710
4900 -437710
4905 -437710
4910 -437710
4915 -437710
4920 -437710
4925 -437710
4930 -437710
4935 -437710
4940 -437710
4945 -437710
4950 -437710
4955 -437710
4960 -437710
4965 -437710
4970 -437710
4975 -437710
4980 -437710
4985 -437710
4990 -437710
4995 -437710
5000 -437710
5005 -437710
5010 -437710
5015 -437710
5020 -437710
5025 -437710
5030 -437710
5035 -437710
5040 -437710
5045 -437710
5050 -437710
5055 -437710
5060 -437710
5065 -437710
5070 -437710
5075 -437710
5080 -437710
5085 -437710
5090 -437710
5095 -437710
5100 -437710
5105 -437710
5110 -437710
5115 -437710
5120 -437710
5125 -437710
5130 -437710
5135 -437710
5140 -437710
5145 -437710
5150 -437710
5155 -437710
5160 -437710
5165 -437710
5170 -437710
5175 -437710
5180 -437710
5185 -437710
5190 -437710
5195 -437710
5200 -437710
5205 -437710
5210 -437710
5215 -437710
5220 -437710
5225 -437710
5230 -437710
5235 -437710
5240 -437710
5245 -437710
5250 -437710
5255 -437710
5260 -437710
5265 -437710
5270 -437710
5275 -437710
