10 -460329
15 -458671
20 -451641
25 -451641
30 -451641
35 -451641
40 -451641
45 -451641
50 -446215
55 -446215
60 -446215
65 -446215
70 -446215
75 -446215
80 -446215
85 -446215
90 -446215
95 -446215
100 -446215
105 -446215
110 -446215
115 -446215
120 -446215
125 -446215
130 -446215
135 -446215
140 -446215
145 -446215
150 -446215
155 -446215
160 -446215
165 -446215
170 -446215
175 -446215
180 -446215
185 -446215
190 -446215
195 -446215
200 -446215
205 -446215
210 -446215
215 -446215
220 -446215
225 -446215
230 -446215
235 -446215
240 -446215
245 -442089
250 -442089
255 -442089
260 -442089
265 -442089
270 -442089
275 -442089
280 -442089
285 -442089
290 -442089
295 -439114
300 -439114
305 -439114
310 -439114
315 -439114
320 -439114
325 -439114
330 -439114
335 -439114
340 -439114
345 -439114
350 -439114
355 -439114
360 -439114
365 -439114
370 -439114
375 -439114
380 -439114
385 -439114
390 -439114
395 -439114
400 -439114
405 -439114
410 -439114
415 -439114
420 -439114
425 -439114
430 -439114
435 -439114
440 -439114
445 -439114
450 -439114
455 -439114
460 -439114
465 -439114
470 -439114
475 -439114
480 -439114
485 -439114
490 -439114
495 -439114
500 -439114
505 -439114
510 -439114
515 -439114
520 -439114
525 -439114
530 -439114
535 -439114
540 -439114
545 -439114
550 -439114
555 -439114
560 -439114
565 -439114
570 -439114
575 -439114
580 -439114
585 -439114
590 -439114
595 -439114
600 -439114
605 -439114
610 -439114
615 -439114
620 -439114
625 -439114
630 -439114
635 -439114
640 -439114
645 -439114
650 -439114
655 -439114
660 -439114
665 -439114
670 -439114
675 -439114
680 -439114
685 -439114
690 -439114
695 -439114
700 -439114
705 -439114
710 -439114
715 -439114
720 -439114
725 -439114
730 -439114
735 -439114
740 -439114
745 -439114
750 -439114
755 -439114
760 -439114
765 -439114
770 -439114
775 -439114
780 -439114
785 -439114
790 -439114
795 -439114
800 -439114
805 -439114
810 -439114
815 -439114
820 -439114
825 -439114
830 -439114
835 -439114
840 -439114
845 -439114
850 -439114
855 -439114
860 -439114
865 -439114
870 -439114
875 -439114
880 -439114
885 -439114
890 -439114
895 -439114
900 -439114
905 -439114
910 -439114
915 -439114
920 -439114
925 -439114
930 -439114
935 -439114
940 -439114
945 -439114
950 -439114
955 -439114
960 -439114
965 -439114
970 -439114
975 -439114
980 -439114
985 -439114
990 -439114
995 -439114
1000 -439114
1005 -439114
1010 -439114
1015 -439114
1020 -439114
1025 -439114
1030 -439114
1035 -439114
1040 -439114
1045 -439114
1050 -439114
1055 -439114
1060 -439114
1065 -439114
1070 -439114
1075 -439114
1080 -439114
1085 -439114
1090 -439114
1095 -439114
1100 -439114
1105 -439114
1110 -439114
1115 -439114
1120 -439114
1125 -439114
1130 -439114
1135 -439114
1140 -439114
1145 -439114
1150 -439114
1155 -439114
1160 -439114
1165 -439114
1170 -439114
1175 -439114
1180 -439114
1185 -439114
1190 -439114
1195 -439114
1200 -439114
1205 -439114
1210 -439114
1215 -439114
1220 -439114
1225 -439114
1230 -439114
1235 -439114
1240 -439114
1245 -439114
1250 -439114
1255 -439114
1260 -439114
1265 -439114
1270 -439114
1275 -439114
1280 -439114
1285 -439114
1290 -439114
1295 -439114
1300 -439114
1305 -439114
1310 -439114
1315 -439114
1320 -439114
1325 -439114
1330 -439114
1335 -439114
1340 -439114
1345 -439114
1350 -439114
1355 -439114
1360 -439114
1365 -439114
1370 -439114
1375 -439114
1380 -439114
1385 -439114
1390 -439114
1395 -439114
1400 -439114
1405 -439114
1410 -439114
1415 -439114
1420 -439114
1425 -439114
1430 -439114
1435 -439114
1440 -439114
1445 -439114
1450 -439114
1455 -439114
1460 -439114
1465 -439114
1470 -439114
1475 -439114
1480 -439114
1485 -439114
1490 -439114
1495 -439114
1500 -439114
1505 -439114
1510 -439114
1515 -439114
1520 -439114
1525 -439114
1530 -439114
1535 -439114
1540 -439114
1545 -439114
1550 -439114
1555 -439114
1560 -439114
1565 -439114
1570 -439114
1575 -439114
1580 -439114
1585 -439114
1590 -439114
1595 -439114
1600 -439114
1605 -439114
1610 -439114
1615 -439114
1620 -439114
1625 -439114
1630 -439114
1635 -439114
1640 -439114
1645 -439114
1650 -439114
1655 -439114
1660 -439114
1665 -439114
1670 -439114
1675 -439114
1680 -439114
1685 -439114
1690 -439114
1695 -439114
1700 -439114
1705 -439114
1710 -439114
1715 -439114
1720 -439114
1725 -439114
1730 -439114
1735 -439114
1740 -437205
1745 -437205
1750 -437205
1755 -437205
1760 -437205
1765 -437205
1770 -437205
1775 -437205
1780 -437205
1785 -437205
1790 -437205
1795 -437205
1800 -437205
1805 -437205
1810 -437205
1815 -437205
1820 -437205
1825 -437205
1830 -437205
1835 -437205
1840 -437205
1845 -437205
1850 -437205
1855 -437205
1860 -437205
1865 -437205
1870 -437205
1875 -437205
1880 -437205
1885 -437205
1890 -437205
1895 -437205
1900 -437205
1905 -437205
1910 -437205
1915 -437205
1920 -437205
1925 -437205
1930 -437205
1935 -437205
1940 -437205
1945 -437205
1950 -437205
1955 -437205
1960 -437205
1965 -437205
1970 -437205
1975 -437205
1980 -437205
1985 -437205
1990 -437205
1995 -437205
2000 -437205
2005 -437205
2010 -437205
2015 -437205
2020 -437205
2025 -437205
2030 -437205
2035 -437205
2040 -437205
2045 -437205
2050 -437205
2055 -437205
2060 -437205
2065 -437205
2070 -437205
2075 -437205
2080 -437205
2085 -437205
2090 -437205
2095 -437205
2100 -437205
2105 -437205
2110 -437205
2115 -437205
2120 -437205
2125 -437205
2130 -437205
2135 -437205
2140 -437205
2145 -437205
2150 -437205
2155 -437205
2160 -437205
2165 -437205
2170 -437205
2175 -437205
2180 -437205
2185 -437205
2190 -437205
2195 -437205
2200 -437205
2205 -437205
2210 -437205
2215 -437205
2220 -437205
2225 -437205
2230 -437205
2235 -437205
2240 -437205
2245 -437205
2250 -437205
2255 -437205
2260 -437205
2265 -437205
2270 -437205
2275 -437205
2280 -437205
2285 -437205
2290 -437205
2295 -437205
2300 -437205
2305 -437205
2310 -437205
2315 -437205
2320 -437205
2325 -437205
2330 -437205
2335 -437205
2340 -437205
2345 -437205
2350 -437205
2355 -437205
2360 -437205
2365 -437205
2370 -437205
2375 -437205
2380 -437205
2385 -437205
2390 -437205
2395 -437205
2400 -437205
2405 -437205
2410 -437205
2415 -437205
2420 -437205
2425 -437205
2430 -437205
2435 -437205
2440 -437205
2445 -437205
2450 -437205
2455 -437205
2460 -437205
2465 -437205
2470 -437205
2475 -437205
2480 -437205
2485 -437205
2490 -437205
2495 -437205
2500 -437205
2505 -437205
2510 -437205
2515 -437205
2520 -437205
2525 -437205
2530 -437205
2535 -437205
2540 -437205
2545 -437205
2550 -437205
2555 -437205
2560 -437205
2565 -437205
2570 -437205
2575 -437205
2580 -437205
2585 -437205
2590 -437205
2595 -437205
2600 -437205
2605 -437205
2610 -437205
2615 -437205
2620 -437205
2625 -437205
2630 -437205
2635 -437205
2640 -437205
2645 -437205
2650 -437205
2655 -437205
2660 -437205
2665 -437205
2670 -437205
2675 -437205
2680 -437205
2685 -437205
2690 -437205
2695 -435779
2700 -435779
2705 -435779
2710 -435779
2715 -435779
2720 -435779
2725 -435779
2730 -435779
2735 -435779
2740 -435779
2745 -435779
2750 -435779
2755 -435779
2760 -435779
2765 -435779
2770 -435779
2775 -435779
2780 -435779
2785 -435779
2790 -435779
2795 -435779
2800 -435779
2805 -435779
2810 -435779
2815 -435779
2820 -435779
2825 -435779
2830 -435779
2835 -435779
2840 -435779
2845 -435779
2850 -435779
2855 -435779
2860 -435779
2865 -435779
2870 -435779
2875 -435779
2880 -435779
2885 -435779
2890 -435779
2895 -435779
2900 -435779
2905 -435779
2910 -435779
2915 -435779
2920 -435779
2925 -435779
2930 -435779
2935 -435779
2940 -435779
2945 -435779
2950 -435779
2955 -435779
2960 -435779
2965 -435779
2970 -435779
2975 -435779
2980 -435779
2985 -435779
2990 -435779
2995 -435779
3000 -435779
3005 -435779
3010 -435779
3015 -435779
3020 -435779
3025 -435779
3030 -435779
3035 -435779
3040 -435779
3045 -435779
3050 -435779
3055 -435779
3060 -435779
3065 -435779
3070 -435779
3075 -435779
3080 -435779
3085 -435779
3090 -435779
3095 -435779
3100 -435779
3105 -433677
3110 -433677
3115 -433677
3120 -433677
3125 -433677
3130 -433677
3135 -433677
3140 -433677
3145 -433677
3150 -433677
3155 -433677
3160 -433677
3165 -433677
3170 -433677
3175 -433677
3180 -433677
3185 -433677
3190 -433677
3195 -433677
3200 -433677
3205 -433677
3210 -433677
3215 -433677
3220 -433677
3225 -433677
3230 -433677
3235 -433677
3240 -433677
3245 -433677
3250 -433677
3255 -433677
3260 -433677
3265 -433677
3270 -433677
3275 -433677
3280 -433677
3285 -433677
3290 -433677
3295 -433677
3300 -433677
3305 -433677
3310 -433677
3315 -433677
3320 -433677
3325 -433677
3330 -433677
3335 -433677
3340 -433677
3345 -433677
3350 -433677
3355 -433677
3360 -433677
3365 -433677
3370 -433677
3375 -433677
3380 -433677
3385 -433677
3390 -433677
3395 -433677
3400 -433677
3405 -433677
3410 -433677
3415 -433677
3420 -433677
3425 -433677
3430 -433677
3435 -433677
3440 -433677
3445 -433677
3450 -433677
3455 -433677
3460 -433677
3465 -433677
3470 -433677
3475 -433677
3480 -433677
3485 -433677
3490 -433677
3495 -433677
3500 -433677
3505 -433677
3510 -433677
3515 -433677
3520 -433677
3525 -433677
3530 -433677
3535 -433677
3540 -433677
3545 -433677
3550 -433677
3555 -433677
3560 -433677
3565 -433677
3570 -433677
3575 -433677
3580 -433677
3585 -433677
3590 -433677
3595 -433677
3600 -433677
3605 -433677
3610 -433677
3615 -433677
3620 -433677
3625 -433677
3630 -433677
3635 -433677
3640 -433677
3645 -433677
3650 -433677
3655 -433677
3660 -433677
3665 -433677
3670 -433677
3675 -433677
3680 -433677
3685 -433677
3690 -433677
3695 -433677
3700 -433677
3705 -433677
3710 -433677
3715 -433677
3720 -433677
3725 -433677
3730 -433677
3735 -433677
3740 -433677
3745 -433677
3750 -433677
3755 -433677
3760 -433677
3765 -433677
3770 -433677
3775 -433677
3780 -433677
3785 -433677
3790 -433677
3795 -433677
3800 -433677
3805 -433677
3810 -433677
3815 -433677
3820 -433677
3825 -433677
3830 -433677
3835 -433677
3840 -433677
3845 -433677
3850 -433677
3855 -433677
3860 -433677
3865 -433677
3870 -433677
3875 -433677
3880 -433677
3885 -433677
3890 -433677
3895 -433677
3900 -433677
3905 -433677
3910 -433677
3915 -433677
3920 -433677
3925 -433677
3930 -433677
3935 -433677
3940 -433677
3945 -433677
3950 -433677
3955 -433677
3960 -433677
3965 -433677
3970 -433677
3975 -433677
3980 -433677
3985 -433677
3990 -433677
3995 -433677
4000 -433677
4005 -433677
4010 -433677
4015 -433677
4020 -433677
4025 -433677
4030 -433677
4035 -433677
4040 -433677
4045 -433677
4050 -433677
4055 -433677
4060 -433677
4065 -433677
4070 -433677
4075 -433677
4080 -433677
4085 -433677
4090 -433677
4095 -433677
4100 -433677
4105 -433677
4110 -433677
4115 -433677
4120 -433677
4125 -433677
4130 -433677
4135 -433677
4140 -433677
4145 -433677
4150 -433677
4155 -433677
4160 -433677
4165 -433677
4170 -433677
4175 -433677
4180 -433677
4185 -433677
4190 -433677
4195 -433677
4200 -433677
4205 -433677
4210 -433677
4215 -433677
4220 -433677
4225 -433677
4230 -433677
4235 -433677
4240 -433677
4245 -433677
4250 -433677
4255 -433677
4260 -433677
4265 -433677
4270 -433677
4275 -433677
4280 -433677
4285 -433677
4290 -433677
4295 -433677
4300 -433677
4305 -433677
4310 -433677
4315 -433677
4320 -433677
4325 -433677
4330 -433677
4335 -433677
4340 -433677
4345 -433677
4350 -433677
4355 -433677
4360 -433677
4365 -433677
4370 -433677
4375 -433677
4380 -433677
4385 -433677
4390 -433677
4395 -433677
4400 -433677
4405 -433677
4410 -433677
4415 -433677
4420 -433677
4425 -433677
4430 -433677
4435 -433677
4440 -433677
4445 -433677
4450 -433677
4455 -433677
4460 -433677
4465 -433677
4470 -433677
4475 -433677
4480 -433677
4485 -433677
4490 -433677
4495 -433677
4500 -433677
4505 -433677
4510 -433677
4515 -433677
4520 -433677
4525 -433677
4530 -433677
4535 -433677
4540 -433677
4545 -433677
4550 -433677
4555 -433677
4560 -433677
4565 -433677
4570 -433677
4575 -433677
4580 -433677
4585 -433677
4590 -433677
4595 -433677
4600 -433677
4605 -433677
4610 -433677
4615 -433677
4620 -433677
4625 -433677
4630 -433677
4635 -433677
4640 -433677
4645 -433677
4650 -433677
4655 -433677
4660 -433677
4665 -433677
4670 -433677
4675 -433677
4680 -433677
4685 -433677
4690 -433677
4695 -433677
4700 -433677
4705 -433677
4710 -433677
4715 -433677
4720 -433677
4725 -433677
4730 -433677
4735 -433677
4740 -433677
4745 -433677
4750 -433677
4755 -433677
4760 -433677
4765 -433677
4770 -433677
4775 -433677
4780 -433677
4785 -433677
4790 -433677
4795 -433677
4800 -433677
4805 -433677
4810 -433677
4815 -433677
4820 -433677
4825 -433677
4830 -433677
4835 -433677
4840 -433677
4845 -433677
4850 -433677
4855 -433677
4860 -433677
4865 -433677
4870 -433677
4875 -433677
4880 -433677
4885 -433677
4890 -433677
4895 -433677
4900 -433677
4905 -433677
4910 -433677
4915 -433677
4920 -433677
4925 -433677
4930 -433677
4935 -433677
4940 -433677
4945 -433677
4950 -433677
4955 -433677
4960 -433677
4965 -433677
4970 -433677
4975 -433677
4980 -433677
4985 -433677
4990 -433677
4995 -433677
5000 -433677
5005 -433677
5010 -433677
5015 -433677
5020 -433677
5025 -433677
5030 -433677
5035 -433677
5040 -433677
5045 -433677
5050 -433677
5055 -433677
5060 -433677
5065 -433677
5070 -433677
5075 -433677
5080 -433677
5085 -433677
5090 -433677
5095 -433677
5100 -433677
5105 -433677
5110 -433677
5115 -433677
5120 -433677
5125 -433677
5130 -433677
5135 -433677
5140 -433677
5145 -433677
5150 -433677
5155 -433677
5160 -433677
5165 -433677
5170 -433677
5175 -433677
5180 -433677
5185 -433677
5190 -433677
5195 -433677
5200 -433677
5205 -433677
5210 -433677
5215 -433677
5220 -433677
5225 -433677
5230 -433677
5235 -433677
5240 -433677
5245 -433677
5250 -433677
5255 -433677
5260 -433677
5265 -433677
5270 -433677
5275 -433677
5280 -433677
5285 -433677
5290 -433677
5295 -433677
5300 -433677
5305 -433677
5310 -433677
5315 -433677
5320 -433677
5325 -433677
5330 -433677
5335 -433677
5340 -433677
5345 -433677
5350 -433677
5355 -433677
5360 -433677
5365 -433677
5370 -433677
5375 -433677
5380 -433677
5385 -433677
5390 -433677
5395 -433677
5400 -433677
5405 -433677
5410 -433677
5415 -433677
5420 -433677
5425 -433677
5430 -433677
5435 -433677
5440 -433677
5445 -433677
5450 -433677
5455 -433677
5460 -433677
5465 -433677
5470 -433677
5475 -433677
5480 -433677
5485 -433677
5490 -433677
5495 -433677
5500 -433677
5505 -433677
5510 -433677
5515 -433677
5520 -433677
5525 -433677
5530 -433677
5535 -433677
5540 -433677
5545 -433677
5550 -433677
5555 -433677
5560 -433677
5565 -433677
5570 -433677
5575 -433677
5580 -433677
5585 -433677
5590 -433677
5595 -433677
5600 -433677
5605 -433677
5610 -433677
5615 -433677
5620 -433677
5625 -433677
5630 -433677
5635 -433677
5640 -433677
5645 -433677
5650 -433677
5655 -433677
5660 -433677
5665 -433677
5670 -433677
5675 -433677
5680 -433677
5685 -433677
5690 -433677
5695 -433677
5700 -433677
5705 -433677
5710 -433677
5715 -433677
5720 -433677
5725 -433677
5730 -433677
5735 -433677
5740 -433677
5745 -433677
5750 -433677
5755 -433677
5760 -433677
5765 -433677
5770 -433677
5775 -433677
5780 -433677
5785 -433677
5790 -433677
5795 -433677
5800 -433677
5805 -433677
5810 -433677
5815 -433677
5820 -433677
5825 -433677
5830 -433677
5835 -433677
5840 -433677
5845 -433677
5850 -433677
5855 -433677
5860 -433677
5865 -433677
5870 -433677
5875 -433677
5880 -433677
5885 -433677
5890 -433677
5895 -433677
5900 -433677
5905 -433677
5910 -433677
5915 -433677
5920 -433677
5925 -433677
5930 -433677
5935 -433677
5940 -433677
5945 -433677
5950 -433677
5955 -433677
5960 -433677
5965 -433677
5970 -433677
5975 -433677
5980 -433677
5985 -433677
5990 -433677
5995 -433677
6000 -433677
6005 -433677
6010 -433677
6015 -433677
6020 -433677
6025 -433677
6030 -433677
6035 -433677
6040 -433677
6045 -433677
6050 -433677
6055 -433677
6060 -433677
6065 -433677
6070 -433677
