20 -305233
30 -305233
40 -305233
50 -304652
60 -304652
70 -304652
80 -304652
90 -304652
100 -304652
110 -301771
120 -301771
130 -301771
140 -301771
150 -301771
160 -301771
170 -300071
180 -300071
190 -300071
200 -300071
210 -300071
220 -300071
230 -300071
240 -300071
250 -300071
260 -300071
270 -300071
280 -300071
290 -300071
300 -300071
310 -300071
320 -300071
330 -300071
340 -300071
350 -300071
360 -300071
370 -300071
380 -300071
390 -300071
400 -300071
410 -299594
420 -299594
430 -299594
440 -299594
450 -299594
460 -299594
470 -299594
480 -299594
490 -299594
500 -299594
510 -299594
520 -299594
530 -299594
540 -299594
550 -299594
560 -299594
570 -299594
580 -293162
590 -293162
600 -293162
610 -293162
620 -293162
630 -293162
640 -293162
650 -293162
660 -293162
670 -293162
680 -293162
690 -293162
700 -293162
710 -293162
720 -293162
730 -293162
740 -293162
750 -293162
760 -293162
770 -293162
780 -293162
790 -293162
800 -293162
810 -293162
820 -293162
830 -293162
840 -293162
850 -293162
860 -293162
870 -293162
880 -293162
890 -293162
900 -293162
910 -293162
920 -293162
930 -293162
940 -293162
950 -293162
960 -293162
970 -293162
980 -293162
990 -293162
1000 -293162
1010 -293162
1020 -293162
1030 -293162
1040 -293162
1050 -293162
1060 -293162
1070 -293162
1080 -293162
1090 -293162
1100 -293162
1110 -293162
1120 -293162
1130 -293162
1140 -293162
1150 -293162
1160 -293162
1170 -293162
1180 -293162
1190 -293162
1200 -293162
1210 -293162
1220 -293162
1230 -293162
1240 -293162
1250 -293162
1260 -293162
1270 -293162
1280 -293162
1290 -293162
1300 -293162
1310 -293162
1320 -293162
1330 -293162
1340 -293162
1350 -293162
1360 -293162
1370 -293162
1380 -293162
1390 -293162
1400 -293162
1410 -293162
1420 -293162
1430 -293162
1440 -293162
1450 -293162
1460 -293162
1470 -293162
1480 -293162
1490 -293162
1500 -293162
1510 -293162
1520 -293162
1530 -293162
1540 -293162
1550 -293162
1560 -293162
1570 -293162
1580 -293162
1590 -293162
1600 -293162
1610 -293162
1620 -293162
1630 -293162
1640 -293162
1650 -293162
1660 -293162
1670 -293162
1680 -293162
1690 -293162
1700 -293162
1710 -293162
1720 -293162
1730 -293162
1740 -293162
1750 -293162
1760 -293162
1770 -293162
1780 -293162
1790 -293162
1800 -293162
1810 -293162
1820 -293162
1830 -293162
1840 -293162
