10 -351401
15 -351401
20 -348786
25 -348786
30 -348786
35 -348786
40 -348786
45 -348786
50 -348786
55 -348786
60 -348786
65 -348786
70 -348786
75 -348786
80 -348786
85 -348786
90 -348664
95 -348664
100 -348664
105 -348664
110 -348664
115 -348664
120 -348664
125 -348664
130 -348664
135 -348664
140 -348664
145 -347251
150 -347251
155 -347251
160 -347251
165 -347251
170 -347251
175 -347251
180 -347251
185 -347251
190 -345293
195 -345293
200 -345293
205 -345293
210 -345293
215 -345293
220 -345293
225 -344872
230 -344872
235 -344872
240 -344872
245 -344872
250 -344872
255 -344872
260 -344872
265 -344872
270 -344872
275 -344872
280 -344872
285 -338214
290 -338214
295 -338214
300 -338214
305 -338214
310 -338214
315 -338214
320 -338214
325 -338214
330 -338214
335 -338214
340 -338214
345 -338214
350 -338214
355 -338214
360 -338214
365 -338214
370 -338214
375 -338214
380 -338214
385 -338214
390 -338214
395 -338214
400 -338214
405 -338214
410 -338214
415 -338214
420 -338214
425 -338214
430 -338214
435 -338214
440 -338214
445 -338214
450 -338214
455 -338214
460 -338214
465 -338214
470 -338214
475 -338214
480 -338214
485 -338214
490 -338214
495 -338214
500 -338214
505 -338214
510 -338214
515 -338214
520 -338214
525 -338214
530 -338214
535 -338214
540 -338214
545 -338214
550 -338214
555 -338214
560 -338214
565 -338214
570 -338214
575 -338214
580 -338214
585 -338214
590 -338214
595 -338214
600 -338214
605 -338214
610 -338214
615 -338214
620 -338214
625 -338214
630 -338214
635 -338214
640 -338214
645 -338214
650 -338214
655 -338214
660 -338214
665 -338214
670 -338214
675 -338214
680 -338214
685 -338214
690 -338214
695 -338214
700 -338214
705 -338214
710 -338214
715 -338214
720 -338214
725 -338214
730 -338214
735 -338214
740 -338214
745 -338214
750 -338214
755 -338214
760 -338214
765 -338214
770 -338214
775 -338214
780 -338214
785 -338214
790 -338214
795 -338214
800 -338214
805 -338214
810 -338214
815 -338214
820 -338214
825 -338214
830 -338214
835 -338214
840 -338214
845 -338214
850 -338214
855 -338214
860 -338214
865 -338214
870 -338214
875 -338214
880 -338214
885 -338214
890 -338214
895 -338214
900 -338214
905 -338214
910 -338214
915 -338214
920 -338214
925 -338214
930 -338214
935 -338214
940 -338214
945 -338214
950 -338214
955 -338214
960 -338214
965 -338214
970 -338214
975 -338214
980 -338214
985 -338214
990 -338214
995 -338214
1000 -338214
1005 -338214
1010 -338214
1015 -338214
1020 -338214
1025 -338214
1030 -338214
1035 -338214
1040 -338214
1045 -338214
1050 -338214
1055 -338214
1060 -338214
1065 -338214
1070 -338214
1075 -338214
1080 -338214
1085 -338214
1090 -338214
1095 -338214
1100 -338214
1105 -338214
1110 -338214
1115 -338214
1120 -338214
1125 -338214
1130 -338214
1135 -338214
1140 -338214
1145 -338214
1150 -338214
1155 -338214
1160 -338214
1165 -338214
1170 -338214
1175 -338214
1180 -338214
1185 -338214
1190 -338214
1195 -338214
1200 -338214
1205 -338214
1210 -338214
1215 -338214
1220 -338214
1225 -338214
1230 -338214
1235 -338214
1240 -338214
1245 -338214
1250 -338214
1255 -338214
1260 -338214
1265 -338214
1270 -338214
1275 -338214
1280 -338214
1285 -338214
1290 -338214
1295 -338214
1300 -338214
1305 -338214
1310 -338214
1315 -338214
1320 -338214
1325 -338214
1330 -338214
1335 -338214
1340 -338214
1345 -338214
1350 -338214
1355 -338214
1360 -338214
1365 -338214
1370 -338214
1375 -338214
1380 -338214
1385 -338214
1390 -338214
1395 -338214
1400 -338214
1405 -338214
1410 -338214
1415 -338214
1420 -338214
1425 -338214
1430 -338214
1435 -338214
1440 -338214
1445 -338214
1450 -338214
1455 -338214
1460 -338214
1465 -338214
1470 -338214
1475 -338214
1480 -338214
1485 -338214
1490 -338214
1495 -338214
1500 -338214
1505 -338214
1510 -338214
1515 -338214
1520 -338214
