10 -360224
15 -360224
20 -360224
25 -359009
30 -359009
35 -354156
40 -354156
45 -354156
50 -354156
55 -354156
60 -354156
65 -354156
70 -354156
75 -354156
80 -353676
85 -353676
90 -350068
95 -350068
100 -350068
105 -350068
110 -350068
115 -350068
120 -350068
125 -350068
130 -350068
135 -350068
140 -350068
145 -350068
150 -350068
155 -350068
160 -350068
165 -350068
170 -350068
175 -350068
180 -350068
185 -350068
190 -350068
195 -350068
200 -350068
205 -350068
210 -350068
215 -350068
220 -350068
225 -350068
230 -350068
235 -350068
240 -350068
245 -350068
250 -350068
255 -350068
260 -350068
265 -350068
270 -350068
275 -350068
280 -350068
285 -350068
290 -350068
295 -350068
300 -350068
305 -350068
310 -350068
315 -350068
320 -350068
325 -350068
330 -348136
335 -348136
340 -348136
345 -348136
350 -348136
355 -348136
360 -348136
365 -348136
370 -348136
375 -348136
380 -348136
385 -342235
390 -342235
395 -342235
400 -342235
405 -342235
410 -342235
415 -342235
420 -342235
425 -342235
430 -342235
435 -342235
440 -342235
445 -342235
450 -342235
455 -342235
460 -342235
465 -342235
470 -342235
475 -342235
480 -342235
485 -342235
490 -342235
495 -342235
500 -342235
505 -342235
510 -342235
515 -342235
520 -342235
525 -342235
530 -342235
535 -342235
540 -342235
545 -342235
550 -342235
555 -342235
560 -342235
565 -342235
570 -342235
575 -342235
580 -342235
585 -342235
590 -342235
595 -342235
600 -342235
605 -342235
610 -342235
615 -342235
620 -342235
625 -342235
630 -342235
635 -342235
640 -342235
645 -342235
650 -342235
655 -342235
660 -342235
665 -342235
670 -342235
675 -342235
680 -342235
685 -342235
690 -342235
695 -342235
700 -342235
705 -342235
710 -342235
715 -342235
720 -342235
725 -342235
730 -342235
735 -342235
740 -342235
745 -342235
750 -342235
755 -342235
760 -342235
765 -342235
770 -342235
775 -342235
780 -342235
785 -342235
790 -342235
795 -342235
800 -342235
805 -342235
810 -342235
815 -342235
820 -342235
825 -342235
830 -342235
835 -342235
840 -342235
845 -342235
850 -342235
855 -342235
860 -342235
865 -342235
870 -342235
875 -342235
880 -342235
885 -342235
890 -342235
895 -342235
900 -342235
905 -342235
910 -342235
915 -342235
920 -342235
925 -342235
930 -342235
935 -342235
940 -342235
945 -342235
950 -342235
955 -342235
960 -342235
965 -342235
970 -342235
975 -342235
980 -342235
985 -342235
990 -342235
995 -342235
1000 -342235
1005 -342235
1010 -342235
1015 -342235
1020 -342235
1025 -342235
1030 -342235
1035 -342235
1040 -342235
1045 -342235
1050 -342235
1055 -342235
1060 -342235
1065 -342235
1070 -342235
1075 -342235
1080 -342235
1085 -342235
1090 -342235
1095 -342235
1100 -342235
1105 -342235
1110 -342235
1115 -342235
1120 -342235
1125 -342235
1130 -342235
1135 -342235
1140 -342235
1145 -342235
1150 -342235
1155 -342235
1160 -342235
1165 -342235
1170 -342235
1175 -342235
1180 -342235
1185 -342235
1190 -342235
1195 -342235
1200 -342235
1205 -342235
1210 -342235
1215 -342235
1220 -342235
1225 -342235
1230 -342235
1235 -342235
1240 -342235
1245 -342235
1250 -342235
1255 -342235
1260 -342235
1265 -342235
1270 -342235
1275 -342235
1280 -342235
1285 -342235
1290 -342235
1295 -342235
1300 -342235
1305 -342235
1310 -342235
1315 -342235
1320 -342235
1325 -342235
1330 -342235
1335 -342235
1340 -342235
1345 -342235
1350 -342235
1355 -342235
1360 -342235
1365 -342235
1370 -342235
1375 -342235
1380 -342235
1385 -342235
1390 -342235
1395 -342235
1400 -342235
1405 -342235
1410 -342235
1415 -342235
1420 -342235
1425 -342235
1430 -342235
1435 -342235
1440 -342235
1445 -342235
1450 -342235
1455 -342235
1460 -342235
1465 -342235
1470 -342235
1475 -342235
1480 -342235
1485 -342235
1490 -342235
1495 -342235
1500 -342235
1505 -342235
1510 -342235
1515 -342235
1520 -342235
1525 -342235
1530 -342235
1535 -342235
1540 -342235
1545 -342235
1550 -342235
1555 -342235
1560 -342235
1565 -342235
1570 -342235
1575 -342235
1580 -342235
1585 -342235
1590 -342235
1595 -342235
1600 -342235
1605 -342235
1610 -342235
1615 -342235
1620 -342235
1625 -342235
1630 -342235
1635 -342235
1640 -342235
1645 -342235
1650 -342235
1655 -342235
1660 -342235
1665 -342235
1670 -342235
1675 -342235
1680 -342235
1685 -342235
1690 -342235
1695 -342235
1700 -342235
1705 -342235
1710 -342235
1715 -342235
1720 -342235
1725 -342235
1730 -342235
1735 -342235
1740 -342235
1745 -342235
1750 -342235
1755 -342235
1760 -342235
1765 -342235
1770 -342235
1775 -342235
1780 -342235
1785 -342235
1790 -342235
1795 -342235
1800 -342235
1805 -342235
1810 -342235
1815 -342235
1820 -342235
1825 -342235
1830 -342235
1835 -342235
1840 -342235
1845 -342235
1850 -342235
1855 -342235
1860 -342235
1865 -342235
1870 -342235
1875 -342235
1880 -342235
1885 -342235
1890 -342235
1895 -342235
1900 -342235
1905 -342235
1910 -342235
1915 -342235
1920 -342235
1925 -342235
1930 -342235
1935 -342235
1940 -342235
1945 -342235
1950 -342235
1955 -342235
1960 -342235
1965 -342235
1970 -342235
1975 -342235
1980 -342235
1985 -342235
1990 -342235
1995 -342235
2000 -342235
2005 -342235
2010 -342235
2015 -342235
2020 -342235
2025 -342235
2030 -342235
2035 -338689
2040 -338689
2045 -338689
2050 -338689
2055 -338689
2060 -338689
2065 -338689
2070 -338689
2075 -338689
2080 -338689
2085 -338689
2090 -338689
2095 -338689
2100 -338689
2105 -338689
2110 -338689
2115 -338689
2120 -338689
2125 -338689
2130 -338689
2135 -338689
2140 -338689
2145 -338689
2150 -338689
2155 -338689
2160 -338689
2165 -338689
2170 -338689
2175 -338689
2180 -338689
2185 -338689
2190 -338689
2195 -338689
2200 -338689
2205 -338689
2210 -338689
2215 -338689
2220 -338689
2225 -338689
2230 -338689
2235 -338689
2240 -338689
2245 -338689
2250 -338689
2255 -338689
2260 -338689
2265 -338689
2270 -338689
2275 -338689
2280 -338689
2285 -338689
2290 -338689
2295 -338689
2300 -338689
2305 -338689
2310 -338689
2315 -338689
2320 -338689
2325 -338689
2330 -338689
2335 -338689
2340 -338689
2345 -338689
2350 -338689
2355 -338689
2360 -338689
2365 -338689
2370 -338689
2375 -338689
2380 -338689
2385 -338689
2390 -338689
2395 -338689
2400 -338689
2405 -338689
2410 -338689
2415 -338689
2420 -338689
2425 -338689
2430 -338689
2435 -338689
2440 -338689
2445 -338689
2450 -338689
2455 -338689
2460 -338689
2465 -338689
2470 -338689
2475 -338689
2480 -338689
2485 -338689
2490 -338689
2495 -338689
2500 -338689
2505 -338689
2510 -338689
2515 -338689
2520 -338689
2525 -338689
2530 -338689
2535 -338689
2540 -338689
2545 -338689
2550 -338689
2555 -338689
2560 -338689
2565 -338689
2570 -338689
2575 -338689
2580 -338689
2585 -338689
2590 -338689
2595 -338689
2600 -338689
2605 -338689
2610 -338689
2615 -338689
2620 -338689
2625 -338689
2630 -338689
2635 -338689
2640 -338689
2645 -338689
2650 -338689
2655 -338689
2660 -338689
2665 -338689
2670 -338689
2675 -338689
2680 -338689
2685 -338689
2690 -338689
2695 -338689
2700 -338689
2705 -338689
2710 -338689
2715 -338689
2720 -338689
2725 -338689
2730 -338689
2735 -338689
2740 -338689
2745 -338689
2750 -338689
2755 -338689
2760 -338689
2765 -338689
2770 -338689
2775 -338689
2780 -338689
2785 -338689
2790 -338689
2795 -338689
2800 -338689
2805 -338689
2810 -338689
2815 -338689
2820 -338689
2825 -338689
2830 -338689
2835 -338689
2840 -338689
2845 -338689
2850 -338689
2855 -338689
2860 -338689
2865 -338689
2870 -338689
2875 -338689
2880 -338689
2885 -338689
2890 -338689
2895 -338689
2900 -338689
2905 -338689
2910 -338689
2915 -338689
2920 -338689
2925 -338689
2930 -338689
2935 -338689
2940 -338689
2945 -338689
2950 -338689
2955 -338689
2960 -338689
2965 -338689
2970 -338689
2975 -338689
2980 -338689
2985 -338689
2990 -338689
2995 -338689
3000 -338689
3005 -338689
3010 -338689
3015 -338689
3020 -338689
3025 -338689
3030 -338689
3035 -338689
3040 -338689
3045 -338689
3050 -338689
3055 -338689
3060 -338689
3065 -338689
3070 -338689
3075 -338689
3080 -338689
3085 -338689
3090 -338689
3095 -338689
3100 -338689
3105 -338689
3110 -338689
3115 -338689
3120 -338689
3125 -338689
3130 -338689
3135 -338689
3140 -338689
3145 -338689
3150 -338689
3155 -338689
3160 -338689
3165 -338689
3170 -338689
3175 -338689
3180 -338689
3185 -338689
3190 -338689
3195 -338689
3200 -338689
3205 -338689
3210 -338689
3215 -338689
3220 -338689
3225 -338689
3230 -338689
3235 -338689
3240 -338689
3245 -338689
3250 -338689
3255 -338689
3260 -338689
3265 -338689
3270 -338689
3275 -338689
3280 -338689
3285 -338689
3290 -338689
3295 -338689
3300 -338689
3305 -338689
3310 -338689
3315 -338689
3320 -338689
3325 -338689
3330 -338689
3335 -338689
3340 -338689
3345 -338689
3350 -338689
3355 -338689
3360 -338689
3365 -338689
3370 -338689
3375 -338689
3380 -338689
3385 -338689
3390 -338689
3395 -338689
3400 -338689
3405 -338689
3410 -338689
3415 -338689
3420 -338689
3425 -338689
3430 -338689
3435 -338689
3440 -338689
3445 -338689
3450 -338689
3455 -338689
3460 -338689
3465 -338689
3470 -338689
3475 -338689
3480 -338689
3485 -338689
3490 -338689
3495 -338689
3500 -338689
3505 -338689
3510 -338689
3515 -338689
3520 -338689
3525 -338689
3530 -338689
3535 -338689
3540 -338689
3545 -338689
3550 -338689
3555 -338689
3560 -338689
3565 -338689
3570 -338689
3575 -338689
3580 -338689
3585 -338689
3590 -338689
3595 -338689
3600 -338689
3605 -338689
3610 -338689
3615 -338689
3620 -338689
3625 -338689
3630 -338689
3635 -338689
3640 -338689
3645 -338689
3650 -338689
3655 -338689
3660 -338689
3665 -338689
3670 -338689
3675 -338689
3680 -338689
3685 -338689
3690 -338689
3695 -338689
3700 -338689
3705 -338689
3710 -338689
3715 -338689
3720 -338689
3725 -338689
3730 -338689
3735 -338689
3740 -338689
3745 -338689
3750 -338689
3755 -338689
3760 -338689
3765 -338689
3770 -338689
3775 -338689
3780 -338689
3785 -338689
3790 -338689
3795 -338689
3800 -338689
3805 -338689
3810 -338689
3815 -338689
3820 -338689
3825 -338689
3830 -338689
3835 -338689
3840 -338689
3845 -338689
3850 -338689
3855 -338689
3860 -338689
3865 -338689
3870 -338689
3875 -338689
3880 -338689
3885 -338689
3890 -338689
3895 -338689
3900 -338689
3905 -338689
3910 -338689
3915 -338689
3920 -338689
3925 -338689
3930 -338689
3935 -338689
3940 -338689
3945 -338689
3950 -338689
3955 -338689
3960 -338689
3965 -338689
3970 -338689
3975 -338689
3980 -338689
3985 -338689
3990 -338689
3995 -338689
4000 -338689
4005 -338689
4010 -338689
4015 -338689
4020 -338689
4025 -338689
4030 -338689
4035 -338689
4040 -338689
4045 -338689
4050 -338689
4055 -338689
4060 -338689
4065 -338689
4070 -338689
4075 -338689
4080 -338689
4085 -338689
4090 -338689
4095 -338689
4100 -338689
4105 -338689
4110 -338689
4115 -338689
4120 -338689
4125 -338689
4130 -338689
4135 -338689
4140 -338689
4145 -338689
4150 -338689
4155 -338689
4160 -338689
4165 -338689
4170 -338689
4175 -338689
4180 -338689
4185 -338689
4190 -338689
4195 -338689
4200 -338689
4205 -338689
4210 -338689
4215 -338689
4220 -338689
4225 -338689
4230 -338689
4235 -338689
4240 -338689
4245 -338689
4250 -338689
4255 -338689
4260 -338689
4265 -338689
4270 -338689
4275 -338689
4280 -338689
4285 -338689
4290 -338689
4295 -338689
4300 -338689
4305 -338689
4310 -338689
4315 -338689
4320 -338689
4325 -338689
4330 -338689
4335 -338689
4340 -338689
4345 -338689
4350 -338689
4355 -338689
4360 -338689
4365 -338689
4370 -338689
4375 -338689
4380 -338689
4385 -338689
4390 -338689
4395 -338689
4400 -338689
4405 -338689
4410 -338689
4415 -338689
4420 -338689
4425 -338689
4430 -338689
4435 -338689
4440 -338689
4445 -338689
4450 -338689
4455 -338689
4460 -338689
4465 -338689
4470 -338689
4475 -338689
4480 -338689
4485 -338689
4490 -338689
4495 -338689
4500 -338689
4505 -338689
4510 -338689
4515 -338689
4520 -338689
4525 -338689
4530 -338689
4535 -338689
4540 -338689
4545 -338689
4550 -338689
4555 -338689
4560 -338689
4565 -338689
4570 -338689
4575 -338689
4580 -338689
4585 -338689
4590 -338689
4595 -338689
4600 -338689
4605 -338689
4610 -338689
4615 -338689
4620 -338689
4625 -338689
4630 -338689
4635 -338689
4640 -338689
4645 -338689
4650 -338689
4655 -338689
4660 -338689
4665 -338689
4670 -338689
4675 -338689
4680 -338689
4685 -338689
4690 -338689
4695 -338689
4700 -338689
4705 -338689
4710 -338689
4715 -338689
4720 -338689
4725 -338689
4730 -338689
4735 -338689
4740 -338689
4745 -338689
4750 -338689
4755 -338689
4760 -338689
4765 -338689
4770 -338689
4775 -338689
4780 -338689
4785 -338689
4790 -338689
4795 -338689
4800 -338689
4805 -338689
4810 -338689
4815 -338689
4820 -338689
4825 -338689
4830 -338689
4835 -338689
4840 -338689
4845 -338689
4850 -338689
4855 -338689
4860 -338689
4865 -338689
4870 -338689
4875 -338689
4880 -338689
4885 -338689
4890 -338689
4895 -338689
4900 -338689
4905 -338689
4910 -338689
4915 -338689
4920 -338689
4925 -338689
4930 -338689
4935 -338689
4940 -338689
4945 -338689
4950 -338689
4955 -338689
4960 -338689
4965 -338689
4970 -338689
4975 -338689
4980 -338689
4985 -338689
4990 -338689
4995 -338689
5000 -338689
5005 -338689
5010 -338689
5015 -338689
5020 -338689
5025 -338689
5030 -338689
5035 -338689
5040 -338689
5045 -338689
5050 -338689
5055 -338689
5060 -338689
5065 -338689
5070 -338689
5075 -338689
5080 -338689
5085 -338689
5090 -338689
5095 -338689
5100 -338689
5105 -338689
5110 -338689
5115 -338689
5120 -338689
5125 -338689
5130 -338689
5135 -338689
5140 -338689
5145 -338689
5150 -338689
5155 -338689
5160 -338689
5165 -338689
5170 -338689
5175 -338689
5180 -338689
5185 -338689
