20 -295619
30 -295619
40 -293874
50 -292009
60 -292009
70 -292009
80 -292009
90 -292009
100 -292009
110 -287016
120 -287016
130 -287016
140 -284075
150 -284075
160 -284075
170 -284075
180 -284075
190 -284075
200 -284075
210 -284075
220 -284075
230 -284075
240 -284075
250 -284075
260 -284075
270 -284075
280 -284075
290 -284075
300 -284075
310 -284075
320 -284075
330 -284075
340 -284075
350 -284075
360 -284075
370 -284075
380 -284075
390 -284075
400 -284075
410 -284075
420 -282317
430 -282317
440 -282317
450 -282317
460 -282317
470 -282317
480 -282317
490 -282317
500 -282317
510 -282317
520 -282317
530 -282317
540 -282317
550 -282317
560 -282317
570 -282317
580 -282317
590 -282317
600 -282317
610 -282317
620 -282317
630 -282317
640 -282317
650 -282317
660 -282317
670 -282317
680 -282317
690 -282317
700 -282317
710 -282317
720 -282317
730 -282317
740 -282317
750 -282317
760 -282317
770 -282317
780 -282317
790 -282058
800 -282058
810 -282058
820 -282058
830 -282058
840 -282058
850 -282058
860 -282058
870 -282058
880 -282058
890 -282058
900 -282058
910 -282058
920 -282058
930 -282058
940 -282058
950 -282058
960 -282058
970 -282058
980 -282058
990 -282058
1000 -282058
1010 -282058
1020 -282058
1030 -282058
1040 -282058
1050 -282058
1060 -282058
1070 -282058
1080 -282058
1090 -282058
1100 -282058
1110 -282058
1120 -282058
1130 -282058
1140 -282058
1150 -282058
1160 -282058
1170 -282058
1180 -282058
1190 -282058
1200 -282058
1210 -282058
1220 -282058
1230 -280662
1240 -280662
1250 -280662
1260 -280662
1270 -280662
1280 -280662
1290 -280662
1300 -280662
1310 -280662
1320 -280662
1330 -280662
1340 -280662
1350 -280662
1360 -280662
1370 -280662
1380 -280662
1390 -280662
1400 -280662
1410 -280662
1420 -280662
1430 -280662
1440 -280662
1450 -280662
1460 -280662
1470 -277842
1480 -277842
1490 -277842
1500 -277842
1510 -277842
1520 -277842
1530 -277842
1540 -277842
1550 -277842
1560 -277842
1570 -277842
1580 -277842
1590 -277842
1600 -277842
1610 -277842
1620 -277842
1630 -277842
1640 -277842
1650 -277842
1660 -277842
1670 -275773
1680 -275773
1690 -275773
1700 -275773
1710 -275773
1720 -275773
1730 -275773
1740 -275773
1750 -275773
1760 -275773
1770 -275773
1780 -275773
1790 -275773
1800 -275773
1810 -275773
1820 -275773
1830 -275773
1840 -275773
1850 -275773
1860 -275773
1870 -275773
1880 -275773
1890 -275773
1900 -275773
1910 -275773
1920 -275773
1930 -275773
1940 -275773
1950 -275773
1960 -275773
1970 -275773
1980 -275773
1990 -275773
2000 -275773
2010 -275773
2020 -275773
2030 -275773
2040 -275773
2050 -275773
2060 -275773
2070 -275773
2080 -275773
2090 -275773
2100 -275773
2110 -275773
2120 -275773
2130 -275773
2140 -275773
2150 -275773
2160 -275773
2170 -275773
2180 -275773
2190 -275773
2200 -275773
2210 -275773
2220 -275773
2230 -275773
2240 -275773
2250 -275773
2260 -275773
2270 -275773
2280 -275773
2290 -275773
2300 -275773
2310 -275773
2320 -275773
2330 -275773
2340 -275773
2350 -275773
2360 -275773
2370 -275773
2380 -275773
2390 -275773
2400 -275773
2410 -275773
2420 -275773
2430 -275773
2440 -275773
2450 -275773
2460 -275773
2470 -275773
2480 -275773
2490 -275773
2500 -275773
2510 -275773
2520 -275773
2530 -275773
2540 -275773
2550 -275773
2560 -275773
2570 -275773
2580 -275773
2590 -275773
2600 -275773
2610 -275773
2620 -275773
2630 -275773
2640 -275773
2650 -275773
2660 -275773
2670 -275773
2680 -275773
2690 -275773
2700 -275773
2710 -275773
2720 -275773
2730 -275773
2740 -275773
2750 -275773
2760 -275773
2770 -275773
2780 -275773
2790 -275773
2800 -275773
2810 -275773
2820 -275773
2830 -275773
2840 -275773
2850 -275773
2860 -275773
2870 -275773
2880 -275773
2890 -275773
2900 -275773
2910 -275773
2920 -275773
2930 -275773
2940 -275773
2950 -275773
2960 -275773
2970 -275773
2980 -275773
2990 -275773
3000 -275773
3010 -275773
3020 -275773
3030 -275773
3040 -275773
3050 -275773
3060 -275773
3070 -275773
3080 -275773
3090 -275773
3100 -275773
3110 -275773
3120 -275773
3130 -275773
3140 -275773
3150 -275773
3160 -275773
3170 -275773
3180 -275773
3190 -275773
3200 -275773
3210 -275773
3220 -275773
3230 -275773
3240 -275773
3250 -275773
3260 -275773
3270 -275773
3280 -275773
3290 -275773
3300 -275773
3310 -275773
3320 -275773
3330 -275773
3340 -275773
3350 -275773
3360 -275773
3370 -275773
3380 -275773
3390 -275773
3400 -275773
3410 -275773
3420 -275773
3430 -275773
3440 -275773
3450 -275773
3460 -275773
3470 -275773
3480 -275773
3490 -275773
3500 -275773
3510 -275773
3520 -275773
3530 -275773
3540 -275773
3550 -275773
3560 -275773
3570 -275773
3580 -275773
3590 -275773
3600 -275773
3610 -275773
3620 -275773
3630 -275773
3640 -275773
3650 -275773
3660 -275773
3670 -275773
3680 -275773
3690 -275773
3700 -275773
3710 -275773
3720 -275773
3730 -275773
3740 -275773
3750 -275773
3760 -275773
3770 -275773
3780 -275773
3790 -275773
3800 -275773
3810 -275773
3820 -275773
3830 -275773
3840 -275773
3850 -275773
3860 -275773
3870 -275773
3880 -275773
3890 -275773
3900 -275773
3910 -275773
3920 -275773
3930 -275773
3940 -275773
