20 -314889
30 -314889
40 -314889
50 -314889
60 -314889
70 -307667
80 -307667
90 -307667
100 -307667
110 -307667
120 -307667
130 -307667
140 -307667
150 -307667
160 -307667
170 -307667
180 -307667
190 -307667
200 -307667
210 -307667
220 -307667
230 -307667
240 -307667
250 -307667
260 -307667
270 -307667
280 -307667
290 -307575
300 -307575
310 -307575
320 -307575
330 -307575
340 -307575
350 -306058
360 -306058
370 -306058
380 -306058
390 -306058
400 -306058
410 -306058
420 -306058
430 -305637
440 -305637
450 -305637
460 -305637
470 -305637
480 -305637
490 -305637
500 -305637
510 -305637
520 -305637
530 -305637
540 -305637
550 -305637
560 -305637
570 -305637
580 -305637
590 -305637
600 -305637
610 -305637
620 -305637
630 -305637
640 -305637
650 -305637
660 -305637
670 -305637
680 -305637
690 -305637
700 -303692
710 -303692
720 -303692
730 -303692
740 -303692
750 -303692
760 -303692
770 -303692
780 -303692
790 -303692
800 -303692
810 -303692
820 -303692
830 -303692
840 -303692
850 -303692
860 -303692
870 -303692
880 -303692
890 -303692
900 -303692
910 -303692
920 -303692
930 -303692
940 -303692
950 -303692
960 -303692
970 -303692
