10 -372177
15 -372177
20 -372177
25 -368866
30 -368866
35 -368002
40 -367643
45 -367643
50 -365681
55 -365681
60 -364846
65 -364846
70 -364846
75 -362054
80 -362054
85 -361577
90 -361577
95 -361577
100 -361577
105 -360985
110 -360985
115 -360985
120 -360985
125 -360985
130 -360985
135 -359878
140 -354344
145 -354344
150 -354344
155 -354344
160 -354344
165 -354344
170 -354344
175 -354344
180 -354344
185 -354344
190 -354344
195 -354344
200 -354344
205 -354344
210 -354344
215 -354344
220 -354344
225 -354344
230 -354344
235 -354344
240 -354344
245 -354344
250 -354344
255 -354344
260 -354344
265 -354344
270 -354344
275 -354344
280 -354344
285 -354344
290 -354344
295 -354344
300 -354344
305 -354344
310 -354344
315 -354344
320 -354344
325 -354344
330 -354344
335 -354344
340 -354344
345 -354344
350 -354344
355 -354344
360 -354344
365 -354344
370 -354344
375 -354344
380 -354344
385 -352662
390 -352662
395 -352662
400 -352662
405 -352662
410 -352662
415 -352662
420 -352662
425 -352662
430 -352662
435 -352662
440 -352662
445 -352662
450 -351753
455 -351753
460 -351753
465 -351753
470 -351753
475 -351753
480 -351753
485 -351753
490 -351753
495 -351753
500 -351753
505 -351753
510 -351753
515 -351753
520 -351753
525 -351753
530 -351753
535 -351753
540 -351753
545 -351753
550 -351753
555 -351753
560 -351753
565 -351753
570 -351753
575 -351753
580 -351753
585 -351753
590 -351753
595 -351753
600 -351753
605 -351753
610 -351753
615 -351753
620 -351753
625 -351753
630 -351753
635 -351753
640 -351753
645 -351753
650 -351753
655 -351753
660 -351753
665 -351753
670 -351753
675 -351753
680 -351753
685 -351753
690 -351753
695 -351753
700 -351753
705 -351753
710 -351753
715 -351753
720 -351753
725 -351753
730 -351753
735 -351753
740 -351753
745 -351753
750 -351753
755 -351753
760 -351753
765 -351753
770 -351753
775 -351753
780 -351753
785 -351753
790 -351753
795 -351753
800 -351753
805 -351753
810 -351753
815 -351753
820 -351753
825 -351753
830 -351753
835 -351753
840 -351753
845 -351753
850 -351753
855 -351753
860 -351753
865 -351753
870 -351753
875 -351753
880 -351753
885 -351753
890 -351753
895 -351753
900 -351753
905 -351753
910 -351753
915 -351753
920 -351753
925 -351753
930 -351753
935 -351753
940 -351753
945 -351753
950 -351753
955 -351753
960 -351753
965 -351753
970 -351753
975 -351753
980 -351753
985 -351753
990 -351753
995 -351753
1000 -351753
1005 -351753
1010 -351753
1015 -351753
1020 -351753
1025 -351753
1030 -351753
1035 -351753
1040 -351753
1045 -351753
1050 -351753
1055 -351753
1060 -351753
1065 -351753
1070 -351753
1075 -351753
1080 -351753
1085 -351753
1090 -351753
1095 -351753
1100 -351753
1105 -351753
1110 -351753
1115 -351753
1120 -351753
1125 -351753
1130 -351753
1135 -351753
1140 -351753
1145 -351753
1150 -351753
1155 -351753
1160 -351753
1165 -351753
1170 -351753
1175 -351753
1180 -351753
1185 -351753
1190 -351753
1195 -351753
1200 -351753
1205 -351753
1210 -351753
1215 -351753
1220 -351753
1225 -351753
1230 -351753
1235 -351753
1240 -351753
1245 -351753
1250 -351753
1255 -351753
1260 -351753
1265 -351753
1270 -351753
1275 -351753
1280 -351753
1285 -351753
1290 -351753
1295 -351753
1300 -351753
1305 -351753
1310 -351753
1315 -351753
1320 -351753
1325 -351753
1330 -351753
1335 -351753
1340 -351753
1345 -351753
1350 -351753
1355 -351753
1360 -351753
1365 -351753
1370 -351753
1375 -351753
1380 -351753
1385 -351753
1390 -351753
1395 -351753
1400 -351753
1405 -351753
1410 -351753
1415 -351753
1420 -351753
1425 -351753
1430 -351753
1435 -351753
1440 -351753
1445 -351753
1450 -351753
1455 -351753
1460 -351753
1465 -351753
1470 -351753
1475 -351753
1480 -351753
1485 -351753
1490 -351753
1495 -351753
1500 -351753
1505 -351753
1510 -351753
1515 -351753
1520 -351753
1525 -351753
1530 -351753
1535 -351753
1540 -351753
1545 -351753
1550 -351753
1555 -351753
1560 -351753
1565 -351753
1570 -351753
1575 -351753
1580 -351753
1585 -351753
1590 -351753
1595 -351753
1600 -351753
1605 -351753
1610 -351753
1615 -351753
1620 -351753
1625 -351753
1630 -351753
1635 -351753
1640 -351753
1645 -351753
1650 -351753
1655 -351753
1660 -351753
1665 -351753
1670 -351753
1675 -351753
1680 -351753
1685 -351753
1690 -351753
1695 -351753
1700 -351753
1705 -351753
1710 -351753
1715 -351753
1720 -351753
1725 -351753
1730 -351753
1735 -351753
1740 -351753
1745 -351753
1750 -351753
1755 -351753
1760 -351753
1765 -351753
1770 -351753
1775 -351753
1780 -351753
1785 -351753
1790 -351753
1795 -351753
1800 -351753
1805 -351753
1810 -351753
1815 -351753
1820 -351753
1825 -351753
1830 -351753
1835 -351753
1840 -351753
1845 -351753
1850 -351753
1855 -351753
1860 -351753
1865 -351753
1870 -351753
1875 -351753
1880 -351753
1885 -351753
1890 -351753
1895 -351753
1900 -351753
1905 -351753
1910 -351753
1915 -351753
1920 -351753
1925 -351753
1930 -351753
1935 -351753
1940 -351753
1945 -351753
1950 -351753
1955 -351753
1960 -351753
1965 -351753
1970 -351753
1975 -351753
1980 -351753
1985 -351753
1990 -351753
1995 -351753
2000 -351753
2005 -351753
2010 -351753
2015 -351753
2020 -351753
2025 -351753
2030 -351753
2035 -351753
2040 -351753
2045 -351753
2050 -351753
2055 -351753
2060 -351753
2065 -351753
2070 -351753
2075 -351753
2080 -351753
2085 -351753
2090 -351753
2095 -351753
2100 -351753
2105 -351753
2110 -351753
2115 -351753
2120 -351753
2125 -351753
2130 -351753
2135 -351753
2140 -351753
2145 -351753
2150 -351753
2155 -351753
2160 -351753
2165 -351753
2170 -351753
2175 -351753
2180 -351753
2185 -351753
2190 -351753
2195 -351753
2200 -351753
2205 -351753
2210 -351753
2215 -351753
2220 -351753
2225 -351753
2230 -351753
2235 -351753
2240 -351753
2245 -351753
2250 -351753
2255 -351753
2260 -351753
2265 -351753
2270 -351753
2275 -351753
2280 -351753
2285 -351753
2290 -351753
2295 -351753
2300 -351753
2305 -351753
2310 -351753
2315 -351753
2320 -351753
2325 -351753
2330 -351753
2335 -351753
2340 -351753
2345 -351753
2350 -351753
2355 -351753
2360 -351753
2365 -351753
2370 -351753
2375 -351753
2380 -351753
2385 -351753
2390 -351753
2395 -351753
2400 -351753
2405 -351753
2410 -351753
2415 -351753
2420 -351753
2425 -351753
2430 -351753
2435 -351753
2440 -351753
2445 -351753
2450 -351753
2455 -351753
2460 -351753
2465 -351753
2470 -351753
2475 -351753
2480 -351753
2485 -351753
2490 -351753
2495 -351753
2500 -351753
2505 -351753
2510 -351753
2515 -351753
2520 -351753
2525 -351753
2530 -351753
2535 -351753
2540 -351753
2545 -351753
2550 -351753
2555 -351753
2560 -351753
2565 -351753
2570 -351753
2575 -351753
2580 -351753
2585 -351753
2590 -351753
2595 -351753
2600 -351753
2605 -351753
2610 -351753
2615 -351753
2620 -351753
2625 -351753
2630 -351753
2635 -351753
2640 -351753
2645 -351753
2650 -351753
2655 -351753
2660 -351753
2665 -351753
2670 -351753
2675 -351753
2680 -351753
2685 -351753
2690 -351753
2695 -351753
2700 -351753
2705 -351753
2710 -351753
2715 -351753
2720 -351753
2725 -351753
2730 -351753
2735 -351753
2740 -351753
2745 -351753
2750 -351753
2755 -351753
2760 -351753
2765 -351753
2770 -351753
2775 -351753
2780 -351753
2785 -351753
2790 -351753
2795 -351753
2800 -351753
2805 -351753
2810 -351753
2815 -351753
2820 -351753
2825 -351753
2830 -351753
2835 -351753
2840 -351753
2845 -351753
2850 -351753
2855 -351753
2860 -351753
2865 -351753
2870 -351753
2875 -351753
2880 -351753
2885 -351753
2890 -351753
2895 -351753
2900 -351753
2905 -351753
2910 -351753
2915 -351753
2920 -351753
2925 -351753
2930 -351753
2935 -351753
2940 -351753
2945 -351753
2950 -351753
2955 -351753
2960 -351753
2965 -351753
2970 -351753
2975 -351753
2980 -351753
2985 -351753
2990 -351753
2995 -351753
3000 -351753
3005 -351753
3010 -351753
3015 -351753
3020 -351753
3025 -351753
3030 -351753
3035 -351753
3040 -351753
3045 -351753
3050 -351753
3055 -351753
3060 -351753
3065 -351753
3070 -351753
3075 -351753
3080 -351753
3085 -351753
3090 -351753
3095 -351753
3100 -351753
3105 -351753
3110 -351753
3115 -351753
3120 -351753
3125 -351753
3130 -351753
3135 -351753
3140 -351753
3145 -351753
3150 -351753
3155 -351753
3160 -351753
3165 -351753
3170 -351753
3175 -351753
3180 -351753
3185 -351753
3190 -351753
3195 -351753
3200 -351753
3205 -351753
3210 -351753
3215 -351753
3220 -351753
3225 -351753
3230 -351753
3235 -351753
3240 -351753
3245 -351753
3250 -351753
3255 -351753
3260 -351753
3265 -351753
3270 -351753
3275 -351753
3280 -351753
3285 -351753
3290 -351753
3295 -351753
3300 -351753
3305 -351753
3310 -351753
3315 -351753
3320 -351753
3325 -351753
3330 -351753
3335 -351753
3340 -351753
3345 -351753
3350 -351753
3355 -351753
3360 -351753
3365 -351753
3370 -351753
3375 -351753
3380 -351753
3385 -351753
3390 -351753
3395 -351753
3400 -351753
3405 -351753
3410 -351753
3415 -351753
3420 -351753
3425 -351753
3430 -351753
3435 -351753
3440 -351753
3445 -351753
3450 -351753
3455 -351753
3460 -351753
3465 -351753
3470 -351753
3475 -351753
3480 -351753
3485 -351753
3490 -351753
3495 -351753
3500 -351753
3505 -351753
3510 -351753
3515 -351753
3520 -351753
3525 -351753
3530 -351753
3535 -351753
3540 -351753
3545 -351753
3550 -351753
3555 -351753
3560 -351753
3565 -351753
3570 -351753
3575 -351753
3580 -351753
3585 -351753
3590 -351753
3595 -351753
3600 -351753
3605 -351753
3610 -351753
3615 -351753
3620 -351753
3625 -351753
3630 -351753
3635 -351753
3640 -351753
3645 -351753
3650 -351753
3655 -351753
3660 -351753
3665 -351753
3670 -351753
3675 -351753
3680 -351753
3685 -351753
3690 -351753
3695 -351753
3700 -351753
3705 -351753
3710 -351753
3715 -351753
3720 -351753
3725 -351753
3730 -351753
3735 -351753
3740 -351753
3745 -351753
3750 -351753
3755 -351753
3760 -351753
3765 -351753
3770 -351753
3775 -351753
3780 -351753
3785 -351753
3790 -351753
3795 -351753
3800 -351753
3805 -351753
3810 -351753
3815 -351753
3820 -351753
3825 -351753
3830 -351753
3835 -351753
3840 -351753
3845 -351753
3850 -351753
3855 -351753
3860 -351753
3865 -351753
3870 -351753
3875 -351753
3880 -351753
3885 -351753
3890 -351753
3895 -351753
3900 -351753
3905 -351753
3910 -351753
3915 -351753
3920 -351753
3925 -351753
3930 -351753
3935 -351753
3940 -351753
3945 -351753
3950 -351753
3955 -351753
3960 -351753
3965 -351753
3970 -351753
3975 -351753
3980 -351753
3985 -351753
3990 -351753
3995 -351753
4000 -351753
4005 -351753
4010 -351753
4015 -351753
4020 -351753
4025 -351753
4030 -351753
4035 -351753
4040 -351753
4045 -351753
4050 -351753
4055 -351753
4060 -351753
4065 -351753
4070 -351753
4075 -351753
4080 -351753
4085 -351753
4090 -351753
4095 -351753
4100 -351753
4105 -351753
4110 -351753
4115 -351753
4120 -351753
4125 -351753
4130 -351753
4135 -351753
4140 -351753
4145 -351753
4150 -351753
4155 -351753
4160 -351753
4165 -351753
4170 -351753
4175 -351753
4180 -351753
4185 -351753
4190 -351753
4195 -351753
4200 -351753
4205 -351753
4210 -351753
4215 -351753
4220 -351753
4225 -351753
4230 -351753
4235 -351753
4240 -351753
4245 -351753
4250 -351753
4255 -351753
4260 -351753
4265 -351753
4270 -351753
4275 -351753
4280 -351753
4285 -351753
4290 -351753
4295 -351753
4300 -351753
4305 -351753
4310 -351753
4315 -351753
4320 -351753
4325 -351753
4330 -351753
4335 -351753
4340 -351753
4345 -351753
4350 -351753
4355 -351753
4360 -351753
4365 -351753
4370 -351753
4375 -351753
4380 -351753
4385 -351753
4390 -351753
4395 -351753
4400 -351753
4405 -351753
4410 -351753
4415 -351753
4420 -351753
4425 -351753
4430 -351753
4435 -351753
4440 -351753
4445 -351753
4450 -351753
4455 -351753
4460 -351753
4465 -351753
4470 -351753
4475 -351753
4480 -351753
4485 -351753
4490 -351753
4495 -351753
4500 -351753
4505 -351753
4510 -351753
4515 -351753
4520 -351753
4525 -351753
4530 -351753
4535 -351753
4540 -351753
4545 -351753
4550 -351753
4555 -351753
4560 -351753
4565 -351753
4570 -351753
4575 -351753
4580 -351753
4585 -351753
4590 -351753
4595 -351753
4600 -351753
4605 -351753
4610 -351753
4615 -351753
4620 -351753
4625 -351753
4630 -351753
4635 -351753
4640 -351753
4645 -351753
4650 -351753
4655 -351753
4660 -351753
4665 -351753
4670 -351753
4675 -351753
4680 -351753
4685 -351753
4690 -351753
4695 -351753
4700 -351753
4705 -351753
4710 -351753
4715 -351753
4720 -351753
4725 -351753
4730 -351753
4735 -351753
4740 -351753
4745 -351753
4750 -351753
4755 -351753
4760 -351753
4765 -351753
4770 -351753
4775 -351753
4780 -351753
4785 -351753
4790 -351753
4795 -351753
4800 -351753
4805 -351753
4810 -351753
4815 -351753
4820 -351753
4825 -351753
4830 -351753
4835 -351753
4840 -351753
4845 -351753
4850 -351753
4855 -351753
4860 -351753
4865 -351753
4870 -351753
4875 -351753
4880 -351753
4885 -351753
4890 -351753
4895 -351753
4900 -351753
4905 -351753
4910 -351753
4915 -351753
4920 -351753
4925 -351753
4930 -351753
4935 -351753
4940 -351753
4945 -351753
4950 -351753
4955 -351753
4960 -351753
4965 -351753
4970 -351753
4975 -351753
4980 -351753
4985 -351753
4990 -351753
4995 -351753
5000 -351753
5005 -351753
5010 -351753
5015 -351753
5020 -351753
5025 -351753
5030 -351753
5035 -351753
5040 -351753
5045 -351753
5050 -351753
5055 -351753
5060 -351753
5065 -351753
5070 -351753
5075 -351753
5080 -351753
5085 -351753
5090 -351753
5095 -351753
5100 -351753
5105 -351753
5110 -351753
5115 -351753
5120 -351753
5125 -351753
5130 -351753
5135 -351753
5140 -351753
5145 -351753
5150 -351753
5155 -345395
5160 -345395
5165 -345395
5170 -345395
5175 -345395
5180 -345395
5185 -345395
5190 -345395
5195 -345395
5200 -345395
5205 -345395
5210 -345395
5215 -345395
5220 -345395
5225 -345395
5230 -345395
5235 -345395
5240 -345395
5245 -345395
5250 -345395
5255 -345395
5260 -345395
5265 -345395
5270 -345395
5275 -345395
5280 -345395
5285 -345395
5290 -345395
5295 -345395
5300 -345395
5305 -345395
5310 -345395
5315 -345395
5320 -345395
5325 -345395
5330 -345395
5335 -345395
5340 -345395
5345 -345395
5350 -345395
5355 -345395
5360 -345395
5365 -345395
5370 -345395
5375 -345395
5380 -345395
5385 -345395
5390 -345395
5395 -345395
5400 -345395
5405 -345395
5410 -345395
5415 -345395
5420 -345395
5425 -345395
5430 -345395
5435 -345395
5440 -345395
5445 -345395
5450 -345395
5455 -345395
5460 -345395
5465 -345395
5470 -345395
5475 -345395
5480 -345395
5485 -345395
5490 -345395
5495 -345395
5500 -345395
5505 -345395
5510 -345395
5515 -345395
5520 -345395
5525 -345395
5530 -345395
5535 -345395
5540 -345395
5545 -345395
5550 -345395
5555 -345395
5560 -345395
5565 -345395
5570 -345395
5575 -345395
5580 -345395
5585 -345395
5590 -345395
5595 -345395
5600 -345395
5605 -345395
5610 -345395
5615 -345395
5620 -345395
5625 -345395
5630 -345395
5635 -345395
5640 -345395
5645 -345395
5650 -345395
5655 -345395
5660 -345395
5665 -345395
5670 -345395
5675 -345395
5680 -345395
5685 -345395
5690 -345395
5695 -345395
5700 -345395
5705 -345395
5710 -345395
5715 -345395
5720 -345395
5725 -345395
5730 -345395
5735 -345395
5740 -345395
5745 -345395
5750 -345395
5755 -345395
5760 -345395
5765 -345395
5770 -345395
5775 -345395
5780 -345395
5785 -345395
5790 -345395
5795 -345395
5800 -345395
5805 -345395
5810 -345395
5815 -345395
5820 -345395
5825 -345395
5830 -345395
5835 -345395
5840 -345395
5845 -345395
5850 -345395
5855 -345395
5860 -345395
5865 -345395
5870 -345395
5875 -345395
5880 -345395
5885 -345395
5890 -345395
5895 -345395
5900 -345395
5905 -345395
5910 -345395
5915 -345395
5920 -345395
5925 -345395
5930 -345395
5935 -345395
5940 -345395
5945 -345395
5950 -345395
5955 -345395
5960 -345395
5965 -345395
5970 -345395
5975 -345395
5980 -345395
5985 -345395
5990 -345395
5995 -345395
6000 -345395
6005 -345395
6010 -345395
6015 -345395
6020 -345395
6025 -345395
6030 -345395
6035 -345395
6040 -345395
6045 -345395
6050 -345395
6055 -345395
6060 -345395
6065 -345395
6070 -345395
6075 -345395
6080 -345395
6085 -345395
6090 -345395
6095 -345395
6100 -345395
6105 -345395
6110 -345395
6115 -345395
6120 -345395
6125 -345395
6130 -345395
6135 -345395
6140 -345395
6145 -345395
6150 -345395
6155 -345395
6160 -345395
6165 -345395
6170 -345395
6175 -345395
6180 -345395
6185 -345395
6190 -345395
6195 -345395
6200 -345395
6205 -345395
6210 -345395
6215 -345395
6220 -345395
6225 -345395
6230 -345395
6235 -345395
6240 -345395
6245 -345395
6250 -345395
6255 -345395
6260 -345395
6265 -345395
6270 -345395
6275 -345395
6280 -345395
6285 -345395
6290 -345395
6295 -345395
6300 -345395
6305 -345395
6310 -345395
6315 -345395
6320 -345395
6325 -345395
6330 -345395
6335 -345395
6340 -345395
6345 -345395
6350 -345395
6355 -345395
6360 -345395
6365 -345395
6370 -345395
6375 -345395
6380 -345395
6385 -345395
6390 -345395
6395 -345395
6400 -345395
6405 -345395
6410 -345395
6415 -345395
6420 -345395
6425 -345395
6430 -345395
6435 -345395
6440 -345395
6445 -345395
6450 -345395
6455 -345395
6460 -345395
6465 -345395
6470 -345395
6475 -345395
6480 -345395
6485 -345395
6490 -345395
6495 -345395
6500 -345395
6505 -345395
6510 -345395
6515 -345395
6520 -345395
6525 -345395
6530 -345395
6535 -345395
6540 -345395
6545 -345395
6550 -345395
6555 -345395
6560 -345395
6565 -345395
6570 -345395
6575 -345395
6580 -345395
6585 -345395
6590 -345395
6595 -345395
6600 -345395
6605 -345395
6610 -345395
6615 -345395
6620 -345395
6625 -345395
6630 -345395
6635 -345395
6640 -345395
6645 -345395
6650 -345395
6655 -345395
6660 -345395
6665 -345395
6670 -345395
6675 -345395
6680 -345395
6685 -345395
6690 -345395
6695 -345395
6700 -345395
6705 -345395
6710 -345395
6715 -345395
6720 -345395
6725 -345395
6730 -345395
6735 -345395
6740 -345395
6745 -345395
6750 -345395
6755 -345395
6760 -345395
6765 -345395
6770 -345395
6775 -345395
6780 -345395
6785 -345395
6790 -345395
6795 -345395
6800 -345395
6805 -345395
6810 -345395
6815 -345395
6820 -345395
6825 -345395
6830 -345395
6835 -345395
6840 -345395
6845 -345395
6850 -345395
6855 -345395
6860 -345395
6865 -345395
6870 -345395
6875 -345395
6880 -345395
6885 -345395
6890 -345395
6895 -345395
6900 -345395
6905 -345395
6910 -345395
6915 -345395
6920 -345395
6925 -345395
6930 -345395
6935 -345395
6940 -345395
6945 -345395
6950 -345395
6955 -345395
6960 -345395
6965 -345395
6970 -345395
6975 -345395
6980 -345395
6985 -345395
6990 -345395
6995 -345395
7000 -345395
7005 -345395
7010 -345395
7015 -345395
7020 -345395
7025 -345395
7030 -345395
7035 -345395
7040 -345395
7045 -345395
7050 -345395
7055 -345395
7060 -345395
7065 -345395
7070 -345395
7075 -345395
7080 -345395
7085 -345395
7090 -345395
7095 -345395
7100 -345395
7105 -345395
7110 -345395
7115 -345395
7120 -345395
7125 -345395
7130 -345395
7135 -345395
7140 -345395
7145 -345395
7150 -345395
7155 -345395
7160 -345395
7165 -345395
7170 -345395
7175 -345395
7180 -345395
7185 -345395
7190 -345395
7195 -345395
7200 -345395
7205 -345395
7210 -345395
7215 -345395
7220 -345395
7225 -345395
7230 -345395
7235 -345395
7240 -345395
7245 -345395
7250 -345395
7255 -345395
7260 -345395
7265 -345395
7270 -345395
7275 -345395
7280 -345395
7285 -345395
7290 -345395
7295 -345395
7300 -345395
7305 -345395
7310 -345395
7315 -345395
7320 -345395
7325 -345395
7330 -345395
7335 -345395
7340 -345395
7345 -345395
7350 -345395
7355 -345395
7360 -345395
7365 -345395
7370 -345395
7375 -345395
7380 -345395
7385 -345395
7390 -345395
7395 -345395
7400 -345395
7405 -345395
7410 -345395
7415 -345395
7420 -345395
7425 -345395
7430 -345395
7435 -345395
7440 -345395
7445 -345395
7450 -345395
7455 -345395
7460 -345395
7465 -345395
7470 -345395
7475 -345395
7480 -345395
7485 -345395
7490 -345395
7495 -345395
7500 -345395
7505 -345395
7510 -345395
7515 -345395
7520 -345395
7525 -345395
7530 -345395
7535 -345395
7540 -345395
7545 -345395
7550 -345395
7555 -345395
7560 -345395
7565 -345395
7570 -345395
7575 -345395
7580 -345395
7585 -345395
7590 -345395
7595 -345395
7600 -345395
7605 -345395
7610 -345395
7615 -345395
7620 -345395
7625 -345395
7630 -345395
7635 -345395
7640 -345395
7645 -345395
7650 -345395
7655 -345395
7660 -345395
7665 -345395
7670 -345395
7675 -345395
7680 -345395
7685 -345395
7690 -345395
7695 -345395
7700 -345395
7705 -345395
7710 -345395
7715 -345395
7720 -345395
7725 -345395
7730 -345395
7735 -345395
7740 -345395
7745 -345395
7750 -345395
7755 -345395
7760 -345395
7765 -345395
7770 -345395
7775 -345395
7780 -345395
7785 -345395
7790 -345395
7795 -345395
7800 -345395
7805 -345395
7810 -345395
7815 -345395
7820 -345395
7825 -345395
7830 -345395
7835 -345395
7840 -345395
7845 -345395
7850 -345395
7855 -345395
7860 -345395
7865 -345395
7870 -345395
7875 -345395
7880 -345395
7885 -345395
7890 -345395
7895 -345395
7900 -345395
7905 -345395
7910 -345395
7915 -345395
7920 -345395
7925 -345395
7930 -345395
7935 -345395
7940 -345395
7945 -345395
7950 -345395
7955 -345395
7960 -345395
7965 -345395
7970 -345395
7975 -345395
7980 -345395
7985 -345395
7990 -345395
7995 -345395
8000 -345395
8005 -345395
8010 -345395
8015 -345395
8020 -345395
8025 -345395
8030 -345395
8035 -345395
8040 -345395
8045 -345395
8050 -345395
8055 -345395
8060 -345395
8065 -345395
8070 -345395
8075 -345395
8080 -345395
8085 -345395
8090 -345395
8095 -345395
8100 -345395
8105 -345395
8110 -345395
8115 -345395
8120 -345395
8125 -345395
8130 -345395
8135 -345395
8140 -345395
8145 -345395
8150 -345395
8155 -345395
8160 -345395
8165 -345395
8170 -345395
8175 -345395
8180 -345395
8185 -345395
8190 -345395
8195 -345395
8200 -345395
8205 -345395
8210 -345395
8215 -345395
8220 -345395
8225 -345395
8230 -345395
8235 -345395
8240 -345395
8245 -345395
8250 -345395
8255 -345395
8260 -345395
8265 -345395
8270 -345395
8275 -345395
8280 -345395
8285 -345395
8290 -345395
8295 -345395
8300 -345395
8305 -345395
8310 -345395
8315 -345395
8320 -345395
8325 -345395
8330 -345395
8335 -345395
8340 -345395
8345 -345395
8350 -345395
8355 -345395
8360 -345395
8365 -345395
8370 -345395
8375 -345395
8380 -345395
8385 -345395
8390 -345395
8395 -345395
8400 -345395
8405 -345395
8410 -345395
8415 -345395
8420 -345395
8425 -345395
8430 -345395
8435 -345395
8440 -345395
8445 -345395
8450 -345395
8455 -345395
8460 -345395
8465 -345395
8470 -345395
8475 -345395
8480 -345395
8485 -345395
8490 -345395
8495 -345395
8500 -345395
8505 -345395
8510 -345395
8515 -345395
8520 -345395
8525 -345395
8530 -345395
8535 -345395
8540 -345395
8545 -345395
8550 -345395
8555 -345395
8560 -345395
8565 -345395
8570 -345395
8575 -345395
8580 -345395
8585 -345395
8590 -345395
8595 -345395
8600 -345395
8605 -345395
8610 -345395
8615 -345395
8620 -345395
8625 -345395
8630 -345395
8635 -345395
8640 -345395
8645 -345395
8650 -345395
8655 -345395
8660 -345395
8665 -345395
8670 -345395
8675 -345395
8680 -345395
8685 -345395
8690 -345395
8695 -345395
8700 -345395
8705 -345395
8710 -345395
8715 -345395
8720 -345395
8725 -345395
8730 -345395
8735 -345395
8740 -345395
8745 -345395
8750 -345395
8755 -345395
8760 -345395
8765 -345395
8770 -345395
8775 -345395
8780 -345395
8785 -345395
8790 -345395
8795 -345395
8800 -345395
8805 -345395
8810 -345395
8815 -345395
8820 -345395
8825 -345395
8830 -345395
8835 -345395
8840 -345395
8845 -345395
8850 -345395
8855 -345395
8860 -345395
8865 -345395
8870 -345395
8875 -345395
8880 -345395
8885 -345395
8890 -345395
8895 -345395
8900 -345395
8905 -345395
8910 -345395
8915 -345395
8920 -345395
8925 -345395
8930 -345395
8935 -345395
8940 -345395
8945 -345395
8950 -345395
8955 -345395
8960 -345395
8965 -345395
8970 -345395
8975 -345395
8980 -345395
8985 -345395
8990 -345395
8995 -345395
9000 -345395
9005 -345395
9010 -345395
9015 -345395
9020 -345395
9025 -345395
9030 -345395
9035 -345395
9040 -345395
9045 -345395
9050 -345395
9055 -345395
9060 -345395
9065 -345395
9070 -345395
9075 -345395
9080 -345395
9085 -345395
9090 -345395
9095 -345395
9100 -345395
9105 -345395
9110 -345395
9115 -345395
9120 -345395
9125 -345395
9130 -345395
9135 -345395
9140 -345395
9145 -345395
9150 -345395
9155 -345395
9160 -345395
9165 -345395
9170 -345395
9175 -345395
9180 -345395
9185 -345395
9190 -345395
9195 -345395
9200 -345395
9205 -345395
9210 -345395
9215 -345395
9220 -345395
9225 -345395
9230 -345395
9235 -345395
9240 -345395
9245 -345395
9250 -345395
9255 -345395
9260 -345395
9265 -345395
9270 -345395
9275 -345395
9280 -345395
9285 -345395
9290 -345395
9295 -345395
9300 -345395
9305 -345395
9310 -345395
9315 -345395
9320 -345395
9325 -345395
9330 -345395
9335 -345395
9340 -345395
9345 -345395
9350 -345395
9355 -345395
9360 -345395
9365 -345395
9370 -345395
9375 -345395
9380 -345395
9385 -345395
9390 -345395
9395 -345395
9400 -345395
9405 -345395
9410 -345395
9415 -345395
9420 -345395
9425 -345395
9430 -345395
9435 -345395
9440 -345395
9445 -345395
9450 -345395
9455 -345395
9460 -345395
9465 -345395
9470 -345395
9475 -345395
9480 -345395
9485 -345395
9490 -345395
9495 -345395
9500 -345395
9505 -345395
9510 -345395
9515 -345395
9520 -345395
9525 -345395
9530 -345395
9535 -345395
9540 -345395
9545 -345395
9550 -345395
9555 -345395
9560 -345395
9565 -345395
9570 -345395
9575 -345395
9580 -345395
9585 -345395
9590 -345395
9595 -345395
9600 -345395
9605 -345395
9610 -345395
9615 -345395
9620 -345395
9625 -345395
9630 -345395
9635 -345395
9640 -345395
9645 -345395
9650 -345395
9655 -345395
9660 -345395
9665 -345395
9670 -345395
9675 -345395
9680 -345395
9685 -345395
9690 -345395
9695 -345395
9700 -345395
9705 -345395
9710 -345395
9715 -345395
9720 -345395
9725 -345395
9730 -345395
9735 -345395
9740 -345395
9745 -345395
9750 -345395
9755 -345395
9760 -345395
9765 -345395
9770 -345395
9775 -345395
9780 -345395
9785 -345395
9790 -345395
9795 -345395
9800 -345395
9805 -345395
9810 -345395
9815 -345395
9820 -345395
9825 -345395
9830 -345395
9835 -345395
9840 -345395
9845 -345395
9850 -345395
9855 -345395
9860 -345395
9865 -345395
9870 -345395
9875 -345395
9880 -345395
9885 -345395
9890 -345395
9895 -345395
9900 -345395
9905 -345395
9910 -345395
9915 -345395
9920 -345395
9925 -345395
9930 -345395
9935 -345395
9940 -345395
9945 -345395
9950 -345395
9955 -345395
9960 -345395
9965 -345395
9970 -345395
9975 -345395
9980 -345395
9985 -345395
9990 -345395
9995 -345395
10000 -345395
10005 -345395
10010 -345395
10015 -345395
10020 -345395
10025 -345395
10030 -345395
10035 -345395
10040 -345395
10045 -345395
10050 -345395
10055 -345395
10060 -345395
10065 -345395
10070 -345395
10075 -345395
10080 -345395
10085 -345395
10090 -345395
10095 -345395
10100 -345395
10105 -345395
10110 -345395
10115 -345395
10120 -345395
10125 -345395
10130 -345395
10135 -345395
10140 -345395
10145 -345395
10150 -345395
10155 -345395
10160 -345395
10165 -345395
10170 -345395
10175 -345395
10180 -345395
10185 -345395
10190 -345395
10195 -345395
10200 -345395
10205 -345395
10210 -345395
10215 -345395
10220 -345395
10225 -345395
10230 -345395
10235 -345395
10240 -345395
10245 -345395
10250 -345395
10255 -345395
10260 -345395
10265 -345395
10270 -345395
10275 -345395
10280 -345395
10285 -345395
10290 -345395
10295 -345395
10300 -345395
10305 -345395
10310 -345395
10315 -345395
10320 -345395
10325 -345395
10330 -345395
10335 -345395
10340 -345395
10345 -345395
10350 -345395
10355 -345395
10360 -345395
10365 -345395
10370 -345395
10375 -345395
10380 -345395
10385 -345395
10390 -345395
10395 -345395
10400 -345395
10405 -345395
10410 -345395
10415 -345395
10420 -345395
10425 -345395
10430 -345395
10435 -345395
10440 -345395
10445 -345395
10450 -345395
10455 -345395
10460 -345395
10465 -345395
10470 -345395
10475 -345395
10480 -345395
10485 -345395
10490 -345395
10495 -345395
10500 -345395
10505 -345395
10510 -345395
10515 -345395
10520 -345395
10525 -345395
10530 -345395
10535 -345395
10540 -345395
10545 -345395
10550 -345395
10555 -345395
10560 -345395
10565 -345395
10570 -345395
10575 -345395
10580 -345395
10585 -345395
10590 -345395
10595 -345395
10600 -345395
10605 -345395
10610 -345395
10615 -345395
10620 -345395
10625 -345395
10630 -345395
10635 -345395
10640 -345395
10645 -345395
10650 -345395
10655 -345395
10660 -345395
10665 -345395
10670 -345395
10675 -345395
10680 -345395
10685 -345395
10690 -345395
10695 -345395
10700 -345395
10705 -345395
10710 -345395
10715 -345395
10720 -345395
10725 -345395
10730 -345395
10735 -345395
10740 -345395
10745 -345395
10750 -345395
10755 -345395
10760 -345395
10765 -345395
10770 -345395
10775 -345395
10780 -345395
10785 -345395
10790 -345395
10795 -345395
10800 -345395
10805 -345395
10810 -345395
10815 -345395
10820 -345395
10825 -345395
10830 -345395
10835 -345395
10840 -345395
10845 -345395
10850 -345395
10855 -345395
10860 -345395
10865 -345395
10870 -345395
10875 -345395
10880 -345395
10885 -345395
10890 -345395
10895 -345395
10900 -345395
10905 -345395
10910 -345395
10915 -345395
10920 -345395
10925 -345395
10930 -345395
10935 -345395
10940 -345395
10945 -345395
10950 -345395
10955 -345395
10960 -345395
10965 -345395
10970 -345395
10975 -345395
10980 -345395
10985 -345395
10990 -345395
10995 -345395
11000 -345395
11005 -345395
11010 -345395
11015 -345395
11020 -345395
11025 -345395
11030 -345395
11035 -345395
11040 -345395
11045 -345395
11050 -345395
11055 -345395
11060 -345395
11065 -345395
11070 -345395
11075 -345395
11080 -345395
11085 -345395
11090 -345395
11095 -345395
11100 -345395
11105 -345395
11110 -345395
11115 -345395
11120 -345395
11125 -345395
11130 -345395
11135 -345395
11140 -345395
11145 -345395
11150 -345395
11155 -345395
11160 -345395
11165 -345395
11170 -345395
11175 -345395
11180 -345395
11185 -345395
11190 -345395
11195 -345395
11200 -345395
11205 -345395
11210 -345395
11215 -345395
11220 -345395
11225 -345395
11230 -345395
11235 -345395
11240 -345395
11245 -345395
11250 -345395
11255 -345395
11260 -345395
11265 -345395
11270 -345395
11275 -345395
11280 -345395
11285 -345395
11290 -345395
11295 -345395
11300 -345395
11305 -345395
11310 -345395
11315 -345395
11320 -345395
11325 -345395
11330 -345395
11335 -345395
11340 -345395
11345 -345395
11350 -345395
11355 -345395
11360 -345395
11365 -345395
11370 -345395
11375 -345395
11380 -345395
11385 -345395
11390 -345395
11395 -345395
11400 -345395
11405 -345395
11410 -345395
11415 -345395
11420 -345395
11425 -345395
11430 -345395
11435 -345395
11440 -345395
11445 -345395
11450 -345395
11455 -345395
11460 -345395
11465 -345395
11470 -345395
11475 -345395
11480 -345395
11485 -345395
11490 -345395
11495 -345395
11500 -345395
11505 -345395
11510 -345395
11515 -345395
11520 -345395
11525 -345395
11530 -345395
11535 -345395
11540 -345395
11545 -345395
11550 -345395
11555 -345395
11560 -345395
11565 -345395
11570 -345395
11575 -345395
11580 -345395
11585 -345395
11590 -345395
11595 -345395
11600 -345395
11605 -345395
11610 -345395
11615 -345395
11620 -345395
11625 -345395
11630 -345395
11635 -345395
11640 -345395
11645 -345395
11650 -345395
11655 -345395
11660 -345395
11665 -345395
11670 -345395
11675 -345395
11680 -345395
11685 -345395
11690 -345395
11695 -345395
11700 -345395
11705 -345395
11710 -345395
11715 -345395
11720 -345395
11725 -345395
11730 -345395
11735 -345395
11740 -345395
11745 -345395
11750 -345395
11755 -345395
11760 -345395
11765 -345395
11770 -345395
11775 -345395
11780 -345395
11785 -345395
11790 -345395
11795 -345395
11800 -345395
11805 -345395
11810 -345395
11815 -345395
11820 -345395
11825 -345395
11830 -345395
11835 -345395
11840 -345395
11845 -345395
11850 -345395
11855 -345395
11860 -345395
11865 -345395
11870 -345395
11875 -345395
11880 -345395
11885 -345395
11890 -345395
11895 -345395
11900 -345395
11905 -345395
11910 -345395
11915 -345395
11920 -345395
11925 -345395
11930 -345395
11935 -345395
11940 -345395
11945 -345395
11950 -345395
11955 -345395
11960 -345395
11965 -345395
11970 -345395
11975 -345395
11980 -345395
11985 -345395
11990 -345395
11995 -345395
12000 -345395
12005 -345395
12010 -345395
12015 -345395
12020 -345395
12025 -345395
12030 -345395
12035 -345395
12040 -345395
12045 -345395
12050 -345395
12055 -345395
12060 -345395
12065 -345395
12070 -345395
12075 -345395
12080 -345395
12085 -345395
12090 -345395
12095 -345395
12100 -345395
12105 -345395
12110 -345395
12115 -345395
12120 -345395
12125 -345395
12130 -345395
12135 -345395
12140 -345395
12145 -345395
12150 -345395
12155 -345395
12160 -345395
12165 -345395
12170 -345395
12175 -345395
12180 -345395
12185 -345395
12190 -345395
12195 -345395
12200 -345395
12205 -345395
12210 -345395
12215 -345395
12220 -345395
12225 -345395
12230 -345395
12235 -345395
12240 -345395
12245 -345395
12250 -345395
12255 -345395
12260 -345395
12265 -345395
12270 -345395
12275 -345395
12280 -345395
12285 -345395
12290 -345395
12295 -345395
12300 -345395
12305 -345395
12310 -345395
12315 -345395
12320 -345395
12325 -345395
12330 -345395
12335 -345395
12340 -345395
12345 -345395
12350 -345395
12355 -345395
12360 -345395
12365 -345395
12370 -345395
12375 -345395
12380 -345395
12385 -345395
12390 -345395
12395 -345395
12400 -345395
12405 -345395
12410 -345395
12415 -345395
12420 -345395
12425 -345395
12430 -345395
12435 -345395
12440 -345395
12445 -345395
12450 -345395
12455 -345395
12460 -345395
12465 -345395
12470 -345395
12475 -345395
12480 -345395
12485 -345395
12490 -345395
12495 -345395
12500 -345395
12505 -345395
12510 -345395
12515 -345395
12520 -345395
12525 -345395
12530 -345395
12535 -345395
12540 -345395
12545 -345395
12550 -345395
12555 -345395
12560 -345395
12565 -345395
12570 -345395
12575 -345395
12580 -345395
12585 -345395
12590 -345395
12595 -345395
12600 -345395
12605 -345395
12610 -345395
12615 -345395
12620 -345395
12625 -345395
12630 -345395
12635 -345395
12640 -345395
12645 -345395
12650 -345395
12655 -345395
12660 -345395
12665 -345395
12670 -345395
12675 -345395
12680 -345395
12685 -345395
12690 -345395
12695 -345395
12700 -345395
12705 -345395
12710 -345395
12715 -345395
12720 -345395
12725 -345395
12730 -345395
12735 -345395
12740 -345395
12745 -345395
12750 -345395
12755 -345395
12760 -345395
12765 -345395
12770 -345395
12775 -345395
12780 -345395
12785 -345395
12790 -345395
12795 -345395
12800 -345395
12805 -345395
12810 -345395
12815 -345395
12820 -345395
12825 -345395
12830 -345395
12835 -345395
12840 -345395
12845 -345395
12850 -345395
12855 -345395
12860 -345395
12865 -345395
12870 -345395
12875 -345395
12880 -345395
12885 -345395
12890 -345395
12895 -345395
12900 -345395
12905 -345395
12910 -345395
12915 -345395
12920 -345395
12925 -345395
12930 -345395
12935 -345395
12940 -345395
12945 -345395
12950 -345395
12955 -345395
12960 -345395
12965 -345395
12970 -345395
12975 -345395
12980 -345395
12985 -345395
12990 -345395
12995 -345395
13000 -345395
13005 -345395
13010 -345395
13015 -345395
13020 -345395
13025 -345395
13030 -345395
13035 -345395
13040 -345395
13045 -345395
13050 -345395
13055 -345395
13060 -345395
13065 -345395
13070 -345395
13075 -345395
13080 -345395
13085 -345395
13090 -345395
13095 -345395
13100 -345395
13105 -345395
13110 -345395
13115 -345395
13120 -345395
13125 -345395
13130 -345395
13135 -345395
13140 -345395
13145 -345395
13150 -345395
13155 -345395
13160 -345395
13165 -345395
13170 -345395
13175 -345395
13180 -345395
13185 -345395
13190 -345395
13195 -345395
13200 -345395
13205 -345395
13210 -345395
13215 -345395
13220 -345395
13225 -345395
13230 -345395
13235 -345395
13240 -345395
13245 -345395
13250 -345395
13255 -345395
13260 -345395
13265 -345395
13270 -345395
13275 -345395
13280 -345395
13285 -345395
13290 -345395
13295 -345395
13300 -345395
13305 -345395
13310 -345395
13315 -345395
13320 -345395
13325 -345395
13330 -345395
13335 -345395
13340 -345395
13345 -345395
13350 -345395
13355 -345395
13360 -345395
13365 -345395
13370 -345395
13375 -345395
13380 -345395
13385 -345395
13390 -345395
13395 -345395
13400 -345395
13405 -345395
13410 -345395
13415 -345395
13420 -345395
13425 -345395
13430 -345395
13435 -345395
13440 -345395
13445 -345395
13450 -345395
13455 -345395
13460 -345395
13465 -345395
13470 -345395
13475 -345395
13480 -345395
13485 -345395
13490 -345395
13495 -345395
13500 -345395
13505 -345395
13510 -345395
13515 -345395
13520 -345395
13525 -345395
13530 -345395
13535 -345395
13540 -345395
13545 -345395
13550 -345395
13555 -345395
13560 -345395
13565 -345395
13570 -345395
13575 -345395
13580 -345395
13585 -345395
13590 -345395
13595 -345395
13600 -345395
13605 -345395
13610 -345395
13615 -345395
13620 -345395
13625 -345395
13630 -345395
13635 -345395
13640 -345395
13645 -345395
13650 -345395
13655 -345395
13660 -345395
13665 -345395
13670 -345395
13675 -345395
13680 -345395
13685 -345395
13690 -345395
13695 -345395
13700 -345395
13705 -345395
13710 -345395
13715 -345395
13720 -345395
13725 -345395
13730 -345395
13735 -345395
13740 -345395
13745 -345395
13750 -345395
13755 -345395
13760 -345395
13765 -345395
13770 -345395
13775 -345395
13780 -345395
13785 -345395
13790 -345395
13795 -345395
13800 -345395
13805 -345395
13810 -345395
13815 -345395
13820 -345395
13825 -345395
13830 -345395
13835 -345395
13840 -345395
13845 -345395
13850 -345395
13855 -345395
13860 -345395
13865 -345395
13870 -345395
13875 -345395
13880 -345395
13885 -345395
13890 -345395
13895 -345395
13900 -345395
13905 -345395
13910 -345395
13915 -345395
13920 -345395
13925 -345395
13930 -345395
13935 -345395
13940 -345395
13945 -345395
13950 -345395
13955 -345395
13960 -345395
13965 -345395
13970 -345395
13975 -345395
13980 -345395
13985 -345395
13990 -345395
13995 -345395
14000 -345395
14005 -345395
14010 -345395
14015 -345395
14020 -345395
14025 -345395
14030 -345395
14035 -345395
14040 -345395
14045 -345395
14050 -345395
14055 -345395
14060 -345395
14065 -345395
14070 -345395
14075 -345395
14080 -345395
14085 -345395
14090 -345395
14095 -345395
14100 -345395
14105 -345395
14110 -345395
14115 -345395
14120 -345395
14125 -345395
14130 -345395
14135 -345395
14140 -345395
14145 -345395
14150 -345395
