10 -469169
15 -469169
20 -469169
25 -466742
30 -466742
35 -466742
40 -464289
45 -464289
50 -464289
55 -457568
60 -457568
65 -457568
70 -457568
75 -457568
80 -457568
85 -457568
90 -457568
95 -454217
100 -454217
105 -454217
110 -454217
115 -454217
120 -454217
125 -454217
130 -454217
135 -454217
140 -454217
145 -454217
150 -454217
155 -454217
160 -454217
165 -454217
170 -453456
175 -453456
180 -453456
185 -453456
190 -453456
195 -453456
200 -453456
205 -453456
210 -453456
215 -453456
220 -453456
225 -453456
230 -453456
235 -453456
240 -453456
245 -453456
250 -453456
255 -453456
260 -453456
265 -453456
270 -453456
275 -453456
280 -453456
285 -453456
290 -453456
295 -453456
300 -453456
305 -453456
310 -453456
315 -453456
320 -453456
325 -453456
330 -453456
335 -453456
340 -450356
345 -450356
350 -450356
355 -450356
360 -450356
365 -450356
370 -450356
375 -450356
380 -450356
385 -450356
390 -450356
395 -450356
400 -450356
405 -450356
410 -450356
415 -450356
420 -450356
425 -450356
430 -450356
435 -450356
440 -450356
445 -450356
450 -450356
455 -450356
460 -450356
465 -450356
470 -450356
475 -450356
480 -450356
485 -450356
490 -450356
495 -450356
500 -450356
505 -450356
510 -450356
515 -450356
520 -450356
525 -450356
530 -450356
535 -450356
540 -450356
545 -450356
550 -450356
555 -450356
560 -450356
565 -450356
570 -450356
575 -450356
580 -450356
585 -450356
590 -450356
595 -450356
600 -450356
605 -450356
610 -450356
615 -450356
620 -450356
625 -450356
630 -450356
635 -450356
640 -450356
645 -450356
650 -450356
655 -450356
660 -450356
665 -450356
670 -450356
675 -450356
680 -450356
685 -450356
690 -450356
695 -450356
700 -450356
705 -450356
710 -450356
715 -450356
720 -450356
725 -450356
730 -450356
735 -450356
740 -450356
745 -450356
750 -450356
755 -450356
760 -450356
765 -450356
770 -450356
775 -450356
780 -450356
785 -450356
790 -450356
795 -450356
800 -450356
805 -450356
810 -450356
815 -450356
820 -450356
825 -450356
830 -450356
835 -450356
840 -450356
845 -450356
850 -450356
855 -450356
860 -450356
865 -450356
870 -450356
875 -450356
880 -450356
885 -450356
890 -450356
895 -450356
900 -450356
905 -450356
910 -450356
915 -450356
920 -450356
925 -450356
930 -450356
935 -450356
940 -450356
945 -450356
950 -450356
955 -450356
960 -450356
965 -450356
970 -450356
975 -450356
980 -450356
985 -450356
990 -450356
995 -450356
1000 -450356
1005 -450356
1010 -450356
1015 -450356
1020 -450356
1025 -450356
1030 -450356
1035 -450356
1040 -450356
1045 -450356
1050 -450356
1055 -450356
1060 -450356
1065 -450356
1070 -450356
1075 -450356
1080 -450356
1085 -450356
1090 -450356
1095 -450356
1100 -450356
1105 -450356
1110 -450356
1115 -450356
1120 -450356
1125 -450356
1130 -450356
1135 -450356
1140 -450356
1145 -450356
1150 -450356
1155 -450356
1160 -450356
1165 -450356
1170 -450356
1175 -450356
1180 -450356
1185 -450356
1190 -450356
1195 -450356
1200 -450356
1205 -450356
1210 -450356
1215 -450356
1220 -450356
1225 -450356
1230 -450356
1235 -450356
1240 -450356
1245 -450356
1250 -450356
1255 -450356
1260 -450356
1265 -450356
1270 -450356
1275 -450356
1280 -450356
1285 -450356
1290 -450356
1295 -450356
1300 -450356
1305 -450356
1310 -450356
1315 -450356
1320 -450356
1325 -450356
1330 -450356
1335 -450356
1340 -450356
1345 -450356
1350 -450356
1355 -450356
1360 -450356
1365 -450356
1370 -450356
1375 -450356
1380 -450356
1385 -450356
1390 -450356
1395 -450356
1400 -450356
1405 -450356
1410 -450356
1415 -450356
1420 -450356
1425 -450356
1430 -450356
1435 -450356
1440 -450356
1445 -450356
1450 -450356
1455 -450356
1460 -450356
1465 -450356
1470 -450356
1475 -450356
1480 -450356
1485 -450356
1490 -450356
1495 -450356
1500 -450356
1505 -450356
1510 -450356
1515 -450356
1520 -450356
1525 -450356
1530 -450356
1535 -450356
1540 -450356
1545 -450356
1550 -450356
1555 -450356
1560 -450356
1565 -450356
1570 -450356
1575 -450356
1580 -450356
1585 -450356
1590 -450356
1595 -450356
1600 -450356
1605 -450356
1610 -450356
1615 -450356
1620 -450356
1625 -450356
1630 -450356
1635 -450356
1640 -450356
1645 -450356
1650 -450356
1655 -450356
1660 -450356
1665 -450356
1670 -450356
1675 -450356
1680 -450356
1685 -450356
1690 -450356
1695 -450356
1700 -450356
1705 -450356
1710 -450356
1715 -450356
1720 -450356
1725 -450356
1730 -450356
1735 -450356
1740 -450356
1745 -450356
1750 -450356
1755 -450356
1760 -450356
1765 -450356
1770 -450356
1775 -450356
1780 -450356
1785 -450356
1790 -450356
1795 -450356
1800 -450356
1805 -450356
1810 -450356
1815 -450356
1820 -450356
1825 -450356
1830 -450356
1835 -450356
1840 -450356
1845 -450356
1850 -450356
1855 -450356
1860 -450356
1865 -450356
1870 -450356
1875 -450356
1880 -450356
1885 -450356
1890 -450356
1895 -450356
1900 -450356
1905 -450356
1910 -450356
1915 -450356
1920 -450356
1925 -450356
1930 -450356
1935 -450356
1940 -450356
1945 -450356
1950 -450356
1955 -450356
1960 -450356
1965 -450356
1970 -450356
1975 -450356
1980 -450356
1985 -450356
1990 -450356
1995 -450356
2000 -450356
2005 -450356
2010 -450356
2015 -450356
2020 -450356
2025 -450356
2030 -450356
2035 -450356
2040 -450356
2045 -450356
2050 -450356
2055 -450356
2060 -450356
2065 -450356
2070 -450356
2075 -450356
2080 -450356
2085 -450356
2090 -450356
2095 -450356
2100 -450356
2105 -450356
2110 -450356
2115 -450356
2120 -450356
2125 -450356
2130 -450356
2135 -450356
2140 -450356
2145 -450356
2150 -450356
2155 -450356
2160 -450356
2165 -450356
2170 -450356
2175 -450356
2180 -450356
2185 -450356
2190 -450356
2195 -449502
2200 -449502
2205 -449502
2210 -449502
2215 -449502
2220 -449502
2225 -449502
2230 -449502
2235 -449502
2240 -449502
2245 -449502
2250 -449502
2255 -449502
2260 -449502
2265 -449502
2270 -449502
2275 -449502
2280 -449502
2285 -449502
2290 -449502
2295 -449502
2300 -449502
2305 -449502
2310 -449502
2315 -449502
2320 -449502
2325 -449502
2330 -449502
2335 -449502
2340 -449502
2345 -449502
2350 -449502
2355 -449502
2360 -449502
2365 -449502
2370 -449502
2375 -449502
2380 -449502
2385 -449502
2390 -449502
2395 -449502
2400 -449502
2405 -449502
2410 -449502
2415 -449502
2420 -449502
2425 -449502
2430 -449502
2435 -449502
2440 -449502
2445 -449502
2450 -449502
2455 -449502
2460 -449502
2465 -449502
2470 -449502
2475 -449502
2480 -449502
2485 -449502
2490 -449502
2495 -449502
2500 -449502
2505 -449502
2510 -449502
2515 -449502
2520 -449502
2525 -449502
2530 -449502
2535 -449502
2540 -449502
2545 -449502
2550 -449502
2555 -449502
2560 -449502
2565 -449502
2570 -449502
2575 -449502
2580 -449502
2585 -449502
2590 -449502
2595 -449502
2600 -449502
2605 -449502
2610 -449502
2615 -449502
2620 -449502
2625 -449502
2630 -449502
2635 -449502
2640 -449502
2645 -449502
2650 -449502
2655 -449502
2660 -449502
2665 -449502
2670 -449502
2675 -449502
2680 -449502
2685 -449502
2690 -449502
2695 -449502
2700 -449502
2705 -449502
2710 -449502
2715 -449502
2720 -449502
2725 -449502
2730 -449502
2735 -449502
2740 -449502
2745 -449502
2750 -449502
2755 -449502
2760 -449502
2765 -449502
2770 -449502
2775 -449502
2780 -449502
2785 -449502
2790 -449502
2795 -449502
2800 -449502
2805 -449502
2810 -449502
2815 -449502
2820 -449502
2825 -449502
2830 -449502
2835 -449502
2840 -449502
2845 -449502
2850 -449502
2855 -449502
2860 -449502
2865 -449502
2870 -449502
2875 -449502
2880 -449502
2885 -449502
2890 -449502
2895 -449502
2900 -449502
2905 -449502
2910 -449502
2915 -449502
2920 -449502
2925 -449502
2930 -449502
2935 -449502
2940 -449502
2945 -449502
2950 -449502
2955 -449502
2960 -449502
2965 -449502
2970 -449502
2975 -449502
2980 -449502
2985 -449502
2990 -449502
2995 -449502
3000 -449502
3005 -449502
3010 -449502
3015 -449502
3020 -449502
3025 -449502
3030 -449502
3035 -449502
3040 -449502
3045 -449502
3050 -449502
3055 -449502
3060 -449502
3065 -449502
3070 -449502
3075 -449502
3080 -449502
3085 -449502
3090 -449502
3095 -449502
3100 -449502
3105 -449502
3110 -449502
3115 -449502
3120 -449502
3125 -449502
3130 -449502
3135 -449502
3140 -449502
3145 -449502
3150 -449502
3155 -449502
3160 -449502
3165 -449502
3170 -449502
3175 -449502
3180 -449502
3185 -449502
3190 -449502
3195 -449502
3200 -449502
3205 -449502
3210 -449502
3215 -449502
3220 -449502
3225 -449502
3230 -449502
3235 -449502
3240 -449502
3245 -449502
3250 -449502
3255 -449502
3260 -449502
3265 -449502
3270 -449502
3275 -449502
3280 -449502
3285 -449502
3290 -449502
3295 -449502
3300 -449502
3305 -449502
3310 -449502
3315 -449502
3320 -449502
3325 -449502
3330 -449502
3335 -449502
3340 -449502
3345 -449502
3350 -449502
3355 -449502
3360 -449502
3365 -449502
3370 -449502
3375 -449502
3380 -449502
3385 -449502
3390 -449502
3395 -449502
3400 -449502
3405 -449502
3410 -449502
3415 -449502
3420 -449502
3425 -449502
3430 -449502
3435 -449502
3440 -449502
3445 -449502
3450 -449502
3455 -449502
3460 -449502
3465 -449502
3470 -449502
3475 -449209
3480 -449209
3485 -449209
3490 -449209
3495 -449209
3500 -449209
3505 -449209
3510 -449209
3515 -449209
3520 -449209
3525 -449209
3530 -449209
3535 -449209
3540 -449209
3545 -449209
3550 -449209
3555 -449209
3560 -449209
3565 -449209
3570 -449209
3575 -449209
3580 -449209
3585 -449209
3590 -448827
3595 -447528
3600 -447528
3605 -447528
3610 -447528
3615 -447528
3620 -447528
3625 -447528
3630 -447528
3635 -447528
3640 -447528
3645 -447528
3650 -447528
3655 -447528
3660 -447528
3665 -447528
3670 -447528
3675 -447528
3680 -447528
3685 -447528
3690 -447528
3695 -447528
3700 -447528
3705 -447528
3710 -447528
3715 -447528
3720 -447528
3725 -447528
3730 -447528
3735 -447528
3740 -447528
3745 -447528
3750 -447528
3755 -447528
3760 -447528
3765 -447528
3770 -447528
3775 -447528
3780 -447528
3785 -447528
3790 -447528
3795 -447528
3800 -447528
3805 -447528
3810 -447528
3815 -447528
3820 -447528
3825 -447528
3830 -447528
3835 -447528
3840 -447528
3845 -447528
3850 -447528
3855 -447528
3860 -447528
3865 -447528
3870 -447528
3875 -447528
3880 -447528
3885 -447528
3890 -447528
3895 -447528
3900 -447528
3905 -447528
3910 -447528
3915 -447528
3920 -447528
3925 -447528
3930 -447528
3935 -447528
3940 -447528
3945 -447528
3950 -447528
3955 -447528
3960 -447528
3965 -447528
3970 -447528
3975 -447528
3980 -447528
3985 -447528
3990 -447528
3995 -447528
4000 -447528
4005 -447528
4010 -447528
4015 -447528
4020 -447528
4025 -447528
4030 -447528
4035 -447528
4040 -447528
4045 -447528
4050 -447528
4055 -447528
4060 -447528
4065 -447528
4070 -447528
4075 -447528
4080 -447528
4085 -447528
4090 -447528
4095 -447528
4100 -447528
4105 -447528
4110 -447528
4115 -447528
4120 -447528
4125 -447528
4130 -447528
4135 -447528
4140 -447528
4145 -447528
4150 -447528
4155 -447528
4160 -447528
4165 -447528
4170 -447528
4175 -447528
4180 -447528
4185 -447528
4190 -447528
4195 -447528
4200 -447528
4205 -447528
4210 -447528
4215 -447528
4220 -447528
4225 -447528
4230 -447528
4235 -447528
4240 -447528
4245 -447528
4250 -447528
4255 -447528
4260 -447528
4265 -447528
4270 -447528
4275 -447528
4280 -447528
4285 -447528
4290 -447528
4295 -447528
4300 -447528
4305 -447528
4310 -447528
4315 -447528
4320 -447528
4325 -447528
4330 -447528
4335 -447528
4340 -447528
4345 -447528
4350 -447528
4355 -447528
4360 -447528
4365 -447528
4370 -447528
4375 -447528
4380 -447528
4385 -447528
4390 -447528
4395 -447528
4400 -447528
4405 -447528
4410 -447528
4415 -447528
4420 -447528
4425 -447528
4430 -447528
4435 -447528
4440 -447528
4445 -447528
4450 -447528
4455 -447528
4460 -447528
4465 -447528
4470 -447528
4475 -447528
4480 -447528
4485 -447528
4490 -447528
4495 -447528
4500 -447528
4505 -447528
4510 -447528
4515 -447528
4520 -447528
4525 -447528
4530 -447528
4535 -447528
4540 -447528
4545 -447528
4550 -447528
4555 -447528
4560 -447528
4565 -447528
4570 -447528
4575 -447528
4580 -447528
4585 -447528
4590 -447528
4595 -447528
4600 -447528
4605 -447528
4610 -447528
4615 -447528
4620 -447528
4625 -447528
4630 -447528
4635 -447528
4640 -447528
4645 -447528
4650 -447528
4655 -447528
4660 -447528
4665 -447528
4670 -447528
4675 -447528
4680 -447528
4685 -447528
4690 -447528
4695 -447528
4700 -447528
4705 -447528
4710 -447528
4715 -447528
4720 -447528
4725 -447528
4730 -447528
4735 -447528
4740 -447528
4745 -447528
4750 -447528
4755 -447528
4760 -447528
4765 -447528
4770 -447528
4775 -447528
4780 -447528
4785 -447528
4790 -447528
4795 -447528
4800 -447528
4805 -447528
4810 -447528
4815 -447528
4820 -447528
4825 -447528
4830 -447528
4835 -447528
4840 -447528
4845 -447528
4850 -447528
4855 -447528
4860 -447528
4865 -447528
4870 -447528
4875 -447528
4880 -447528
4885 -447528
4890 -447528
4895 -447528
4900 -447528
4905 -447528
4910 -447528
4915 -447528
4920 -447528
4925 -447528
4930 -447528
4935 -447528
4940 -447528
4945 -447528
4950 -447528
4955 -447528
4960 -447528
4965 -447528
4970 -447528
4975 -447528
4980 -447528
4985 -447528
4990 -447528
4995 -447528
5000 -447528
5005 -447528
5010 -447528
5015 -447528
5020 -447528
5025 -447528
5030 -447528
5035 -447528
5040 -447528
5045 -447528
5050 -447528
5055 -447528
5060 -447528
5065 -447528
5070 -447528
5075 -447528
5080 -447528
5085 -447528
5090 -447528
5095 -447528
5100 -447528
5105 -447528
5110 -447528
5115 -447528
5120 -447528
5125 -447528
5130 -447528
5135 -447528
5140 -447528
5145 -447528
5150 -447528
5155 -447528
5160 -447528
5165 -447528
5170 -447528
5175 -447528
5180 -447528
5185 -447528
5190 -447528
5195 -447528
5200 -447528
5205 -447528
5210 -447528
5215 -447528
5220 -447528
5225 -447528
5230 -447528
5235 -447528
5240 -447528
5245 -447528
5250 -447528
5255 -447528
5260 -447528
5265 -447528
5270 -447528
5275 -447528
5280 -447528
5285 -447528
5290 -447528
5295 -447528
5300 -447528
5305 -447528
5310 -447528
5315 -447528
5320 -447528
5325 -447528
5330 -447528
5335 -447528
5340 -447528
5345 -447528
5350 -447528
5355 -447528
5360 -447528
5365 -447528
5370 -447528
5375 -447528
5380 -447528
5385 -447528
5390 -447528
5395 -447528
5400 -447528
5405 -447528
5410 -447528
5415 -447528
5420 -447528
5425 -447528
5430 -447528
5435 -447528
5440 -447528
5445 -447528
5450 -447528
5455 -447528
5460 -447528
5465 -447528
5470 -447528
5475 -447528
5480 -447528
5485 -447528
5490 -447528
5495 -447528
5500 -447528
5505 -447528
5510 -447528
5515 -447528
5520 -447528
5525 -447528
5530 -447528
5535 -447528
5540 -447528
5545 -447528
5550 -447528
5555 -447528
5560 -447528
5565 -447528
5570 -447528
5575 -447528
5580 -447528
5585 -447528
5590 -447528
5595 -447528
5600 -447528
5605 -447528
5610 -447528
5615 -447528
5620 -447528
5625 -447528
5630 -447528
5635 -447528
5640 -447528
5645 -447528
5650 -447528
5655 -447528
5660 -447528
5665 -447528
5670 -447528
5675 -447528
5680 -447528
5685 -447528
5690 -447528
5695 -447528
5700 -447528
5705 -447528
5710 -447528
5715 -447528
5720 -447528
5725 -447528
5730 -447528
5735 -447528
5740 -447528
5745 -447528
5750 -447528
5755 -447528
5760 -447528
5765 -447528
5770 -447528
5775 -447528
5780 -447528
5785 -447528
5790 -447528
5795 -447528
5800 -447528
5805 -447528
5810 -447528
5815 -447528
5820 -447528
5825 -447528
5830 -447528
5835 -447528
5840 -447528
5845 -447528
5850 -447528
5855 -447528
5860 -447528
5865 -447528
5870 -447528
5875 -447528
5880 -447528
5885 -447528
5890 -447528
5895 -447528
5900 -447528
5905 -447528
5910 -447528
5915 -447528
5920 -447528
5925 -447528
5930 -447528
5935 -447528
5940 -447528
5945 -447528
5950 -447528
5955 -447528
5960 -447528
5965 -447528
5970 -447528
5975 -447528
5980 -447528
5985 -447528
5990 -447528
5995 -447528
6000 -447528
6005 -447528
6010 -447528
6015 -447528
6020 -447528
6025 -447528
6030 -447528
6035 -447528
6040 -447528
6045 -447528
6050 -447528
6055 -447528
6060 -447528
6065 -447528
6070 -447528
6075 -447528
6080 -447528
6085 -447528
6090 -447528
6095 -447528
6100 -447528
6105 -447528
6110 -447528
6115 -447528
6120 -447528
6125 -447528
6130 -447528
6135 -447528
6140 -447528
6145 -447528
6150 -447528
6155 -447528
6160 -447528
6165 -447528
6170 -447528
6175 -447528
6180 -447528
6185 -447528
6190 -447528
6195 -447528
6200 -447528
6205 -447528
6210 -447528
6215 -447528
6220 -447528
6225 -447528
6230 -447528
6235 -447528
6240 -447528
6245 -447528
6250 -447528
6255 -447528
6260 -447528
6265 -447528
6270 -447528
6275 -447528
6280 -447528
6285 -447528
6290 -447528
6295 -447528
6300 -447528
6305 -447528
6310 -447528
6315 -447528
6320 -447528
6325 -447528
6330 -447528
6335 -447528
6340 -447528
6345 -447528
6350 -447528
6355 -447528
6360 -447528
6365 -447528
6370 -447528
6375 -447528
6380 -447528
6385 -447528
6390 -447528
6395 -447528
6400 -447528
6405 -447528
6410 -447528
6415 -447528
6420 -447528
6425 -447528
6430 -447528
6435 -447528
6440 -447528
6445 -447528
6450 -447528
6455 -447528
6460 -447528
6465 -447528
6470 -447528
6475 -447528
6480 -447528
6485 -447528
6490 -447528
6495 -447528
6500 -447528
6505 -447528
6510 -447528
6515 -447528
6520 -447528
6525 -447528
6530 -447528
6535 -447528
6540 -447528
6545 -447528
6550 -447528
6555 -447528
6560 -447528
6565 -447528
6570 -447528
6575 -447528
6580 -447528
6585 -447528
6590 -447528
6595 -447528
6600 -447528
6605 -447528
6610 -447528
6615 -447528
6620 -447528
6625 -447528
6630 -447528
6635 -447528
6640 -447528
6645 -447528
6650 -447528
6655 -447528
6660 -447528
6665 -447528
6670 -447528
6675 -447528
6680 -447528
6685 -447528
6690 -447528
6695 -447528
6700 -447528
6705 -447528
6710 -447528
6715 -447528
6720 -447528
6725 -447528
6730 -447528
6735 -447214
6740 -447214
6745 -447214
6750 -447214
6755 -447214
6760 -447214
6765 -447214
6770 -447214
6775 -447214
6780 -447214
6785 -447214
6790 -447214
6795 -447214
6800 -447214
6805 -447214
6810 -447214
6815 -447214
6820 -447214
6825 -447214
6830 -447214
6835 -447214
6840 -447214
6845 -447214
6850 -447214
6855 -447214
6860 -447214
6865 -447214
6870 -447214
6875 -447214
6880 -447214
6885 -447214
6890 -447214
6895 -447214
6900 -447214
6905 -447214
6910 -447214
6915 -447214
6920 -447214
6925 -447214
6930 -447214
6935 -447214
6940 -447214
6945 -447214
6950 -447214
6955 -447214
6960 -447214
6965 -447214
6970 -447214
6975 -447214
6980 -447214
6985 -447214
6990 -447214
6995 -447214
7000 -447214
7005 -447214
7010 -447214
7015 -447214
7020 -447214
7025 -447214
7030 -447214
7035 -447214
7040 -447214
7045 -447214
7050 -447214
7055 -447214
7060 -447214
7065 -447214
7070 -447214
7075 -447214
7080 -447214
7085 -447214
7090 -447214
7095 -447214
7100 -447214
7105 -447214
7110 -447214
7115 -447214
7120 -447214
7125 -447214
7130 -447214
7135 -447214
7140 -447214
7145 -447214
7150 -447214
7155 -447214
7160 -447214
7165 -447214
7170 -447214
7175 -447214
7180 -447214
7185 -447214
7190 -447214
7195 -447214
7200 -447214
7205 -447214
7210 -447214
7215 -444439
7220 -444439
7225 -444439
7230 -444439
7235 -444439
7240 -444439
7245 -444439
7250 -444439
7255 -444439
7260 -444439
7265 -444439
7270 -444439
7275 -444439
7280 -444439
7285 -444439
7290 -444439
7295 -444439
7300 -444439
7305 -444439
7310 -444439
7315 -444439
7320 -444439
7325 -444439
7330 -444439
7335 -444439
7340 -444439
7345 -444439
7350 -444439
7355 -444439
7360 -444439
7365 -444439
7370 -444439
7375 -444439
7380 -444439
7385 -444439
7390 -444439
7395 -444439
7400 -444439
7405 -444439
7410 -444439
7415 -444439
7420 -444439
7425 -444439
7430 -444439
7435 -444439
7440 -444439
7445 -444439
7450 -444439
7455 -444439
7460 -444439
7465 -444439
7470 -444439
7475 -444439
7480 -444439
7485 -444439
7490 -444439
7495 -444439
7500 -444439
7505 -444439
7510 -444439
7515 -444439
7520 -444439
7525 -444439
7530 -444439
7535 -444439
7540 -444439
7545 -444439
7550 -444439
7555 -444439
7560 -444439
7565 -444439
7570 -444439
7575 -444439
7580 -444439
7585 -444439
7590 -444439
7595 -444439
7600 -444439
7605 -444439
7610 -444439
7615 -444439
7620 -444439
7625 -444439
7630 -444439
7635 -444439
7640 -444439
7645 -444439
7650 -444439
7655 -444439
7660 -444439
7665 -444439
7670 -444439
7675 -444439
7680 -444439
7685 -444439
7690 -444439
7695 -444439
7700 -444439
7705 -444439
7710 -444439
7715 -444439
7720 -444439
7725 -444439
7730 -444439
7735 -444439
7740 -444439
7745 -444439
7750 -444439
7755 -444439
7760 -444439
7765 -444439
7770 -444439
7775 -444439
7780 -444439
7785 -444439
7790 -444439
7795 -444439
7800 -444439
7805 -444439
7810 -444439
7815 -444439
7820 -444439
7825 -444439
7830 -444439
7835 -444439
7840 -444439
7845 -444439
7850 -444439
7855 -444439
7860 -444439
7865 -444439
7870 -444439
7875 -444439
7880 -444439
7885 -444439
7890 -444439
7895 -444439
7900 -444439
7905 -444439
7910 -444439
7915 -444439
7920 -444439
7925 -444439
7930 -444439
7935 -444439
7940 -444439
7945 -444439
7950 -444439
7955 -444439
7960 -444439
7965 -444439
7970 -444439
7975 -444439
7980 -444439
7985 -444439
7990 -444439
7995 -444439
8000 -444439
8005 -444439
8010 -444439
8015 -444439
8020 -444439
8025 -444439
8030 -444439
8035 -444439
8040 -444439
8045 -444439
8050 -444439
8055 -444439
8060 -444439
8065 -444439
8070 -444439
8075 -444439
8080 -444439
8085 -444439
8090 -444439
8095 -444439
8100 -444439
8105 -444439
8110 -444439
8115 -444439
8120 -444439
8125 -444439
8130 -444439
8135 -444439
8140 -444439
8145 -444439
8150 -444439
8155 -444439
8160 -444439
8165 -444439
8170 -444439
8175 -444439
8180 -444439
8185 -444439
8190 -444439
8195 -444439
8200 -444439
8205 -444439
8210 -444439
8215 -444439
8220 -444439
8225 -444439
8230 -444439
8235 -444439
8240 -444439
8245 -444439
8250 -444439
8255 -444439
8260 -444439
8265 -444439
8270 -444439
8275 -444439
8280 -444439
8285 -444439
8290 -444439
8295 -444439
8300 -444439
8305 -444439
8310 -444439
8315 -444439
8320 -444439
8325 -444439
8330 -444439
8335 -443984
8340 -443984
8345 -443984
8350 -443984
8355 -443984
8360 -443984
8365 -443984
8370 -443984
8375 -443984
8380 -443984
8385 -443984
8390 -443984
8395 -443984
8400 -443984
8405 -443984
8410 -443984
8415 -443984
8420 -443984
8425 -443984
8430 -443984
8435 -443984
8440 -443984
8445 -443984
8450 -443984
8455 -443984
8460 -443984
8465 -443984
8470 -443984
8475 -443984
8480 -443984
8485 -443984
8490 -443984
8495 -443984
8500 -443984
8505 -443984
8510 -443984
8515 -443984
8520 -443984
8525 -443984
8530 -443984
8535 -443984
8540 -443984
8545 -443984
8550 -443984
8555 -443984
8560 -443984
8565 -443984
8570 -443984
8575 -443984
8580 -443984
8585 -443984
8590 -443984
8595 -443984
8600 -443984
8605 -443984
8610 -443984
8615 -443984
8620 -443984
8625 -443984
8630 -443984
8635 -443984
8640 -443984
8645 -443984
8650 -443984
8655 -443984
8660 -443984
8665 -443984
8670 -443984
8675 -443984
8680 -443984
8685 -443984
8690 -443984
8695 -443984
8700 -443984
8705 -443984
8710 -443984
8715 -443984
8720 -443984
8725 -443984
8730 -443984
8735 -443984
8740 -443984
8745 -443984
8750 -443984
8755 -443984
8760 -443984
8765 -443984
8770 -443984
8775 -443984
8780 -443984
8785 -443984
8790 -443984
8795 -443984
8800 -443984
8805 -443984
8810 -443984
8815 -443984
8820 -443984
8825 -443984
8830 -443984
8835 -443984
8840 -443984
8845 -443984
8850 -443984
8855 -443984
8860 -443984
8865 -443984
8870 -443984
8875 -443984
8880 -443984
8885 -443984
8890 -443984
8895 -443984
8900 -443984
8905 -443984
8910 -443984
8915 -443984
8920 -443984
8925 -443984
8930 -443984
8935 -443984
8940 -443984
8945 -443984
8950 -443984
8955 -443984
8960 -443984
8965 -443984
8970 -443984
8975 -443984
8980 -443984
8985 -443984
8990 -443984
8995 -443984
9000 -443984
9005 -443984
9010 -443984
9015 -443984
9020 -443984
9025 -443984
9030 -443984
9035 -443984
9040 -443984
9045 -443984
9050 -443984
9055 -443984
9060 -443984
9065 -443984
9070 -443984
9075 -443984
9080 -443984
9085 -443984
9090 -443984
9095 -443984
9100 -443984
9105 -443984
9110 -443984
9115 -443984
9120 -443984
9125 -443984
9130 -443984
9135 -443984
9140 -443984
9145 -443984
9150 -443984
9155 -443984
9160 -443984
9165 -443984
9170 -443984
9175 -443984
9180 -443984
9185 -443984
9190 -443984
9195 -443984
9200 -443984
9205 -443984
9210 -443984
9215 -443984
9220 -443984
9225 -443984
9230 -443984
9235 -443984
9240 -443984
9245 -443984
9250 -443984
9255 -443984
9260 -443984
9265 -443984
9270 -443984
9275 -443984
9280 -443984
9285 -443984
9290 -443984
9295 -443984
9300 -443984
9305 -443984
9310 -443984
9315 -443984
9320 -443984
9325 -443984
9330 -443984
9335 -443984
9340 -443984
9345 -443984
9350 -443984
9355 -443984
9360 -443984
9365 -443984
9370 -443984
9375 -443984
9380 -443984
9385 -443984
9390 -443984
9395 -443984
9400 -443984
9405 -443984
9410 -443984
9415 -443984
9420 -443984
9425 -443984
9430 -443984
9435 -443984
9440 -443984
9445 -443984
9450 -443984
9455 -443984
9460 -443984
9465 -443984
9470 -443984
9475 -443984
9480 -443984
9485 -443984
9490 -443984
9495 -443984
9500 -443984
9505 -443984
9510 -443984
9515 -443984
9520 -443984
9525 -443984
9530 -443984
9535 -443984
9540 -443984
9545 -443984
9550 -443984
9555 -443984
9560 -443984
9565 -443984
9570 -443984
9575 -443984
9580 -443984
9585 -443984
9590 -443984
9595 -443984
9600 -443984
9605 -443984
9610 -443984
9615 -443984
9620 -443984
9625 -443984
9630 -443984
9635 -443984
9640 -443984
9645 -443984
9650 -443984
9655 -443984
9660 -443984
9665 -443984
9670 -443984
9675 -443984
9680 -443984
9685 -443984
9690 -443984
9695 -443984
9700 -443984
9705 -443984
9710 -443984
9715 -443984
9720 -443984
9725 -443984
9730 -443984
9735 -443984
9740 -443984
9745 -443984
9750 -443984
9755 -443984
9760 -443984
9765 -443984
9770 -443984
9775 -443984
9780 -443984
9785 -443984
9790 -443984
9795 -443984
9800 -443984
9805 -443984
9810 -443984
9815 -443984
9820 -443984
9825 -443984
9830 -443984
9835 -443984
9840 -443984
9845 -443984
9850 -443984
9855 -443984
9860 -443984
9865 -443984
9870 -438112
9875 -438112
9880 -438112
9885 -438112
9890 -438112
9895 -438112
9900 -438112
9905 -438112
9910 -438112
9915 -438112
9920 -438112
9925 -438112
9930 -438112
9935 -438112
9940 -438112
9945 -438112
9950 -438112
9955 -438112
9960 -438112
9965 -438112
9970 -438112
9975 -438112
9980 -438112
9985 -438112
9990 -438112
9995 -438112
10000 -438112
10005 -438112
10010 -438112
10015 -438112
10020 -438112
10025 -438112
10030 -438112
10035 -438112
10040 -438112
10045 -438112
10050 -438112
10055 -438112
10060 -438112
10065 -438112
10070 -438112
10075 -438112
10080 -438112
10085 -438112
10090 -438112
10095 -438112
10100 -438112
10105 -438112
10110 -438112
10115 -438112
10120 -438112
10125 -438112
10130 -438112
10135 -438112
10140 -438112
10145 -438112
10150 -438112
10155 -438112
10160 -438112
10165 -438112
10170 -438112
10175 -438112
10180 -438112
10185 -438112
10190 -438112
10195 -438112
10200 -438112
10205 -438112
10210 -438112
10215 -438112
10220 -438112
10225 -438112
10230 -438112
10235 -438112
10240 -438112
10245 -438112
10250 -438112
10255 -438112
10260 -438112
10265 -438112
10270 -438112
10275 -438112
10280 -438112
10285 -438112
10290 -438112
10295 -438112
10300 -438112
10305 -438112
10310 -438112
10315 -438112
10320 -438112
10325 -438112
10330 -438112
10335 -438112
10340 -438112
10345 -438112
10350 -438112
10355 -438112
10360 -438112
10365 -438112
10370 -438112
10375 -438112
10380 -438112
10385 -438112
10390 -438112
10395 -438112
10400 -438112
10405 -438112
10410 -438112
10415 -438112
10420 -438112
10425 -438112
10430 -438112
10435 -438112
10440 -438112
10445 -438112
10450 -438112
10455 -438112
10460 -438112
10465 -438112
10470 -438112
10475 -438112
10480 -438112
10485 -438112
10490 -438112
10495 -438112
10500 -438112
10505 -438112
10510 -438112
10515 -438112
10520 -438112
10525 -438112
10530 -438112
10535 -438112
10540 -438112
10545 -438112
10550 -438112
10555 -438112
10560 -438112
10565 -438112
10570 -438112
10575 -438112
10580 -438112
10585 -438112
10590 -438112
10595 -438112
10600 -438112
10605 -438112
10610 -438112
10615 -438112
10620 -438112
10625 -438112
10630 -438112
10635 -438112
10640 -438112
10645 -438112
10650 -438112
10655 -438112
10660 -438112
10665 -438112
10670 -438112
10675 -438112
10680 -438112
10685 -438112
10690 -438112
10695 -438112
10700 -438112
10705 -438112
10710 -438112
10715 -438112
10720 -438112
10725 -438112
10730 -438112
10735 -438112
10740 -438112
10745 -438112
10750 -438112
10755 -438112
10760 -438112
10765 -438112
10770 -438112
10775 -438112
10780 -438112
10785 -438112
10790 -438112
10795 -438112
10800 -438112
10805 -438112
10810 -438112
10815 -438112
10820 -438112
10825 -438112
10830 -438112
10835 -438112
10840 -438112
10845 -438112
10850 -438112
10855 -438112
10860 -438112
10865 -438112
10870 -438112
10875 -438112
10880 -438112
10885 -438112
10890 -438112
10895 -438112
10900 -438112
10905 -438112
10910 -438112
10915 -438112
10920 -438112
10925 -438112
10930 -438112
10935 -438112
10940 -438112
10945 -438112
10950 -438112
10955 -438112
10960 -438112
10965 -438112
10970 -438112
10975 -438112
10980 -438112
10985 -438112
10990 -438112
10995 -438112
11000 -438112
11005 -438112
11010 -438112
11015 -438112
11020 -438112
11025 -438112
11030 -438112
11035 -438112
11040 -438112
11045 -438112
11050 -438112
11055 -438112
11060 -438112
11065 -438112
11070 -438112
11075 -438112
11080 -438112
11085 -438112
11090 -438112
11095 -438112
11100 -438112
11105 -438112
11110 -438112
11115 -438112
11120 -438112
11125 -438112
11130 -438112
11135 -438112
11140 -438112
11145 -438112
11150 -438112
11155 -438112
11160 -438112
11165 -438112
11170 -438112
11175 -438112
11180 -438112
11185 -438112
11190 -438112
11195 -438112
11200 -438112
11205 -438112
11210 -438112
11215 -438112
11220 -438112
11225 -438112
11230 -438112
11235 -438112
11240 -438112
11245 -438112
11250 -438112
11255 -438112
11260 -438112
11265 -438112
11270 -438112
11275 -438112
11280 -438112
11285 -438112
11290 -438112
11295 -438112
11300 -438112
11305 -438112
11310 -438112
11315 -438112
11320 -438112
11325 -438112
11330 -438112
11335 -438112
11340 -438112
11345 -438112
11350 -438112
11355 -438112
11360 -438112
11365 -438112
11370 -438112
11375 -438112
11380 -438112
11385 -438112
11390 -438112
11395 -438112
11400 -438112
11405 -438112
11410 -438112
11415 -438112
11420 -438112
11425 -438112
11430 -438112
11435 -438112
11440 -438112
11445 -438112
11450 -438112
11455 -438112
11460 -438112
11465 -438112
11470 -438112
11475 -438112
11480 -438112
11485 -438112
11490 -438112
11495 -438112
11500 -438112
11505 -438112
11510 -438112
11515 -438112
11520 -438112
11525 -438112
11530 -438112
11535 -438112
11540 -438112
11545 -438112
11550 -438112
11555 -438112
11560 -438112
11565 -438112
11570 -438112
11575 -438112
11580 -438112
11585 -438112
11590 -438112
11595 -438112
11600 -438112
11605 -438112
11610 -438112
11615 -438112
11620 -438112
11625 -438112
11630 -438112
11635 -438112
11640 -438112
11645 -438112
11650 -438112
11655 -438112
11660 -438112
11665 -438112
11670 -438112
11675 -438112
11680 -438112
11685 -438112
11690 -438112
11695 -438112
11700 -438112
11705 -438112
11710 -438112
11715 -438112
11720 -438112
11725 -438112
11730 -438112
11735 -438112
11740 -438112
11745 -438112
11750 -438112
11755 -438112
11760 -438112
11765 -438112
11770 -438112
11775 -438112
11780 -438112
11785 -438112
11790 -438112
11795 -438112
11800 -438112
11805 -438112
11810 -438112
11815 -438112
11820 -438112
11825 -438112
11830 -438112
11835 -438112
11840 -438112
11845 -438112
11850 -438112
11855 -438112
11860 -438112
11865 -438112
11870 -438112
11875 -438112
11880 -438112
11885 -438112
11890 -438112
11895 -438112
11900 -438112
11905 -438112
11910 -438112
11915 -438112
11920 -438112
11925 -438112
11930 -438112
11935 -438112
11940 -438112
11945 -438112
11950 -438112
11955 -438112
11960 -438112
11965 -438112
11970 -438112
11975 -438112
11980 -438112
11985 -438112
11990 -438112
11995 -438112
12000 -438112
12005 -438112
12010 -438112
12015 -438112
12020 -438112
12025 -438112
12030 -438112
12035 -438112
12040 -438112
12045 -438112
12050 -438112
12055 -438112
12060 -438112
12065 -438112
12070 -438112
12075 -438112
12080 -438112
12085 -438112
12090 -438112
12095 -438112
12100 -438112
12105 -438112
12110 -438112
12115 -438112
12120 -438112
12125 -438112
12130 -438112
12135 -438112
12140 -438112
12145 -438112
12150 -438112
12155 -438112
12160 -438112
12165 -438112
12170 -438112
12175 -438112
12180 -438112
12185 -438112
12190 -438112
12195 -438112
12200 -438112
12205 -438112
12210 -438112
12215 -438112
12220 -438112
12225 -438112
12230 -438112
12235 -438112
12240 -438112
12245 -438112
12250 -438112
12255 -438112
12260 -438112
12265 -438112
12270 -438112
12275 -438112
12280 -438112
12285 -438112
12290 -438112
12295 -438112
12300 -438112
12305 -438112
12310 -438112
12315 -438112
12320 -438112
12325 -438112
12330 -438112
12335 -438112
12340 -438112
12345 -438112
12350 -438112
12355 -438112
12360 -438112
12365 -438112
12370 -438112
12375 -438112
12380 -438112
12385 -438112
12390 -438112
12395 -438112
12400 -438112
12405 -438112
12410 -438112
12415 -438112
12420 -438112
12425 -438112
12430 -438112
12435 -438112
12440 -438112
12445 -438112
12450 -438112
12455 -438112
12460 -438112
12465 -438112
12470 -438112
12475 -438112
12480 -438112
12485 -438112
12490 -438112
12495 -438112
12500 -438112
12505 -438112
12510 -438112
12515 -438112
12520 -438112
12525 -438112
12530 -438112
12535 -438112
12540 -438112
12545 -438112
12550 -438112
12555 -438112
12560 -438112
12565 -438112
12570 -438112
12575 -438112
12580 -438112
12585 -438112
12590 -438112
12595 -438112
12600 -438112
12605 -438112
12610 -438112
12615 -438112
12620 -438112
12625 -438112
12630 -438112
12635 -438112
12640 -438112
12645 -438112
12650 -438112
12655 -438112
12660 -438112
12665 -438112
12670 -438112
12675 -438112
12680 -438112
12685 -438112
12690 -438112
12695 -438112
12700 -438112
12705 -438112
12710 -438112
12715 -438112
12720 -438112
12725 -438112
12730 -438112
12735 -438112
12740 -438112
12745 -438112
12750 -438112
12755 -438112
12760 -438112
12765 -438112
12770 -438112
12775 -438112
12780 -438112
12785 -438112
12790 -438112
12795 -438112
12800 -438112
12805 -438112
12810 -438112
12815 -438112
12820 -438112
12825 -438112
12830 -438112
12835 -438112
12840 -438112
12845 -438112
12850 -438112
12855 -438112
12860 -438112
12865 -438112
12870 -438112
12875 -438112
12880 -438112
12885 -438112
12890 -438112
12895 -438112
12900 -438112
12905 -438112
12910 -438112
12915 -438112
12920 -438112
12925 -438112
12930 -438112
12935 -438112
12940 -438112
12945 -438112
12950 -438112
12955 -438112
12960 -438112
12965 -438112
12970 -438112
12975 -438112
12980 -438112
12985 -438112
12990 -438112
12995 -438112
13000 -438112
13005 -438112
13010 -438112
13015 -438112
13020 -438112
13025 -438112
13030 -438112
13035 -438112
13040 -438112
13045 -438112
13050 -438112
13055 -438112
13060 -438112
13065 -438112
13070 -438112
13075 -438112
13080 -438112
13085 -438112
13090 -438112
13095 -438112
13100 -438112
13105 -438112
13110 -438112
13115 -438112
13120 -438112
13125 -438112
13130 -438112
13135 -438112
13140 -438112
13145 -438112
13150 -438112
13155 -438112
13160 -438112
13165 -438112
13170 -438112
13175 -438112
13180 -438112
13185 -438112
13190 -438112
13195 -438112
13200 -438112
13205 -438112
13210 -438112
13215 -438112
13220 -438112
13225 -438112
13230 -438112
13235 -438112
13240 -438112
13245 -438112
13250 -438112
13255 -438112
13260 -438112
13265 -438112
13270 -438112
13275 -438112
13280 -438112
13285 -438112
13290 -438112
13295 -438112
13300 -438112
13305 -438112
13310 -438112
13315 -438112
13320 -438112
13325 -438112
13330 -438112
13335 -438112
13340 -438112
13345 -438112
13350 -438112
13355 -438112
13360 -438112
13365 -438112
13370 -438112
13375 -438112
13380 -438112
13385 -438112
13390 -438112
13395 -438112
13400 -438112
13405 -438112
13410 -438112
13415 -438112
13420 -438112
13425 -438112
13430 -438112
13435 -438112
13440 -438112
13445 -438112
13450 -438112
13455 -438112
13460 -438112
13465 -438112
13470 -438112
13475 -438112
13480 -438112
13485 -438112
13490 -438112
13495 -438112
13500 -438112
13505 -438112
13510 -438112
13515 -438112
13520 -438112
13525 -438112
13530 -438112
13535 -438112
13540 -438112
13545 -438112
13550 -438112
13555 -438112
13560 -438112
13565 -438112
13570 -438112
13575 -438112
13580 -438112
13585 -438112
13590 -438112
13595 -438112
13600 -438112
13605 -438112
13610 -438112
13615 -438112
13620 -438112
13625 -438112
13630 -438112
13635 -438112
13640 -438112
13645 -438112
13650 -438112
13655 -438112
13660 -438112
13665 -438112
13670 -438112
13675 -438112
13680 -438112
13685 -438112
13690 -438112
13695 -438112
13700 -438112
13705 -438112
13710 -438112
13715 -438112
13720 -438112
13725 -438112
13730 -438112
13735 -438112
13740 -438112
13745 -438112
13750 -438112
13755 -438112
13760 -438112
13765 -438112
13770 -438112
13775 -438112
13780 -438112
13785 -438112
13790 -438112
13795 -438112
13800 -438112
13805 -438112
13810 -438112
13815 -438112
13820 -438112
13825 -438112
13830 -438112
13835 -438112
13840 -438112
13845 -438112
13850 -438112
13855 -438112
13860 -438112
13865 -438112
13870 -438112
13875 -438112
13880 -438112
13885 -438112
13890 -438112
13895 -438112
13900 -438112
13905 -438112
13910 -438112
13915 -438112
13920 -438112
13925 -438112
13930 -438112
13935 -438112
13940 -438112
13945 -438112
13950 -438112
13955 -438112
13960 -438112
13965 -438112
13970 -438112
13975 -438112
13980 -438112
13985 -438112
13990 -438112
13995 -438112
14000 -438112
14005 -438112
14010 -438112
14015 -438112
14020 -438112
14025 -438112
14030 -438112
14035 -438112
14040 -438112
14045 -438112
14050 -438112
14055 -438112
14060 -438112
14065 -438112
14070 -438112
14075 -438112
14080 -438112
14085 -438112
14090 -438112
14095 -438112
14100 -438112
14105 -438112
14110 -438112
14115 -438112
14120 -438112
14125 -438112
14130 -438112
14135 -438112
14140 -438112
14145 -438112
14150 -438112
14155 -438112
14160 -438112
14165 -438112
14170 -438112
14175 -438112
14180 -438112
14185 -438112
14190 -438112
14195 -438112
14200 -438112
14205 -438112
14210 -438112
14215 -438112
14220 -438112
14225 -438112
14230 -438112
14235 -438112
14240 -438112
14245 -438112
14250 -438112
14255 -438112
14260 -438112
14265 -438112
14270 -438112
14275 -438112
14280 -438112
14285 -438112
14290 -438112
14295 -438112
14300 -438112
14305 -438112
14310 -438112
14315 -438112
14320 -438112
14325 -438112
14330 -438112
14335 -438112
14340 -438112
14345 -438112
14350 -438112
14355 -438112
14360 -438112
14365 -438112
14370 -438112
14375 -438112
14380 -438112
14385 -438112
14390 -438112
14395 -438112
14400 -438112
14405 -438112
14410 -438112
14415 -438112
14420 -438112
14425 -438112
14430 -438112
14435 -438112
14440 -438112
14445 -438112
14450 -438112
14455 -438112
14460 -438112
14465 -438112
14470 -438112
14475 -438112
14480 -438112
14485 -438112
14490 -438112
14495 -438112
14500 -438112
14505 -438112
14510 -438112
14515 -438112
14520 -438112
14525 -438112
14530 -438112
14535 -438112
14540 -438112
14545 -438112
14550 -438112
14555 -438112
14560 -438112
14565 -438112
14570 -438112
14575 -438112
14580 -438112
14585 -438112
14590 -438112
14595 -438112
14600 -438112
14605 -438112
14610 -438112
14615 -438112
14620 -438112
14625 -438112
14630 -438112
14635 -438112
14640 -438112
14645 -438112
14650 -438112
14655 -438112
14660 -438112
14665 -438112
14670 -438112
14675 -438112
14680 -438112
14685 -438112
14690 -438112
14695 -438112
14700 -438112
14705 -438112
14710 -438112
14715 -438112
14720 -438112
14725 -438112
14730 -438112
14735 -438112
14740 -438112
14745 -438112
14750 -438112
14755 -438112
14760 -438112
14765 -438112
14770 -438112
14775 -438112
14780 -438112
14785 -438112
14790 -438112
14795 -438112
14800 -438112
14805 -438112
14810 -438112
14815 -438112
14820 -438112
14825 -438112
14830 -438112
14835 -438112
14840 -438112
14845 -438112
14850 -438112
14855 -438112
14860 -438112
14865 -438112
14870 -438112
14875 -438112
14880 -438112
14885 -438112
14890 -438112
14895 -438112
14900 -438112
14905 -438112
14910 -438112
14915 -438112
14920 -438112
14925 -438112
14930 -438112
14935 -438112
14940 -438112
14945 -438112
14950 -438112
14955 -438112
14960 -438112
14965 -438112
14970 -438112
14975 -438112
14980 -438112
14985 -438112
14990 -438112
14995 -438112
15000 -438112
15005 -438112
15010 -438112
15015 -438112
15020 -438112
15025 -438112
15030 -438112
15035 -438112
15040 -438112
15045 -438112
15050 -438112
15055 -438112
15060 -438112
15065 -438112
15070 -438112
15075 -438112
15080 -438112
15085 -438112
15090 -438112
15095 -438112
15100 -438112
15105 -438112
15110 -438112
15115 -438112
15120 -438112
15125 -438112
15130 -438112
15135 -438112
15140 -438112
15145 -438112
15150 -438112
15155 -438112
15160 -438112
15165 -438112
15170 -438112
15175 -438112
15180 -438112
15185 -438112
15190 -438112
15195 -438112
15200 -438112
15205 -438112
15210 -438112
15215 -438112
15220 -438112
15225 -438112
15230 -438112
15235 -438112
15240 -438112
15245 -438112
15250 -438112
15255 -438112
15260 -438112
15265 -438112
15270 -438112
15275 -438112
15280 -438112
15285 -438112
15290 -438112
15295 -438112
15300 -438112
15305 -438112
15310 -438112
15315 -438112
15320 -438112
15325 -438112
15330 -438112
15335 -438112
15340 -438112
15345 -438112
15350 -438112
15355 -438112
15360 -438112
15365 -438112
15370 -438112
15375 -438112
15380 -438112
15385 -438112
15390 -438112
15395 -438112
15400 -438112
15405 -438112
15410 -438112
15415 -438112
15420 -438112
15425 -438112
15430 -438112
15435 -438112
15440 -438112
15445 -438112
15450 -438112
15455 -438112
15460 -438112
15465 -438112
15470 -438112
15475 -438112
15480 -438112
15485 -438112
15490 -438112
15495 -438112
15500 -438112
15505 -438112
15510 -438112
15515 -438112
15520 -438112
15525 -438112
15530 -438112
15535 -438112
15540 -438112
15545 -438112
15550 -438112
15555 -438112
15560 -438112
15565 -438112
15570 -438112
15575 -438112
15580 -438112
15585 -438112
15590 -438112
15595 -438112
15600 -438112
15605 -438112
15610 -438112
15615 -438112
15620 -438112
15625 -438112
15630 -438112
15635 -438112
15640 -438112
15645 -438112
15650 -438112
15655 -438112
15660 -438112
15665 -438112
15670 -438112
15675 -438112
15680 -438112
15685 -438112
15690 -438112
15695 -438112
15700 -438112
15705 -438112
15710 -438112
15715 -438112
15720 -438112
15725 -438112
15730 -438112
15735 -438112
15740 -438112
15745 -438112
15750 -438112
15755 -438112
15760 -438112
15765 -438112
15770 -438112
15775 -438112
15780 -438112
15785 -438112
15790 -438112
15795 -438112
15800 -438112
15805 -438112
15810 -438112
15815 -438112
15820 -438112
15825 -438112
15830 -438112
15835 -438112
15840 -438112
15845 -438112
15850 -438112
15855 -438112
15860 -438112
15865 -438112
15870 -438112
15875 -438112
15880 -438112
15885 -438112
15890 -438112
15895 -438112
15900 -438112
15905 -438112
15910 -438112
15915 -438112
15920 -438112
15925 -438112
15930 -438112
15935 -438112
15940 -438112
15945 -438112
15950 -438112
15955 -438112
15960 -438112
15965 -437851
15970 -437851
15975 -437851
15980 -437851
15985 -437851
15990 -437851
15995 -437851
16000 -437851
16005 -437851
16010 -437851
16015 -437851
16020 -437851
16025 -437851
16030 -437851
16035 -437851
16040 -437851
16045 -437851
16050 -437851
16055 -437851
16060 -437851
16065 -437851
16070 -437851
16075 -437851
16080 -437851
16085 -437851
16090 -437851
16095 -437851
16100 -437851
16105 -437851
16110 -437851
16115 -437851
16120 -437851
16125 -437851
16130 -437851
16135 -437851
16140 -437851
16145 -437851
16150 -437851
16155 -437851
16160 -437851
16165 -437851
16170 -437851
16175 -437851
16180 -437851
16185 -437851
16190 -437851
16195 -437851
16200 -437851
16205 -437851
16210 -437851
16215 -437851
16220 -437851
16225 -437851
16230 -437851
16235 -437851
16240 -437851
16245 -437851
16250 -437851
16255 -437851
16260 -437851
16265 -437851
16270 -437851
16275 -437851
16280 -437851
16285 -437851
16290 -437851
16295 -437851
16300 -437851
16305 -437851
16310 -437851
16315 -437851
16320 -437851
16325 -437851
16330 -437851
16335 -437851
16340 -437851
16345 -437851
16350 -437851
16355 -437851
16360 -437851
16365 -437851
16370 -437851
16375 -437851
16380 -437851
16385 -437851
16390 -437851
16395 -437851
16400 -437851
16405 -437851
16410 -437851
16415 -437851
16420 -437851
16425 -437851
16430 -437851
16435 -437851
16440 -437851
16445 -437851
16450 -437851
16455 -437851
16460 -437851
16465 -437851
16470 -437851
16475 -437851
16480 -437851
16485 -437851
16490 -437851
16495 -437851
16500 -437851
16505 -437851
16510 -437851
16515 -437851
16520 -437851
16525 -437851
16530 -437851
16535 -437851
16540 -437851
16545 -437851
16550 -437851
16555 -437851
16560 -437851
16565 -437851
16570 -437851
16575 -437851
16580 -437851
16585 -437851
16590 -437851
16595 -437851
16600 -437851
16605 -437851
16610 -437851
16615 -437851
16620 -437851
16625 -437851
16630 -437215
16635 -437215
16640 -437215
16645 -437215
16650 -437215
16655 -437215
16660 -437215
16665 -437215
16670 -437215
16675 -437215
16680 -437215
16685 -437215
16690 -437215
16695 -437215
16700 -437215
16705 -437215
16710 -437215
16715 -437215
16720 -437215
16725 -437215
16730 -437215
16735 -437215
16740 -437215
16745 -437215
16750 -437215
16755 -437215
16760 -437215
16765 -437215
16770 -437215
16775 -437215
16780 -437215
16785 -437215
16790 -437215
16795 -437215
16800 -437215
16805 -437215
16810 -437215
16815 -437215
16820 -437215
16825 -437215
16830 -437215
16835 -437215
16840 -437215
16845 -437215
16850 -437215
16855 -437215
16860 -437215
16865 -437215
16870 -437215
16875 -437215
16880 -437215
16885 -437215
16890 -437215
16895 -437215
16900 -437215
16905 -437215
16910 -437215
16915 -437215
16920 -437215
16925 -437215
16930 -437215
16935 -437215
16940 -437215
16945 -437215
16950 -437215
16955 -437215
16960 -437215
16965 -437215
16970 -437215
16975 -437215
16980 -437215
16985 -437215
16990 -437215
16995 -437215
17000 -437215
17005 -437215
17010 -437215
17015 -437215
17020 -437215
17025 -437215
17030 -437215
17035 -437215
17040 -437215
17045 -437215
17050 -437215
17055 -437215
17060 -437215
17065 -437215
17070 -437215
17075 -437215
17080 -437215
17085 -437215
17090 -437215
17095 -437215
17100 -437215
17105 -437215
17110 -437215
17115 -437215
17120 -435115
17125 -435115
17130 -435115
17135 -435115
17140 -435115
17145 -435115
17150 -435115
17155 -435115
17160 -435115
17165 -435115
17170 -435115
17175 -435115
17180 -435115
17185 -435115
17190 -435115
17195 -435115
17200 -435115
17205 -435115
17210 -435115
17215 -435115
17220 -435115
17225 -435115
17230 -435115
17235 -435115
17240 -435115
17245 -435115
17250 -435115
17255 -435115
17260 -435115
17265 -435115
17270 -435115
17275 -435115
17280 -435115
17285 -435115
17290 -435115
17295 -435115
17300 -435115
17305 -435115
17310 -435115
17315 -435115
17320 -435115
17325 -435115
17330 -435115
17335 -435115
17340 -435115
17345 -435115
17350 -435115
17355 -435115
17360 -435115
17365 -435115
17370 -435115
17375 -435115
17380 -435115
17385 -435115
17390 -435115
17395 -435115
17400 -435115
17405 -435115
17410 -435115
17415 -435115
17420 -435115
17425 -435115
17430 -435115
17435 -435115
17440 -435115
17445 -435115
17450 -435115
17455 -435115
17460 -435115
17465 -435115
17470 -435115
17475 -435115
17480 -435115
17485 -435115
17490 -435115
17495 -435115
17500 -435115
17505 -435115
17510 -435115
17515 -435115
17520 -435115
17525 -435115
17530 -435115
17535 -435115
17540 -435115
17545 -435115
17550 -435115
17555 -435115
17560 -435115
17565 -435115
17570 -435115
17575 -435115
17580 -435115
17585 -435115
17590 -435115
17595 -435115
17600 -435115
17605 -435115
17610 -435115
17615 -435115
17620 -435115
17625 -435115
17630 -435115
17635 -435115
17640 -435115
17645 -435115
17650 -435115
17655 -435115
17660 -435115
17665 -435115
17670 -435115
17675 -435115
17680 -435115
17685 -435115
17690 -435115
17695 -435115
17700 -435115
17705 -435115
17710 -435115
17715 -435115
17720 -435115
17725 -435115
17730 -435115
17735 -435115
17740 -435115
17745 -435115
17750 -435115
17755 -435115
17760 -435115
17765 -435115
17770 -435115
17775 -435115
17780 -435115
17785 -435115
17790 -435115
17795 -435115
17800 -435115
17805 -435115
17810 -435115
17815 -435115
17820 -435115
17825 -435115
17830 -435115
17835 -435115
17840 -435115
17845 -435115
17850 -435115
17855 -435115
17860 -435115
17865 -435115
17870 -435115
17875 -435115
17880 -435115
17885 -435115
17890 -435115
17895 -435115
17900 -435115
17905 -435115
17910 -435115
17915 -435115
17920 -435115
17925 -435115
17930 -435115
17935 -435115
17940 -435115
17945 -435115
17950 -435115
17955 -435115
17960 -435115
17965 -435115
17970 -435115
17975 -435115
17980 -435115
17985 -435115
17990 -435115
17995 -435115
18000 -435115
18005 -435115
18010 -435115
18015 -435115
18020 -435115
18025 -435115
18030 -435115
18035 -435115
18040 -435115
18045 -435115
18050 -435115
18055 -435115
18060 -435115
18065 -435115
18070 -435115
18075 -435115
18080 -435115
18085 -435115
18090 -435115
18095 -435115
18100 -435115
18105 -435115
18110 -435115
18115 -435115
18120 -435115
18125 -435115
18130 -435115
18135 -435115
18140 -435115
18145 -435115
18150 -435115
18155 -435115
18160 -435115
18165 -435115
18170 -435115
18175 -435115
18180 -435115
18185 -435115
18190 -435115
18195 -435115
18200 -435115
18205 -435115
18210 -435115
18215 -435115
18220 -435115
18225 -435115
18230 -435115
18235 -435115
18240 -435115
18245 -435115
18250 -435115
18255 -435115
18260 -435115
18265 -435115
18270 -435115
18275 -435115
18280 -435115
18285 -435115
18290 -435115
18295 -435115
18300 -435115
18305 -435115
18310 -435115
18315 -435115
18320 -435115
18325 -435115
18330 -435115
18335 -435115
18340 -435115
18345 -435115
18350 -435115
18355 -435115
18360 -435115
18365 -435115
18370 -435115
18375 -435115
18380 -435115
18385 -435115
18390 -435115
18395 -435115
18400 -435115
18405 -435115
18410 -435115
18415 -435115
18420 -435115
18425 -435115
18430 -435115
18435 -435115
18440 -435115
18445 -435115
18450 -435115
18455 -435115
18460 -435115
18465 -435115
18470 -435115
18475 -435115
