10 -457881
15 -457881
20 -448462
25 -448462
30 -448462
35 -448462
40 -448462
45 -448462
50 -448462
55 -448462
60 -448462
65 -448462
70 -448462
75 -448462
80 -448462
85 -448462
90 -448462
95 -448462
100 -448462
105 -448462
110 -448462
115 -448462
120 -448462
125 -448462
130 -448462
135 -448462
140 -448462
145 -448462
150 -448462
155 -448462
160 -448462
165 -448462
170 -448462
175 -448462
180 -448462
185 -448462
190 -448462
195 -445020
200 -445020
205 -445020
210 -445020
215 -445020
220 -445020
225 -445020
230 -445020
235 -445020
240 -445020
245 -445020
250 -445020
255 -445020
260 -445020
265 -445020
270 -445020
275 -445020
280 -445020
285 -445020
290 -445020
295 -445020
300 -445020
305 -445020
310 -445020
315 -445020
320 -445020
325 -445020
330 -445020
335 -445020
340 -445020
345 -445020
350 -445020
355 -445020
360 -445020
365 -445020
370 -445020
375 -445020
380 -445020
385 -445020
390 -445020
395 -445020
400 -445020
405 -445020
410 -445020
415 -445020
420 -445020
425 -445020
430 -445020
435 -445020
440 -445020
445 -445020
450 -445020
455 -445020
460 -445020
465 -445020
470 -445020
475 -445020
480 -445020
485 -445020
490 -445020
495 -445020
500 -445020
505 -445020
510 -445020
515 -445020
520 -445020
525 -445020
530 -445020
535 -445020
540 -445020
545 -445020
550 -445020
555 -445020
560 -445020
565 -445020
570 -445020
575 -445020
580 -445020
585 -445020
590 -445020
595 -445020
600 -445020
605 -445020
610 -445020
615 -445020
620 -445020
625 -445020
630 -445020
635 -445020
640 -445020
645 -445020
650 -445020
655 -445020
660 -445020
665 -445020
670 -445020
675 -445020
680 -445020
685 -445020
690 -445020
695 -445020
700 -445020
705 -445020
710 -445020
715 -445020
720 -445020
725 -445020
730 -445020
735 -445020
740 -445020
745 -445020
750 -445020
755 -445020
760 -445020
765 -445020
770 -445020
775 -445020
780 -445020
785 -445020
790 -445020
795 -445020
800 -445020
805 -445020
810 -445020
815 -445020
820 -445020
825 -445020
830 -445020
835 -445020
840 -445020
845 -445020
850 -445020
855 -445020
860 -445020
865 -445020
870 -445020
875 -445020
880 -445020
885 -445020
890 -445020
895 -445020
900 -445020
905 -445020
910 -445020
915 -445020
920 -445020
925 -445020
930 -445020
935 -445020
940 -445020
945 -445020
950 -445020
955 -445020
960 -445020
965 -445020
970 -443613
975 -443613
980 -443613
985 -443613
990 -443613
995 -443613
1000 -443613
1005 -443613
1010 -443613
1015 -443613
1020 -443613
1025 -443613
1030 -443613
1035 -443613
1040 -443613
1045 -443613
1050 -443613
1055 -443613
1060 -443613
1065 -443613
1070 -443613
1075 -443613
1080 -443613
1085 -443613
1090 -443613
1095 -443613
1100 -443613
1105 -443613
1110 -443613
1115 -443613
1120 -443613
1125 -443613
1130 -443613
1135 -443613
1140 -443613
1145 -443613
1150 -443613
1155 -443613
1160 -443613
1165 -443613
1170 -443613
1175 -443613
1180 -443613
1185 -443613
1190 -443613
1195 -443613
1200 -443613
1205 -443613
1210 -443613
1215 -443613
1220 -443613
1225 -443613
1230 -443613
1235 -443613
1240 -443613
1245 -443613
1250 -443613
1255 -443613
1260 -443613
1265 -443613
1270 -443613
1275 -443613
1280 -443613
1285 -443613
1290 -443613
1295 -443613
1300 -443613
1305 -443613
1310 -443613
1315 -443613
1320 -443613
1325 -443613
1330 -443613
1335 -443613
1340 -443613
1345 -443613
1350 -443613
1355 -443613
1360 -443613
1365 -443613
1370 -443613
1375 -443613
1380 -443613
1385 -443613
1390 -443613
1395 -443613
1400 -443613
1405 -443613
1410 -443613
1415 -443613
1420 -443613
1425 -443613
1430 -443613
1435 -443613
1440 -443613
1445 -443613
1450 -443613
1455 -443613
1460 -443613
1465 -443613
1470 -443613
1475 -443613
1480 -443613
1485 -443613
1490 -443613
1495 -443613
1500 -443613
1505 -443613
1510 -443613
1515 -443613
1520 -443613
1525 -443613
1530 -443613
1535 -443613
1540 -443613
1545 -443613
1550 -443613
1555 -443613
1560 -443613
1565 -443613
1570 -443613
1575 -443613
1580 -443613
1585 -443613
1590 -443613
1595 -443613
1600 -443613
1605 -443613
1610 -443613
1615 -443613
1620 -443613
1625 -443613
1630 -443613
1635 -443613
1640 -443613
1645 -443613
1650 -443613
1655 -443613
1660 -443613
1665 -443613
1670 -443613
1675 -443613
1680 -443613
1685 -443613
1690 -443613
1695 -443613
1700 -443613
1705 -443613
1710 -443613
1715 -443613
1720 -443613
1725 -443613
1730 -443613
1735 -443613
1740 -442729
1745 -442729
1750 -442729
1755 -442729
1760 -442729
1765 -442729
1770 -442729
1775 -442729
1780 -442729
1785 -442729
1790 -442729
1795 -442729
1800 -442729
1805 -442729
1810 -442729
1815 -442729
1820 -442729
1825 -442729
1830 -442729
1835 -442729
1840 -442729
1845 -442729
1850 -442729
1855 -442729
1860 -442729
1865 -442729
1870 -442729
1875 -442729
1880 -442729
1885 -442729
1890 -442729
1895 -442729
1900 -442729
1905 -442729
1910 -442729
1915 -442729
1920 -442729
1925 -442729
1930 -442729
1935 -442729
1940 -442729
1945 -442729
1950 -442729
1955 -442729
1960 -442729
1965 -442729
1970 -442729
1975 -442729
1980 -442729
1985 -442729
1990 -442729
1995 -442729
2000 -442729
2005 -442729
2010 -442729
2015 -442729
2020 -442729
2025 -442729
2030 -442729
2035 -442106
2040 -442106
2045 -442106
2050 -442106
2055 -442106
2060 -442106
2065 -442106
2070 -442106
2075 -442106
2080 -442106
2085 -442106
2090 -442106
2095 -442106
2100 -442106
2105 -442106
2110 -442106
2115 -442106
2120 -442106
2125 -442106
2130 -442106
2135 -442106
2140 -442106
2145 -442106
2150 -442106
2155 -442106
2160 -442106
2165 -442106
2170 -442106
2175 -442106
2180 -442106
2185 -442106
2190 -442106
2195 -442106
2200 -442106
2205 -442106
2210 -442106
2215 -442106
2220 -442106
2225 -442106
2230 -442106
2235 -442106
2240 -442106
2245 -442106
2250 -442106
2255 -442106
2260 -442106
2265 -442106
2270 -442106
2275 -442106
2280 -442106
2285 -442106
2290 -442106
2295 -442106
2300 -442106
2305 -442106
2310 -442106
2315 -442106
2320 -442106
2325 -442106
2330 -442106
2335 -442106
2340 -442106
2345 -442106
2350 -442106
2355 -442106
2360 -442106
2365 -442106
2370 -442106
2375 -442106
2380 -442106
2385 -442106
2390 -442106
2395 -442106
2400 -442106
2405 -442106
2410 -442106
2415 -442106
2420 -442106
2425 -442106
2430 -442106
2435 -442106
2440 -442106
2445 -442106
2450 -442106
2455 -442106
2460 -442106
2465 -442106
2470 -442106
2475 -442106
2480 -442106
2485 -442106
2490 -442106
2495 -442106
2500 -442106
2505 -442106
2510 -442106
2515 -442106
2520 -442106
2525 -442106
2530 -442106
2535 -442106
2540 -442106
2545 -442106
2550 -442106
2555 -442106
2560 -442106
2565 -442106
2570 -442106
2575 -442106
2580 -442106
2585 -442106
2590 -442106
2595 -442106
2600 -442106
2605 -442106
2610 -442106
2615 -442106
2620 -442106
2625 -442106
2630 -442106
2635 -442106
2640 -442106
2645 -442106
2650 -442106
2655 -442106
2660 -442106
2665 -442106
2670 -442106
2675 -442106
2680 -442106
2685 -442106
2690 -442106
2695 -441941
2700 -441941
2705 -441941
2710 -441941
2715 -441941
2720 -441941
2725 -441941
2730 -441941
2735 -441941
2740 -441941
2745 -441941
2750 -441941
2755 -441941
2760 -441941
2765 -441941
2770 -441941
2775 -441941
2780 -441941
2785 -441941
2790 -441941
2795 -441941
2800 -441941
2805 -441941
2810 -441941
2815 -441941
2820 -441941
2825 -441941
2830 -441941
2835 -441941
2840 -441941
2845 -441941
2850 -441941
2855 -441941
2860 -441941
2865 -441941
2870 -441941
2875 -441941
2880 -441941
2885 -441941
2890 -441941
2895 -441941
2900 -441941
2905 -441941
2910 -441941
2915 -441941
2920 -441941
2925 -441941
2930 -441941
2935 -441941
2940 -441941
2945 -441941
2950 -441941
2955 -441941
2960 -441941
2965 -441941
2970 -441941
2975 -441941
2980 -441941
2985 -441941
2990 -441941
2995 -441941
3000 -441941
3005 -441941
3010 -441941
3015 -441941
3020 -441941
3025 -441941
3030 -441941
3035 -440991
3040 -440991
3045 -440991
3050 -440991
3055 -440991
3060 -440991
3065 -440991
3070 -440991
3075 -440991
3080 -440991
3085 -440991
3090 -440991
3095 -440991
3100 -440991
3105 -440991
3110 -440991
3115 -440991
3120 -440991
3125 -440991
3130 -440991
3135 -440991
3140 -440991
3145 -440991
3150 -440991
3155 -440991
3160 -440991
3165 -440991
3170 -440991
3175 -440991
3180 -440991
3185 -440991
3190 -440991
3195 -440991
3200 -440991
3205 -440991
3210 -440991
3215 -440991
3220 -440991
3225 -440991
3230 -440991
3235 -440991
3240 -440991
3245 -440991
3250 -440991
3255 -440991
3260 -440991
3265 -440991
3270 -440991
3275 -440991
3280 -440991
3285 -440991
3290 -440991
3295 -440991
3300 -440991
3305 -440991
3310 -440991
3315 -440991
3320 -440991
3325 -440991
3330 -440991
3335 -440991
3340 -440991
3345 -440991
3350 -440991
3355 -440991
3360 -440991
3365 -440991
3370 -440991
3375 -440991
3380 -440991
3385 -440991
3390 -440991
3395 -440991
3400 -440991
3405 -440991
3410 -440991
3415 -440991
3420 -440991
3425 -440991
3430 -440991
3435 -440991
3440 -440991
3445 -440991
3450 -440991
3455 -440991
3460 -440991
3465 -440991
3470 -440991
3475 -440991
3480 -440991
3485 -440991
3490 -440991
3495 -440991
3500 -440991
3505 -440991
3510 -440991
3515 -440991
3520 -440991
3525 -440991
3530 -440991
3535 -440991
3540 -440991
3545 -440991
3550 -440991
3555 -440991
3560 -440991
3565 -440991
3570 -440991
3575 -440991
3580 -440991
3585 -440991
3590 -440991
3595 -440991
3600 -440991
3605 -440991
3610 -440991
3615 -440991
3620 -440991
3625 -440991
3630 -440991
3635 -440991
3640 -440991
3645 -440991
3650 -440991
3655 -440991
3660 -440991
3665 -440991
3670 -440991
3675 -440991
3680 -440991
3685 -440991
3690 -440991
3695 -440991
3700 -440991
3705 -440991
3710 -440991
3715 -440991
3720 -440991
3725 -440991
3730 -440991
3735 -440991
3740 -440991
3745 -440991
3750 -440991
3755 -440991
3760 -440991
3765 -440991
3770 -440991
3775 -440991
3780 -440991
3785 -440991
3790 -440991
3795 -440991
3800 -440991
3805 -440991
3810 -440991
3815 -440991
3820 -440991
3825 -440991
3830 -440991
3835 -440991
3840 -440991
3845 -440991
3850 -440991
3855 -440991
3860 -440991
3865 -440991
3870 -440991
3875 -440991
3880 -439708
3885 -439708
3890 -439708
3895 -439708
3900 -439708
3905 -439708
3910 -439708
3915 -439708
3920 -439708
3925 -439708
3930 -439708
3935 -439708
3940 -439708
3945 -439708
3950 -439708
3955 -439708
3960 -439708
3965 -439708
3970 -439708
3975 -439708
3980 -439708
3985 -439708
3990 -439708
3995 -439708
4000 -439708
4005 -439708
4010 -439708
4015 -439708
4020 -439708
4025 -439708
4030 -439708
4035 -439708
4040 -439708
4045 -439708
4050 -439708
4055 -439708
4060 -439708
4065 -439708
4070 -439708
4075 -439708
4080 -439708
4085 -439708
4090 -439708
4095 -439708
4100 -439708
4105 -439708
4110 -439708
4115 -439708
4120 -439708
4125 -439708
4130 -439708
4135 -439708
4140 -439708
4145 -439708
4150 -439708
4155 -439708
4160 -439708
4165 -439708
4170 -439708
4175 -439708
4180 -439708
4185 -439708
4190 -439708
4195 -439708
4200 -439708
4205 -439708
4210 -439708
4215 -439708
4220 -439708
4225 -439708
4230 -439708
4235 -439708
4240 -439708
4245 -439708
4250 -439708
4255 -439708
4260 -439708
4265 -439708
4270 -439708
4275 -439708
4280 -439708
4285 -439708
4290 -439708
4295 -439708
4300 -439708
4305 -439708
4310 -439708
4315 -439708
4320 -439708
4325 -439708
4330 -439708
4335 -439708
4340 -439708
4345 -439708
4350 -439708
4355 -439708
4360 -439708
4365 -439708
4370 -439708
4375 -439708
4380 -439708
4385 -439708
4390 -439708
4395 -439708
4400 -439708
4405 -439708
4410 -439708
4415 -439708
4420 -439708
4425 -439708
4430 -439708
4435 -439708
4440 -439708
4445 -439708
4450 -439708
4455 -439708
4460 -439708
4465 -439708
4470 -439708
4475 -439708
4480 -439708
4485 -439708
4490 -439708
4495 -439708
4500 -439708
4505 -439708
4510 -439708
4515 -439708
4520 -439708
4525 -439708
4530 -439708
4535 -439708
4540 -439708
4545 -439708
4550 -439708
4555 -439708
4560 -439708
4565 -439708
4570 -439708
4575 -439708
4580 -439708
4585 -439708
4590 -439708
4595 -439708
4600 -439708
4605 -439708
4610 -439708
4615 -439708
4620 -439708
4625 -439708
4630 -439708
4635 -439708
4640 -439708
4645 -439708
4650 -439708
4655 -439708
4660 -439708
4665 -439708
4670 -439708
4675 -439708
4680 -439708
4685 -439708
4690 -439708
4695 -439708
4700 -439708
4705 -439708
4710 -439708
4715 -439708
4720 -439708
4725 -439708
4730 -439708
4735 -439708
4740 -439708
4745 -439708
4750 -439708
4755 -439708
4760 -439708
4765 -437612
4770 -437612
4775 -437612
4780 -437612
4785 -437612
4790 -437612
4795 -437612
4800 -437612
4805 -437612
4810 -437612
4815 -437612
4820 -437612
4825 -437612
4830 -437612
4835 -437612
4840 -437612
4845 -437612
4850 -437612
4855 -437612
4860 -437612
4865 -437612
4870 -437612
4875 -437612
4880 -437612
4885 -437612
4890 -437612
4895 -437612
4900 -437612
4905 -437612
4910 -437612
4915 -437612
4920 -437612
4925 -437612
4930 -437612
4935 -437612
4940 -437612
4945 -437612
4950 -437612
4955 -437612
4960 -437612
4965 -437612
4970 -437612
4975 -437612
4980 -437612
4985 -437612
4990 -437612
4995 -437612
5000 -437612
5005 -437612
5010 -437612
5015 -437612
5020 -437612
5025 -437612
5030 -437612
