10 -377787
15 -367591
20 -367591
25 -367591
30 -367591
35 -367591
40 -367591
45 -361965
50 -361965
55 -361965
60 -361965
65 -361965
70 -361965
75 -361965
80 -361965
85 -361965
90 -361965
95 -361965
100 -361965
105 -361965
110 -361965
115 -361965
120 -361965
125 -361965
130 -361965
135 -361965
140 -361965
145 -361965
150 -361965
155 -361965
160 -361965
165 -361965
170 -361965
175 -361965
180 -361965
185 -361965
190 -361965
195 -361965
200 -361965
205 -361965
210 -361965
215 -361965
220 -361965
225 -361965
230 -361965
235 -361965
240 -361965
245 -361965
250 -361965
255 -361965
260 -361965
265 -361965
270 -361965
275 -361965
280 -361965
285 -361965
290 -361965
295 -361965
300 -361965
305 -361965
310 -361965
315 -361965
320 -361965
325 -361965
330 -361965
335 -361965
340 -361965
345 -361965
350 -361965
355 -361965
360 -361965
365 -361965
370 -361965
375 -361965
380 -361965
385 -361965
390 -361965
395 -361965
400 -361965
405 -361965
410 -361965
415 -361965
420 -361965
425 -361965
430 -361965
435 -361965
440 -361965
445 -361965
450 -361965
455 -361965
460 -361965
465 -361965
470 -361965
475 -361965
480 -361965
485 -361965
490 -361965
495 -361965
500 -361965
505 -361965
510 -361965
515 -361965
520 -361965
525 -361965
530 -361965
535 -361965
540 -361965
545 -361965
550 -361965
555 -361965
560 -361965
565 -361965
570 -361674
575 -361674
580 -361674
585 -361674
590 -361443
595 -361443
600 -361443
605 -361443
610 -361443
615 -361443
620 -361443
625 -361443
630 -361443
635 -361443
640 -361443
645 -361443
650 -361443
655 -361443
660 -361443
665 -361443
670 -361443
675 -361443
680 -361443
685 -361443
690 -361443
695 -361443
700 -361443
705 -361443
710 -361443
715 -361443
720 -361443
725 -361443
730 -361443
735 -361443
740 -361443
745 -361443
750 -361443
755 -361443
760 -361443
765 -361443
770 -361443
775 -361443
780 -361443
785 -361443
790 -361443
795 -361443
800 -358288
805 -358288
810 -358288
815 -358288
820 -358288
825 -358288
830 -358288
835 -358288
840 -358288
845 -358288
850 -358288
855 -358288
860 -358288
865 -358288
870 -358288
875 -358288
880 -358288
885 -358288
890 -358288
895 -358288
900 -358288
905 -358288
910 -358288
915 -358288
920 -358288
925 -358288
930 -358288
935 -358288
940 -358288
945 -358288
950 -358288
955 -358288
960 -358288
965 -358288
970 -358288
975 -358288
980 -358288
985 -358288
990 -358288
995 -358288
1000 -358288
1005 -358288
1010 -358288
1015 -358288
1020 -358288
1025 -358288
1030 -358288
1035 -358288
1040 -358288
1045 -358288
1050 -358288
1055 -358288
1060 -358288
1065 -358288
1070 -358288
1075 -358288
1080 -358288
1085 -358288
1090 -358288
1095 -357423
1100 -357423
1105 -357423
1110 -357423
1115 -357423
1120 -357423
1125 -357423
1130 -357423
1135 -357423
1140 -357423
1145 -357423
1150 -357423
1155 -357423
1160 -357423
1165 -357423
1170 -357061
1175 -357061
1180 -357061
1185 -357061
1190 -357061
1195 -357061
1200 -357061
1205 -357061
1210 -357061
1215 -357061
1220 -357061
1225 -357061
1230 -357061
1235 -357061
1240 -357061
1245 -357061
1250 -357061
1255 -357061
1260 -357061
1265 -357061
1270 -357061
1275 -357061
1280 -357061
1285 -357061
1290 -357061
1295 -357061
1300 -357061
1305 -357061
1310 -357061
1315 -357061
1320 -357061
1325 -357061
1330 -357061
1335 -357061
1340 -357061
1345 -357061
1350 -357061
1355 -357061
1360 -357061
1365 -357061
1370 -357061
1375 -357061
1380 -357061
1385 -357061
1390 -357061
1395 -357061
1400 -357061
1405 -357061
1410 -357061
1415 -357061
1420 -357061
1425 -357061
1430 -357061
1435 -357061
1440 -357061
1445 -357061
1450 -357061
1455 -357061
1460 -357061
1465 -357061
1470 -357061
1475 -357061
1480 -357061
1485 -357061
1490 -357061
1495 -357061
1500 -357061
1505 -357061
1510 -357061
1515 -357061
1520 -357061
1525 -357061
1530 -357061
1535 -357061
1540 -357061
1545 -357061
1550 -357061
1555 -357061
1560 -357061
1565 -357061
1570 -357061
1575 -357061
1580 -357061
1585 -357061
1590 -357061
1595 -357061
1600 -357061
1605 -357061
1610 -357061
1615 -357061
1620 -357061
1625 -357061
1630 -357061
1635 -357061
1640 -357061
1645 -357061
1650 -357061
1655 -357061
1660 -357061
1665 -357061
1670 -357061
1675 -357061
1680 -357061
1685 -357061
1690 -357061
1695 -357061
1700 -357061
1705 -357061
1710 -357061
1715 -357061
1720 -357061
1725 -357061
1730 -357061
1735 -357061
1740 -357061
1745 -357061
1750 -357061
1755 -357061
1760 -357061
1765 -357061
1770 -357061
1775 -357061
1780 -357061
1785 -357061
1790 -357061
1795 -357061
1800 -357061
1805 -357061
1810 -357061
1815 -357061
1820 -357061
1825 -357061
1830 -357061
1835 -357061
1840 -357061
1845 -357061
1850 -357061
1855 -357061
1860 -357061
1865 -357061
1870 -357061
1875 -357061
1880 -357061
1885 -357061
1890 -357061
1895 -357061
1900 -357061
1905 -357061
1910 -357061
1915 -357061
1920 -357061
1925 -357061
1930 -357061
1935 -357061
1940 -357061
1945 -357061
1950 -357061
1955 -357061
1960 -357061
1965 -357061
1970 -357061
1975 -357061
1980 -357061
1985 -357061
1990 -357061
1995 -357061
2000 -357061
2005 -357061
2010 -357061
2015 -357061
2020 -357061
2025 -357061
2030 -357061
2035 -357061
2040 -357061
2045 -357061
2050 -357061
2055 -357061
2060 -357061
2065 -357061
2070 -357061
2075 -357061
2080 -357061
2085 -357061
2090 -357061
2095 -357061
2100 -357061
2105 -357061
2110 -357061
2115 -357061
2120 -357061
2125 -357061
2130 -357061
2135 -357061
2140 -357061
2145 -357061
2150 -357061
2155 -357061
2160 -357061
2165 -357061
2170 -357061
2175 -357061
2180 -357061
2185 -357061
2190 -357061
2195 -357061
2200 -357061
2205 -357061
2210 -357061
2215 -357061
2220 -357061
2225 -357061
2230 -357061
2235 -357061
2240 -357061
2245 -357061
2250 -357061
2255 -357061
2260 -357061
2265 -357061
2270 -357061
2275 -357061
2280 -357061
2285 -357061
2290 -357061
2295 -357061
2300 -357061
2305 -357061
2310 -357061
2315 -357061
2320 -357061
2325 -357061
2330 -357061
2335 -357061
2340 -357061
2345 -357061
2350 -357061
2355 -357061
2360 -357061
2365 -357061
2370 -357061
2375 -357061
2380 -357061
2385 -357061
2390 -357061
2395 -357061
2400 -357061
2405 -357061
2410 -357061
2415 -357061
2420 -357061
2425 -357061
2430 -357061
2435 -357061
2440 -357061
2445 -357061
2450 -357061
2455 -357061
2460 -357061
2465 -357061
2470 -357061
2475 -357061
2480 -357061
2485 -357061
2490 -357061
2495 -357061
2500 -357061
2505 -357061
2510 -357061
2515 -357061
2520 -357061
2525 -357061
2530 -357061
2535 -357061
2540 -357061
2545 -357061
2550 -357061
2555 -357061
2560 -357061
2565 -357061
2570 -357061
2575 -357061
2580 -357061
2585 -357061
2590 -357061
2595 -357061
2600 -357061
2605 -357061
2610 -357061
2615 -357061
2620 -357061
2625 -357061
2630 -357061
2635 -357061
2640 -357061
2645 -357061
2650 -357061
2655 -357061
2660 -357061
2665 -357061
2670 -357061
2675 -357061
2680 -357061
2685 -357061
2690 -357061
2695 -357061
2700 -357061
2705 -357061
2710 -357061
2715 -357061
2720 -357061
2725 -357061
2730 -357061
2735 -357061
2740 -357061
2745 -357061
2750 -357061
2755 -357061
2760 -357061
2765 -357061
2770 -357061
2775 -357061
2780 -357061
2785 -357061
2790 -357061
2795 -357061
2800 -357061
2805 -357061
2810 -357061
2815 -357061
2820 -357061
2825 -357061
2830 -357061
2835 -357061
2840 -357061
2845 -357061
2850 -357061
2855 -357061
2860 -357061
2865 -357061
2870 -357061
2875 -357061
2880 -357061
2885 -357061
2890 -357061
2895 -357061
2900 -357061
2905 -357061
2910 -357061
2915 -357061
2920 -357061
2925 -357061
2930 -357061
2935 -357061
2940 -357061
2945 -357061
2950 -357061
2955 -357061
2960 -357061
2965 -357061
2970 -357061
2975 -357061
2980 -357061
2985 -357061
2990 -357061
2995 -357061
3000 -357061
3005 -357061
3010 -357061
3015 -357061
3020 -357061
3025 -357061
3030 -357061
3035 -357061
3040 -357061
3045 -357061
3050 -357061
3055 -357061
3060 -357061
3065 -357061
3070 -357061
3075 -357061
3080 -357061
3085 -357061
3090 -357061
3095 -357061
3100 -357061
3105 -357061
3110 -357061
3115 -357061
3120 -357061
3125 -357061
3130 -357061
3135 -357061
3140 -357061
3145 -357061
3150 -357061
3155 -357061
3160 -357061
3165 -357061
3170 -357061
3175 -357061
3180 -357061
3185 -357061
3190 -357061
3195 -357061
3200 -357061
3205 -357061
3210 -357061
3215 -357061
3220 -357061
3225 -357061
3230 -357061
3235 -357061
3240 -357061
3245 -357061
3250 -357061
3255 -357061
3260 -357061
3265 -357061
3270 -357061
3275 -357061
3280 -357061
3285 -357061
3290 -357061
3295 -357061
3300 -357061
3305 -357061
3310 -357061
3315 -356921
3320 -356921
3325 -356921
3330 -356921
3335 -356921
3340 -356921
3345 -356921
3350 -356921
3355 -356921
3360 -356921
3365 -356921
3370 -356921
3375 -356921
3380 -356921
3385 -356921
3390 -356921
3395 -356921
3400 -356921
3405 -356921
3410 -356921
3415 -356921
3420 -356921
3425 -356921
3430 -356921
3435 -356921
3440 -356921
3445 -356921
3450 -356921
3455 -356921
3460 -356921
3465 -356921
3470 -356921
3475 -356921
3480 -356921
3485 -356921
3490 -356921
3495 -356921
3500 -356921
3505 -356921
3510 -356921
3515 -356921
3520 -356921
3525 -356921
3530 -356921
3535 -356921
3540 -356921
3545 -355808
3550 -355808
3555 -355808
3560 -355808
3565 -355808
3570 -355808
3575 -355808
3580 -355808
3585 -355808
3590 -355808
3595 -355808
3600 -355808
3605 -355808
3610 -355808
3615 -355808
3620 -355808
3625 -355808
3630 -355808
3635 -355808
3640 -351716
3645 -351716
3650 -351716
3655 -351716
3660 -351716
3665 -351716
3670 -351716
3675 -351716
3680 -351716
3685 -351716
3690 -351716
3695 -351716
3700 -351716
3705 -351716
3710 -351716
3715 -351716
3720 -351716
3725 -351716
3730 -351716
3735 -351716
3740 -351716
3745 -351716
3750 -351716
3755 -351716
3760 -351716
3765 -351716
3770 -351716
3775 -351716
3780 -351716
3785 -351716
3790 -351716
3795 -351716
3800 -351716
3805 -351716
3810 -351716
3815 -351716
3820 -351716
3825 -351716
3830 -351716
3835 -351716
3840 -351716
3845 -351716
3850 -351716
3855 -351716
3860 -351716
3865 -351716
3870 -351716
3875 -351716
3880 -351716
3885 -351716
3890 -351716
3895 -351716
3900 -351716
3905 -351716
3910 -351716
3915 -351716
3920 -351716
3925 -351716
3930 -351716
3935 -351716
3940 -351716
3945 -351716
3950 -351716
3955 -351716
3960 -351716
3965 -351716
3970 -351716
3975 -351716
3980 -351716
3985 -351716
3990 -351716
3995 -351716
4000 -351716
4005 -351716
4010 -351716
4015 -351716
4020 -351716
4025 -351716
4030 -351716
4035 -351716
4040 -351716
4045 -351716
4050 -351716
4055 -351716
4060 -351716
4065 -351716
4070 -351716
4075 -351716
4080 -351716
4085 -351716
4090 -351716
4095 -351716
4100 -351716
4105 -351716
4110 -351716
4115 -351716
4120 -351716
4125 -351716
4130 -351716
4135 -351716
4140 -351716
4145 -351716
4150 -351716
4155 -351716
4160 -351716
4165 -351716
4170 -351716
4175 -351716
4180 -351716
4185 -351716
4190 -351716
4195 -351716
4200 -351716
4205 -351716
4210 -351716
4215 -351716
4220 -351716
4225 -351716
4230 -351716
4235 -351716
4240 -351716
4245 -351716
4250 -351716
4255 -351716
4260 -351716
4265 -351716
4270 -351716
4275 -351716
4280 -351716
4285 -351716
4290 -351716
4295 -351716
4300 -351716
4305 -351716
4310 -351716
4315 -351716
4320 -351716
4325 -351716
4330 -351716
4335 -351716
4340 -351716
4345 -351716
4350 -351716
4355 -351716
4360 -351716
4365 -351716
4370 -351716
4375 -351716
4380 -351716
4385 -351716
4390 -351716
4395 -351716
4400 -351716
4405 -351716
4410 -351716
4415 -351716
4420 -351716
4425 -351716
4430 -351716
4435 -351716
4440 -351716
4445 -351716
4450 -351716
4455 -351716
4460 -351716
4465 -351716
4470 -351716
4475 -351716
4480 -351716
4485 -351716
4490 -351716
4495 -351716
4500 -351716
4505 -351716
4510 -351716
4515 -351716
4520 -351716
4525 -351716
4530 -351716
4535 -351716
4540 -351716
4545 -351716
4550 -351716
4555 -351716
4560 -351716
4565 -351716
4570 -351716
4575 -351716
4580 -351716
4585 -351716
4590 -351716
4595 -351716
4600 -351716
4605 -351716
4610 -351716
4615 -351716
4620 -351716
4625 -351716
4630 -351716
4635 -351716
4640 -351716
4645 -351716
4650 -351716
4655 -351716
4660 -351716
4665 -351716
4670 -351716
4675 -351716
4680 -351716
4685 -351716
4690 -351716
4695 -351716
4700 -351716
4705 -351716
4710 -351716
4715 -351716
4720 -351716
4725 -351716
4730 -351716
4735 -351716
4740 -351716
4745 -351716
4750 -351716
4755 -351716
4760 -351716
4765 -351716
4770 -351716
4775 -351716
4780 -351716
4785 -351716
4790 -351716
4795 -351716
4800 -351716
4805 -351716
4810 -351716
4815 -351716
4820 -351716
4825 -351716
4830 -351716
4835 -351716
4840 -351716
4845 -351716
4850 -351716
4855 -351716
4860 -351716
4865 -351716
4870 -351716
4875 -351716
4880 -351716
4885 -351716
4890 -351716
4895 -351716
4900 -351716
4905 -351716
4910 -351716
4915 -351716
4920 -351716
4925 -351716
4930 -351716
4935 -351716
4940 -351716
4945 -351716
4950 -351716
4955 -351716
4960 -351716
4965 -351716
4970 -351716
4975 -351716
4980 -351716
4985 -351716
4990 -351716
4995 -351716
5000 -351716
5005 -351716
5010 -351716
5015 -351716
5020 -351716
5025 -351716
5030 -351716
5035 -351716
5040 -351716
5045 -351716
5050 -351716
5055 -351716
5060 -351716
5065 -351716
5070 -351716
5075 -351716
5080 -351716
5085 -351716
5090 -351716
5095 -351716
5100 -351716
5105 -351716
5110 -351716
5115 -351716
5120 -351716
5125 -351716
5130 -351716
5135 -351716
5140 -351716
5145 -351716
5150 -351716
5155 -351716
5160 -351716
5165 -351716
5170 -351716
5175 -351716
5180 -351716
5185 -351716
5190 -351716
5195 -351716
5200 -351716
5205 -351716
5210 -351716
5215 -351716
5220 -351716
5225 -351716
5230 -351716
5235 -351716
5240 -351716
5245 -351716
5250 -351716
5255 -351716
5260 -351716
5265 -351716
5270 -351716
5275 -351716
5280 -351716
5285 -351716
5290 -351716
5295 -351716
5300 -351716
5305 -351716
5310 -351716
5315 -351716
5320 -351716
5325 -351716
5330 -351716
5335 -351716
5340 -351716
5345 -351716
5350 -351716
5355 -351716
5360 -351716
5365 -351716
5370 -351716
5375 -351716
5380 -351716
5385 -351716
5390 -351716
5395 -351716
5400 -351716
5405 -351716
5410 -351716
5415 -351716
5420 -351716
5425 -351716
5430 -351716
5435 -351716
5440 -351716
5445 -351716
5450 -351716
5455 -351716
5460 -351716
5465 -351716
5470 -351716
5475 -351716
5480 -351716
5485 -351716
5490 -351716
5495 -351716
5500 -351716
5505 -351716
5510 -351716
5515 -351716
5520 -351716
5525 -351716
5530 -351716
5535 -351716
5540 -351716
5545 -351716
5550 -351716
5555 -351716
5560 -351716
5565 -351716
5570 -351716
5575 -351716
5580 -351716
5585 -351716
5590 -351716
5595 -351716
5600 -351716
5605 -351716
5610 -351716
5615 -351716
5620 -351716
5625 -351716
5630 -351716
5635 -351716
5640 -351716
5645 -351716
5650 -351716
5655 -351716
5660 -351716
5665 -351716
5670 -351716
5675 -351716
5680 -351716
5685 -351716
5690 -351716
5695 -351716
5700 -351716
5705 -351716
5710 -351716
5715 -351716
5720 -351716
5725 -351716
5730 -351716
5735 -351716
5740 -351716
5745 -351716
5750 -351716
5755 -351716
5760 -351716
5765 -351716
5770 -351716
5775 -351716
5780 -351716
5785 -351716
5790 -351716
5795 -351716
5800 -351716
5805 -351716
5810 -351716
5815 -351716
5820 -351716
5825 -351716
5830 -351716
5835 -351716
5840 -351716
5845 -351716
5850 -351716
5855 -351716
5860 -351716
5865 -351716
5870 -351716
5875 -351716
5880 -351716
5885 -351716
5890 -351716
5895 -351716
5900 -351716
5905 -351716
5910 -351716
5915 -351716
5920 -351716
5925 -351716
5930 -351716
5935 -351716
5940 -351716
5945 -351716
5950 -351716
5955 -351716
5960 -351716
5965 -351716
5970 -351716
5975 -351716
5980 -351716
5985 -351716
5990 -351716
5995 -351716
6000 -351716
6005 -351716
6010 -351716
6015 -351716
6020 -351716
6025 -351716
6030 -351716
6035 -351716
6040 -351716
6045 -351716
6050 -351716
6055 -351716
6060 -351716
6065 -351716
6070 -351716
6075 -351716
6080 -351716
6085 -351716
6090 -351716
6095 -351716
6100 -351716
6105 -351716
6110 -351716
6115 -351716
6120 -351716
6125 -351716
6130 -351716
6135 -351716
6140 -351716
6145 -351716
6150 -351716
6155 -351716
6160 -351716
6165 -351716
6170 -351716
6175 -351716
6180 -351716
6185 -351716
6190 -351716
6195 -351716
6200 -351716
6205 -351716
6210 -351716
6215 -351716
6220 -351716
6225 -351716
6230 -351716
6235 -351716
6240 -351716
6245 -351716
6250 -351716
6255 -351716
6260 -351716
6265 -351716
6270 -351716
6275 -351716
6280 -351716
6285 -351716
6290 -351716
6295 -351716
6300 -351716
6305 -351716
6310 -351716
6315 -351716
6320 -351716
6325 -351716
6330 -351716
6335 -351716
6340 -351716
6345 -351716
6350 -351716
6355 -351716
6360 -351716
6365 -351716
6370 -351716
6375 -351716
6380 -351716
6385 -351716
6390 -351716
6395 -351716
6400 -351716
6405 -351716
6410 -351716
6415 -351716
6420 -351716
6425 -351716
6430 -351716
6435 -351716
6440 -351716
6445 -351716
6450 -351716
6455 -351716
6460 -351716
6465 -351716
6470 -351716
6475 -351716
6480 -351716
6485 -351716
6490 -351716
6495 -351716
6500 -351716
6505 -351716
6510 -351716
6515 -351716
6520 -351716
6525 -351716
6530 -351716
6535 -351716
6540 -351716
6545 -351716
6550 -351716
6555 -351716
6560 -351716
6565 -351716
6570 -351716
6575 -351716
6580 -351716
6585 -351716
6590 -351716
6595 -351716
6600 -351716
6605 -351716
6610 -351716
6615 -351716
6620 -351716
6625 -351716
6630 -351716
6635 -351716
6640 -351716
6645 -351716
6650 -351716
6655 -351716
6660 -351716
6665 -351716
6670 -351716
6675 -351716
6680 -351716
6685 -351716
6690 -351716
6695 -351716
6700 -351716
6705 -351716
6710 -351716
6715 -351716
6720 -351716
6725 -351716
6730 -351716
6735 -351716
6740 -351716
6745 -351716
6750 -351716
6755 -351716
6760 -351716
6765 -351716
6770 -351716
6775 -351716
6780 -351716
6785 -351716
6790 -351716
6795 -351716
6800 -351716
6805 -351716
6810 -351716
6815 -351716
6820 -351716
6825 -351716
6830 -351716
6835 -351716
6840 -351716
6845 -351716
6850 -351716
6855 -351716
6860 -351716
6865 -351716
6870 -351716
6875 -351716
6880 -351716
6885 -351716
6890 -351716
6895 -351716
6900 -351716
6905 -351716
6910 -351716
6915 -351716
6920 -351716
6925 -351716
6930 -351716
6935 -351716
6940 -351716
6945 -351716
6950 -351716
6955 -351716
6960 -351716
6965 -351716
6970 -351716
6975 -351716
6980 -351716
6985 -351716
6990 -351716
6995 -351716
7000 -351716
7005 -351716
7010 -351716
7015 -351716
7020 -351716
7025 -351716
7030 -351716
7035 -351716
7040 -351716
7045 -351716
7050 -351716
7055 -351716
7060 -351716
7065 -351716
7070 -351716
7075 -351716
7080 -351716
7085 -351716
7090 -351716
7095 -351716
7100 -351716
7105 -351716
7110 -351716
7115 -351716
7120 -351716
7125 -351716
7130 -351716
7135 -351716
7140 -351716
7145 -351716
7150 -351716
7155 -351716
7160 -351716
7165 -351716
7170 -351716
7175 -351716
7180 -351716
7185 -351716
7190 -351716
7195 -351716
7200 -351716
7205 -351716
7210 -351716
7215 -351716
7220 -351716
7225 -351716
7230 -351716
7235 -351716
7240 -351716
7245 -351716
7250 -351716
7255 -351716
7260 -351716
7265 -351716
7270 -351716
7275 -351716
7280 -351716
7285 -351716
7290 -351716
7295 -351716
7300 -351716
7305 -351716
7310 -351716
7315 -351716
7320 -351716
7325 -351716
7330 -351716
7335 -351716
7340 -351716
7345 -351716
7350 -351716
7355 -351716
7360 -351716
7365 -351716
7370 -351716
7375 -351716
7380 -351716
7385 -351716
7390 -351716
7395 -351716
7400 -351716
7405 -351716
7410 -351716
7415 -351716
7420 -351716
7425 -351716
7430 -351716
7435 -351716
7440 -351716
7445 -351716
7450 -351716
7455 -351716
7460 -351716
7465 -351716
7470 -351716
7475 -351716
7480 -351716
7485 -351716
7490 -351716
7495 -351716
7500 -351716
7505 -351716
7510 -351716
7515 -351716
7520 -351716
7525 -351716
7530 -351716
7535 -351716
7540 -351716
7545 -351716
7550 -351716
7555 -351716
7560 -351716
7565 -351716
7570 -351716
7575 -351716
7580 -351716
7585 -351716
7590 -351716
7595 -351716
7600 -351716
7605 -351716
7610 -351716
7615 -351716
7620 -351716
7625 -351716
7630 -351716
7635 -351716
7640 -351716
7645 -351716
7650 -351716
7655 -351716
7660 -351716
7665 -351716
7670 -351716
7675 -351716
7680 -351716
7685 -351716
7690 -351716
7695 -351716
7700 -351716
7705 -351716
7710 -351716
7715 -351716
7720 -351716
7725 -351716
7730 -351716
7735 -351716
7740 -351716
7745 -351716
7750 -351716
7755 -351716
7760 -351716
7765 -351716
7770 -351716
7775 -351716
7780 -351716
7785 -351716
7790 -351716
7795 -351716
7800 -351716
7805 -351716
7810 -351716
7815 -351716
7820 -351716
7825 -351716
7830 -351716
7835 -351716
7840 -351716
7845 -351716
7850 -351716
7855 -351716
7860 -351716
7865 -351716
7870 -351716
7875 -351716
7880 -351716
7885 -351716
7890 -351716
7895 -351716
7900 -351716
7905 -351716
7910 -351716
7915 -351716
7920 -351716
7925 -351716
7930 -351716
7935 -351716
7940 -351716
7945 -351716
7950 -351716
7955 -351716
7960 -351716
7965 -351716
7970 -351716
7975 -351716
7980 -351716
7985 -351716
7990 -351716
7995 -351716
8000 -351716
8005 -351716
8010 -351716
8015 -351716
8020 -351716
8025 -351716
8030 -351716
8035 -351716
8040 -351716
8045 -351716
8050 -351716
8055 -351716
8060 -351716
8065 -351716
8070 -351716
8075 -351716
8080 -351716
8085 -351716
8090 -351716
8095 -351716
8100 -351716
8105 -351716
8110 -351716
8115 -351716
8120 -351716
8125 -351716
8130 -351716
8135 -351716
8140 -351716
8145 -351716
8150 -351716
8155 -351716
8160 -351716
8165 -351716
8170 -351716
8175 -351716
8180 -351716
8185 -351716
8190 -351716
8195 -351716
8200 -351716
8205 -351716
8210 -351716
8215 -351716
8220 -351716
8225 -351716
8230 -351716
8235 -351716
8240 -351716
8245 -351716
8250 -351716
8255 -351716
8260 -351716
8265 -351716
8270 -351716
8275 -351716
8280 -351716
8285 -351716
8290 -351716
8295 -351716
8300 -351716
8305 -351716
8310 -351716
8315 -351716
8320 -351716
8325 -351716
8330 -351716
8335 -351716
8340 -351716
8345 -351716
8350 -351716
8355 -351716
8360 -351716
8365 -351716
8370 -351716
8375 -351716
8380 -351716
8385 -351716
8390 -351716
8395 -351716
8400 -351716
8405 -351716
8410 -351716
8415 -351716
8420 -351716
8425 -351716
8430 -351716
8435 -351716
8440 -351716
8445 -351716
8450 -351716
8455 -351716
8460 -351716
8465 -351716
8470 -351716
8475 -351716
8480 -351716
8485 -351716
8490 -351716
8495 -351716
8500 -351716
8505 -351716
8510 -351716
8515 -351716
8520 -351716
8525 -351716
8530 -351716
8535 -351716
8540 -351716
8545 -351716
8550 -351716
8555 -351716
8560 -351716
8565 -351716
8570 -351716
8575 -351716
8580 -351716
8585 -351716
8590 -351716
8595 -351716
8600 -351716
8605 -351716
8610 -351716
8615 -351716
8620 -351716
8625 -351716
8630 -351716
8635 -351716
8640 -351716
8645 -351716
8650 -351716
8655 -351716
8660 -351716
8665 -351716
8670 -351716
8675 -351716
8680 -351716
8685 -351716
8690 -351716
8695 -351716
8700 -351716
8705 -351716
8710 -351716
8715 -351716
8720 -351716
8725 -351716
8730 -351716
8735 -351716
8740 -351716
8745 -351716
8750 -351716
8755 -351716
8760 -351716
8765 -351716
8770 -351716
8775 -351716
8780 -351716
8785 -351716
8790 -351716
8795 -351716
8800 -351716
8805 -351716
8810 -351716
8815 -351716
8820 -351716
8825 -351716
8830 -351716
8835 -351716
8840 -351716
8845 -351716
8850 -351716
8855 -351716
8860 -351716
8865 -351716
8870 -351716
8875 -351716
8880 -351716
8885 -351716
8890 -351716
8895 -351716
8900 -351716
8905 -351716
8910 -351716
8915 -351716
8920 -351716
8925 -351716
8930 -351716
8935 -351716
8940 -351716
8945 -351716
8950 -351716
8955 -351716
8960 -351716
8965 -351716
8970 -351716
8975 -351716
8980 -351716
8985 -351716
8990 -351716
8995 -351716
9000 -351716
9005 -351716
9010 -351716
9015 -351716
9020 -351716
9025 -351716
9030 -351716
9035 -351716
9040 -351716
9045 -351716
9050 -351716
9055 -351716
9060 -351716
9065 -351716
9070 -351716
9075 -351716
9080 -351716
9085 -351716
9090 -351716
9095 -351716
9100 -351716
9105 -351716
9110 -351716
9115 -351716
9120 -351716
9125 -351716
9130 -351716
9135 -351716
9140 -351716
9145 -351716
9150 -351716
9155 -351716
9160 -351716
9165 -351716
9170 -351716
9175 -351716
9180 -351716
9185 -351716
9190 -351716
9195 -351716
9200 -351716
9205 -351716
9210 -351716
9215 -351716
9220 -351716
9225 -351716
9230 -351716
9235 -351716
9240 -351716
9245 -351716
9250 -351716
9255 -351716
9260 -351716
9265 -351716
9270 -351716
9275 -351716
9280 -351716
9285 -351716
9290 -351716
9295 -351716
9300 -351716
9305 -351716
9310 -351716
9315 -351716
9320 -351716
9325 -351716
9330 -351716
9335 -351716
9340 -351716
9345 -351716
9350 -351716
9355 -351716
9360 -351716
9365 -351716
9370 -351716
9375 -351716
9380 -351716
9385 -351716
9390 -351716
9395 -351716
9400 -351716
9405 -351716
9410 -351716
9415 -351716
9420 -351716
9425 -351716
9430 -351716
9435 -351716
9440 -351716
9445 -351716
9450 -351716
9455 -351716
9460 -351716
9465 -351716
9470 -351716
9475 -351716
9480 -351716
9485 -351716
9490 -351716
9495 -351716
9500 -351716
9505 -351716
9510 -351716
9515 -351716
9520 -351716
9525 -351716
9530 -351716
9535 -351716
9540 -351716
9545 -351716
9550 -351716
9555 -351716
9560 -351716
9565 -351716
9570 -351716
9575 -351716
9580 -351716
9585 -351716
9590 -351716
9595 -351716
9600 -351716
9605 -351716
9610 -351716
9615 -351716
9620 -351716
9625 -351716
9630 -351716
9635 -351716
9640 -351716
9645 -351716
9650 -351716
9655 -351716
9660 -351716
9665 -351716
9670 -351716
9675 -351716
9680 -351716
9685 -351716
9690 -351716
9695 -351716
9700 -351716
9705 -351716
9710 -351716
9715 -351716
9720 -351716
9725 -351716
9730 -351716
9735 -351716
9740 -351716
9745 -351716
9750 -351716
9755 -351716
9760 -351716
9765 -351716
9770 -351716
9775 -351716
9780 -351716
9785 -351716
9790 -351716
9795 -351716
9800 -351716
9805 -351716
9810 -351716
9815 -351716
9820 -351716
9825 -351716
9830 -351716
9835 -351716
9840 -351716
9845 -351716
9850 -351716
9855 -351716
9860 -351716
9865 -351716
9870 -351716
9875 -351716
9880 -351716
9885 -351716
9890 -351716
9895 -351716
9900 -351716
9905 -351716
9910 -351716
9915 -351716
9920 -351716
9925 -351716
9930 -351716
9935 -351716
9940 -351716
9945 -351716
9950 -351716
9955 -351716
9960 -351716
9965 -351716
9970 -351716
9975 -351716
9980 -351716
9985 -351716
9990 -351716
9995 -351716
10000 -351716
10005 -351716
10010 -351716
10015 -351716
10020 -351716
10025 -351716
10030 -351716
10035 -351716
10040 -351716
10045 -351716
10050 -351716
10055 -351716
10060 -351716
10065 -351716
10070 -351716
10075 -351716
10080 -351716
10085 -351716
10090 -351716
10095 -351716
10100 -351716
10105 -351716
10110 -351716
10115 -351716
10120 -351716
10125 -351716
10130 -351716
10135 -351716
10140 -351716
10145 -351716
10150 -351716
10155 -351716
10160 -351716
10165 -351716
10170 -351716
10175 -351716
10180 -351716
10185 -351716
10190 -351716
10195 -351716
10200 -351716
10205 -351716
10210 -351716
10215 -351716
10220 -351716
10225 -351716
10230 -351716
10235 -351716
10240 -351716
10245 -351716
10250 -351716
10255 -351716
10260 -351716
10265 -351716
10270 -351716
10275 -351716
10280 -351716
10285 -351716
10290 -351716
10295 -351716
10300 -351716
10305 -351716
10310 -351716
10315 -351716
10320 -351716
10325 -351716
10330 -351716
10335 -351716
10340 -351716
10345 -351716
10350 -351716
10355 -351716
10360 -351716
10365 -351716
10370 -351716
10375 -351716
10380 -351716
10385 -351716
10390 -351716
10395 -351716
10400 -351716
10405 -351716
10410 -351716
10415 -351716
10420 -351716
10425 -351716
10430 -351716
10435 -351716
10440 -351716
10445 -351716
10450 -351716
10455 -351716
10460 -351716
10465 -351716
10470 -351716
10475 -351716
10480 -351716
10485 -351716
10490 -351716
10495 -351716
10500 -351716
10505 -351716
10510 -351716
10515 -351716
10520 -351716
10525 -351716
10530 -351716
10535 -351716
10540 -351716
10545 -351716
10550 -351716
10555 -351716
10560 -351716
10565 -351716
10570 -351716
10575 -351716
10580 -351716
10585 -351716
10590 -351716
10595 -351716
10600 -351716
10605 -351716
10610 -351716
10615 -351716
10620 -351716
10625 -351716
10630 -351716
10635 -351716
10640 -351716
10645 -351716
10650 -351716
10655 -351716
10660 -351716
10665 -351716
10670 -351716
10675 -351716
10680 -351716
10685 -351716
10690 -351716
10695 -351716
10700 -351716
10705 -351716
10710 -351716
10715 -351716
10720 -351716
10725 -351716
10730 -351716
10735 -351716
10740 -351716
10745 -351716
10750 -351716
10755 -351716
10760 -351716
10765 -351716
10770 -351716
10775 -351716
10780 -351716
10785 -351716
10790 -351716
10795 -351716
10800 -351716
10805 -351716
10810 -351716
10815 -351716
10820 -351716
10825 -351716
10830 -351716
10835 -351716
10840 -351716
10845 -351716
10850 -351716
10855 -351716
10860 -351716
10865 -351716
10870 -351716
10875 -351716
10880 -351716
10885 -351716
10890 -351716
10895 -351716
10900 -351716
10905 -351716
10910 -351716
10915 -351716
10920 -351716
10925 -351716
10930 -351716
10935 -351716
10940 -351716
10945 -351716
10950 -351716
10955 -351716
10960 -351716
10965 -351716
10970 -351716
10975 -351716
10980 -351716
10985 -351716
10990 -351716
10995 -351716
11000 -351716
11005 -351716
11010 -351716
11015 -351716
11020 -351716
11025 -351716
11030 -351716
11035 -351716
11040 -351716
11045 -351716
11050 -351716
11055 -351716
11060 -351716
11065 -351716
11070 -351716
11075 -351716
11080 -351716
11085 -351716
11090 -351716
11095 -351716
11100 -351716
11105 -351716
11110 -351716
11115 -351716
11120 -351716
11125 -351716
11130 -351716
11135 -351716
11140 -351716
11145 -351716
11150 -351716
11155 -351716
11160 -351716
11165 -351716
11170 -351716
11175 -351716
11180 -351716
11185 -351716
11190 -351716
11195 -351716
11200 -351716
11205 -351716
11210 -351716
11215 -351716
11220 -351716
11225 -351716
11230 -351716
11235 -351716
11240 -351716
11245 -351716
11250 -351716
11255 -351716
11260 -351716
11265 -351716
11270 -351716
11275 -351716
11280 -351716
11285 -351716
11290 -351716
11295 -351716
11300 -351716
11305 -351716
11310 -351716
11315 -351716
11320 -351716
11325 -351716
11330 -351716
11335 -351716
11340 -351716
11345 -351716
11350 -351716
11355 -351716
11360 -351716
11365 -351716
11370 -351716
11375 -351716
11380 -351716
11385 -351716
11390 -351716
11395 -351716
11400 -351716
11405 -351716
11410 -351716
11415 -351716
11420 -351716
11425 -351716
11430 -351716
11435 -351716
11440 -351716
11445 -351716
11450 -351716
11455 -351716
11460 -351716
11465 -351716
11470 -351716
11475 -351716
11480 -351716
11485 -351716
11490 -351716
11495 -351716
11500 -351716
11505 -351716
11510 -351716
11515 -351716
11520 -351716
11525 -351716
11530 -351716
11535 -351716
11540 -351716
11545 -351716
11550 -351716
11555 -351716
11560 -351716
11565 -351716
11570 -351716
11575 -351716
11580 -351716
11585 -351716
11590 -351716
11595 -351716
11600 -351716
11605 -351716
11610 -351716
11615 -351716
11620 -351716
11625 -351716
11630 -351716
11635 -351716
11640 -351716
11645 -351716
11650 -351716
11655 -351716
11660 -351716
11665 -351716
11670 -351716
11675 -351716
11680 -351716
11685 -351716
11690 -351716
11695 -351716
11700 -351716
11705 -351716
11710 -351716
11715 -351716
11720 -351716
11725 -351716
11730 -351716
11735 -351716
11740 -351716
11745 -351716
11750 -351716
11755 -351716
11760 -351716
11765 -351716
11770 -351716
11775 -351716
11780 -351716
11785 -351716
11790 -351716
11795 -351716
11800 -351716
11805 -351716
11810 -351716
11815 -351716
11820 -351716
11825 -351716
11830 -351716
11835 -351716
11840 -351716
11845 -351716
11850 -351716
11855 -351716
11860 -351716
11865 -351716
11870 -351716
11875 -351716
11880 -351716
11885 -351716
11890 -351716
11895 -351716
11900 -351716
11905 -351716
11910 -351716
11915 -351716
11920 -351716
11925 -351716
11930 -351716
11935 -351716
11940 -351716
11945 -351716
11950 -351716
11955 -351716
11960 -351716
11965 -351716
11970 -351716
11975 -351716
11980 -351716
11985 -351716
11990 -351716
11995 -351716
12000 -351716
12005 -351716
12010 -351716
12015 -351716
12020 -351716
12025 -351716
12030 -351716
12035 -351716
12040 -351716
12045 -351716
12050 -351716
12055 -351716
12060 -351716
12065 -351716
12070 -351716
12075 -351716
12080 -351716
12085 -351716
12090 -351716
12095 -351716
12100 -351716
12105 -351716
12110 -351716
12115 -351716
12120 -351716
12125 -351716
12130 -351716
12135 -351716
12140 -351716
12145 -351716
12150 -351716
12155 -351716
12160 -351716
12165 -351716
12170 -351716
12175 -351716
12180 -351716
12185 -351716
12190 -351716
12195 -351716
12200 -351716
12205 -351716
12210 -351716
12215 -351716
12220 -351716
12225 -351716
12230 -351716
12235 -351716
12240 -351716
12245 -351716
12250 -351716
12255 -351716
12260 -351716
12265 -351716
12270 -351716
12275 -351716
12280 -351716
12285 -351716
12290 -351716
12295 -351716
12300 -351716
12305 -351716
12310 -351716
12315 -351716
12320 -351716
12325 -351716
12330 -351716
12335 -351716
12340 -351716
12345 -351716
12350 -351716
12355 -351716
12360 -351716
12365 -351716
12370 -351716
12375 -351716
12380 -351716
12385 -351716
12390 -351716
12395 -351716
12400 -351716
12405 -351716
12410 -351716
12415 -351716
12420 -351716
12425 -351716
12430 -351716
12435 -351716
12440 -351716
12445 -351716
12450 -351716
12455 -351716
12460 -351716
12465 -351716
12470 -351716
12475 -351716
12480 -351716
12485 -351716
12490 -351716
12495 -351716
12500 -351716
12505 -351716
12510 -351716
12515 -351716
12520 -351716
12525 -351716
12530 -351716
12535 -351716
12540 -351716
12545 -351716
12550 -351716
12555 -351716
12560 -351716
12565 -351716
12570 -351716
12575 -351716
12580 -351716
12585 -351716
12590 -351716
12595 -351716
12600 -351716
12605 -351716
12610 -351716
12615 -351716
12620 -351716
12625 -351716
12630 -351716
12635 -351716
12640 -351716
12645 -351716
12650 -351716
12655 -351716
12660 -351716
12665 -351716
12670 -351716
12675 -351716
12680 -351716
12685 -351716
12690 -351716
12695 -351716
12700 -351716
12705 -351716
12710 -351716
12715 -351716
12720 -351716
12725 -351716
12730 -351716
12735 -351716
12740 -351716
12745 -351716
12750 -351716
12755 -351716
12760 -351716
12765 -351716
12770 -351716
12775 -351716
12780 -351716
12785 -351716
12790 -351716
12795 -351716
12800 -351716
12805 -351716
12810 -351716
12815 -351716
12820 -351716
12825 -351716
12830 -351716
12835 -351716
12840 -351716
12845 -351716
12850 -351716
12855 -351716
12860 -351716
12865 -351716
12870 -351716
12875 -351716
12880 -351716
12885 -351716
12890 -351716
12895 -351716
12900 -351716
12905 -351716
12910 -351716
12915 -351716
12920 -351716
12925 -351716
12930 -351716
12935 -351716
12940 -351716
12945 -351716
12950 -351716
12955 -351716
12960 -351716
12965 -351716
12970 -351716
12975 -351716
12980 -351716
12985 -351716
12990 -351716
12995 -351716
13000 -351716
13005 -351716
13010 -351716
13015 -351716
13020 -351716
13025 -351716
13030 -351716
13035 -351716
13040 -351716
13045 -351716
13050 -351716
13055 -351716
13060 -351716
13065 -351716
13070 -351716
13075 -351716
13080 -351716
13085 -351716
13090 -351716
13095 -351716
13100 -351716
13105 -351716
13110 -351716
13115 -351716
13120 -351716
13125 -351716
13130 -351716
13135 -351716
13140 -351716
13145 -351716
13150 -351716
13155 -351716
13160 -351716
13165 -351716
13170 -351716
13175 -351716
13180 -351716
13185 -351716
13190 -351716
13195 -351716
13200 -351716
13205 -351716
13210 -351716
13215 -351716
13220 -351716
13225 -351716
13230 -351716
13235 -351716
13240 -351716
13245 -351716
13250 -351716
13255 -351716
13260 -351716
13265 -351716
13270 -351716
13275 -351716
13280 -351716
13285 -351716
13290 -351716
13295 -351716
13300 -351716
13305 -351716
13310 -351716
13315 -351716
13320 -351716
13325 -351716
13330 -351716
13335 -351716
13340 -351716
13345 -351716
13350 -351716
13355 -351716
13360 -351716
13365 -351716
13370 -351716
13375 -351716
13380 -351716
13385 -351716
13390 -351716
13395 -351716
13400 -351716
13405 -351716
13410 -351716
13415 -351716
13420 -351716
13425 -351716
13430 -351716
13435 -351716
13440 -351716
13445 -351716
13450 -351716
13455 -351716
13460 -351716
13465 -351716
13470 -351716
13475 -351716
13480 -351716
13485 -351716
13490 -351716
13495 -351716
13500 -351716
13505 -351716
13510 -351716
13515 -351716
13520 -351716
13525 -351716
13530 -351716
13535 -351716
13540 -351716
13545 -351716
13550 -351716
13555 -351716
13560 -351716
13565 -351716
13570 -351716
13575 -351716
13580 -351716
13585 -351716
13590 -351716
13595 -351716
13600 -351716
13605 -351716
13610 -351716
13615 -351716
13620 -351716
13625 -351716
13630 -351716
13635 -351716
13640 -351716
13645 -351716
13650 -351716
13655 -351716
13660 -351716
13665 -351716
13670 -351716
13675 -351716
13680 -351716
13685 -351716
13690 -351716
13695 -351716
13700 -351716
13705 -351716
13710 -351716
13715 -351716
13720 -351716
13725 -351716
13730 -351716
13735 -351716
13740 -351716
13745 -351716
13750 -351716
13755 -351716
13760 -351716
13765 -351716
13770 -351716
13775 -351716
13780 -351716
13785 -351716
13790 -351716
13795 -351716
13800 -351716
13805 -351716
13810 -351716
13815 -351716
13820 -351716
13825 -351716
13830 -351716
13835 -351716
13840 -351716
13845 -351716
13850 -351716
13855 -351716
13860 -351716
13865 -351716
13870 -351716
13875 -351716
13880 -351716
13885 -351716
13890 -351716
13895 -351716
13900 -351716
13905 -351716
13910 -351716
13915 -351716
13920 -351716
13925 -351716
13930 -351716
13935 -351716
13940 -351716
13945 -351716
13950 -351716
13955 -351716
13960 -351716
13965 -351716
13970 -351716
13975 -351716
13980 -351716
13985 -351716
13990 -351716
13995 -351716
14000 -351716
14005 -351716
14010 -351716
14015 -351716
14020 -351716
14025 -351716
14030 -351716
14035 -351716
14040 -351716
14045 -351716
14050 -351716
14055 -351716
14060 -351716
14065 -351716
14070 -351716
14075 -351716
14080 -351716
14085 -351716
14090 -351716
14095 -351716
14100 -351716
14105 -351716
14110 -351716
14115 -351716
14120 -351716
14125 -351716
14130 -351716
14135 -351716
14140 -351716
14145 -351716
14150 -351716
14155 -351716
14160 -351716
14165 -351716
14170 -351716
14175 -351716
14180 -351716
14185 -351716
14190 -351716
14195 -351716
14200 -351716
14205 -351716
14210 -351716
14215 -351716
14220 -351716
14225 -351716
14230 -351716
14235 -351716
14240 -351716
14245 -351716
14250 -351716
14255 -351716
14260 -351716
14265 -351716
14270 -351716
14275 -351716
14280 -351716
14285 -351716
14290 -351716
14295 -351716
14300 -351716
14305 -351716
14310 -351716
14315 -351716
14320 -351716
14325 -351716
14330 -351716
14335 -351716
14340 -351716
14345 -351716
14350 -351716
14355 -351716
14360 -351716
14365 -351716
14370 -351716
14375 -351716
14380 -351716
14385 -351716
14390 -351716
14395 -351716
14400 -351716
14405 -351716
14410 -351716
14415 -351716
14420 -351716
14425 -351716
14430 -351716
14435 -351716
14440 -351716
14445 -351716
14450 -351716
14455 -351716
14460 -351716
14465 -351716
14470 -351716
14475 -351716
14480 -351716
14485 -351716
14490 -351716
14495 -351716
14500 -351716
14505 -351716
14510 -351716
14515 -351716
14520 -351716
14525 -351716
14530 -351716
14535 -351716
14540 -351716
14545 -351716
14550 -351716
14555 -351716
14560 -351716
14565 -351716
14570 -351716
14575 -351716
14580 -351716
14585 -351716
14590 -351716
14595 -351716
14600 -351716
14605 -351716
14610 -351716
14615 -351716
14620 -351716
14625 -351716
14630 -351716
14635 -351716
14640 -351716
14645 -351716
14650 -351716
14655 -351716
14660 -351716
14665 -351716
14670 -351716
14675 -351716
14680 -351716
14685 -351716
14690 -351716
14695 -351716
14700 -351716
14705 -351716
14710 -351716
14715 -351716
14720 -351716
14725 -351716
14730 -351716
14735 -351716
14740 -351716
14745 -351716
14750 -351716
14755 -351716
14760 -351716
14765 -351716
14770 -351716
14775 -351716
14780 -351716
14785 -351716
14790 -351716
14795 -351716
14800 -351716
14805 -351716
14810 -351716
14815 -351716
14820 -351716
14825 -351716
14830 -351716
14835 -351716
14840 -351716
14845 -351716
14850 -351716
14855 -351716
14860 -351716
14865 -351716
14870 -351716
14875 -351716
14880 -351716
14885 -351716
14890 -351716
14895 -351716
14900 -351716
14905 -351716
14910 -351716
14915 -351716
14920 -351716
14925 -351716
14930 -351716
14935 -351716
14940 -351716
14945 -351716
14950 -351716
14955 -351716
14960 -351716
14965 -351716
14970 -351716
14975 -351716
14980 -351716
14985 -351716
14990 -351716
14995 -351716
15000 -351716
15005 -351716
15010 -351716
15015 -351716
15020 -351716
15025 -351716
15030 -351716
15035 -351716
15040 -351716
15045 -351716
15050 -351716
15055 -351716
15060 -351716
15065 -351716
15070 -351716
15075 -351716
15080 -351716
15085 -351716
15090 -351716
15095 -351716
15100 -351716
15105 -351716
15110 -351716
15115 -351716
15120 -351716
15125 -351716
15130 -351716
15135 -351716
15140 -351716
15145 -351716
15150 -351716
15155 -351716
15160 -351716
15165 -351716
15170 -351716
15175 -351716
15180 -351716
15185 -351716
15190 -351716
15195 -351716
15200 -351716
15205 -351716
15210 -351716
15215 -351716
15220 -351716
15225 -351716
15230 -351716
15235 -351716
15240 -351716
15245 -351716
15250 -351716
15255 -351716
15260 -351716
15265 -351716
15270 -351716
15275 -351716
15280 -351716
15285 -351716
15290 -351716
15295 -351716
15300 -351716
15305 -351716
15310 -351716
15315 -351716
15320 -351716
15325 -351716
15330 -351716
15335 -351716
15340 -351716
15345 -351716
15350 -351716
15355 -351716
15360 -351716
15365 -351716
15370 -351716
15375 -351716
15380 -351716
15385 -351716
15390 -351716
15395 -351716
15400 -351716
15405 -351716
15410 -351716
15415 -351716
15420 -351716
15425 -351716
15430 -351716
15435 -351716
15440 -351716
15445 -351716
15450 -351716
15455 -351716
15460 -351716
15465 -351716
15470 -351716
15475 -351716
15480 -351716
15485 -351716
15490 -351716
15495 -351716
15500 -351716
15505 -351716
15510 -351716
15515 -351716
15520 -351716
15525 -351716
15530 -351716
15535 -351716
15540 -351716
15545 -351716
15550 -351716
15555 -351716
15560 -351716
15565 -351716
15570 -351716
15575 -351716
15580 -351716
15585 -351716
15590 -351716
15595 -351716
15600 -351716
15605 -351716
15610 -351716
15615 -351716
15620 -351716
15625 -351716
15630 -351716
15635 -351716
15640 -351716
15645 -351716
15650 -351716
15655 -351716
15660 -351716
15665 -351716
15670 -351716
15675 -351716
15680 -351716
15685 -351716
15690 -351716
15695 -351716
15700 -351716
15705 -351716
15710 -351716
15715 -351716
15720 -351716
15725 -351716
15730 -351716
15735 -351716
15740 -351716
15745 -351716
15750 -351716
15755 -351716
15760 -351716
15765 -351716
15770 -351716
15775 -351716
15780 -351716
15785 -351716
15790 -351716
15795 -351716
15800 -351716
15805 -351716
15810 -351716
15815 -351716
15820 -351716
15825 -351716
15830 -351716
15835 -351716
15840 -351716
15845 -351716
15850 -351716
15855 -351716
15860 -351716
15865 -351716
15870 -351716
15875 -351716
15880 -351716
15885 -351716
15890 -351716
15895 -351716
15900 -351716
15905 -351716
15910 -351716
15915 -351716
15920 -351716
15925 -351716
15930 -351716
15935 -351716
15940 -351716
15945 -351716
15950 -351716
15955 -351716
15960 -351716
15965 -351716
15970 -351716
15975 -351716
15980 -351716
15985 -351716
15990 -351716
15995 -351716
16000 -351716
16005 -351716
16010 -351716
16015 -351716
16020 -351716
16025 -351716
16030 -351716
16035 -351716
16040 -351716
16045 -351716
16050 -351716
16055 -351716
16060 -351716
16065 -351716
16070 -351716
16075 -351716
16080 -351716
16085 -351716
16090 -351716
16095 -351716
16100 -351716
16105 -351716
16110 -351716
16115 -351716
16120 -351716
16125 -351716
16130 -351716
16135 -351716
16140 -351716
16145 -351716
16150 -351716
16155 -351716
16160 -351716
16165 -351716
16170 -351716
16175 -351716
16180 -351716
16185 -351716
16190 -351716
16195 -351716
16200 -351716
16205 -351716
16210 -351716
16215 -351716
16220 -351716
16225 -351716
16230 -351716
16235 -351716
16240 -351716
16245 -351716
16250 -351716
16255 -351716
16260 -351716
16265 -351716
16270 -351716
16275 -351716
16280 -351716
16285 -351716
16290 -351716
16295 -351716
16300 -351716
16305 -351716
16310 -351716
16315 -351716
16320 -351716
16325 -351716
16330 -351716
16335 -351716
16340 -351716
16345 -351716
16350 -351716
16355 -351716
16360 -351716
16365 -351716
16370 -351716
16375 -351716
16380 -351716
16385 -351716
16390 -351716
16395 -351716
16400 -351716
16405 -351716
16410 -351716
16415 -351716
16420 -351716
16425 -351716
16430 -351716
16435 -351716
16440 -351716
16445 -351716
16450 -351716
16455 -351716
16460 -351716
16465 -351716
16470 -351716
16475 -351716
16480 -351716
16485 -351716
16490 -351716
16495 -351716
16500 -351716
16505 -351716
16510 -351716
16515 -351716
16520 -351716
16525 -351716
16530 -351716
16535 -351716
16540 -351716
16545 -351716
16550 -351716
16555 -351716
16560 -351716
16565 -351716
16570 -351716
16575 -351716
16580 -351716
16585 -351716
16590 -351716
16595 -351716
16600 -351716
16605 -351716
16610 -351716
16615 -351716
16620 -351716
16625 -351716
16630 -351716
16635 -351716
16640 -351716
16645 -351716
16650 -351716
16655 -351716
16660 -351716
16665 -351716
16670 -351716
16675 -351716
16680 -351716
16685 -351716
16690 -351716
16695 -351716
16700 -351716
16705 -351716
16710 -351716
16715 -351716
16720 -351716
16725 -351716
16730 -351716
16735 -351716
16740 -351716
16745 -351716
16750 -351716
16755 -351716
16760 -351716
16765 -351716
16770 -351716
16775 -351716
16780 -351716
16785 -351716
16790 -351716
16795 -351716
16800 -351716
16805 -351716
16810 -351716
16815 -351716
16820 -351716
16825 -351716
16830 -351716
16835 -351716
16840 -351716
16845 -351716
16850 -351716
16855 -351716
16860 -351716
16865 -351716
16870 -351716
16875 -351716
16880 -351716
16885 -351716
16890 -351716
16895 -351716
16900 -351716
16905 -351716
16910 -351716
16915 -351716
16920 -351716
16925 -351716
16930 -351716
16935 -351716
16940 -351716
16945 -351716
16950 -351716
16955 -351716
16960 -351716
16965 -351716
16970 -351716
16975 -351716
16980 -351716
16985 -351716
16990 -351716
16995 -351716
17000 -351716
17005 -351716
17010 -351716
17015 -351716
17020 -351716
17025 -351716
17030 -351716
17035 -351716
17040 -351716
17045 -351716
17050 -351716
17055 -351716
17060 -351716
17065 -351716
17070 -351716
17075 -351716
17080 -351716
17085 -351716
17090 -351716
17095 -351716
17100 -351716
17105 -351716
17110 -351716
17115 -351716
17120 -351716
17125 -351716
17130 -351716
17135 -351716
17140 -351716
17145 -351716
17150 -351716
17155 -351716
17160 -351716
17165 -351716
17170 -351716
17175 -351716
17180 -351716
17185 -351716
17190 -351716
17195 -351716
17200 -351716
17205 -351716
17210 -351716
17215 -351716
17220 -351716
17225 -351716
17230 -351716
17235 -351716
17240 -351716
17245 -351716
17250 -351716
17255 -351716
17260 -351716
17265 -351716
17270 -351716
17275 -351716
17280 -351716
17285 -351716
17290 -351716
17295 -351716
17300 -351716
17305 -351716
17310 -351716
17315 -351716
17320 -351716
17325 -351716
17330 -351716
17335 -351716
17340 -351716
17345 -351716
17350 -351716
17355 -351716
17360 -351716
17365 -351716
17370 -351716
17375 -351716
17380 -351716
17385 -351716
17390 -351716
17395 -351716
17400 -351716
17405 -351716
17410 -351716
17415 -351716
17420 -351716
17425 -351716
17430 -351716
17435 -351716
17440 -351716
17445 -351716
17450 -351716
17455 -351716
17460 -351716
17465 -351716
17470 -351716
17475 -351716
17480 -351716
17485 -351716
17490 -351716
17495 -351716
17500 -351716
17505 -351716
17510 -351716
17515 -351716
17520 -351716
17525 -351716
17530 -351716
17535 -351716
17540 -351716
17545 -351716
17550 -351716
17555 -351716
17560 -351716
17565 -351716
17570 -351716
17575 -351716
17580 -351716
17585 -351716
17590 -351716
17595 -351716
17600 -351716
17605 -351716
17610 -351716
17615 -351716
17620 -351716
17625 -351716
17630 -351716
17635 -351716
17640 -351716
17645 -351716
17650 -351716
17655 -351716
17660 -351716
17665 -351716
17670 -351716
17675 -351716
17680 -351716
17685 -351716
17690 -351716
17695 -351716
17700 -351716
17705 -351716
17710 -351716
17715 -351716
17720 -351716
17725 -351716
17730 -351716
17735 -351716
17740 -351716
17745 -351716
17750 -351716
17755 -351716
17760 -351716
17765 -351716
17770 -351716
17775 -351716
17780 -351716
17785 -351716
17790 -351716
17795 -351716
17800 -351716
17805 -351716
17810 -351716
17815 -351716
17820 -351716
17825 -351716
17830 -351716
17835 -351716
17840 -351716
17845 -351716
17850 -351716
17855 -351716
17860 -351716
17865 -351716
17870 -351716
17875 -351716
17880 -351716
17885 -351716
17890 -351716
17895 -351716
17900 -351716
17905 -351716
17910 -351716
17915 -351716
17920 -351716
17925 -351716
17930 -351716
17935 -351716
17940 -351716
17945 -351716
17950 -351716
17955 -351716
17960 -351716
17965 -351716
17970 -351716
17975 -351716
17980 -351716
17985 -351716
17990 -351716
17995 -351716
18000 -351716
18005 -351716
18010 -351716
18015 -351716
18020 -351716
18025 -351716
18030 -351716
18035 -351716
18040 -351716
18045 -351716
18050 -351716
18055 -351716
18060 -351716
18065 -351716
18070 -351716
18075 -351716
18080 -351716
18085 -351716
18090 -351716
18095 -351716
18100 -351716
18105 -351716
18110 -351716
18115 -351716
18120 -351716
18125 -351716
18130 -351716
18135 -351716
18140 -351716
18145 -351716
18150 -351716
18155 -351716
18160 -351716
18165 -351716
18170 -351716
18175 -351716
18180 -351716
18185 -351716
18190 -351716
18195 -351716
18200 -351716
18205 -351716
18210 -351716
18215 -351716
18220 -351716
18225 -351716
18230 -351716
18235 -351716
18240 -351716
18245 -351716
18250 -351716
18255 -351716
18260 -351716
18265 -351716
18270 -351716
18275 -351716
18280 -351716
18285 -351716
18290 -351716
18295 -351716
18300 -351716
18305 -351716
18310 -351716
18315 -351716
18320 -351716
18325 -351716
18330 -351716
18335 -351716
18340 -351716
18345 -351716
18350 -351716
18355 -351716
18360 -351716
18365 -351716
18370 -351716
18375 -351716
18380 -351716
18385 -351716
18390 -351716
18395 -351716
18400 -351716
18405 -351716
18410 -351716
18415 -351716
18420 -351716
18425 -351716
18430 -351716
18435 -351716
18440 -351716
18445 -351716
18450 -351716
18455 -351716
18460 -351716
18465 -351716
18470 -351716
18475 -351716
18480 -351716
18485 -351716
18490 -351716
18495 -351716
18500 -351716
18505 -351716
18510 -351716
18515 -351716
18520 -351716
18525 -351716
18530 -351716
18535 -351716
18540 -351716
18545 -351716
18550 -351716
18555 -351716
18560 -351716
18565 -351716
18570 -351716
18575 -351716
18580 -351716
18585 -351716
18590 -351716
18595 -351716
18600 -351716
18605 -351716
18610 -351716
18615 -351716
18620 -351716
18625 -351716
18630 -351716
18635 -351716
18640 -351716
18645 -351716
18650 -351716
18655 -351716
18660 -351716
18665 -351716
18670 -351716
18675 -351716
18680 -351716
18685 -351716
18690 -351716
18695 -351716
18700 -351716
18705 -351716
18710 -351716
18715 -351716
18720 -351716
18725 -351716
18730 -351716
18735 -351716
18740 -351716
18745 -351716
18750 -351716
18755 -351716
18760 -351716
18765 -351716
18770 -351716
18775 -351716
18780 -351716
18785 -351716
18790 -351716
18795 -351716
18800 -351716
18805 -351716
18810 -351716
18815 -351716
18820 -351716
18825 -351716
18830 -351716
18835 -351716
18840 -351716
18845 -351716
18850 -351716
18855 -351716
18860 -351716
18865 -351716
18870 -351716
18875 -351716
18880 -351716
18885 -351716
18890 -351716
18895 -351716
18900 -351716
18905 -351716
18910 -351716
18915 -351716
18920 -351716
18925 -351716
18930 -351716
18935 -351716
18940 -351716
18945 -351716
18950 -351716
18955 -351716
18960 -351716
18965 -351716
18970 -351716
18975 -351716
18980 -351716
18985 -351716
18990 -351716
18995 -351716
19000 -351716
19005 -351716
19010 -351716
19015 -351716
19020 -351716
19025 -351716
19030 -351716
19035 -351716
19040 -351716
19045 -351716
19050 -351716
19055 -351716
19060 -351716
19065 -351716
19070 -351716
19075 -351716
19080 -351716
19085 -351716
19090 -351716
19095 -351716
19100 -351716
19105 -351716
19110 -351716
19115 -351716
19120 -351716
19125 -351716
19130 -351716
19135 -351716
19140 -351716
19145 -351716
19150 -351716
19155 -351716
19160 -351716
19165 -351716
19170 -351716
19175 -351716
19180 -351716
19185 -351716
19190 -351716
19195 -351716
19200 -351716
19205 -351716
19210 -351716
19215 -351716
19220 -351716
19225 -351716
19230 -351716
19235 -351716
19240 -351716
19245 -351716
19250 -351716
19255 -351716
19260 -351716
19265 -351716
19270 -351716
19275 -351716
19280 -351716
19285 -351716
19290 -351716
19295 -351716
19300 -351716
19305 -351716
19310 -351716
19315 -351716
19320 -351716
19325 -351716
19330 -351716
19335 -351716
19340 -351716
19345 -351716
19350 -351716
19355 -351716
19360 -351716
19365 -351716
19370 -351716
19375 -351716
19380 -351716
19385 -351716
19390 -351716
19395 -351716
19400 -351716
19405 -351716
19410 -347879
19415 -347879
19420 -347879
19425 -347879
19430 -347879
19435 -347879
19440 -347879
19445 -347879
19450 -347879
19455 -347879
19460 -347879
19465 -347879
19470 -347879
19475 -347879
19480 -347879
19485 -347879
19490 -347879
19495 -347879
19500 -347879
19505 -347879
19510 -347879
19515 -347879
19520 -347879
19525 -347879
19530 -347879
19535 -347879
19540 -347879
19545 -347879
19550 -347879
19555 -347879
19560 -347879
19565 -347879
19570 -347879
19575 -347879
19580 -347879
19585 -347879
19590 -347879
19595 -347879
19600 -347879
19605 -347879
19610 -347879
19615 -347879
19620 -347879
19625 -347879
19630 -347879
19635 -347879
19640 -347879
19645 -347879
19650 -347879
19655 -347879
19660 -347879
19665 -347879
19670 -347879
19675 -347879
19680 -347879
19685 -347879
19690 -347879
19695 -347879
19700 -347879
19705 -347879
19710 -347879
19715 -347879
19720 -347879
19725 -347879
19730 -347879
19735 -347879
19740 -347879
19745 -347879
19750 -347879
19755 -347879
19760 -347879
19765 -347879
19770 -347879
19775 -347879
19780 -347879
19785 -347879
19790 -347879
19795 -347879
19800 -347879
19805 -347879
19810 -347879
19815 -347879
19820 -347879
19825 -347879
19830 -347879
19835 -347879
19840 -347879
19845 -347879
19850 -347879
19855 -347879
19860 -347879
19865 -347879
19870 -347879
19875 -347879
19880 -347879
19885 -347879
19890 -347879
19895 -347879
19900 -347879
19905 -347879
19910 -347879
19915 -347879
19920 -347879
19925 -347879
19930 -347879
19935 -347879
19940 -347879
19945 -347879
19950 -347879
19955 -347879
19960 -347879
19965 -347879
19970 -347879
19975 -347879
19980 -347879
19985 -347879
19990 -347879
19995 -347879
20000 -347879
20005 -347879
20010 -347879
20015 -347879
20020 -347879
20025 -347879
20030 -347879
20035 -347879
20040 -347879
20045 -347879
20050 -347879
20055 -347879
20060 -347879
20065 -347879
20070 -347879
20075 -347879
20080 -347879
20085 -347879
20090 -347879
20095 -347879
20100 -347879
20105 -347879
20110 -347879
20115 -347879
20120 -347879
20125 -347879
20130 -347879
20135 -347879
20140 -347879
20145 -347879
20150 -347879
20155 -347879
20160 -347879
20165 -347879
20170 -347879
20175 -347879
20180 -347879
20185 -347879
20190 -347879
20195 -347879
20200 -347879
20205 -347879
20210 -347879
20215 -347879
20220 -347879
20225 -347879
20230 -347879
20235 -347879
20240 -347879
20245 -347879
20250 -347879
20255 -347879
20260 -347879
20265 -347879
20270 -347879
20275 -347879
20280 -347879
20285 -347879
20290 -347879
20295 -347879
20300 -347879
20305 -347879
20310 -347879
20315 -347879
20320 -347879
20325 -347879
20330 -347879
20335 -347879
20340 -347879
20345 -347879
20350 -347879
20355 -347879
20360 -347879
20365 -347879
20370 -347879
20375 -347879
20380 -347879
20385 -347879
20390 -347879
20395 -347879
20400 -347879
20405 -347879
20410 -347879
20415 -347879
20420 -347879
20425 -347879
20430 -347879
20435 -347879
20440 -347879
20445 -347879
20450 -347879
20455 -347879
20460 -347879
20465 -347879
20470 -347879
20475 -347879
20480 -347879
20485 -347879
20490 -347879
20495 -347879
20500 -347879
20505 -347879
20510 -347879
20515 -347879
20520 -347879
20525 -347879
20530 -347879
20535 -347879
20540 -347879
20545 -347879
20550 -347879
20555 -347879
20560 -347879
20565 -347879
20570 -347879
20575 -347879
20580 -347879
20585 -347879
20590 -347879
20595 -347879
20600 -347879
20605 -347879
20610 -347879
20615 -347879
20620 -347879
20625 -347879
20630 -347879
20635 -347879
20640 -347879
20645 -347879
20650 -347879
20655 -347879
20660 -347879
20665 -347879
20670 -347879
20675 -347879
20680 -347879
20685 -347879
20690 -347879
20695 -347879
20700 -347879
20705 -347879
20710 -347879
20715 -347879
20720 -347879
20725 -347879
20730 -347879
20735 -347879
20740 -347879
20745 -347879
20750 -347879
20755 -347879
20760 -347879
20765 -347879
20770 -347879
20775 -347879
20780 -347879
20785 -347879
20790 -347879
20795 -347879
20800 -347879
20805 -347879
20810 -347879
20815 -347879
20820 -347879
20825 -347879
20830 -347879
20835 -347879
20840 -347879
20845 -347879
20850 -347879
20855 -347879
20860 -347879
20865 -347879
20870 -347879
20875 -347879
20880 -347879
20885 -347879
20890 -347879
20895 -347879
20900 -347879
20905 -347879
20910 -347879
20915 -347879
20920 -347879
20925 -347879
20930 -347879
20935 -347879
20940 -347879
20945 -347879
20950 -347879
20955 -347879
20960 -347879
20965 -347879
20970 -347879
20975 -347879
20980 -347879
20985 -347879
20990 -347879
20995 -347879
21000 -347879
21005 -347879
21010 -347879
21015 -347879
21020 -347879
21025 -347879
21030 -347879
21035 -347879
21040 -347879
21045 -347879
21050 -347879
21055 -347879
21060 -347879
21065 -347879
21070 -347879
21075 -347879
21080 -347879
21085 -347879
21090 -347879
21095 -347879
21100 -347879
21105 -347879
21110 -347879
21115 -347879
21120 -347879
21125 -347879
21130 -347879
21135 -347879
21140 -347879
21145 -347879
21150 -347879
21155 -347879
21160 -347879
21165 -347879
21170 -347879
21175 -347879
21180 -347879
21185 -347879
21190 -347879
21195 -347879
21200 -347879
21205 -347879
21210 -347879
21215 -347879
21220 -347879
21225 -347879
21230 -347879
21235 -347879
21240 -347879
21245 -347879
21250 -347879
21255 -347879
21260 -347879
21265 -347879
21270 -347879
21275 -347879
21280 -347879
21285 -347879
21290 -347879
21295 -347879
21300 -347879
21305 -347879
21310 -347879
21315 -347879
21320 -347879
21325 -347879
21330 -347879
21335 -347879
21340 -347879
21345 -347879
21350 -347879
21355 -347879
21360 -347879
21365 -347879
21370 -347879
21375 -347879
21380 -347879
21385 -347879
21390 -347879
21395 -347879
21400 -347879
21405 -347879
21410 -347879
21415 -347879
21420 -347879
21425 -347879
21430 -347879
21435 -347879
21440 -347879
21445 -347879
21450 -347879
21455 -347879
21460 -347879
21465 -347879
21470 -347879
21475 -347879
21480 -347879
21485 -347879
21490 -347879
21495 -347879
21500 -347879
21505 -347879
21510 -347879
21515 -347879
21520 -347879
21525 -347879
21530 -347879
21535 -347879
21540 -347879
21545 -347879
21550 -347879
21555 -347879
21560 -347879
21565 -347879
21570 -347879
21575 -347879
21580 -347879
21585 -347879
21590 -347879
21595 -347879
21600 -347879
21605 -347879
21610 -347879
21615 -347879
21620 -347879
21625 -347879
21630 -347879
21635 -347879
21640 -347879
21645 -347879
21650 -347879
21655 -347879
21660 -347879
21665 -347879
21670 -347879
21675 -347879
21680 -347879
21685 -347879
21690 -347879
21695 -347879
21700 -347879
21705 -347879
21710 -347879
21715 -347879
21720 -347879
21725 -347879
21730 -347879
21735 -347879
21740 -347879
21745 -347879
21750 -347879
21755 -347879
21760 -347879
21765 -347879
21770 -347879
21775 -347879
21780 -347879
21785 -347879
21790 -347879
21795 -347879
21800 -347879
21805 -347879
21810 -347879
21815 -347879
21820 -347879
21825 -347879
21830 -347879
21835 -347879
21840 -347879
21845 -347879
21850 -347879
21855 -347879
21860 -347879
21865 -347879
21870 -347879
21875 -347879
21880 -347879
21885 -347879
21890 -347879
21895 -347879
21900 -347879
21905 -347879
21910 -347879
21915 -347879
21920 -347879
21925 -347879
21930 -347879
21935 -347879
21940 -347879
21945 -347879
21950 -347879
21955 -347879
21960 -347879
21965 -347879
21970 -347879
21975 -347879
21980 -347879
21985 -347879
21990 -347879
21995 -347879
22000 -347879
22005 -347879
22010 -347879
22015 -347879
22020 -347879
22025 -347879
22030 -347879
22035 -347879
22040 -347879
22045 -347879
22050 -347879
22055 -347879
22060 -347879
22065 -347879
22070 -347879
22075 -347879
22080 -347879
22085 -347879
22090 -347879
22095 -347879
22100 -347879
22105 -347879
22110 -347879
22115 -347879
22120 -347879
22125 -347879
22130 -347879
22135 -347879
22140 -347879
22145 -347879
22150 -347879
22155 -347879
22160 -347879
22165 -347879
22170 -347879
22175 -347879
22180 -347879
22185 -347879
22190 -347879
22195 -347879
22200 -347879
22205 -347879
22210 -347879
22215 -347879
22220 -347879
22225 -347879
22230 -347879
22235 -347879
22240 -347879
22245 -347879
22250 -347879
22255 -347879
22260 -347879
22265 -347879
22270 -347879
22275 -347879
22280 -347879
22285 -347879
22290 -347879
22295 -347879
22300 -347879
22305 -347879
22310 -347879
22315 -347879
22320 -347879
22325 -347879
22330 -347879
22335 -347879
22340 -347879
22345 -347879
22350 -347879
22355 -347879
22360 -347879
22365 -347879
22370 -347879
22375 -347879
22380 -347879
22385 -347879
22390 -347879
22395 -347879
22400 -347879
22405 -347879
22410 -347879
22415 -347879
22420 -347879
22425 -347879
22430 -347879
22435 -347879
22440 -347879
22445 -347879
22450 -347879
22455 -347879
22460 -347879
22465 -347879
22470 -347879
22475 -347879
22480 -347879
22485 -347879
22490 -347879
22495 -347879
22500 -347879
22505 -347879
22510 -347879
22515 -347879
22520 -347879
22525 -347879
22530 -347879
22535 -347879
22540 -347879
22545 -347879
22550 -347879
22555 -347879
22560 -347879
22565 -347879
22570 -347879
22575 -347879
22580 -347879
22585 -347879
22590 -347879
22595 -347879
22600 -347879
22605 -347879
22610 -347879
22615 -347879
22620 -347879
22625 -347879
22630 -347879
22635 -347879
22640 -347879
22645 -347879
22650 -347879
22655 -347879
22660 -347879
22665 -347879
22670 -347879
22675 -347879
22680 -347879
22685 -347879
22690 -347879
22695 -347879
22700 -347879
22705 -347879
22710 -347879
22715 -347879
22720 -347879
22725 -347879
22730 -347879
22735 -347879
22740 -347879
22745 -347879
22750 -347879
22755 -347879
22760 -347879
22765 -347879
22770 -347879
22775 -347879
22780 -347879
22785 -347879
22790 -347879
22795 -347879
22800 -347879
22805 -347879
22810 -347879
22815 -347879
22820 -347879
22825 -347879
22830 -347879
22835 -347879
22840 -347879
22845 -347879
22850 -347879
22855 -347879
22860 -347879
22865 -347879
22870 -347879
22875 -347879
22880 -347879
22885 -347879
22890 -347879
22895 -347879
22900 -347879
22905 -347879
22910 -347879
22915 -347879
22920 -347879
22925 -347879
22930 -347879
22935 -347879
22940 -347879
22945 -347879
22950 -347879
22955 -347879
22960 -347879
22965 -347879
22970 -347879
22975 -347879
22980 -347879
22985 -347879
22990 -347879
22995 -347879
23000 -347879
23005 -347879
23010 -347879
23015 -347879
23020 -347879
23025 -347879
23030 -347879
23035 -347879
23040 -347879
23045 -347879
