20 -293330
30 -293330
40 -293330
50 -293330
60 -293330
70 -293330
80 -293330
90 -293330
100 -293330
110 -293330
120 -293330
130 -293330
140 -293330
150 -288794
160 -288794
170 -288794
180 -288794
190 -288794
200 -288794
210 -288794
220 -288794
230 -288794
240 -288794
250 -288794
260 -288794
270 -288794
280 -288794
290 -288794
300 -288794
310 -288794
320 -288794
330 -288794
340 -288794
350 -288794
360 -288794
370 -288794
380 -287052
390 -287052
400 -287052
410 -287052
420 -287052
430 -287052
440 -287052
450 -287052
460 -287052
470 -287052
480 -287052
490 -287052
500 -287052
510 -287052
520 -287052
530 -287052
540 -287052
550 -287052
560 -287052
570 -282126
580 -282126
590 -282126
600 -282126
610 -282126
620 -282126
630 -282126
640 -282126
650 -282126
660 -282126
670 -282126
680 -282126
690 -282126
700 -282126
710 -282126
720 -282126
730 -282126
740 -282126
750 -282126
760 -282126
770 -282126
780 -282126
790 -282126
800 -282126
810 -282126
820 -282126
830 -282126
840 -282126
850 -282126
860 -282126
870 -282126
880 -282126
890 -282126
900 -282126
910 -282126
920 -282126
930 -282126
940 -282126
950 -282126
960 -282126
970 -282126
980 -282126
990 -282126
1000 -282126
1010 -282126
1020 -282126
1030 -282126
1040 -282126
1050 -282126
1060 -282126
1070 -282126
1080 -282126
1090 -282126
1100 -282126
1110 -282126
1120 -282126
1130 -282126
1140 -282126
1150 -282126
1160 -282126
1170 -282126
1180 -282126
1190 -282126
1200 -282126
1210 -282126
1220 -282126
1230 -282126
1240 -282126
1250 -282126
1260 -282126
1270 -282126
1280 -282126
1290 -282126
1300 -282126
1310 -282126
1320 -282126
1330 -282126
1340 -282126
1350 -282126
1360 -282126
1370 -282126
1380 -282126
1390 -282126
1400 -282126
1410 -282126
1420 -282126
1430 -282126
1440 -282126
1450 -282126
1460 -282126
1470 -282126
1480 -282126
1490 -282126
1500 -282126
1510 -282126
1520 -282126
1530 -282126
1540 -282126
1550 -282126
1560 -282126
1570 -282126
1580 -282126
1590 -282126
1600 -282126
1610 -282126
1620 -282126
1630 -282126
1640 -282126
1650 -282126
1660 -282126
1670 -282126
1680 -282126
1690 -282126
1700 -282126
1710 -282126
1720 -282126
1730 -282126
1740 -282126
1750 -282126
1760 -282126
1770 -282126
1780 -282126
1790 -282126
1800 -282126
1810 -282126
1820 -282126
1830 -282126
1840 -282126
1850 -282126
1860 -282126
1870 -282126
1880 -282126
1890 -282126
1900 -282126
1910 -282126
1920 -282126
1930 -282126
1940 -282126
1950 -282126
1960 -282126
1970 -282126
1980 -282126
1990 -282126
2000 -282126
2010 -282126
2020 -282126
2030 -282126
2040 -282126
2050 -282126
2060 -282126
2070 -282126
2080 -282126
2090 -282126
2100 -282126
2110 -282126
2120 -282126
2130 -282126
2140 -282126
2150 -282126
2160 -282126
2170 -282126
2180 -282126
2190 -282126
2200 -282126
2210 -282126
2220 -282126
2230 -282126
2240 -282126
2250 -282126
2260 -282126
2270 -282126
2280 -282126
2290 -282126
2300 -282126
2310 -282126
2320 -282126
2330 -282126
2340 -282126
2350 -282126
2360 -282126
2370 -282126
2380 -282126
2390 -282126
2400 -282126
2410 -282126
2420 -282126
2430 -282126
2440 -282126
2450 -282126
2460 -282126
2470 -282126
2480 -282126
2490 -282126
2500 -282126
2510 -282126
2520 -282126
2530 -282126
2540 -282126
2550 -282126
2560 -282126
2570 -282126
2580 -282126
2590 -282126
2600 -282126
2610 -282126
2620 -282126
2630 -282126
2640 -282126
2650 -282126
2660 -282126
2670 -282126
2680 -282126
2690 -282126
2700 -282126
2710 -282126
2720 -282126
2730 -282126
2740 -282126
2750 -282126
2760 -282126
2770 -282126
2780 -282126
2790 -282126
2800 -282126
2810 -282126
2820 -282126
2830 -282126
2840 -282126
2850 -282126
2860 -282126
2870 -282126
2880 -282126
2890 -282126
2900 -282126
2910 -282126
2920 -282126
2930 -282126
2940 -282126
2950 -282126
2960 -282126
2970 -282126
2980 -282126
2990 -282126
3000 -282126
3010 -282126
3020 -282126
3030 -282126
3040 -282126
3050 -282126
3060 -282126
3070 -282126
3080 -282126
3090 -282126
3100 -282126
3110 -282126
3120 -282126
3130 -282126
3140 -282126
3150 -282126
3160 -282126
3170 -282126
3180 -282126
3190 -282126
3200 -282126
3210 -282126
3220 -282126
3230 -282126
3240 -282126
3250 -282126
3260 -282126
3270 -282126
3280 -282126
3290 -282126
3300 -282126
3310 -282126
3320 -282126
3330 -282126
3340 -282126
3350 -282126
3360 -282126
3370 -282126
3380 -282126
3390 -282126
3400 -282126
3410 -282126
3420 -282126
3430 -282126
3440 -282126
3450 -282126
3460 -282126
3470 -282126
3480 -282126
3490 -282126
3500 -282126
3510 -282126
3520 -282126
3530 -282126
3540 -282126
3550 -282126
3560 -282126
3570 -282126
3580 -282126
3590 -282126
3600 -282126
3610 -282126
3620 -282126
3630 -282126
3640 -282126
3650 -282126
3660 -282126
3670 -282126
3680 -282126
3690 -282126
3700 -282126
3710 -282126
3720 -282126
3730 -282126
3740 -282126
3750 -282126
3760 -282126
3770 -282126
3780 -282126
3790 -282126
3800 -282126
3810 -282126
3820 -282126
3830 -282126
3840 -282126
3850 -282126
3860 -282126
3870 -282126
3880 -282126
3890 -282126
3900 -282126
3910 -282126
3920 -282126
3930 -282126
3940 -282126
3950 -282126
3960 -282126
3970 -282126
3980 -282126
3990 -282126
4000 -282126
4010 -282126
4020 -282126
4030 -282126
4040 -282126
4050 -282126
4060 -282126
4070 -282126
4080 -282126
4090 -282126
4100 -282126
4110 -282126
4120 -282126
4130 -282126
4140 -282126
4150 -282126
4160 -282126
4170 -282126
4180 -282126
4190 -282126
4200 -282126
4210 -282126
4220 -282126
4230 -282126
4240 -282126
4250 -282126
4260 -282126
4270 -282126
4280 -282126
4290 -282126
4300 -282126
4310 -282126
4320 -282126
4330 -282126
4340 -282126
4350 -282126
4360 -282126
4370 -282126
4380 -282126
4390 -282126
4400 -282126
4410 -282126
4420 -282126
4430 -282126
4440 -282126
4450 -282126
4460 -282126
4470 -282126
4480 -282126
4490 -282126
4500 -282126
4510 -282126
4520 -282126
4530 -282126
4540 -282126
4550 -282126
4560 -282126
4570 -282126
4580 -282126
4590 -282126
4600 -282126
4610 -282126
4620 -282126
4630 -282126
4640 -282126
4650 -282126
4660 -282126
4670 -282126
4680 -282126
4690 -282126
4700 -282126
4710 -282126
4720 -282126
4730 -282126
4740 -282126
4750 -282126
4760 -282126
4770 -282126
4780 -282126
4790 -282126
4800 -282126
4810 -282126
4820 -278498
4830 -278498
4840 -278498
4850 -278498
4860 -278498
4870 -278498
4880 -278498
4890 -278498
4900 -278498
4910 -278498
4920 -278498
4930 -278498
4940 -278498
4950 -278498
4960 -278498
4970 -278498
4980 -278498
4990 -278498
5000 -278498
5010 -278498
5020 -278498
5030 -278498
5040 -278498
5050 -278498
5060 -278498
5070 -278498
5080 -278498
5090 -278498
5100 -278498
5110 -278498
5120 -278498
5130 -278498
5140 -278498
5150 -278498
5160 -278498
5170 -278498
5180 -278498
5190 -278498
5200 -278498
5210 -278498
5220 -278498
5230 -278498
5240 -278498
5250 -278498
5260 -278498
5270 -278498
5280 -278498
5290 -278498
5300 -278498
5310 -278498
5320 -278498
5330 -278498
5340 -278498
5350 -278498
5360 -278498
5370 -278498
5380 -278498
5390 -278498
5400 -278498
5410 -278498
5420 -278498
5430 -278498
5440 -278498
5450 -278498
5460 -278498
5470 -278498
5480 -278498
5490 -278498
5500 -278498
5510 -278498
5520 -278498
5530 -278498
5540 -278498
5550 -278498
5560 -278498
5570 -278498
5580 -278498
5590 -278498
5600 -278498
5610 -278498
5620 -278498
5630 -278498
5640 -278498
5650 -278498
5660 -278498
5670 -278498
5680 -278498
5690 -278498
5700 -278498
5710 -278498
5720 -278498
5730 -278498
5740 -278498
5750 -278498
5760 -278498
5770 -278498
5780 -278498
5790 -278498
5800 -278498
5810 -278498
5820 -278498
5830 -278498
5840 -278498
5850 -278498
5860 -278498
5870 -278498
5880 -278498
5890 -278498
5900 -278498
5910 -278498
5920 -278498
5930 -278498
5940 -278498
5950 -278498
5960 -278498
5970 -278498
5980 -278498
5990 -278498
6000 -278498
6010 -278498
6020 -278498
6030 -278498
6040 -278498
6050 -278498
6060 -278498
6070 -278498
6080 -278498
6090 -278498
6100 -278498
6110 -278498
6120 -278498
6130 -278498
6140 -278498
6150 -278498
6160 -278498
6170 -278498
6180 -278498
6190 -278498
6200 -278498
6210 -278498
6220 -278498
6230 -278498
6240 -278498
6250 -278498
6260 -278498
6270 -278498
6280 -278498
6290 -278498
6300 -278498
6310 -278498
6320 -278498
6330 -278498
6340 -278498
6350 -278498
6360 -278498
6370 -278498
6380 -278498
6390 -278498
6400 -278498
6410 -278498
6420 -278498
6430 -278498
6440 -278498
6450 -278498
6460 -278498
6470 -278498
6480 -278498
6490 -278498
6500 -278498
6510 -278498
6520 -278498
6530 -278498
6540 -278498
6550 -278498
6560 -278498
6570 -278498
6580 -278498
6590 -278498
6600 -278498
6610 -278498
6620 -278498
6630 -278498
6640 -278498
6650 -278498
6660 -278498
6670 -278498
6680 -278498
6690 -278498
6700 -278498
6710 -278498
6720 -278498
6730 -278498
6740 -278498
6750 -278498
6760 -278498
6770 -278498
6780 -278498
6790 -278498
6800 -278498
6810 -278498
6820 -278498
6830 -278498
6840 -278498
6850 -278498
6860 -278498
6870 -278498
6880 -278498
6890 -278498
6900 -278498
6910 -278498
6920 -278498
6930 -278498
6940 -278498
6950 -278498
6960 -278498
6970 -278498
6980 -278498
6990 -278498
7000 -278498
7010 -278498
7020 -278498
7030 -278498
7040 -278498
7050 -278498
7060 -278498
7070 -278498
7080 -278498
7090 -278498
7100 -278498
7110 -278498
7120 -278498
7130 -278498
7140 -278498
7150 -278498
7160 -278498
7170 -278498
7180 -278498
7190 -278498
7200 -278498
7210 -278498
7220 -278498
7230 -278498
7240 -278498
7250 -278498
7260 -278498
7270 -278498
7280 -278498
7290 -278498
7300 -278498
7310 -278498
7320 -278498
7330 -278498
7340 -278498
7350 -278498
7360 -278498
7370 -278498
7380 -278498
7390 -278498
7400 -278498
7410 -278498
7420 -278498
7430 -278498
7440 -278498
7450 -278498
7460 -278498
7470 -278498
7480 -278498
7490 -278498
7500 -278498
7510 -278498
7520 -278498
7530 -278498
7540 -278498
7550 -278498
7560 -278498
7570 -278498
7580 -278498
7590 -278498
7600 -278498
7610 -278498
7620 -278498
7630 -278498
7640 -278498
7650 -278498
7660 -278498
7670 -278498
7680 -278498
7690 -278498
7700 -278498
7710 -278498
7720 -278498
7730 -278498
7740 -278498
7750 -278498
7760 -278498
7770 -278498
7780 -278498
7790 -278498
7800 -278498
7810 -278498
7820 -278498
7830 -278498
7840 -278498
7850 -278498
7860 -278498
7870 -278498
7880 -278498
7890 -278498
7900 -278498
7910 -278498
7920 -278498
7930 -278498
7940 -278498
7950 -278498
7960 -278498
7970 -278498
7980 -278498
7990 -278498
8000 -278498
8010 -278498
8020 -278498
8030 -278498
8040 -278498
8050 -278498
8060 -278498
8070 -278498
8080 -278498
8090 -278498
8100 -278498
8110 -278498
8120 -278498
8130 -278498
8140 -278498
8150 -278498
8160 -278498
8170 -278498
8180 -278498
8190 -278498
8200 -278498
8210 -278498
8220 -278498
8230 -278498
8240 -278498
8250 -278498
8260 -278498
8270 -278498
8280 -278498
8290 -278498
8300 -278498
8310 -278498
8320 -278498
8330 -278498
8340 -278498
8350 -278498
8360 -278498
8370 -278498
8380 -278498
8390 -278498
8400 -278498
8410 -278498
8420 -278498
8430 -278498
8440 -278498
8450 -278498
8460 -278498
8470 -278498
8480 -278498
8490 -278498
8500 -278498
8510 -278498
8520 -278498
8530 -278498
8540 -278498
8550 -278498
8560 -278498
8570 -278498
8580 -278498
8590 -278498
8600 -278498
8610 -278498
8620 -278498
8630 -278498
8640 -278498
8650 -278498
8660 -278498
8670 -278498
8680 -278498
8690 -278498
8700 -278498
8710 -278498
8720 -278498
8730 -278498
8740 -278498
8750 -278498
8760 -278498
8770 -278498
8780 -278498
8790 -278498
8800 -278498
8810 -278498
8820 -278498
8830 -278498
8840 -278498
8850 -278498
8860 -278498
8870 -278498
8880 -278498
8890 -278498
8900 -278498
8910 -278498
8920 -278498
8930 -278498
8940 -278498
8950 -278498
8960 -278498
8970 -278498
8980 -278498
8990 -278498
9000 -278498
9010 -278498
9020 -278498
9030 -278498
9040 -278498
9050 -278498
9060 -278498
9070 -278498
9080 -278498
9090 -278498
9100 -278498
9110 -278498
9120 -278498
9130 -278498
9140 -278498
9150 -278498
9160 -278498
9170 -278498
9180 -278498
9190 -278498
9200 -278498
9210 -278498
9220 -278498
9230 -278498
9240 -278498
9250 -278498
9260 -278498
9270 -278498
9280 -278498
9290 -278498
9300 -278498
9310 -278498
9320 -278498
9330 -278498
9340 -278498
9350 -278498
9360 -278498
9370 -278498
9380 -278498
9390 -278498
9400 -278498
9410 -278498
9420 -278498
9430 -278498
9440 -278498
9450 -278498
9460 -278498
9470 -278498
9480 -278498
9490 -278498
9500 -278498
9510 -278498
9520 -278498
9530 -278498
9540 -278498
9550 -278498
9560 -278498
9570 -278498
9580 -278498
9590 -278498
9600 -278498
9610 -278498
9620 -278498
9630 -278498
9640 -278498
9650 -278498
9660 -278498
9670 -278498
9680 -278498
9690 -278498
9700 -278498
9710 -278498
9720 -278498
9730 -278498
9740 -278498
9750 -278498
9760 -278498
9770 -278498
9780 -278498
9790 -278498
9800 -278498
9810 -278498
9820 -278498
9830 -278498
9840 -278498
9850 -278498
9860 -278498
9870 -278498
9880 -278498
9890 -278498
9900 -278498
9910 -278498
9920 -278498
9930 -278498
9940 -278498
9950 -278498
9960 -278498
9970 -278498
9980 -278498
9990 -278498
10000 -278498
10010 -278498
10020 -278498
10030 -278498
10040 -278498
10050 -278498
10060 -278498
10070 -278498
10080 -278498
10090 -278498
10100 -278498
10110 -278498
10120 -278498
10130 -278498
10140 -278498
10150 -278498
10160 -278498
10170 -278498
10180 -278498
10190 -278498
10200 -278498
10210 -278498
10220 -278498
10230 -278498
10240 -278498
10250 -278498
10260 -278498
10270 -278498
10280 -278498
10290 -278498
10300 -278498
10310 -278498
10320 -278498
10330 -278498
10340 -278498
10350 -278498
10360 -278498
10370 -278498
10380 -278498
10390 -278498
10400 -278498
10410 -278498
10420 -278498
10430 -278498
10440 -278498
10450 -278498
10460 -278498
10470 -278498
10480 -278498
10490 -278498
10500 -278498
10510 -278498
10520 -278498
10530 -278498
10540 -278498
10550 -278498
10560 -278498
10570 -278498
10580 -278498
10590 -278498
10600 -278498
10610 -278498
10620 -278498
10630 -278498
10640 -278498
10650 -278498
10660 -278498
10670 -278498
10680 -278498
10690 -278498
10700 -278498
10710 -278498
10720 -278498
10730 -278498
10740 -278498
10750 -278498
10760 -278498
10770 -278498
10780 -278498
10790 -278498
10800 -278498
10810 -278498
10820 -278498
10830 -278498
10840 -278498
10850 -278498
10860 -278498
10870 -278498
10880 -278498
10890 -278498
10900 -278498
10910 -278498
10920 -278498
10930 -278498
10940 -278498
10950 -278498
10960 -278498
10970 -278498
10980 -278498
10990 -278498
11000 -278498
11010 -278498
11020 -278498
11030 -278498
11040 -278498
11050 -278498
11060 -278498
11070 -278498
11080 -278498
11090 -278498
11100 -278498
11110 -278498
11120 -278498
11130 -278498
11140 -278498
11150 -278498
11160 -278498
11170 -278498
11180 -278498
11190 -278498
11200 -278498
11210 -278498
11220 -278498
11230 -278498
11240 -278498
11250 -278498
11260 -278498
11270 -278498
11280 -278498
11290 -278498
11300 -278498
11310 -278498
11320 -278498
11330 -278498
11340 -278498
11350 -278498
11360 -278498
11370 -278498
11380 -278498
11390 -278498
11400 -278498
11410 -278498
11420 -278498
11430 -278498
11440 -278498
11450 -278498
11460 -278498
11470 -278498
11480 -278498
11490 -278498
11500 -278498
11510 -278498
11520 -278498
11530 -278498
11540 -278498
11550 -278498
11560 -278498
11570 -278498
11580 -278498
11590 -278498
11600 -278498
11610 -278498
11620 -278498
11630 -278498
11640 -278498
11650 -278498
11660 -278498
11670 -278498
11680 -278498
11690 -278498
11700 -278498
11710 -278498
11720 -278498
11730 -278498
11740 -278498
11750 -278498
11760 -278498
11770 -278498
11780 -278498
11790 -278498
11800 -278498
11810 -278498
11820 -278498
11830 -278498
11840 -278498
11850 -278498
11860 -278498
11870 -278498
11880 -278498
11890 -278498
11900 -278498
11910 -278498
11920 -278498
11930 -278498
11940 -278498
11950 -278498
11960 -278498
11970 -278498
11980 -278498
11990 -278498
12000 -278498
12010 -278498
12020 -278498
12030 -278498
12040 -278498
12050 -278498
12060 -278498
12070 -278498
12080 -278498
12090 -278498
12100 -278498
12110 -278498
12120 -278498
12130 -278498
12140 -278498
12150 -278498
12160 -278498
12170 -278498
12180 -278498
12190 -278498
12200 -278498
12210 -278498
12220 -278498
12230 -278498
12240 -278498
12250 -278498
12260 -278498
12270 -278498
12280 -278498
12290 -278498
12300 -278498
12310 -278498
12320 -278498
12330 -278498
12340 -278498
12350 -278498
12360 -278498
12370 -278498
12380 -278498
12390 -278498
12400 -278498
12410 -278498
12420 -278498
12430 -278498
12440 -278498
12450 -278498
12460 -278498
12470 -278498
12480 -278498
12490 -278498
12500 -278498
12510 -278498
12520 -278498
12530 -278498
12540 -278498
12550 -278498
12560 -278498
12570 -278498
12580 -278498
12590 -278498
12600 -278498
12610 -278498
12620 -278498
12630 -278498
12640 -278498
12650 -278498
