20 -313210
30 -313210
40 -313210
50 -313210
60 -313210
70 -313210
80 -313210
90 -313210
100 -311929
110 -306455
120 -306455
130 -306455
140 -300369
150 -300369
160 -300369
170 -300369
180 -300369
190 -300369
200 -300369
210 -300369
220 -300369
230 -300369
240 -300369
250 -300369
260 -300369
270 -300369
280 -300369
290 -300369
300 -300369
310 -300369
320 -300369
330 -300369
340 -300369
350 -300369
360 -300369
370 -300369
380 -300369
390 -300369
400 -300369
410 -300369
420 -300369
430 -300369
440 -300369
450 -300369
460 -300369
470 -300369
480 -300369
490 -300369
500 -300369
510 -300369
520 -300369
530 -300369
540 -300369
550 -300369
560 -300369
570 -300369
580 -300369
590 -300369
600 -300369
610 -300369
620 -300369
630 -300369
640 -300369
650 -300369
660 -300369
670 -300369
680 -300369
690 -300369
700 -300369
710 -300369
720 -300369
730 -300369
740 -300369
750 -300369
760 -300369
770 -300369
780 -300369
790 -300369
800 -300369
810 -300369
820 -300369
830 -300369
840 -300369
850 -300369
860 -300369
870 -300369
880 -300369
890 -290961
900 -290961
910 -290961
920 -290961
930 -290961
940 -290961
950 -290961
960 -290961
970 -290961
980 -290961
990 -290961
1000 -290961
1010 -290961
1020 -290961
1030 -290961
1040 -290961
1050 -290961
1060 -290961
1070 -290961
1080 -290961
1090 -290961
1100 -290961
1110 -290961
1120 -290961
1130 -290961
1140 -290961
1150 -290961
1160 -290961
1170 -290961
1180 -290961
1190 -290961
1200 -290961
1210 -290961
1220 -290961
1230 -290961
1240 -290961
1250 -290961
1260 -290961
1270 -290961
1280 -290961
1290 -290961
1300 -290961
1310 -290961
1320 -290961
1330 -290961
1340 -290961
1350 -290961
1360 -290961
1370 -290961
1380 -290961
1390 -290961
1400 -290961
1410 -290961
1420 -290961
1430 -290961
1440 -290961
1450 -290961
1460 -290961
1470 -290961
1480 -290961
1490 -290961
1500 -290961
1510 -290961
1520 -290961
1530 -290961
1540 -290961
1550 -290961
1560 -290961
1570 -290961
1580 -290961
1590 -290961
1600 -290961
1610 -290961
1620 -290961
1630 -290961
1640 -290961
1650 -290961
1660 -290961
1670 -290961
1680 -290961
1690 -290961
1700 -290961
1710 -290961
1720 -290961
1730 -290961
1740 -290961
1750 -290961
1760 -290961
1770 -290961
1780 -290961
1790 -290961
1800 -290961
1810 -290961
1820 -290961
1830 -290961
1840 -290961
1850 -290961
1860 -290961
1870 -290961
1880 -290961
1890 -290961
1900 -290961
1910 -290961
1920 -290961
1930 -290961
1940 -290961
1950 -290961
1960 -290961
1970 -290961
1980 -290961
1990 -290961
2000 -290961
2010 -290961
2020 -290961
2030 -290961
2040 -290961
2050 -290961
2060 -290961
2070 -290961
2080 -290961
2090 -290961
2100 -290961
2110 -290961
2120 -290961
2130 -290961
2140 -290961
2150 -290961
2160 -290961
2170 -290961
2180 -290961
2190 -290961
2200 -290961
2210 -290961
2220 -290961
2230 -290961
2240 -290961
2250 -290961
2260 -290961
2270 -290961
2280 -290961
2290 -290961
2300 -290961
2310 -290961
2320 -290961
2330 -290961
2340 -290961
2350 -290961
2360 -290961
2370 -290961
2380 -290961
2390 -290961
2400 -290961
2410 -290961
2420 -290961
2430 -290961
2440 -290961
2450 -290961
2460 -290961
2470 -290961
2480 -290961
2490 -290961
2500 -290961
2510 -290961
2520 -290961
2530 -290961
2540 -290961
2550 -290961
2560 -290961
2570 -290961
2580 -290961
2590 -290961
2600 -290961
2610 -290961
2620 -290961
2630 -290961
2640 -290961
2650 -290961
2660 -290961
2670 -290961
2680 -290961
2690 -290961
2700 -290961
2710 -290961
2720 -290961
2730 -290961
2740 -290961
2750 -290961
2760 -290961
2770 -290961
2780 -290961
2790 -290961
2800 -290961
2810 -290961
2820 -290961
2830 -290961
2840 -290961
2850 -290961
2860 -290961
2870 -290961
2880 -290961
2890 -290961
2900 -290961
2910 -290961
2920 -290961
2930 -290961
2940 -290961
2950 -290961
2960 -290961
2970 -290961
2980 -290961
2990 -290961
3000 -290961
3010 -290961
3020 -290961
3030 -290961
3040 -290961
3050 -290961
3060 -290961
3070 -290961
3080 -290961
3090 -290961
3100 -290961
3110 -290961
3120 -290961
3130 -290961
3140 -290961
3150 -290961
3160 -290961
3170 -290961
3180 -290961
3190 -290961
3200 -290961
3210 -290961
3220 -290961
3230 -290961
3240 -290961
3250 -290961
3260 -290961
3270 -290961
3280 -290961
3290 -290961
3300 -290961
3310 -290961
3320 -290961
3330 -290961
3340 -290961
3350 -290961
3360 -290961
3370 -290961
3380 -290961
3390 -290961
3400 -290961
3410 -290961
3420 -290961
3430 -290961
3440 -290961
3450 -290961
3460 -290961
3470 -290961
3480 -290961
3490 -290961
3500 -290961
3510 -290961
3520 -290961
3530 -290961
3540 -290961
3550 -290961
3560 -290961
3570 -290961
3580 -290961
3590 -290961
3600 -290961
3610 -290961
3620 -290961
3630 -290961
3640 -290961
3650 -290961
3660 -290961
3670 -290961
3680 -290961
3690 -290961
3700 -290961
3710 -290961
3720 -290961
3730 -290961
3740 -290961
3750 -290961
3760 -290961
3770 -290961
3780 -290961
3790 -290961
3800 -290961
3810 -290961
3820 -290961
3830 -290961
3840 -290961
3850 -290961
3860 -290961
3870 -290961
3880 -290961
3890 -290961
3900 -290961
3910 -290961
3920 -290961
3930 -290961
3940 -290961
3950 -290961
3960 -290961
3970 -290961
3980 -290961
3990 -290961
4000 -290961
4010 -290961
4020 -290961
4030 -290961
4040 -290961
4050 -290961
4060 -290961
4070 -290961
4080 -290961
4090 -290961
4100 -290961
4110 -290961
4120 -290961
4130 -290961
4140 -290961
4150 -290961
4160 -290961
4170 -290961
4180 -290961
4190 -290961
4200 -290961
4210 -290961
4220 -290961
4230 -290961
4240 -290961
4250 -290961
4260 -290961
4270 -290961
4280 -290961
4290 -290961
4300 -290961
4310 -290961
4320 -290961
4330 -290961
4340 -290961
4350 -290961
4360 -290961
4370 -290961
4380 -290961
4390 -290961
4400 -290961
4410 -290961
4420 -290961
4430 -290961
4440 -290961
4450 -290961
4460 -290961
4470 -290961
4480 -290961
4490 -290961
4500 -290961
4510 -290961
4520 -290961
4530 -290961
4540 -290961
4550 -290961
4560 -290961
4570 -290961
4580 -290961
4590 -290961
4600 -290961
4610 -290961
4620 -290961
4630 -290961
4640 -290961
4650 -290961
4660 -290961
4670 -290961
4680 -290961
4690 -290961
4700 -290961
4710 -290961
4720 -290961
4730 -290961
4740 -290961
4750 -290961
4760 -290961
4770 -290961
4780 -290961
4790 -290961
4800 -290961
4810 -290961
4820 -290961
4830 -290961
4840 -290961
4850 -290961
4860 -290961
4870 -290961
4880 -290961
4890 -290961
4900 -290961
4910 -290961
4920 -290961
4930 -290961
4940 -290961
4950 -290961
4960 -290961
4970 -290961
4980 -290961
4990 -290961
5000 -290961
5010 -290961
5020 -290961
5030 -290961
5040 -290961
5050 -290961
5060 -290961
5070 -290961
5080 -290961
5090 -290961
5100 -290961
5110 -290961
5120 -290961
5130 -290961
5140 -290961
5150 -290961
5160 -290961
5170 -290961
5180 -290961
5190 -290961
5200 -290961
5210 -290961
5220 -290961
5230 -290961
5240 -290961
5250 -290961
5260 -290961
5270 -290961
5280 -290961
5290 -290961
5300 -290961
5310 -290961
5320 -290961
5330 -290961
5340 -290961
5350 -290961
5360 -290961
5370 -290961
5380 -290961
5390 -290961
5400 -290961
5410 -290961
5420 -290961
5430 -290961
5440 -290961
5450 -290961
5460 -290961
5470 -290961
5480 -290961
5490 -290961
5500 -290961
5510 -290961
5520 -290961
5530 -290961
5540 -290961
5550 -290961
5560 -290961
5570 -290961
5580 -290961
5590 -290961
5600 -290961
5610 -290961
5620 -290961
5630 -290961
5640 -290961
5650 -290961
5660 -290961
5670 -290961
5680 -290961
5690 -290961
5700 -290961
5710 -290961
5720 -290961
5730 -290961
5740 -290961
5750 -290961
5760 -290961
5770 -290961
5780 -290961
5790 -290961
5800 -290961
5810 -290961
5820 -290961
5830 -290961
5840 -290961
5850 -290961
5860 -290961
5870 -290961
5880 -290961
5890 -290961
5900 -290961
5910 -290961
5920 -290961
5930 -290961
5940 -290961
5950 -290961
5960 -290961
5970 -290961
5980 -290961
5990 -290961
6000 -290961
6010 -290961
6020 -290961
6030 -290961
6040 -290961
6050 -290961
6060 -290961
6070 -290961
6080 -290961
6090 -290961
6100 -290961
6110 -290961
6120 -290961
6130 -290961
6140 -290961
6150 -290961
6160 -290961
6170 -290961
6180 -290961
6190 -290961
6200 -290961
6210 -290961
6220 -290961
6230 -290961
6240 -290961
6250 -290961
6260 -290961
6270 -290961
6280 -290961
6290 -290961
6300 -290961
6310 -290961
6320 -290961
6330 -290961
6340 -290961
6350 -290961
6360 -290961
6370 -290961
6380 -290961
6390 -290961
6400 -290961
6410 -290961
6420 -290961
6430 -290961
6440 -290961
6450 -290961
6460 -290961
6470 -290961
6480 -290961
6490 -290961
6500 -290961
6510 -290961
6520 -290961
6530 -290961
6540 -290961
6550 -290961
6560 -290961
6570 -290961
6580 -290961
6590 -290961
6600 -290961
6610 -290961
6620 -290961
6630 -290961
6640 -290961
6650 -290961
6660 -290961
6670 -290961
6680 -290961
6690 -290961
6700 -290961
6710 -290961
6720 -290961
6730 -290961
6740 -290961
6750 -290961
6760 -290961
6770 -290961
6780 -290961
6790 -290961
6800 -290961
6810 -290961
6820 -290961
6830 -290961
6840 -290961
6850 -290961
6860 -290961
6870 -290961
6880 -290961
6890 -290961
6900 -290961
6910 -290961
6920 -290961
6930 -290961
6940 -290961
6950 -290961
6960 -290961
6970 -290961
6980 -290961
6990 -290961
7000 -290961
7010 -290961
7020 -290961
7030 -290961
7040 -290961
7050 -290961
7060 -290961
7070 -290961
7080 -290961
7090 -290961
7100 -290961
7110 -290961
7120 -290961
7130 -290961
7140 -290961
7150 -290961
7160 -290961
7170 -290961
7180 -290961
7190 -290961
7200 -290961
7210 -290961
7220 -290961
7230 -290961
7240 -290961
7250 -290961
7260 -290961
7270 -290961
7280 -290961
7290 -290961
7300 -290961
7310 -290961
7320 -290961
7330 -290961
7340 -290961
7350 -290961
7360 -290961
7370 -290961
7380 -290961
7390 -290961
7400 -290961
7410 -290961
7420 -290961
7430 -290961
7440 -290961
7450 -290961
7460 -290961
7470 -290961
7480 -290961
7490 -290961
7500 -290961
7510 -290961
7520 -290961
7530 -290961
7540 -290961
7550 -290961
7560 -290961
7570 -290961
7580 -290961
7590 -290961
7600 -290961
7610 -290961
7620 -290961
7630 -290961
7640 -290961
7650 -290961
7660 -290961
7670 -290961
7680 -290961
7690 -290961
7700 -290961
7710 -290961
7720 -290961
7730 -290961
7740 -290961
7750 -290961
7760 -290961
7770 -290961
7780 -290961
7790 -290961
7800 -290961
7810 -290961
7820 -290961
7830 -290961
7840 -290961
7850 -290961
7860 -290961
7870 -290961
7880 -290961
7890 -290961
7900 -290961
7910 -290961
7920 -290961
7930 -290961
7940 -290961
7950 -290961
7960 -290961
7970 -290961
7980 -290961
7990 -290961
8000 -290961
8010 -290961
8020 -290961
8030 -290961
8040 -290961
8050 -290961
8060 -290961
8070 -290961
8080 -290961
8090 -290961
8100 -290961
8110 -290961
8120 -290961
8130 -290961
8140 -290961
8150 -290961
8160 -290961
8170 -290961
8180 -290961
8190 -290961
8200 -290961
8210 -290961
8220 -290961
8230 -290961
8240 -290961
8250 -290961
8260 -290961
8270 -290961
8280 -290961
8290 -290961
8300 -290961
8310 -290961
8320 -290961
8330 -290961
8340 -290961
8350 -290961
8360 -290961
8370 -290961
8380 -290961
8390 -290961
8400 -290961
8410 -290961
8420 -290961
8430 -290961
8440 -290961
8450 -290961
8460 -290961
8470 -290961
8480 -290961
8490 -290961
8500 -290961
8510 -290961
8520 -290961
8530 -290961
8540 -290961
8550 -290961
8560 -290961
8570 -290961
8580 -290961
8590 -290961
8600 -290961
8610 -290961
8620 -290961
8630 -290961
8640 -290961
8650 -290961
8660 -290961
8670 -290961
8680 -290961
8690 -290961
8700 -290961
8710 -290961
8720 -290961
8730 -290961
8740 -290961
8750 -290961
8760 -290961
8770 -290961
8780 -290961
8790 -290961
8800 -290961
8810 -290961
8820 -290961
8830 -290961
8840 -290961
8850 -290961
8860 -290961
8870 -290961
8880 -290961
8890 -290961
8900 -290961
8910 -290961
8920 -290961
8930 -290961
8940 -290961
8950 -290961
8960 -290961
8970 -290961
8980 -290961
8990 -290961
9000 -290961
9010 -290961
9020 -290961
9030 -290961
9040 -290961
9050 -290961
9060 -290961
9070 -290961
9080 -290961
9090 -290961
9100 -290961
9110 -290961
9120 -290961
9130 -290961
9140 -290961
9150 -290961
9160 -290961
9170 -290961
9180 -290961
9190 -290961
9200 -290961
9210 -290961
9220 -290961
9230 -290961
9240 -290961
9250 -290961
9260 -290961
9270 -290961
9280 -290961
9290 -290961
9300 -290961
9310 -290961
9320 -290961
9330 -290961
9340 -290961
9350 -290961
9360 -290961
9370 -290961
9380 -290961
9390 -290961
9400 -290961
9410 -290961
9420 -290961
9430 -290961
9440 -290961
9450 -290961
9460 -290961
9470 -290961
9480 -290961
9490 -290961
9500 -290961
9510 -290961
9520 -290961
9530 -290961
9540 -290961
9550 -290961
9560 -290961
9570 -290961
9580 -290961
9590 -290961
9600 -290961
9610 -290961
9620 -290961
9630 -290961
9640 -290961
9650 -290961
9660 -290961
9670 -290961
9680 -290961
9690 -290961
9700 -290961
9710 -290961
9720 -290961
9730 -290961
9740 -290961
9750 -290961
9760 -290961
9770 -290961
9780 -290961
9790 -290961
9800 -290961
9810 -290961
9820 -290961
9830 -290961
9840 -290961
9850 -290961
9860 -290961
9870 -290961
9880 -290961
9890 -290961
9900 -290961
9910 -290961
9920 -290961
9930 -290961
9940 -290961
9950 -290961
9960 -290961
9970 -290961
9980 -290961
9990 -290961
10000 -290961
10010 -290961
10020 -290961
10030 -290961
10040 -290961
10050 -290961
10060 -290961
10070 -290961
10080 -290961
10090 -290961
10100 -290961
10110 -290961
10120 -290961
10130 -290961
10140 -290961
10150 -290961
10160 -290961
10170 -290961
10180 -290961
10190 -290961
10200 -290961
10210 -290961
10220 -290961
10230 -290961
10240 -290961
10250 -290961
10260 -290961
10270 -290961
10280 -290961
10290 -290961
10300 -290961
10310 -290961
10320 -290961
10330 -290961
10340 -290961
10350 -290961
10360 -290961
10370 -290961
10380 -290961
10390 -290961
10400 -290961
10410 -290961
10420 -290961
10430 -290961
10440 -290961
10450 -290961
10460 -290961
10470 -290961
10480 -290961
10490 -290961
10500 -290961
10510 -290961
10520 -290961
10530 -290961
10540 -290961
10550 -290961
10560 -290961
10570 -290961
10580 -290961
10590 -290961
10600 -290961
10610 -290961
10620 -290961
10630 -290961
10640 -290961
10650 -290961
10660 -290961
10670 -290961
10680 -290961
10690 -290961
10700 -290961
10710 -290961
10720 -290961
10730 -290961
10740 -290961
10750 -290961
10760 -290961
10770 -290961
10780 -290961
10790 -290961
10800 -290961
10810 -290961
10820 -290961
10830 -290961
10840 -290961
10850 -290961
10860 -290961
10870 -290961
10880 -290961
10890 -290961
10900 -290961
10910 -290961
10920 -290961
10930 -290961
10940 -290961
10950 -290961
10960 -290961
10970 -290961
10980 -290961
10990 -290961
11000 -290961
11010 -290961
11020 -290961
11030 -290961
11040 -290961
11050 -290961
11060 -290961
11070 -290961
11080 -290961
11090 -290961
11100 -290961
11110 -290961
11120 -290961
11130 -290961
11140 -290961
11150 -290961
11160 -290961
11170 -290961
11180 -290961
11190 -290961
11200 -290961
11210 -290961
11220 -290961
11230 -290961
11240 -290961
11250 -290961
11260 -290961
11270 -290961
11280 -290961
11290 -290961
11300 -290961
11310 -290961
11320 -290961
11330 -290961
11340 -290961
11350 -290961
11360 -290961
11370 -290961
11380 -290961
11390 -290961
11400 -290961
11410 -290961
11420 -290961
11430 -290961
11440 -290961
11450 -290961
11460 -290961
11470 -290961
11480 -290961
11490 -290961
11500 -290961
11510 -290961
11520 -290961
11530 -290961
11540 -290961
11550 -290961
11560 -290961
11570 -290961
11580 -290961
11590 -290961
11600 -290961
11610 -290961
11620 -290961
11630 -290961
11640 -290961
11650 -290961
11660 -290961
11670 -290961
11680 -290961
11690 -290961
11700 -290961
11710 -290961
11720 -290961
11730 -290961
11740 -290961
11750 -290961
11760 -290961
11770 -290961
11780 -290961
11790 -290961
11800 -290961
11810 -290961
11820 -290961
11830 -290961
11840 -290961
11850 -290961
11860 -290961
11870 -290961
11880 -290961
11890 -290961
11900 -290961
11910 -290961
11920 -290961
11930 -290961
11940 -290961
11950 -290961
11960 -290961
11970 -290961
11980 -290961
11990 -290961
12000 -290961
12010 -290961
12020 -290961
12030 -290961
12040 -290961
12050 -290961
12060 -290961
12070 -290961
12080 -290961
12090 -290961
12100 -290961
12110 -290961
12120 -290961
12130 -290961
12140 -290961
12150 -290961
12160 -290961
12170 -290961
12180 -290961
12190 -290961
12200 -290961
12210 -290961
12220 -290961
12230 -290961
12240 -290961
12250 -290961
12260 -290961
12270 -290961
12280 -290961
12290 -290961
12300 -290961
12310 -290961
12320 -290961
12330 -290961
12340 -290961
12350 -290961
12360 -290961
12370 -290961
12380 -290961
12390 -290961
12400 -290961
12410 -290961
12420 -290961
12430 -290961
12440 -290961
12450 -290961
12460 -290961
12470 -290961
12480 -290961
12490 -290961
12500 -290961
12510 -290961
12520 -290961
12530 -290961
12540 -290961
12550 -290961
12560 -290961
12570 -290961
12580 -290961
12590 -290961
12600 -290961
12610 -290961
12620 -290961
12630 -290961
12640 -290961
12650 -290961
12660 -290961
12670 -290961
12680 -290961
12690 -290961
12700 -290961
12710 -290961
12720 -290961
12730 -290961
12740 -290961
12750 -290961
12760 -290961
12770 -290961
12780 -290961
12790 -290961
12800 -290961
12810 -290961
12820 -290961
12830 -290961
12840 -290961
12850 -290961
12860 -290961
12870 -290961
12880 -290961
12890 -290961
12900 -290961
12910 -290961
12920 -290961
12930 -290961
12940 -290961
12950 -290961
12960 -290961
12970 -290961
12980 -290961
12990 -290961
13000 -290961
13010 -290961
13020 -290961
13030 -290961
13040 -290961
13050 -290961
13060 -290961
13070 -290961
13080 -290961
13090 -290961
13100 -290961
13110 -290961
13120 -290961
13130 -290961
13140 -290961
13150 -290961
13160 -290961
13170 -290961
13180 -290961
13190 -290961
13200 -290961
13210 -290961
13220 -290961
13230 -290961
13240 -290961
13250 -290961
13260 -290961
13270 -290961
13280 -290961
13290 -290961
13300 -290961
13310 -290961
13320 -290961
13330 -290961
13340 -290961
13350 -290961
13360 -290961
13370 -290961
13380 -290961
13390 -290961
13400 -290961
13410 -290961
13420 -290961
13430 -290961
13440 -290961
13450 -290961
13460 -290961
13470 -290961
13480 -290961
13490 -290961
13500 -290961
13510 -290961
13520 -290961
13530 -290961
13540 -290961
13550 -290961
13560 -290961
13570 -290961
13580 -290961
13590 -290961
13600 -290961
13610 -290961
13620 -290961
13630 -290961
13640 -290961
13650 -290961
13660 -290961
13670 -290961
13680 -290961
13690 -290961
13700 -290961
13710 -290961
13720 -290961
13730 -290961
13740 -290961
13750 -290961
13760 -290961
13770 -290961
13780 -290961
13790 -290961
13800 -290961
13810 -290961
13820 -290961
13830 -290961
13840 -290961
13850 -290961
13860 -290961
13870 -290961
13880 -290961
13890 -290961
13900 -290961
13910 -290961
13920 -290961
13930 -290961
13940 -290961
13950 -290961
13960 -290961
13970 -290961
13980 -290961
13990 -290961
14000 -290961
14010 -290961
14020 -290961
14030 -290961
14040 -290961
14050 -290961
14060 -290961
14070 -290961
14080 -290961
14090 -290938
14100 -290938
14110 -290938
14120 -290938
14130 -290938
14140 -290938
14150 -290938
14160 -290938
14170 -290938
14180 -290938
14190 -290938
14200 -290938
14210 -290938
14220 -290938
14230 -290938
14240 -290938
14250 -290938
14260 -290938
14270 -290938
14280 -290938
14290 -290938
14300 -290938
14310 -290938
14320 -290938
14330 -290938
14340 -290938
14350 -290938
14360 -290938
14370 -290938
14380 -290938
14390 -290938
14400 -290938
14410 -290938
14420 -290938
14430 -290938
14440 -290938
14450 -290938
14460 -290938
14470 -290938
14480 -290938
14490 -290938
14500 -290938
14510 -290938
14520 -290938
14530 -290938
14540 -290938
14550 -290938
14560 -290938
14570 -290938
14580 -290938
14590 -290938
14600 -290938
14610 -290938
14620 -290938
14630 -290938
14640 -290938
14650 -290938
14660 -290938
14670 -290938
14680 -290938
14690 -290938
14700 -290938
14710 -290938
14720 -290938
14730 -290938
14740 -290938
14750 -290938
14760 -290938
14770 -290938
14780 -290938
14790 -290938
14800 -290938
14810 -290938
14820 -290938
14830 -290938
14840 -290938
14850 -290938
14860 -290938
14870 -290938
14880 -290938
14890 -290938
14900 -290938
14910 -290938
14920 -290938
14930 -290938
14940 -290938
14950 -290938
14960 -290938
14970 -290938
14980 -290938
14990 -290938
15000 -290938
15010 -290938
15020 -290938
15030 -290938
15040 -290938
15050 -290938
15060 -290938
15070 -290938
15080 -290938
15090 -290938
15100 -290938
15110 -290938
15120 -290938
15130 -290938
15140 -290938
15150 -290938
15160 -290938
15170 -290938
15180 -290938
15190 -290938
15200 -290938
15210 -290938
15220 -290938
15230 -290938
15240 -290938
15250 -290938
15260 -290938
15270 -290938
15280 -290938
15290 -290938
15300 -290938
15310 -290938
15320 -290938
15330 -290938
15340 -290938
15350 -290938
15360 -290938
15370 -290938
15380 -290938
15390 -290938
15400 -290938
15410 -290938
15420 -290938
15430 -290938
15440 -290938
15450 -290938
15460 -290938
15470 -290938
15480 -290938
15490 -290938
15500 -290938
15510 -290938
15520 -290938
15530 -290938
15540 -290938
15550 -290938
15560 -290938
15570 -290938
15580 -290938
15590 -290938
15600 -290938
15610 -290938
15620 -290938
15630 -290938
15640 -290938
15650 -290938
15660 -290938
15670 -290938
15680 -290938
15690 -290938
15700 -290938
15710 -290938
15720 -290938
15730 -290938
15740 -290938
15750 -290938
15760 -290938
15770 -290938
15780 -290938
15790 -290938
15800 -290938
15810 -290938
15820 -290938
15830 -290938
15840 -290938
15850 -290938
15860 -290938
15870 -290938
15880 -290938
15890 -290938
15900 -290938
15910 -290938
15920 -290938
15930 -290938
15940 -290938
15950 -290938
15960 -290938
15970 -290938
15980 -290938
15990 -290938
16000 -290938
16010 -290938
16020 -290938
16030 -290938
16040 -290938
16050 -290938
16060 -290938
16070 -290938
16080 -290938
16090 -290938
16100 -290938
16110 -290938
16120 -290938
16130 -290938
16140 -290938
16150 -290938
16160 -290938
16170 -290938
16180 -290938
16190 -290938
16200 -290938
16210 -290938
16220 -290938
16230 -290938
16240 -290938
16250 -290938
16260 -290938
16270 -290938
16280 -290938
16290 -290938
16300 -290938
16310 -290938
16320 -290938
16330 -290938
16340 -290938
16350 -290938
16360 -290938
16370 -290938
16380 -290938
16390 -290938
16400 -290938
16410 -290938
16420 -290938
16430 -290938
16440 -290938
16450 -290938
16460 -290938
16470 -290938
16480 -290938
16490 -290938
16500 -290938
16510 -290938
16520 -290938
16530 -290938
16540 -290938
16550 -290938
16560 -290938
16570 -290938
16580 -290938
16590 -290938
16600 -290938
16610 -290938
16620 -290938
16630 -290938
16640 -290938
16650 -290938
16660 -290938
16670 -290938
16680 -290938
16690 -290938
16700 -290938
16710 -290938
16720 -290938
16730 -290938
16740 -290938
16750 -290938
16760 -290938
16770 -290938
16780 -290938
16790 -290938
16800 -290938
16810 -290938
16820 -290938
16830 -290938
16840 -290938
16850 -290938
16860 -290938
16870 -290938
16880 -290938
16890 -290938
16900 -290938
16910 -290938
16920 -290938
16930 -290938
16940 -290938
16950 -290938
16960 -290938
16970 -290938
16980 -290938
16990 -290938
17000 -290938
17010 -290938
17020 -290938
17030 -290938
17040 -290938
17050 -290938
17060 -290938
17070 -290938
17080 -290938
17090 -290938
17100 -290938
17110 -290938
17120 -290938
17130 -290938
17140 -290938
17150 -290938
17160 -290938
17170 -290938
17180 -290938
17190 -290938
17200 -290938
17210 -290938
17220 -290938
17230 -290938
17240 -290938
17250 -290938
17260 -290938
17270 -290938
17280 -290938
17290 -290938
17300 -290938
17310 -290938
17320 -290938
17330 -290938
17340 -290938
17350 -290938
17360 -290938
17370 -290938
17380 -290938
17390 -290938
17400 -290938
17410 -290938
17420 -290938
17430 -290938
17440 -290938
17450 -290938
17460 -290938
17470 -290938
17480 -290938
17490 -290938
17500 -290938
17510 -290938
17520 -290938
17530 -290938
17540 -290938
17550 -290938
17560 -290938
17570 -290938
17580 -290938
17590 -290938
17600 -290938
17610 -290938
17620 -290938
17630 -290938
17640 -290938
17650 -290938
17660 -290938
17670 -290938
17680 -290938
17690 -290938
17700 -290938
17710 -290938
17720 -290938
17730 -290938
17740 -290938
17750 -290938
17760 -290938
17770 -290938
17780 -290938
17790 -290938
17800 -290938
17810 -290938
17820 -290938
17830 -290938
17840 -290938
17850 -290938
17860 -290938
17870 -290938
17880 -290938
17890 -290938
17900 -290938
17910 -290938
17920 -290938
17930 -290938
17940 -290938
17950 -290938
17960 -290938
17970 -290938
17980 -290938
17990 -290938
18000 -290938
18010 -290938
18020 -290938
18030 -290938
18040 -290938
18050 -290938
18060 -290938
18070 -290938
18080 -290938
18090 -290938
18100 -290938
18110 -290938
18120 -290938
18130 -290938
18140 -290938
18150 -290938
18160 -290938
18170 -290938
18180 -290938
18190 -290938
18200 -290938
18210 -290938
18220 -290938
18230 -290938
18240 -290938
18250 -290938
18260 -290938
18270 -290938
18280 -290938
18290 -290938
18300 -290938
18310 -290938
18320 -290938
18330 -290938
18340 -290938
18350 -290938
18360 -290938
18370 -290938
18380 -290938
18390 -290938
18400 -290938
18410 -290938
18420 -290938
18430 -290938
18440 -290938
18450 -290938
18460 -290938
18470 -290938
18480 -290938
18490 -290938
18500 -290938
18510 -290938
18520 -290938
18530 -290938
18540 -290938
18550 -290938
18560 -290938
18570 -290938
18580 -290938
18590 -290938
18600 -290938
18610 -290938
18620 -290938
18630 -290938
18640 -290938
18650 -290938
18660 -290938
18670 -290938
18680 -290938
18690 -290938
18700 -290938
18710 -290938
18720 -290938
18730 -290938
18740 -290938
18750 -290938
18760 -290938
18770 -290938
18780 -290938
18790 -290938
18800 -290938
18810 -290938
18820 -290938
18830 -290938
18840 -290938
18850 -290938
18860 -290938
18870 -290938
18880 -290938
18890 -290938
18900 -290938
18910 -290938
18920 -290938
18930 -290938
18940 -290938
18950 -290938
18960 -290938
18970 -290938
18980 -290938
