10 -454036
15 -454036
20 -454036
25 -454036
30 -450092
35 -450092
40 -450092
45 -450092
50 -450092
55 -450092
60 -450092
65 -439516
70 -439516
75 -439516
80 -439516
85 -439516
90 -439516
95 -439516
100 -439516
105 -439516
110 -439516
115 -439516
120 -439516
125 -439516
130 -439516
135 -439516
140 -439516
145 -439516
150 -439516
155 -439516
160 -439516
165 -439516
170 -439516
175 -439516
180 -439516
185 -439516
190 -439516
195 -439516
200 -439516
205 -439516
210 -439516
215 -439516
220 -439516
225 -439516
230 -439516
235 -439516
240 -439516
245 -439516
250 -439516
255 -439516
260 -439516
265 -439516
270 -439516
275 -439516
280 -439516
285 -439516
290 -439516
295 -439516
300 -439516
305 -439516
310 -439516
315 -439516
320 -439516
325 -439516
330 -439516
335 -439516
340 -439516
345 -439516
350 -439516
355 -439516
360 -439516
365 -439516
370 -439516
375 -439516
380 -439516
385 -439516
390 -439516
395 -439516
400 -439516
405 -439163
410 -439163
415 -439163
420 -439163
425 -439163
430 -439163
435 -439163
440 -439163
445 -439163
450 -439163
455 -439163
460 -439163
465 -439163
470 -439163
475 -439163
480 -439163
485 -439163
490 -439163
495 -439163
500 -439163
505 -439163
510 -439163
515 -439163
520 -439163
525 -439163
530 -439163
535 -439163
540 -439163
545 -439163
550 -439163
555 -439163
560 -439163
565 -439163
570 -439163
575 -439163
580 -439163
585 -439163
590 -439163
595 -439163
600 -439163
605 -439163
610 -439163
615 -439163
620 -439163
625 -439163
630 -439163
635 -439163
640 -439163
645 -439163
650 -439163
655 -439163
660 -439163
665 -439163
670 -439163
675 -439163
680 -439163
685 -439163
690 -439163
695 -439163
700 -439163
705 -439163
710 -439163
715 -439163
720 -439163
725 -439163
730 -439163
735 -439163
740 -439163
745 -439163
750 -439163
755 -439163
760 -439163
765 -439163
770 -439163
775 -439163
780 -439163
785 -439163
790 -439163
795 -439163
800 -439163
805 -439163
810 -439163
815 -439163
820 -439163
825 -439163
830 -439163
835 -439163
840 -439163
845 -439163
850 -439163
855 -439163
860 -439163
865 -439163
870 -439163
875 -439163
880 -439163
885 -439163
890 -439163
895 -439163
900 -439163
905 -439163
910 -439163
915 -439163
920 -439163
925 -439163
930 -439163
935 -439163
940 -439163
945 -438301
950 -438301
955 -438301
960 -438301
965 -438301
970 -438301
975 -438301
980 -438301
985 -438301
990 -438301
995 -438301
1000 -438301
1005 -438301
1010 -438301
1015 -438301
1020 -438301
1025 -438301
1030 -438301
1035 -438301
1040 -438301
1045 -438301
1050 -438301
1055 -438301
1060 -438301
1065 -438301
1070 -438301
1075 -438301
1080 -438301
1085 -438301
1090 -438301
1095 -438301
1100 -438301
1105 -438301
1110 -438301
1115 -438301
1120 -438301
1125 -438301
1130 -438301
1135 -438301
1140 -438301
1145 -438301
1150 -438301
1155 -438301
1160 -438301
1165 -438301
1170 -438301
1175 -438301
1180 -438301
1185 -438301
1190 -438301
1195 -438301
1200 -438301
1205 -438301
1210 -438301
1215 -438301
1220 -438301
1225 -438301
1230 -438301
1235 -438301
1240 -438301
1245 -438301
1250 -438301
1255 -438301
1260 -438301
1265 -438301
1270 -438301
1275 -438301
1280 -438301
1285 -438301
1290 -438301
1295 -438301
1300 -438301
1305 -438301
1310 -438301
1315 -438301
1320 -438301
1325 -438301
1330 -438301
1335 -438301
1340 -438301
1345 -438301
1350 -438301
1355 -438301
1360 -438301
1365 -438301
1370 -438301
1375 -438301
1380 -438301
1385 -438301
1390 -438301
1395 -438301
1400 -438301
1405 -438301
1410 -438301
1415 -438301
1420 -438301
1425 -438301
1430 -438301
1435 -438301
1440 -438301
1445 -438301
1450 -438301
1455 -438301
1460 -438301
1465 -438301
1470 -438301
1475 -438301
1480 -438301
1485 -438301
1490 -438301
1495 -438301
1500 -438301
1505 -438301
1510 -438301
1515 -438301
1520 -438301
1525 -438301
1530 -438301
1535 -438301
1540 -438301
1545 -438301
1550 -438301
1555 -438301
1560 -438301
1565 -438301
1570 -438301
1575 -438301
1580 -438301
1585 -438301
1590 -438301
1595 -438301
1600 -438301
1605 -438301
1610 -438301
1615 -438301
1620 -438301
1625 -438301
1630 -438301
1635 -438301
1640 -438301
1645 -438301
1650 -438301
1655 -438301
1660 -438301
1665 -438301
1670 -438301
1675 -438301
1680 -438301
1685 -438301
1690 -438301
1695 -438301
1700 -438301
1705 -438301
1710 -438301
1715 -438301
1720 -438301
1725 -438301
1730 -438301
1735 -438301
1740 -438301
1745 -438301
1750 -438301
1755 -438301
1760 -438301
1765 -438301
1770 -438301
1775 -438301
1780 -438301
1785 -438301
1790 -438301
1795 -438301
1800 -438301
1805 -438301
1810 -438301
1815 -438301
1820 -438301
1825 -438301
1830 -438301
1835 -438301
1840 -438301
1845 -438301
1850 -438301
1855 -438301
1860 -438301
1865 -438301
1870 -438301
1875 -438301
1880 -438301
1885 -438301
1890 -438301
1895 -438301
1900 -438301
1905 -438301
1910 -438301
1915 -438301
1920 -438301
1925 -438301
1930 -438301
1935 -438301
1940 -438301
1945 -438301
1950 -438301
1955 -438301
1960 -438301
1965 -438301
1970 -438301
1975 -438301
1980 -438301
1985 -438301
1990 -438301
1995 -438301
2000 -438301
2005 -438301
2010 -438301
2015 -437763
2020 -437763
2025 -437763
2030 -437763
2035 -437529
2040 -437529
2045 -437529
2050 -437529
2055 -437529
2060 -437529
2065 -437529
2070 -436194
2075 -436194
2080 -436194
2085 -436194
2090 -436194
2095 -436194
2100 -436194
2105 -436194
2110 -436194
2115 -436194
2120 -436194
2125 -436194
2130 -436194
2135 -436194
2140 -436194
2145 -436194
2150 -436194
2155 -436194
2160 -436194
2165 -436194
2170 -436194
2175 -436194
2180 -436194
2185 -436194
2190 -436194
2195 -436194
2200 -436194
2205 -436194
2210 -436194
2215 -436194
2220 -436194
2225 -436194
2230 -436194
2235 -436194
2240 -436194
2245 -436194
2250 -436194
2255 -436194
2260 -436194
2265 -436194
2270 -436194
2275 -436194
2280 -436194
2285 -436194
2290 -436194
2295 -436194
2300 -436194
2305 -436194
2310 -436194
2315 -436194
2320 -436194
2325 -436194
2330 -436194
2335 -436194
2340 -436194
2345 -436194
2350 -436194
2355 -436194
2360 -436194
2365 -434766
2370 -434766
2375 -434766
2380 -434766
2385 -434766
2390 -434766
2395 -434766
2400 -434766
2405 -434766
2410 -434766
2415 -434766
2420 -434766
2425 -434766
2430 -434766
2435 -434766
2440 -434766
2445 -434766
2450 -434766
2455 -434766
2460 -434766
2465 -434766
2470 -434766
2475 -434766
2480 -434766
2485 -434766
2490 -434766
2495 -434766
2500 -434766
2505 -434766
2510 -434766
2515 -434766
2520 -434766
2525 -434766
2530 -434766
2535 -434766
2540 -434766
2545 -434766
2550 -434766
2555 -434766
2560 -434766
2565 -434766
2570 -434766
2575 -434766
2580 -434766
2585 -434766
2590 -434766
2595 -434766
2600 -434766
2605 -434766
2610 -434766
2615 -434766
2620 -434766
2625 -434766
2630 -434766
2635 -434766
2640 -434766
2645 -434766
2650 -434766
2655 -434766
2660 -434766
2665 -434766
2670 -434766
2675 -434766
2680 -434766
2685 -434766
2690 -434766
2695 -434766
2700 -434766
2705 -434766
2710 -434766
2715 -434766
2720 -434766
2725 -434766
2730 -434766
2735 -434766
2740 -434766
2745 -434766
2750 -434766
2755 -434766
2760 -434766
2765 -434766
2770 -434766
2775 -434766
2780 -434766
2785 -434766
2790 -434766
2795 -434766
2800 -434766
2805 -434766
2810 -434766
2815 -434766
2820 -434766
2825 -434766
2830 -434766
2835 -434766
2840 -434766
2845 -434766
2850 -434766
2855 -434766
2860 -434766
2865 -434766
2870 -434766
2875 -434766
2880 -434766
2885 -434766
2890 -434766
2895 -434766
2900 -434766
2905 -433943
2910 -433943
2915 -433943
2920 -433943
2925 -433943
2930 -433943
2935 -433943
2940 -433943
2945 -433943
2950 -433943
2955 -433943
2960 -433943
2965 -433943
2970 -433943
2975 -433943
2980 -433943
2985 -433943
2990 -433943
2995 -433943
3000 -433943
3005 -433943
3010 -433943
3015 -433943
3020 -433943
3025 -433943
3030 -433943
3035 -433943
3040 -433943
3045 -433943
3050 -433943
3055 -433943
3060 -433943
3065 -433943
3070 -433943
3075 -433943
3080 -433943
3085 -433943
3090 -433943
3095 -433943
3100 -433943
3105 -433943
3110 -433943
3115 -433943
3120 -433469
3125 -433469
3130 -433469
3135 -433469
3140 -433469
3145 -433469
3150 -433469
3155 -433469
3160 -433469
3165 -433469
3170 -433469
3175 -433469
3180 -433469
3185 -433469
3190 -433469
3195 -433469
3200 -433469
3205 -433469
3210 -433469
3215 -433469
3220 -433469
3225 -433469
3230 -433469
3235 -433469
3240 -433469
3245 -433469
3250 -433469
3255 -433469
3260 -433469
3265 -433469
3270 -433469
3275 -433469
3280 -433469
3285 -433469
3290 -433469
3295 -433469
3300 -433469
3305 -433469
3310 -433469
3315 -433469
3320 -433469
3325 -433469
3330 -433469
3335 -433469
3340 -433469
3345 -433469
3350 -433469
3355 -433469
3360 -433469
3365 -433469
3370 -433469
3375 -433469
3380 -433469
3385 -433469
3390 -433469
3395 -433469
3400 -433469
3405 -433469
3410 -433469
3415 -433469
3420 -433469
3425 -433469
3430 -433469
3435 -433469
3440 -433469
3445 -433469
3450 -433469
3455 -433469
3460 -433469
3465 -433469
3470 -433469
3475 -433469
3480 -433469
3485 -433469
3490 -433469
3495 -433469
3500 -433469
3505 -433469
3510 -433469
3515 -433469
3520 -433469
3525 -433469
3530 -433469
3535 -433469
3540 -433469
3545 -433469
3550 -433469
3555 -433469
3560 -433469
3565 -433469
3570 -433469
3575 -433469
3580 -433469
3585 -433469
3590 -433469
3595 -433469
3600 -433469
3605 -433469
3610 -433469
3615 -433469
3620 -433469
3625 -433469
3630 -433469
3635 -433469
3640 -433469
3645 -433469
3650 -433469
3655 -433469
3660 -433469
3665 -433469
3670 -433469
3675 -433469
3680 -433469
3685 -433469
3690 -433469
3695 -433469
3700 -433469
3705 -433469
3710 -433469
3715 -433469
3720 -433469
3725 -433469
3730 -433469
3735 -433469
3740 -433469
3745 -433469
3750 -433469
3755 -433469
3760 -433469
3765 -433469
3770 -433469
3775 -433469
3780 -433469
3785 -433469
3790 -433469
3795 -433469
3800 -433469
3805 -433469
3810 -433469
3815 -433469
3820 -433469
3825 -433469
3830 -433469
3835 -433469
3840 -433469
3845 -433469
3850 -433469
3855 -433469
3860 -433469
3865 -433469
3870 -433469
3875 -433469
3880 -433469
3885 -433469
3890 -433469
3895 -433469
3900 -433469
3905 -433469
3910 -433469
3915 -433469
3920 -433469
3925 -433469
3930 -433469
3935 -433469
3940 -433469
3945 -433469
3950 -433469
3955 -433469
3960 -433469
3965 -433469
3970 -433469
3975 -433469
3980 -433469
3985 -433469
3990 -433469
3995 -433469
4000 -433469
4005 -433469
4010 -433469
4015 -433469
4020 -433469
4025 -433469
4030 -433469
4035 -433469
4040 -433469
4045 -433469
4050 -433469
4055 -433469
4060 -433469
4065 -433469
4070 -433469
4075 -433469
4080 -433469
4085 -433469
4090 -433469
4095 -433469
4100 -433469
4105 -433469
4110 -433469
4115 -433469
4120 -433469
4125 -433469
4130 -433469
4135 -433469
4140 -433469
4145 -433469
4150 -433469
4155 -433469
4160 -433469
4165 -433469
4170 -433469
4175 -433469
4180 -433469
4185 -433469
4190 -433469
4195 -433469
4200 -433469
4205 -433469
4210 -433469
4215 -433469
4220 -433469
4225 -433469
4230 -433469
4235 -433469
4240 -433469
4245 -433469
4250 -433469
4255 -433469
4260 -433469
4265 -433469
4270 -433469
4275 -433469
4280 -433469
4285 -433469
4290 -433469
4295 -433469
4300 -433469
4305 -433469
4310 -433469
4315 -433469
4320 -433469
4325 -433469
4330 -433469
4335 -433469
4340 -433469
4345 -433469
4350 -433469
4355 -433469
4360 -433469
4365 -433469
4370 -433469
4375 -433469
4380 -433469
4385 -433469
4390 -433469
4395 -433469
4400 -433469
4405 -433469
4410 -433469
4415 -433469
4420 -433469
4425 -433469
4430 -433469
4435 -433469
4440 -433469
4445 -433469
4450 -433469
4455 -433469
4460 -433469
4465 -433469
4470 -433469
4475 -433469
4480 -433469
4485 -433469
4490 -433469
4495 -433469
4500 -433469
4505 -433469
4510 -433469
4515 -433469
4520 -433469
4525 -433469
4530 -433469
4535 -433469
4540 -433469
4545 -433469
4550 -433469
4555 -433469
4560 -433469
4565 -433469
4570 -433469
4575 -433469
4580 -433469
4585 -433469
4590 -433469
4595 -433469
4600 -433469
4605 -433469
4610 -433469
4615 -433469
4620 -433469
4625 -433469
4630 -433469
4635 -433469
4640 -433469
4645 -433469
4650 -433469
4655 -433469
4660 -433469
4665 -433469
4670 -433469
4675 -433469
4680 -433469
4685 -433469
4690 -433469
4695 -433469
4700 -433469
4705 -433469
4710 -433469
4715 -433469
4720 -433469
4725 -433469
4730 -433469
4735 -433469
4740 -433469
4745 -433469
4750 -433469
4755 -433469
4760 -433469
4765 -433469
4770 -433469
4775 -433469
4780 -433469
4785 -433469
4790 -433469
4795 -433469
4800 -433469
4805 -433469
4810 -433469
4815 -433469
4820 -433469
4825 -433469
4830 -433469
4835 -433469
4840 -433469
4845 -433469
4850 -433469
4855 -433469
4860 -433469
4865 -433469
4870 -433469
4875 -433469
4880 -433469
4885 -433469
4890 -433469
4895 -433469
4900 -433469
4905 -433469
4910 -433469
4915 -433469
4920 -433469
4925 -433469
4930 -433469
4935 -433469
4940 -433469
4945 -433469
4950 -433469
4955 -433469
4960 -433469
4965 -433469
4970 -433469
4975 -433469
4980 -433469
4985 -433469
4990 -433469
4995 -433469
5000 -433469
5005 -433469
5010 -433469
5015 -433469
5020 -433469
5025 -433469
5030 -433469
5035 -433469
5040 -433469
5045 -433469
5050 -433469
5055 -433469
5060 -433469
5065 -433469
5070 -433469
5075 -433469
5080 -433469
5085 -433469
5090 -433469
5095 -433469
5100 -433469
5105 -433469
5110 -433469
5115 -433469
5120 -433469
5125 -433469
5130 -433469
5135 -433469
5140 -433469
5145 -433469
5150 -433469
5155 -433469
5160 -433469
5165 -433469
5170 -433469
5175 -433469
5180 -433469
5185 -433469
5190 -433469
5195 -433469
5200 -433469
5205 -433469
5210 -433469
5215 -433469
5220 -433469
5225 -433469
5230 -433469
5235 -433469
5240 -433469
5245 -433469
5250 -433469
5255 -433469
5260 -433469
5265 -433469
5270 -433469
5275 -433469
5280 -433469
5285 -433469
5290 -433469
5295 -433469
5300 -433469
5305 -433469
5310 -433469
5315 -433469
5320 -433469
5325 -433469
5330 -433469
5335 -433469
5340 -433469
5345 -433469
5350 -433469
5355 -433469
5360 -433469
5365 -433469
5370 -433469
5375 -433469
5380 -433469
5385 -433469
5390 -433469
5395 -433469
5400 -433469
5405 -433469
5410 -433469
5415 -433469
5420 -433469
5425 -433469
5430 -433469
5435 -433469
5440 -433469
5445 -433469
5450 -433469
5455 -433469
5460 -433469
5465 -433469
5470 -433469
5475 -433469
5480 -433469
5485 -433469
5490 -433469
5495 -433469
5500 -433469
5505 -433469
5510 -433469
5515 -433469
5520 -433469
5525 -433469
5530 -433469
5535 -433469
5540 -433469
5545 -433469
5550 -433469
5555 -433469
5560 -433469
5565 -433469
5570 -433469
5575 -433469
5580 -433469
5585 -433469
5590 -433469
5595 -433469
5600 -433469
5605 -433469
5610 -433469
5615 -433469
5620 -433469
5625 -433469
5630 -433469
5635 -433469
5640 -433469
5645 -433469
5650 -433469
5655 -433469
5660 -433469
5665 -433469
5670 -433469
5675 -433469
5680 -433469
5685 -433469
5690 -433469
5695 -433469
5700 -433469
5705 -433469
5710 -433469
5715 -433469
5720 -433469
5725 -433469
5730 -433469
5735 -433469
5740 -433469
5745 -433469
5750 -433469
5755 -433469
5760 -433469
5765 -433469
5770 -433469
5775 -433469
5780 -433469
5785 -433469
5790 -433469
5795 -433469
5800 -433469
5805 -433469
5810 -433469
5815 -433469
5820 -433469
5825 -433469
5830 -433469
5835 -433469
5840 -433469
5845 -433469
5850 -433469
5855 -433469
5860 -433469
5865 -433469
5870 -433469
5875 -433469
5880 -433469
5885 -433469
5890 -433469
5895 -433469
5900 -433469
5905 -433469
5910 -433469
5915 -433469
5920 -433469
5925 -433469
5930 -433469
5935 -433469
5940 -433469
5945 -433469
5950 -433469
5955 -433469
5960 -433469
5965 -433469
5970 -433469
5975 -433469
5980 -433469
5985 -433469
5990 -433469
5995 -433469
6000 -433469
6005 -433469
6010 -433469
6015 -433469
6020 -433469
6025 -433469
6030 -433469
6035 -433469
6040 -433469
6045 -433469
6050 -433469
6055 -433469
6060 -433469
6065 -433469
6070 -433469
6075 -433469
6080 -433469
6085 -433469
6090 -433469
6095 -433469
6100 -433469
6105 -433469
6110 -433469
6115 -433469
6120 -433469
6125 -433469
6130 -433469
6135 -433469
6140 -433469
6145 -433469
6150 -433469
