20 -293424
30 -293424
40 -293424
50 -293424
60 -293424
70 -292584
80 -292584
90 -292584
100 -292584
110 -290564
120 -290078
130 -290078
140 -290078
150 -290078
160 -288070
170 -288070
180 -288070
190 -288070
200 -288070
210 -288070
220 -288070
230 -288070
240 -287803
250 -287803
260 -287803
270 -287803
280 -287339
290 -286470
300 -286470
310 -286470
320 -286470
330 -286470
340 -286470
350 -286470
360 -286470
370 -284418
380 -284418
390 -284418
400 -284418
410 -284418
420 -284418
430 -284418
440 -284418
450 -284418
460 -284418
470 -283869
480 -283869
490 -283869
500 -283869
510 -283869
520 -283869
530 -283869
540 -283869
550 -283869
560 -283869
570 -283869
580 -283869
590 -283869
600 -283869
610 -283869
620 -283869
630 -283869
640 -283869
650 -283869
660 -283488
670 -283488
680 -283488
690 -283488
700 -283488
710 -283488
720 -281810
730 -281810
740 -281810
750 -281810
760 -281810
770 -281810
780 -281810
790 -281810
800 -281810
810 -281810
820 -275235
830 -275235
840 -275235
850 -275235
860 -275235
870 -275235
880 -275235
890 -275235
900 -275235
910 -275235
920 -275235
930 -275235
940 -275235
950 -275235
960 -275235
970 -275235
980 -275235
990 -275235
1000 -275235
1010 -275235
1020 -275235
1030 -275235
1040 -275235
1050 -275235
1060 -275235
1070 -275235
1080 -275235
1090 -275235
1100 -275235
1110 -275235
1120 -275235
1130 -275235
1140 -275235
1150 -275235
1160 -275235
1170 -275235
1180 -275235
1190 -275235
1200 -275235
1210 -275235
1220 -275235
1230 -275235
1240 -275235
1250 -275235
1260 -275235
1270 -275235
1280 -275235
1290 -275235
1300 -275235
1310 -275235
1320 -275235
1330 -275235
1340 -275235
1350 -275235
1360 -275235
1370 -275235
1380 -275235
1390 -275235
1400 -275235
1410 -275235
1420 -275235
1430 -275235
1440 -275235
1450 -275235
1460 -275235
1470 -275235
1480 -275235
1490 -275235
1500 -275235
1510 -275235
1520 -275235
1530 -275235
1540 -275235
1550 -275235
1560 -275235
1570 -275235
1580 -275235
1590 -275235
1600 -275235
1610 -275235
1620 -275235
1630 -275235
1640 -275235
1650 -275235
1660 -275235
1670 -275235
1680 -275235
1690 -275235
1700 -275235
1710 -275235
1720 -275235
1730 -275235
1740 -275235
1750 -275235
1760 -275235
1770 -275235
1780 -275235
1790 -275235
1800 -275235
1810 -275235
1820 -275235
1830 -275235
1840 -275235
1850 -275235
1860 -275235
1870 -275235
1880 -275235
1890 -275235
1900 -275235
1910 -275235
1920 -275235
1930 -275235
1940 -275235
1950 -275235
1960 -272308
1970 -272308
1980 -272308
1990 -272308
2000 -272308
2010 -272308
2020 -272308
2030 -272308
2040 -272308
2050 -272308
2060 -272308
2070 -272308
2080 -272308
2090 -272308
2100 -272308
2110 -272308
2120 -272308
2130 -272308
2140 -272308
2150 -272308
2160 -272308
2170 -272308
2180 -272308
2190 -272308
2200 -272308
2210 -272308
2220 -272308
2230 -272308
2240 -272308
2250 -272308
2260 -272308
2270 -272308
2280 -272308
2290 -272308
2300 -272308
2310 -272308
2320 -272308
2330 -272308
2340 -272308
2350 -272308
2360 -272308
2370 -272308
2380 -272308
2390 -272308
2400 -272308
2410 -272308
2420 -272308
2430 -272308
2440 -272308
2450 -272308
2460 -272308
2470 -272308
2480 -272308
2490 -272308
2500 -272308
2510 -272308
2520 -272308
2530 -272308
2540 -272308
2550 -272308
2560 -272308
2570 -272308
2580 -272308
2590 -272308
2600 -272308
2610 -272308
2620 -272308
2630 -272308
2640 -272308
2650 -272308
2660 -272308
2670 -272308
2680 -272308
2690 -272308
2700 -272308
2710 -272308
2720 -272308
2730 -272308
2740 -272308
2750 -272308
2760 -272308
2770 -272308
2780 -272308
2790 -272308
2800 -272308
2810 -272308
2820 -272308
2830 -272308
2840 -272308
2850 -272308
2860 -272308
2870 -272308
2880 -272308
2890 -272308
2900 -272308
2910 -272308
2920 -272308
2930 -272308
2940 -272308
2950 -272308
2960 -272308
2970 -272308
2980 -272308
2990 -272308
3000 -272308
3010 -272308
3020 -272308
3030 -272308
3040 -272308
3050 -272308
3060 -272308
3070 -272308
3080 -272308
3090 -272308
3100 -272308
3110 -272308
3120 -272308
3130 -272308
3140 -272308
3150 -272308
3160 -272308
3170 -272308
3180 -272308
3190 -272308
3200 -272308
3210 -272308
3220 -272308
3230 -272308
3240 -272308
3250 -272308
3260 -272308
3270 -272308
3280 -272308
3290 -272308
3300 -272308
3310 -272308
3320 -272308
3330 -272308
3340 -272308
3350 -272308
3360 -272308
3370 -272308
3380 -272308
3390 -272308
3400 -272308
3410 -272308
3420 -272308
3430 -272308
3440 -272308
3450 -272308
3460 -272308
3470 -272308
3480 -272308
3490 -272308
3500 -272308
3510 -272308
3520 -272308
3530 -272308
3540 -272308
3550 -272308
3560 -272308
3570 -272308
3580 -272308
3590 -272308
3600 -272308
3610 -272308
3620 -272308
3630 -272308
3640 -272308
3650 -272308
3660 -272308
3670 -272308
3680 -272308
3690 -272308
3700 -272308
3710 -272308
3720 -272308
3730 -272308
3740 -272308
3750 -272308
3760 -272308
3770 -272308
3780 -272308
3790 -272308
3800 -272308
3810 -272308
3820 -272308
3830 -272308
3840 -272308
3850 -272308
3860 -272308
3870 -272308
3880 -272308
3890 -272308
3900 -272308
3910 -272308
3920 -272308
3930 -272308
3940 -272308
3950 -272308
3960 -272308
3970 -272308
3980 -272308
3990 -272308
4000 -272308
4010 -272308
4020 -272308
4030 -272308
4040 -272308
4050 -272308
4060 -272308
4070 -272308
4080 -272308
4090 -272308
4100 -272308
4110 -272308
4120 -272308
4130 -272308
4140 -272308
4150 -272308
4160 -272308
