20 -23732480
30 -23732480
40 -23732480
50 -23732480
60 -23732480
70 -23732480
80 -23732480
90 -23732480
100 -23732480
110 -23732480
120 -23732480
130 -23732480
140 -23732480
150 -23732480
160 -23732480
170 -23732480
180 -23732480
190 -23732480
200 -23732480
210 -23732480
220 -23732480
230 -23732480
240 -23732480
250 -23732480
260 -23732480
270 -23732480
280 -23732480
290 -23732480
300 -23732480
310 -23732480
320 -23732480
330 -23732480
340 -23732480
350 -23732480
360 -23732480
370 -23732480
380 -23732480
390 -23732480
400 -23732480
410 -23732480
420 -23732480
430 -23732480
440 -23732480
450 -23730140
460 -23730140
470 -23730140
480 -23730140
490 -23730140
500 -23730140
510 -23730140
520 -23730140
530 -23730140
540 -23724444
550 -23724444
560 -23724444
570 -23724444
580 -23724444
590 -23724444
600 -23724444
610 -23724444
620 -23724444
630 -23724444
640 -23724444
650 -23724444
660 -23724444
670 -23724444
680 -23724444
690 -23724444
700 -23724444
710 -23724444
720 -23724444
730 -23724444
740 -23724444
750 -23724444
760 -23724444
770 -23724444
780 -23724444
790 -23724444
800 -23724444
810 -23724444
820 -23724444
830 -23724444
840 -23724444
850 -23724444
860 -23724444
870 -23724444
880 -23724444
890 -23724444
900 -23724444
910 -23724444
920 -23724444
930 -23724444
940 -23724444
950 -23724444
960 -23724444
970 -23724444
980 -23724444
990 -23724444
1000 -23724444
1010 -23724444
1020 -23724444
1030 -23724444
1040 -23724444
1050 -23724444
1060 -23724444
1070 -23724444
1080 -23724444
1090 -23724444
1100 -23724444
1110 -23724444
1120 -23724444
1130 -23724444
1140 -23724444
1150 -23724444
1160 -23724444
1170 -23724444
1180 -23724444
1190 -23724444
1200 -23724444
1210 -23724444
1220 -23724444
1230 -23724444
1240 -23724444
1250 -23724444
1260 -23724444
1270 -23724444
1280 -23724444
1290 -23724444
1300 -23724444
1310 -23724444
1320 -23724444
1330 -23724444
1340 -23724444
1350 -23724444
1360 -23724444
1370 -23724444
1380 -23724444
1390 -23724444
1400 -23724444
1410 -23724444
1420 -23724444
1430 -23724444
1440 -23724444
1450 -23724444
1460 -23724444
1470 -23724444
1480 -23724444
1490 -23724444
1500 -23724444
1510 -23724444
1520 -23724444
1530 -23724444
1540 -23724444
1550 -23724444
1560 -23724444
1570 -23724444
1580 -23724444
1590 -23724444
1600 -23724444
1610 -23724444
1620 -23724444
1630 -23724444
1640 -23724444
1650 -23724444
1660 -23724444
1670 -23724444
1680 -23724444
1690 -23724444
1700 -23724444
1710 -23724444
1720 -23724444
1730 -23724444
1740 -23724444
1750 -23724444
1760 -23724444
1770 -23724444
1780 -23724444
1790 -23724444
1800 -23724444
1810 -23724444
1820 -23724444
1830 -23724444
1840 -23724444
1850 -23724444
1860 -23724444
1870 -23724444
1880 -23724444
1890 -23724444
1900 -23724444
1910 -23724444
1920 -23724444
1930 -23724444
1940 -23724444
1950 -23724444
1960 -23722248
1970 -23722248
1980 -23722248
1990 -23722248
2000 -23722248
2010 -23722248
2020 -23722248
2030 -23722248
2040 -23722248
2050 -23722248
2060 -23722248
2070 -23722248
2080 -23722248
2090 -23722248
2100 -23722248
2110 -23722248
2120 -23722248
2130 -23722248
2140 -23722248
2150 -23722248
2160 -23722248
2170 -23722248
2180 -23722248
2190 -23722248
2200 -23722248
2210 -23722248
