20 -23891908
30 -23846194
40 -23846194
50 -23846194
60 -23742132
70 -23742132
80 -23742132
90 -23742132
100 -23742132
110 -23742132
120 -23682600
130 -23682600
140 -23682600
150 -23682600
160 -23682600
170 -23682600
180 -23682600
190 -23682600
200 -23682600
210 -23682600
220 -23682600
230 -23682600
240 -23682600
250 -23682600
260 -23682600
270 -23682600
280 -23682600
290 -23682600
300 -23682600
310 -23682600
320 -23682600
330 -23672428
340 -23672428
350 -23672428
360 -23672428
370 -23672428
380 -23672428
390 -23672428
400 -23672428
410 -23672428
420 -23672428
430 -23672428
440 -23672428
450 -23672428
460 -23672428
470 -23672428
480 -23672428
490 -23672428
500 -23672428
510 -23672428
520 -23672428
530 -23672428
540 -23672428
550 -23672428
560 -23672428
570 -23672428
580 -23672428
590 -23672428
600 -23672428
610 -23672428
620 -23672428
630 -23672428
640 -23672428
650 -23672428
660 -23672428
670 -23672428
680 -23672428
690 -23672428
700 -23672428
710 -23672428
720 -23672428
730 -23672428
740 -23672428
750 -23672428
760 -23672428
770 -23672428
780 -23672428
790 -23672428
800 -23672428
810 -23672428
820 -23672428
830 -23672428
840 -23672428
850 -23672428
860 -23672428
870 -23672428
880 -23672428
890 -23672428
900 -23672428
910 -23672428
920 -23672428
930 -23672428
940 -23672428
950 -23672428
960 -23672428
970 -23672428
980 -23672428
990 -23672428
1000 -23672428
1010 -23672428
1020 -23672428
1030 -23672428
1040 -23672428
1050 -23672428
1060 -23672428
1070 -23672428
1080 -23672428
1090 -23672428
1100 -23672428
1110 -23672428
1120 -23672428
1130 -23672428
1140 -23672428
1150 -23672428
1160 -23672428
1170 -23672428
1180 -23672428
1190 -23672428
1200 -23672428
1210 -23672428
1220 -23672428
1230 -23672428
1240 -23672428
1250 -23672428
1260 -23672428
1270 -23672428
1280 -23672428
1290 -23672428
1300 -23672428
1310 -23672428
1320 -23672428
1330 -23672428
1340 -23672428
1350 -23672428
1360 -23672428
