20 2
30 2
40 2
50 2
60 2
70 2
80 3
90 3
100 3
110 4
120 4
130 4
140 4
150 4
160 4
170 4
180 5
190 5
200 5
210 5
220 6
230 6
240 6
250 6
260 6
270 6
280 6
290 6
300 6
310 6
320 6
330 6
340 6
350 6
360 6
370 6
380 6
390 6
400 6
410 6
420 6
430 6
440 6
450 6
460 6
470 6
480 6
490 6
500 6
510 6
520 6
530 6
540 6
550 6
560 6
570 6
580 6
590 6
600 6
610 6
620 6
630 6
640 6
650 6
660 6
670 6
680 6
690 6
700 6
710 6
720 6
730 6
740 6
750 6
760 6
770 6
780 6
790 6
800 6
810 7
820 7
830 7
840 7
850 7
860 7
870 7
880 7
890 7
900 7
910 7
920 7
930 7
940 7
950 7
960 7
970 7
980 7
990 7
1000 7
1010 7
1020 7
1030 7
1040 7
1050 7
1060 7
1070 7
1080 7
1090 7
1100 8
1110 8
1120 8
1130 8
1140 8
1150 8
1160 8
1170 8
1180 8
1190 8
1200 8
1210 8
1220 8
1230 8
1240 8
1250 8
1260 8
1270 8
1280 8
1290 8
1300 8
1310 8
1320 8
1330 8
1340 8
1350 8
1360 8
1370 8
1380 8
1390 8
1400 8
1410 8
1420 8
1430 8
1440 8
1450 8
1460 8
1470 8
1480 8
1490 8
1500 8
1510 8
1520 8
1530 8
1540 8
1550 8
1560 8
1570 8
1580 8
1590 8
1600 8
1610 8
1620 8
1630 8
1640 8
1650 8
1660 8
1670 8
1680 8
1690 8
1700 8
1710 8
1720 8
1730 8
1740 8
1750 8
1760 8
1770 8
1780 8
1790 8
1800 8
1810 8
1820 8
1830 8
1840 8
1850 8
1860 8
1870 8
1880 8
1890 8
1900 8
1910 8
1920 8
1930 9
1940 9
1950 9
1960 9
1970 9
1980 9
1990 9
2000 9
2010 9
2020 9
2030 9
2040 9
2050 9
2060 9
2070 9
2080 9
2090 9
2100 9
2110 10
2120 10
2130 10
2140 10
2150 10
2160 10
2170 10
2180 10
2190 10
2200 10
2210 10
2220 10
2230 10
2240 10
2250 10
2260 10
2270 10
2280 10
2290 10
2300 10
2310 10
2320 10
2330 10
2340 10
2350 10
2360 10
2370 10
2380 10
2390 10
2400 10
2410 10
2420 10
2430 10
2440 10
2450 10
2460 10
2470 10
2480 10
2490 10
2500 10
2510 10
2520 10
2530 10
2540 10
2550 10
2560 10
2570 10
2580 10
2590 10
2600 10
2610 10
2620 10
2630 10
2640 10
2650 10
2660 10
2670 10
2680 10
2690 10
2700 10
2710 10
2720 10
2730 10
2740 10
2750 10
2760 10
2770 10
2780 10
2790 10
2800 10
2810 10
2820 10
2830 10
2840 10
2850 10
2860 10
2870 10
2880 10
2890 10
2900 10
2910 10
2920 10
2930 10
2940 10
2950 10
2960 10
2970 10
2980 10
2990 11
3000 11
3010 11
3020 11
3030 11
3040 11
3050 11
3060 11
3070 11
3080 11
3090 11
3100 11
3110 11
3120 11
3130 11
3140 11
3150 11
3160 11
3170 11
3180 11
3190 11
3200 11
3210 11
3220 11
3230 11
3240 11
3250 11
3260 11
3270 11
3280 11
3290 11
3300 11
3310 11
3320 11
3330 11
3340 11
3350 11
3360 11
3370 11
3380 11
3390 11
3400 11
3410 11
3420 11
3430 11
3440 11
3450 11
3460 11
3470 11
3480 11
3490 11
3500 11
3510 11
3520 11
3530 11
3540 11
3550 11
3560 11
3570 11
3580 11
3590 11
3600 11
3610 11
3620 11
3630 11
3640 11
3650 11
3660 11
3670 11
3680 11
3690 11
3700 11
3710 11
3720 11
3730 11
3740 11
3750 11
3760 11
3770 11
3780 11
3790 11
3800 11
3810 11
3820 11
3830 11
3840 11
3850 11
3860 11
3870 11
3880 11
3890 11
3900 11
3910 11
3920 11
3930 11
3940 11
3950 11
3960 11
3970 11
3980 11
3990 11
4000 11
4010 11
4020 11
4030 11
4040 11
4050 11
4060 11
4070 11
4080 11
4090 11
4100 11
4110 11
4120 11
4130 11
4140 11
4150 11
4160 11
4170 11
4180 11
4190 11
4200 11
4210 11
4220 11
4230 11
4240 11
4250 11
4260 11
4270 11
4280 11
4290 11
4300 11
4310 11
4320 11
4330 11
4340 11
4350 11
4360 11
4370 11
4380 11
4390 13
4400 13
4410 13
4420 13
4430 13
4440 13
4450 13
4460 13
4470 13
4480 13
4490 13
4500 13
4510 13
4520 13
4530 13
4540 13
4550 13
4560 13
4570 13
4580 13
4590 13
4600 13
4610 13
4620 13
4630 13
4640 13
4650 13
4660 13
4670 13
4680 13
4690 13
4700 13
4710 13
4720 13
4730 13
4740 13
4750 13
4760 13
4770 13
4780 13
4790 13
4800 13
4810 13
4820 13
4830 13
4840 13
4850 13
4860 13
4870 13
4880 13
4890 13
4900 13
4910 13
4920 13
4930 13
4940 13
4950 13
4960 13
4970 13
4980 13
4990 13
5000 13
5010 13
5020 13
5030 13
5040 13
5050 13
5060 13
5070 13
5080 13
5090 13
5100 13
5110 13
5120 13
5130 13
5140 13
5150 13
5160 13
5170 13
5180 13
5190 13
5200 13
5210 13
5220 13
5230 13
5240 13
5250 13
5260 13
5270 13
5280 13
5290 13
5300 13
5310 13
5320 13
5330 13
5340 13
5350 13
5360 13
5370 13
5380 13
5390 13
5400 13
5410 13
5420 13
5430 13
5440 13
5450 13
5460 13
5470 13
5480 13
5490 13
5500 13
5510 13
5520 13
5530 13
5540 13
5550 13
5560 13
5570 13
5580 13
5590 13
5600 13
5610 13
5620 13
5630 13
5640 13
5650 13
5660 13
5670 13
5680 13
5690 13
5700 13
5710 13
5720 13
5730 13
5740 13
5750 13
5760 13
5770 13
5780 13
5790 13
5800 13
5810 13
5820 13
5830 13
5840 13
5850 13
5860 13
5870 13
5880 13
5890 13
5900 13
5910 13
5920 13
5930 13
5940 13
5950 13
5960 13
5970 13
5980 13
5990 13
6000 13
6010 13
6020 13
6030 13
6040 13
6050 13
6060 13
6070 13
6080 13
6090 13
6100 13
6110 13
6120 13
6130 13
6140 13
6150 13
6160 13
6170 13
6180 13
6190 13
6200 13
6210 13
6220 13
6230 13
6240 13
6250 13
6260 13
6270 13
6280 13
6290 13
6300 13
6310 13
6320 13
6330 13
6340 13
6350 13
6360 13
6370 13
6380 13
6390 13
6400 13
6410 13
6420 13
6430 13
6440 13
6450 13
6460 13
6470 13
6480 13
6490 13
6500 13
6510 13
6520 13
6530 13
6540 13
6550 13
6560 13
6570 13
6580 13
6590 13
6600 13
6610 13
6620 13
6630 13
6640 13
6650 13
6660 13
6670 13
6680 13
6690 13
6700 13
6710 13
6720 13
6730 13
6740 13
6750 13
6760 13
6770 13
6780 13
6790 13
6800 13
6810 13
6820 13
6830 13
6840 13
6850 13
6860 13
6870 13
6880 13
6890 13
6900 13
6910 13
6920 13
6930 13
6940 13
6950 13
6960 13
6970 13
6980 13
6990 13
7000 13
7010 13
7020 13
7030 13
7040 13
7050 13
7060 13
7070 13
7080 13
7090 13
7100 13
7110 13
7120 13
7130 13
7140 13
7150 13
7160 13
7170 13
7180 13
7190 13
7200 13
7210 13
7220 13
7230 13
7240 13
7250 13
7260 13
7270 13
7280 13
7290 13
7300 13
7310 13
7320 13
7330 13
7340 13
7350 13
7360 13
7370 13
7380 13
7390 13
7400 13
7410 13
7420 13
7430 13
7440 13
7450 13
7460 13
7470 13
7480 13
7490 13
7500 13
7510 13
7520 13
7530 13
7540 13
7550 13
7560 13
7570 13
7580 13
7590 13
7600 13
7610 13
7620 13
7630 13
7640 13
7650 13
7660 13
7670 13
7680 13
7690 13
7700 13
7710 13
7720 13
7730 13
7740 13
7750 13
7760 13
7770 13
7780 13
7790 13
7800 13
7810 13
7820 13
7830 13
7840 13
7850 13
7860 13
7870 13
7880 13
7890 13
7900 13
7910 13
7920 13
7930 13
7940 13
7950 13
7960 13
7970 13
7980 13
7990 13
8000 13
8010 13
8020 13
8030 13
8040 13
8050 13
8060 13
8070 13
8080 13
8090 13
8100 13
8110 13
8120 13
8130 13
8140 13
8150 13
8160 13
8170 13
8180 13
8190 13
8200 13
8210 13
8220 13
8230 13
8240 13
8250 13
8260 13
8270 13
8280 13
8290 13
8300 13
8310 13
8320 13
8330 13
8340 13
8350 13
8360 13
8370 13
8380 13
8390 13
8400 13
8410 13
8420 13
8430 13
8440 13
8450 13
8460 13
8470 13
8480 13
8490 13
8500 13
8510 13
8520 13
8530 13
8540 13
8550 13
8560 13
8570 13
8580 13
8590 13
8600 13
8610 13
8620 13
8630 13
8640 13
8650 13
8660 13
8670 13
8680 13
8690 13
8700 13
8710 13
8720 13
8730 13
8740 13
8750 13
8760 13
8770 13
8780 13
8790 13
8800 13
8810 13
8820 13
8830 13
8840 13
8850 13
8860 13
8870 13
8880 13
8890 13
8900 13
8910 13
8920 13
8930 13
8940 13
8950 13
8960 13
8970 13
8980 13
8990 13
9000 13
9010 13
9020 13
9030 13
9040 13
9050 13
9060 13
9070 13
9080 13
9090 13
9100 13
9110 13
9120 13
9130 13
9140 13
9150 13
9160 13
9170 13
9180 13
9190 13
9200 13
9210 13
9220 13
9230 13
9240 13
9250 13
9260 13
9270 13
9280 13
9290 13
9300 13
9310 13
9320 13
9330 13
9340 13
9350 13
9360 13
9370 13
9380 13
9390 13
9400 13
9410 13
9420 13
9430 13
9440 13
9450 13
9460 13
9470 13
9480 13
9490 13
9500 13
9510 13
9520 13
9530 13
9540 13
9550 13
9560 13
9570 13
9580 13
9590 13
9600 13
9610 13
9620 13
9630 13
9640 13
9650 13
9660 13
9670 13
9680 13
9690 13
9700 13
9710 13
9720 13
9730 13
9740 13
9750 13
9760 13
9770 13
9780 13
9790 13
9800 13
9810 13
9820 13
9830 13
9840 13
9850 13
9860 13
9870 13
9880 13
9890 13
9900 13
9910 13
9920 13
9930 13
9940 13
9950 13
9960 13
9970 13
9980 13
9990 13
10000 13
10010 13
10020 13
10030 13
10040 13
10050 13
10060 13
10070 13
10080 13
10090 13
10100 13
10110 13
10120 13
10130 13
10140 13
10150 13
10160 13
10170 13
10180 13
10190 13
10200 13
10210 13
10220 13
10230 13
10240 13
10250 13
10260 13
10270 13
10280 13
10290 13
10300 13
10310 13
10320 13
10330 13
10340 13
10350 13
10360 13
10370 13
10380 13
10390 13
10400 13
10410 13
10420 13
10430 13
10440 13
10450 13
10460 13
10470 13
10480 13
10490 13
10500 13
10510 13
10520 13
10530 13
10540 13
10550 13
10560 13
10570 13
10580 13
10590 13
10600 13
10610 13
10620 13
10630 13
10640 13
10650 13
10660 13
10670 13
10680 13
10690 13
10700 13
10710 13
10720 13
10730 13
10740 13
10750 13
10760 13
10770 13
10780 13
10790 13
10800 13
10810 13
10820 13
10830 13
10840 13
10850 13
10860 13
10870 13
10880 13
10890 13
10900 13
10910 13
10920 13
10930 13
10940 13
10950 13
10960 13
10970 13
10980 13
10990 13
11000 13
11010 13
11020 13
11030 13
11040 13
11050 13
11060 13
11070 13
11080 13
11090 13
11100 13
11110 13
11120 13
11130 13
11140 13
11150 13
11160 13
11170 14
11180 14
11190 14
11200 14
11210 14
11220 14
11230 14
11240 14
11250 14
11260 14
11270 14
11280 14
11290 14
11300 14
11310 14
11320 14
11330 14
11340 14
11350 14
11360 14
11370 14
11380 14
11390 14
11400 14
11410 14
11420 14
11430 14
11440 14
11450 14
11460 14
11470 14
11480 14
11490 14
11500 14
11510 14
11520 14
11530 14
11540 14
11550 14
11560 14
11570 14
11580 14
11590 14
11600 14
11610 14
11620 14
11630 14
11640 14
11650 14
11660 14
11670 14
11680 14
11690 14
11700 14
11710 14
11720 14
11730 14
11740 14
11750 14
11760 14
11770 14
11780 14
11790 14
11800 14
11810 14
11820 14
11830 14
11840 14
11850 14
11860 14
11870 14
11880 14
11890 14
11900 14
11910 14
11920 14
11930 14
11940 14
11950 14
11960 14
11970 14
11980 14
11990 14
12000 14
12010 14
12020 14
12030 14
12040 14
12050 14
12060 14
12070 14
12080 14
12090 14
12100 14
12110 14
12120 14
12130 14
12140 14
12150 14
12160 14
12170 14
12180 14
12190 14
12200 14
12210 14
12220 14
12230 14
12240 14
12250 14
12260 14
12270 14
12280 14
12290 14
12300 14
12310 14
12320 14
12330 14
12340 14
12350 14
12360 14
12370 14
12380 14
12390 14
12400 14
12410 14
12420 14
12430 14
12440 14
12450 14
12460 14
12470 14
12480 14
12490 14
12500 14
12510 14
12520 14
12530 14
12540 14
12550 14
12560 14
12570 14
12580 14
12590 14
12600 14
12610 14
12620 14
12630 14
12640 14
12650 14
12660 14
12670 14
12680 14
12690 14
12700 14
12710 14
12720 14
12730 14
12740 14
12750 14
12760 14
12770 14
12780 14
12790 14
12800 14
12810 14
12820 14
12830 14
12840 14
12850 14
12860 14
12870 14
12880 14
12890 14
12900 14
12910 14
12920 14
12930 14
12940 14
12950 14
12960 14
12970 14
12980 14
12990 14
13000 14
13010 14
13020 14
13030 14
13040 14
13050 14
13060 14
13070 14
13080 14
13090 14
13100 14
13110 14
13120 14
13130 14
13140 14
13150 14
13160 14
13170 14
13180 14
13190 14
13200 14
13210 14
13220 14
13230 14
13240 14
13250 14
13260 14
13270 14
13280 14
13290 14
13300 14
13310 14
13320 14
13330 14
13340 14
13350 14
13360 14
13370 14
13380 14
13390 14
13400 14
13410 14
13420 14
13430 14
13440 14
13450 14
13460 14
13470 14
13480 14
13490 14
13500 14
13510 14
13520 14
13530 14
13540 14
13550 14
13560 14
13570 14
13580 14
13590 14
13600 14
13610 14
13620 14
13630 14
13640 14
13650 14
13660 14
13670 14
13680 14
13690 14
13700 14
13710 14
13720 14
13730 14
13740 14
13750 14
13760 14
13770 14
13780 14
13790 14
13800 14
13810 14
13820 14
13830 14
13840 14
13850 14
13860 14
13870 14
13880 14
13890 14
13900 14
13910 14
13920 14
13930 14
13940 14
13950 14
13960 14
13970 14
13980 14
13990 14
14000 14
14010 14
14020 14
14030 14
14040 14
14050 14
14060 14
14070 14
14080 14
14090 14
14100 14
14110 14
14120 14
14130 14
14140 14
14150 14
14160 14
14170 14
14180 14
14190 14
14200 14
14210 14
14220 14
14230 14
14240 14
14250 14
14260 14
14270 14
14280 14
14290 14
14300 14
14310 14
14320 14
14330 14
14340 14
14350 14
14360 14
14370 14
14380 14
14390 14
14400 14
14410 14
14420 14
14430 14
14440 14
14450 14
14460 14
14470 14
14480 14
14490 14
14500 14
14510 14
14520 14
14530 14
14540 14
14550 14
14560 14
14570 14
14580 14
14590 14
14600 14
14610 14
14620 14
14630 14
14640 14
14650 14
14660 14
14670 14
14680 14
14690 14
14700 14
14710 14
14720 14
14730 14
14740 14
14750 14
14760 14
14770 14
14780 14
14790 14
14800 14
14810 14
14820 14
14830 14
14840 14
14850 14
14860 14
14870 14
14880 14
14890 14
14900 14
14910 14
14920 14
14930 14
14940 14
14950 14
14960 14
14970 14
14980 14
14990 14
15000 14
15010 14
15020 14
15030 14
15040 14
15050 14
15060 14
15070 14
15080 14
15090 14
15100 14
15110 14
15120 14
15130 14
15140 14
15150 14
15160 14
15170 14
15180 14
15190 14
15200 14
15210 14
15220 14
15230 14
15240 14
15250 14
15260 14
15270 14
15280 14
15290 14
15300 14
15310 14
15320 14
15330 14
15340 14
15350 14
15360 14
15370 14
15380 14
15390 14
15400 14
15410 14
15420 14
15430 14
15440 14
15450 14
15460 14
15470 14
15480 14
15490 14
15500 14
15510 14
15520 14
15530 14
15540 14
15550 14
15560 14
15570 14
15580 14
15590 14
15600 14
15610 14
15620 14
15630 14
15640 14
15650 14
15660 14
15670 14
15680 14
15690 14
15700 14
15710 14
15720 14
15730 14
15740 14
15750 14
15760 14
15770 14
15780 14
15790 14
15800 14
15810 14
15820 14
15830 14
15840 14
15850 14
15860 14
15870 14
15880 14
15890 14
15900 14
15910 14
15920 14
15930 14
15940 14
15950 14
15960 14
15970 14
15980 14
15990 14
16000 14
16010 14
16020 14
16030 14
16040 14
16050 14
16060 14
16070 14
16080 14
16090 14
16100 14
16110 14
16120 14
16130 14
16140 14
16150 14
16160 14
16170 14
16180 14
16190 14
16200 14
16210 14
16220 14
16230 14
16240 14
16250 14
16260 14
16270 14
16280 14
16290 14
16300 14
16310 14
16320 14
16330 14
16340 14
16350 14
16360 14
16370 14
16380 14
16390 14
16400 14
16410 14
16420 14
16430 14
16440 14
16450 14
16460 14
16470 14
16480 14
16490 14
16500 14
16510 14
16520 14
16530 14
16540 14
16550 14
16560 14
16570 14
16580 14
16590 14
16600 14
16610 14
16620 14
16630 14
16640 14
16650 14
16660 14
16670 14
16680 14
16690 14
16700 14
16710 14
16720 14
16730 14
16740 14
16750 14
16760 14
16770 14
16780 14
16790 14
16800 14
16810 14
16820 14
16830 14
16840 14
16850 14
16860 14
16870 14
16880 14
16890 14
16900 14
16910 14
16920 14
16930 14
16940 14
16950 14
16960 14
16970 14
16980 14
16990 14
17000 14
17010 14
17020 14
17030 14
17040 14
17050 14
17060 14
17070 14
17080 14
17090 14
17100 14
17110 14
17120 14
17130 14
17140 14
17150 14
17160 14
17170 14
17180 14
17190 14
17200 14
17210 14
17220 14
17230 14
17240 14
17250 14
17260 14
17270 14
17280 14
17290 14
17300 14
17310 14
17320 14
17330 14
17340 14
17350 14
17360 14
17370 14
17380 14
17390 14
17400 14
17410 14
17420 14
17430 14
17440 14
17450 14
17460 14
17470 14
17480 14
17490 14
17500 14
17510 14
17520 14
17530 14
17540 14
17550 14
17560 14
17570 14
17580 14
17590 14
17600 14
17610 14
17620 14
17630 14
17640 14
17650 14
17660 14
17670 14
17680 14
17690 14
17700 14
17710 14
17720 14
17730 14
17740 14
17750 14
17760 14
17770 14
17780 14
17790 14
17800 14
17810 14
17820 14
17830 14
17840 14
17850 14
17860 14
17870 14
17880 14
17890 14
17900 14
17910 14
17920 14
17930 14
17940 14
17950 14
17960 14
17970 14
17980 14
17990 14
18000 14
18010 14
18020 14
18030 14
18040 14
18050 14
18060 14
18070 14
18080 14
18090 14
18100 14
18110 14
18120 14
18130 14
18140 14
18150 14
18160 14
18170 14
18180 14
18190 14
18200 14
18210 14
18220 14
18230 14
18240 14
18250 14
18260 14
18270 14
18280 14
18290 14
18300 14
18310 14
18320 14
18330 14
18340 14
18350 14
18360 14
18370 14
18380 14
18390 14
18400 14
18410 14
18420 14
18430 14
18440 14
18450 14
18460 14
18470 14
18480 14
18490 14
18500 14
18510 14
18520 14
18530 14
18540 14
18550 14
18560 14
18570 14
18580 14
18590 14
18600 14
18610 14
18620 14
18630 14
18640 14
18650 14
18660 14
18670 14
18680 14
18690 14
18700 14
18710 14
18720 14
18730 14
18740 14
18750 14
18760 14
18770 14
18780 14
18790 14
18800 14
18810 14
18820 14
18830 14
18840 14
18850 14
18860 14
18870 14
18880 14
18890 14
18900 14
18910 14
18920 14
18930 14
18940 14
18950 14
18960 14
18970 14
18980 14
18990 14
19000 14
19010 14
19020 14
19030 14
19040 14
19050 14
19060 14
19070 14
19080 14
19090 14
19100 14
19110 14
19120 14
19130 14
19140 14
19150 14
19160 14
19170 14
19180 14
19190 14
19200 14
19210 14
19220 14
19230 14
19240 14
19250 14
19260 14
19270 14
19280 14
19290 14
19300 14
19310 14
19320 14
19330 14
19340 14
19350 14
19360 14
19370 14
19380 14
19390 14
19400 14
19410 14
19420 14
19430 14
19440 14
19450 14
19460 14
19470 14
19480 14
19490 14
19500 14
19510 14
19520 14
19530 14
19540 14
19550 14
19560 14
19570 14
19580 14
19590 14
19600 14
19610 14
19620 14
19630 14
19640 14
19650 14
19660 14
19670 14
19680 14
19690 14
19700 14
19710 14
19720 14
19730 14
19740 14
19750 14
19760 14
19770 14
19780 14
19790 14
19800 14
19810 14
19820 14
19830 14
19840 14
19850 14
19860 14
19870 14
19880 14
19890 14
19900 14
19910 14
19920 14
19930 14
19940 14
19950 14
19960 14
19970 14
19980 14
19990 14
20000 14
20010 14
20020 14
20030 14
20040 14
20050 14
20060 14
20070 14
20080 14
20090 14
20100 14
20110 14
20120 14
20130 14
20140 14
20150 14
20160 14
20170 14
20180 14
20190 14
20200 14
20210 14
20220 14
20230 14
20240 14
20250 14
20260 14
20270 14
20280 14
20290 14
20300 14
20310 14
20320 14
20330 14
20340 14
20350 14
20360 14
20370 14
20380 14
20390 14
20400 14
20410 14
20420 14
20430 14
20440 14
20450 14
20460 14
20470 14
20480 14
20490 14
20500 14
20510 14
20520 14
20530 14
20540 14
20550 14
20560 14
20570 14
20580 14
20590 14
20600 14
20610 14
20620 14
20630 14
20640 14
20650 14
20660 14
20670 14
20680 14
20690 14
20700 14
20710 14
20720 14
20730 14
20740 14
20750 14
20760 14
20770 14
20780 14
20790 14
20800 14
20810 14
20820 14
20830 14
20840 14
20850 14
20860 14
20870 14
20880 14
20890 14
20900 14
20910 14
20920 14
20930 14
20940 14
20950 14
20960 14
20970 14
20980 14
20990 14
21000 14
21010 14
21020 14
21030 14
21040 14
21050 14
21060 14
21070 14
21080 14
21090 14
21100 14
21110 14
21120 14
21130 14
21140 14
21150 14
21160 14
21170 14
21180 14
21190 14
21200 14
21210 14
21220 14
21230 14
21240 14
21250 14
21260 14
21270 14
21280 14
21290 14
21300 14
21310 14
21320 14
21330 14
21340 14
21350 14
21360 14
21370 14
21380 14
21390 14
21400 14
21410 14
21420 14
21430 14
21440 14
21450 14
21460 14
21470 14
21480 14
21490 14
21500 14
21510 14
21520 14
21530 14
21540 14
21550 14
21560 14
21570 14
21580 14
21590 14
21600 14
21610 14
21620 14
21630 14
21640 14
21650 15
21660 15
21670 15
21680 15
21690 15
21700 15
21710 15
21720 15
21730 15
21740 15
21750 15
21760 15
21770 15
21780 15
21790 15
21800 15
21810 15
21820 15
21830 15
21840 15
21850 15
21860 15
21870 15
21880 15
21890 15
21900 15
21910 15
21920 15
21930 15
21940 15
21950 15
21960 15
21970 15
21980 15
21990 15
22000 15
22010 15
22020 15
22030 15
22040 15
22050 15
22060 15
22070 15
22080 15
22090 15
22100 15
22110 15
22120 15
22130 15
22140 15
22150 15
22160 15
22170 15
22180 15
22190 15
22200 15
22210 15
22220 15
22230 15
22240 15
22250 15
22260 15
22270 15
22280 15
22290 15
22300 15
22310 15
22320 15
22330 15
22340 15
22350 15
22360 15
22370 15
22380 15
22390 15
22400 15
22410 15
22420 15
22430 15
22440 15
22450 15
22460 15
22470 15
22480 15
22490 15
22500 15
22510 15
22520 15
22530 15
22540 15
22550 15
22560 15
22570 15
22580 15
22590 15
22600 15
22610 15
22620 15
22630 15
22640 15
22650 15
22660 15
22670 15
22680 15
22690 15
22700 15
22710 15
22720 15
22730 15
22740 15
22750 15
22760 15
22770 15
22780 15
22790 15
22800 15
22810 15
22820 15
22830 15
22840 15
22850 15
22860 15
22870 15
22880 15
22890 15
22900 15
22910 15
22920 15
22930 15
22940 15
22950 15
22960 15
22970 15
22980 15
22990 15
23000 15
23010 15
23020 15
23030 15
23040 15
23050 15
23060 15
23070 15
23080 15
23090 15
23100 15
23110 15
23120 15
23130 15
23140 15
23150 15
23160 15
23170 15
23180 15
23190 15
23200 15
23210 15
23220 15
23230 15
23240 15
23250 15
23260 15
23270 15
23280 15
23290 15
23300 15
23310 15
23320 15
23330 15
23340 15
23350 15
23360 15
23370 15
23380 15
23390 15
23400 15
23410 15
23420 15
23430 15
23440 15
23450 15
23460 15
23470 15
23480 15
23490 15
23500 15
23510 15
23520 15
23530 15
23540 15
23550 15
23560 15
23570 15
23580 15
23590 15
23600 15
23610 15
23620 15
23630 15
23640 15
23650 15
23660 15
23670 15
23680 15
23690 15
23700 15
23710 15
23720 15
23730 15
23740 15
23750 15
23760 15
23770 15
23780 15
23790 15
23800 15
23810 15
23820 15
23830 15
23840 15
23850 15
23860 15
23870 15
23880 15
23890 15
23900 15
23910 15
23920 15
23930 15
23940 15
23950 15
23960 15
23970 15
23980 15
23990 15
24000 15
24010 15
24020 15
24030 15
24040 15
24050 15
24060 15
24070 15
24080 15
24090 15
24100 15
24110 15
24120 15
24130 15
24140 15
24150 15
24160 15
24170 15
24180 15
24190 15
24200 15
24210 15
24220 15
24230 15
24240 15
24250 15
24260 15
24270 15
24280 15
24290 15
24300 15
24310 15
24320 15
24330 15
24340 15
24350 15
24360 15
24370 15
24380 15
24390 15
24400 15
24410 15
24420 15
24430 15
24440 15
24450 15
24460 15
24470 15
24480 15
24490 15
24500 15
24510 15
24520 15
24530 15
24540 15
24550 15
24560 15
24570 15
24580 15
24590 15
24600 15
24610 15
24620 15
24630 15
24640 15
24650 15
24660 15
24670 15
24680 15
24690 15
24700 15
24710 15
24720 15
24730 15
24740 15
24750 15
24760 15
24770 15
24780 15
24790 15
24800 15
24810 15
24820 15
24830 15
24840 15
24850 15
24860 15
24870 15
24880 15
24890 15
24900 15
24910 15
24920 15
24930 15
24940 15
24950 15
24960 15
24970 15
24980 15
24990 15
25000 15
25010 15
25020 15
25030 15
25040 15
25050 15
25060 15
25070 15
25080 15
25090 15
25100 15
25110 15
25120 15
25130 15
25140 15
25150 15
25160 15
25170 15
25180 15
25190 15
25200 15
25210 15
25220 15
25230 15
25240 15
25250 15
25260 15
25270 15
25280 15
25290 15
25300 15
25310 15
25320 15
25330 15
25340 15
25350 15
25360 15
25370 15
25380 15
25390 15
25400 15
25410 15
25420 15
25430 15
25440 15
25450 15
25460 15
25470 15
25480 15
25490 15
25500 15
25510 15
25520 15
25530 15
25540 15
25550 15
25560 15
25570 15
25580 15
25590 15
25600 15
25610 15
25620 15
25630 15
25640 15
25650 15
25660 15
25670 15
25680 15
25690 15
25700 15
25710 15
25720 15
25730 15
25740 15
25750 15
25760 15
25770 15
25780 15
25790 15
25800 15
25810 15
25820 15
25830 15
25840 15
25850 15
25860 15
25870 15
25880 15
25890 15
25900 15
25910 15
25920 15
25930 15
25940 15
25950 15
25960 15
25970 15
25980 15
25990 15
26000 15
26010 15
26020 15
26030 15
26040 15
26050 15
26060 15
26070 15
26080 15
26090 15
26100 15
26110 15
26120 15
26130 15
26140 15
26150 15
26160 15
26170 15
26180 15
26190 15
26200 15
26210 15
26220 15
26230 15
26240 15
26250 15
26260 15
26270 15
26280 15
26290 15
26300 15
26310 15
26320 15
26330 15
26340 15
26350 15
26360 15
26370 15
26380 15
26390 15
26400 15
26410 15
26420 15
26430 15
26440 15
26450 15
26460 15
26470 15
26480 15
26490 15
26500 15
26510 15
26520 15
26530 15
26540 15
26550 15
26560 15
26570 15
26580 15
26590 15
26600 15
26610 15
26620 15
26630 15
26640 15
26650 15
26660 15
26670 15
26680 15
26690 15
26700 15
26710 15
26720 15
26730 15
26740 15
26750 15
26760 15
26770 15
26780 15
26790 15
26800 15
26810 15
26820 15
26830 15
26840 15
26850 15
26860 15
26870 15
26880 15
26890 15
26900 15
26910 15
26920 15
26930 15
26940 15
26950 15
26960 15
26970 15
26980 15
26990 15
27000 15
27010 15
27020 15
27030 15
27040 15
27050 15
27060 15
27070 15
27080 15
27090 15
27100 15
27110 15
27120 15
27130 15
27140 15
27150 15
27160 15
27170 15
27180 15
27190 15
27200 15
27210 15
27220 15
27230 15
27240 15
27250 15
27260 15
27270 15
27280 15
27290 15
27300 15
27310 15
27320 15
27330 15
27340 15
27350 15
27360 15
27370 15
27380 15
27390 15
27400 15
27410 15
27420 15
27430 15
27440 15
27450 15
27460 15
27470 15
27480 15
27490 15
27500 15
27510 15
27520 15
27530 15
27540 15
27550 15
27560 15
27570 15
27580 15
27590 15
27600 15
27610 15
27620 15
27630 15
27640 15
27650 15
27660 15
27670 15
27680 15
27690 15
27700 15
27710 15
27720 15
27730 15
27740 15
27750 15
27760 15
27770 15
27780 15
27790 15
27800 15
27810 15
27820 15
27830 15
27840 15
27850 15
27860 15
27870 15
27880 15
27890 15
27900 15
27910 15
27920 15
27930 15
27940 15
27950 15
27960 15
27970 15
27980 15
27990 15
28000 15
28010 15
28020 15
28030 15
28040 15
28050 15
28060 15
28070 15
28080 15
28090 15
28100 15
28110 15
28120 15
28130 15
28140 15
28150 15
28160 15
28170 15
28180 15
28190 15
28200 15
28210 15
28220 15
28230 15
28240 15
28250 15
28260 15
28270 15
28280 15
28290 15
28300 15
28310 15
28320 15
28330 15
28340 15
28350 15
28360 15
28370 15
28380 15
28390 15
28400 15
28410 15
28420 15
28430 15
28440 15
28450 15
28460 15
28470 15
28480 15
28490 15
28500 15
28510 15
28520 15
28530 15
28540 15
28550 15
28560 15
28570 15
28580 15
28590 15
28600 15
28610 15
28620 15
28630 15
28640 15
28650 15
28660 15
28670 15
28680 15
28690 15
28700 15
28710 15
28720 15
28730 15
28740 15
28750 15
28760 15
28770 15
28780 15
28790 15
28800 15
28810 15
28820 15
28830 15
28840 15
28850 15
28860 15
28870 15
28880 15
28890 15
28900 15
28910 15
28920 15
28930 15
28940 15
28950 15
28960 15
28970 15
28980 15
28990 15
29000 15
29010 15
29020 15
29030 15
29040 15
29050 15
29060 15
29070 15
29080 15
29090 15
29100 15
29110 15
29120 15
29130 15
29140 15
29150 15
29160 15
29170 15
29180 15
29190 15
29200 15
29210 15
29220 15
29230 15
29240 15
29250 15
29260 15
29270 15
29280 15
29290 15
29300 15
29310 15
29320 15
29330 15
29340 15
29350 15
29360 15
29370 15
29380 15
29390 15
29400 15
29410 15
29420 15
29430 15
29440 15
29450 15
29460 15
29470 15
29480 15
29490 15
29500 15
29510 15
29520 15
29530 15
29540 15
29550 15
29560 15
29570 15
29580 15
29590 15
29600 15
29610 15
29620 15
29630 15
29640 15
29650 15
29660 15
29670 15
29680 15
29690 15
29700 15
29710 15
29720 15
29730 15
29740 15
29750 15
29760 15
29770 15
29780 15
29790 15
29800 15
29810 15
29820 15
29830 15
29840 15
29850 15
29860 15
29870 15
29880 15
29890 15
29900 15
29910 15
29920 15
29930 15
29940 15
29950 15
29960 15
29970 15
29980 15
29990 15
30000 15
30010 15
30020 15
30030 15
30040 15
30050 15
30060 15
30070 15
30080 15
30090 15
30100 15
30110 15
30120 15
30130 15
30140 15
30150 15
30160 15
30170 15
30180 15
30190 15
30200 15
30210 15
30220 15
30230 15
30240 15
30250 15
30260 15
30270 15
30280 15
30290 15
30300 15
30310 15
30320 15
30330 15
30340 15
30350 15
30360 15
30370 15
30380 15
30390 15
30400 15
30410 15
30420 15
30430 15
30440 15
30450 15
30460 15
30470 15
30480 15
30490 15
30500 15
30510 15
30520 15
30530 15
30540 15
30550 15
30560 15
30570 15
30580 15
30590 15
30600 15
30610 15
30620 15
30630 15
30640 15
30650 15
30660 15
30670 15
30680 15
30690 15
30700 15
30710 15
30720 15
30730 15
30740 15
30750 15
30760 15
30770 15
30780 15
30790 15
30800 15
30810 15
30820 15
30830 15
30840 15
30850 15
30860 15
30870 15
30880 15
30890 15
30900 15
30910 15
30920 15
30930 15
30940 15
30950 15
30960 15
30970 15
30980 15
30990 15
31000 15
31010 15
31020 15
31030 15
31040 15
31050 15
31060 15
31070 15
31080 15
31090 15
31100 15
31110 15
31120 15
31130 15
31140 15
31150 15
31160 15
31170 15
31180 15
31190 15
31200 15
31210 15
31220 15
31230 15
31240 15
31250 15
31260 15
31270 15
31280 15
31290 15
31300 15
31310 15
31320 15
31330 15
31340 15
31350 15
31360 15
31370 15
31380 15
31390 15
31400 15
31410 15
31420 15
31430 15
31440 15
31450 15
31460 15
31470 15
31480 15
31490 15
31500 15
31510 15
31520 15
31530 15
31540 15
31550 15
31560 15
31570 15
31580 15
31590 15
31600 15
31610 15
31620 15
31630 15
31640 15
31650 15
31660 15
31670 15
31680 15
31690 15
31700 15
31710 15
31720 15
31730 15
31740 15
31750 15
31760 15
31770 15
31780 15
31790 15
31800 15
31810 15
31820 15
31830 15
31840 15
31850 15
31860 15
31870 15
31880 15
31890 15
31900 15
31910 15
31920 15
31930 15
31940 15
31950 15
31960 15
31970 15
31980 15
31990 15
32000 15
32010 15
32020 15
32030 15
32040 15
32050 15
32060 15
32070 15
32080 15
32090 15
32100 15
32110 15
32120 15
32130 15
32140 15
32150 15
32160 15
32170 15
32180 15
32190 15
32200 15
32210 15
32220 15
32230 15
32240 15
32250 15
32260 15
32270 15
32280 15
32290 15
32300 15
32310 15
32320 15
32330 15
32340 15
32350 15
32360 15
32370 15
32380 15
32390 15
32400 15
32410 15
32420 15
32430 15
32440 15
32450 15
32460 15
32470 15
32480 15
32490 15
32500 15
32510 15
32520 15
32530 15
32540 15
32550 15
32560 15
32570 15
32580 15
32590 15
32600 15
32610 15
32620 15
32630 15
32640 15
32650 15
32660 15
32670 15
32680 15
32690 15
32700 15
32710 15
32720 15
32730 15
32740 15
32750 15
32760 15
32770 15
32780 15
32790 15
32800 15
32810 15
32820 15
32830 15
32840 15
32850 15
32860 15
32870 15
32880 15
32890 15
32900 15
32910 15
32920 15
32930 15
32940 15
32950 15
32960 15
32970 15
32980 15
32990 15
33000 15
33010 15
33020 15
33030 15
33040 15
33050 15
33060 15
33070 15
33080 15
33090 15
33100 15
33110 15
33120 15
33130 15
33140 15
33150 15
33160 15
33170 15
33180 15
33190 15
33200 15
33210 15
33220 15
33230 15
33240 15
33250 15
33260 15
33270 15
33280 15
33290 15
33300 15
33310 15
33320 15
33330 15
33340 15
33350 15
33360 15
33370 15
33380 15
33390 15
33400 15
33410 15
33420 15
33430 15
33440 15
33450 15
33460 15
33470 15
33480 15
33490 15
33500 15
33510 15
33520 15
33530 15
33540 15
33550 15
33560 15
33570 15
33580 15
33590 15
33600 15
33610 15
33620 15
33630 15
33640 15
33650 15
33660 15
33670 15
33680 15
33690 15
33700 15
33710 15
33720 15
33730 15
33740 15
33750 15
33760 15
33770 15
33780 15
33790 15
33800 15
33810 15
33820 15
33830 15
33840 15
33850 15
33860 15
33870 15
33880 15
33890 15
33900 15
33910 15
33920 15
33930 15
33940 15
33950 15
33960 15
33970 15
33980 15
33990 15
34000 15
34010 15
34020 15
34030 15
34040 15
34050 15
34060 15
34070 15
34080 15
34090 15
34100 15
34110 15
34120 15
34130 15
34140 15
34150 15
34160 15
34170 15
34180 15
34190 15
34200 15
34210 15
34220 15
34230 15
34240 15
34250 15
34260 15
34270 15
34280 15
34290 15
34300 15
34310 15
34320 15
34330 15
34340 15
34350 15
34360 15
34370 15
34380 15
34390 15
34400 15
34410 15
34420 15
34430 15
34440 15
34450 15
34460 15
34470 15
34480 15
34490 15
34500 15
34510 15
34520 15
34530 15
34540 15
34550 15
34560 15
34570 15
34580 15
34590 15
34600 15
34610 15
34620 15
34630 15
34640 15
34650 15
34660 15
34670 15
34680 15
34690 15
34700 15
34710 15
34720 15
34730 15
34740 15
34750 15
34760 15
34770 15
34780 15
34790 15
34800 15
34810 15
34820 15
34830 15
34840 15
34850 15
34860 15
34870 15
34880 15
34890 15
34900 15
34910 15
34920 15
34930 15
34940 15
34950 15
34960 15
34970 15
34980 15
34990 15
35000 15
35010 15
35020 15
35030 15
35040 15
35050 15
35060 15
35070 15
35080 15
35090 15
35100 15
35110 15
35120 15
35130 15
35140 15
35150 15
35160 15
35170 15
35180 15
35190 15
35200 15
35210 15
35220 15
35230 15
35240 15
35250 15
35260 15
35270 15
35280 15
35290 15
35300 15
35310 15
35320 15
35330 15
35340 15
35350 15
35360 15
35370 15
35380 15
35390 15
35400 15
35410 15
35420 15
35430 15
35440 15
35450 15
35460 15
35470 15
35480 15
35490 15
35500 15
35510 15
35520 15
35530 15
35540 15
35550 15
35560 15
35570 15
35580 15
35590 15
35600 15
35610 15
35620 15
35630 15
35640 15
35650 15
35660 15
35670 15
35680 15
35690 15
35700 15
35710 15
35720 15
35730 15
35740 15
35750 15
35760 15
35770 15
35780 15
35790 15
35800 15
35810 15
35820 15
35830 15
35840 15
35850 15
35860 15
35870 15
35880 15
35890 15
35900 15
35910 15
35920 15
35930 15
35940 15
35950 15
35960 15
35970 15
35980 15
35990 15
36000 15
36010 15
36020 15
36030 15
36040 15
36050 15
36060 15
36070 15
36080 15
36090 15
36100 15
36110 15
36120 15
36130 15
36140 15
36150 15
36160 15
36170 15
36180 15
36190 15
36200 15
36210 15
36220 15
36230 15
36240 15
36250 15
36260 15
36270 15
36280 15
36290 15
36300 15
36310 15
36320 15
36330 15
36340 15
36350 15
36360 15
36370 15
36380 15
36390 15
36400 15
36410 15
36420 15
36430 15
36440 15
36450 15
36460 15
36470 15
36480 15
36490 15
36500 15
36510 15
36520 15
36530 15
36540 15
36550 15
36560 15
36570 15
36580 15
36590 15
36600 15
36610 15
36620 15
36630 15
36640 15
36650 15
36660 15
36670 15
36680 15
36690 15
36700 15
36710 15
36720 15
36730 15
36740 15
36750 15
36760 15
36770 15
36780 15
36790 15
36800 15
36810 15
36820 15
36830 15
36840 15
36850 15
36860 15
36870 15
36880 15
36890 15
36900 15
36910 15
36920 15
36930 15
36940 15
36950 15
36960 15
36970 15
36980 15
36990 15
37000 15
37010 15
37020 15
37030 15
37040 15
37050 15
37060 15
37070 15
37080 15
37090 15
37100 15
37110 15
37120 15
37130 15
37140 15
37150 15
37160 15
37170 15
37180 15
37190 15
37200 15
37210 15
37220 15
37230 15
37240 15
37250 15
37260 15
37270 15
37280 15
37290 15
37300 15
37310 15
37320 15
37330 15
37340 15
37350 15
37360 15
37370 15
37380 15
37390 15
37400 15
37410 15
37420 15
37430 15
37440 15
37450 15
37460 15
37470 15
37480 15
37490 15
37500 15
37510 15
37520 15
37530 15
37540 15
37550 15
37560 15
37570 15
37580 15
37590 15
37600 15
37610 15
37620 15
37630 15
37640 15
37650 15
37660 15
37670 15
37680 15
37690 15
37700 15
37710 15
37720 15
37730 15
37740 15
37750 15
37760 15
37770 15
37780 15
37790 15
37800 15
37810 15
37820 15
37830 15
37840 15
37850 15
37860 15
37870 15
37880 15
37890 15
37900 15
37910 15
37920 15
37930 15
37940 15
37950 15
37960 15
37970 15
37980 15
37990 15
38000 15
38010 15
38020 15
38030 15
38040 15
38050 15
38060 15
38070 15
38080 15
38090 15
38100 15
38110 15
38120 15
38130 15
38140 15
38150 15
38160 15
38170 15
38180 15
38190 15
38200 15
38210 15
38220 15
38230 15
38240 15
38250 15
38260 15
38270 15
38280 15
38290 15
38300 15
38310 15
38320 15
38330 15
38340 15
38350 15
38360 15
38370 15
38380 15
38390 15
38400 15
38410 15
38420 15
38430 15
38440 15
38450 15
38460 15
38470 15
38480 15
38490 15
38500 15
38510 15
38520 15
38530 15
38540 15
38550 15
38560 15
38570 15
38580 15
38590 15
38600 15
38610 15
38620 15
38630 15
38640 15
38650 15
38660 15
38670 15
38680 15
38690 15
38700 15
38710 15
38720 15
38730 15
38740 15
38750 15
38760 15
38770 15
38780 15
38790 15
38800 15
38810 15
38820 15
38830 15
38840 15
38850 15
38860 15
38870 15
38880 15
38890 15
38900 15
38910 15
38920 15
38930 15
38940 15
38950 15
38960 15
38970 15
38980 15
38990 15
39000 15
39010 15
39020 15
39030 15
39040 15
39050 15
39060 15
39070 15
39080 15
39090 15
39100 15
39110 15
39120 15
39130 15
39140 15
39150 15
39160 15
39170 15
39180 15
39190 15
39200 15
39210 15
39220 15
39230 15
39240 15
39250 15
39260 15
39270 15
39280 15
39290 15
39300 15
39310 15
39320 15
39330 15
39340 15
39350 15
39360 15
39370 15
39380 15
39390 15
39400 15
39410 15
39420 15
39430 15
39440 15
39450 15
39460 15
39470 15
39480 15
39490 15
39500 15
39510 15
39520 15
39530 15
39540 15
39550 15
39560 15
39570 15
39580 15
39590 15
39600 15
39610 15
39620 15
39630 15
39640 15
39650 15
39660 15
39670 15
39680 15
39690 15
39700 15
39710 15
39720 15
39730 15
39740 15
39750 15
39760 15
39770 15
39780 15
39790 15
39800 15
39810 15
39820 15
39830 15
39840 15
39850 15
39860 15
39870 15
39880 15
39890 15
39900 15
39910 15
39920 15
39930 15
39940 15
39950 15
39960 15
39970 15
39980 15
39990 15
40000 15
40010 15
40020 15
40030 15
40040 15
40050 15
40060 15
40070 15
40080 15
40090 15
40100 15
40110 15
40120 15
40130 15
40140 15
40150 15
40160 15
40170 15
40180 15
40190 15
40200 15
40210 15
40220 15
40230 15
40240 15
40250 15
40260 15
40270 15
40280 15
40290 15
40300 15
40310 15
40320 15
40330 15
40340 15
40350 15
40360 15
40370 15
40380 15
40390 15
40400 15
40410 15
40420 15
40430 15
40440 15
40450 15
40460 15
40470 15
40480 15
40490 15
40500 15
40510 15
40520 15
40530 15
40540 15
40550 15
40560 15
40570 15
40580 15
40590 15
40600 15
40610 15
40620 15
40630 15
40640 15
40650 15
40660 15
40670 15
40680 15
40690 15
40700 15
40710 15
40720 15
40730 15
40740 15
40750 15
40760 15
40770 15
40780 15
40790 15
40800 15
40810 15
40820 15
40830 15
40840 15
40850 15
40860 15
40870 15
40880 15
40890 15
40900 15
40910 15
40920 15
40930 15
40940 15
40950 15
40960 15
40970 15
40980 15
40990 15
41000 15
41010 15
41020 15
41030 15
41040 15
41050 15
41060 15
41070 15
41080 15
41090 15
41100 15
41110 15
41120 15
41130 15
41140 15
41150 15
41160 15
41170 15
41180 15
41190 15
41200 15
41210 15
41220 15
41230 15
41240 15
41250 15
41260 15
41270 15
41280 15
41290 15
41300 15
41310 15
41320 15
41330 15
41340 15
41350 15
41360 15
41370 15
41380 15
41390 15
41400 15
41410 15
41420 15
41430 15
41440 15
41450 15
41460 15
41470 15
41480 15
41490 15
41500 15
41510 15
41520 15
41530 15
41540 15
41550 15
41560 15
41570 15
41580 15
41590 15
41600 15
41610 15
41620 15
41630 15
41640 15
41650 15
41660 15
41670 15
41680 15
41690 15
41700 15
41710 15
41720 15
41730 15
41740 15
41750 15
41760 15
41770 15
41780 15
41790 15
41800 15
41810 15
41820 15
41830 15
41840 15
41850 15
41860 15
41870 15
41880 15
41890 15
41900 15
41910 15
41920 15
41930 15
41940 15
41950 15
41960 15
41970 15
41980 15
41990 15
42000 15
42010 15
42020 15
42030 15
42040 15
42050 15
42060 15
42070 15
42080 15
42090 15
42100 15
42110 15
42120 15
42130 15
42140 15
42150 15
42160 15
42170 15
42180 15
42190 15
42200 15
42210 15
42220 15
42230 15
42240 15
42250 15
42260 15
42270 15
42280 15
42290 15
42300 15
42310 15
42320 15
42330 15
42340 15
42350 15
42360 15
42370 15
42380 15
42390 15
42400 15
42410 15
42420 15
42430 15
42440 15
42450 15
42460 15
42470 15
42480 15
42490 15
42500 15
42510 15
42520 15
42530 15
42540 15
42550 15
42560 15
42570 15
42580 15
42590 15
42600 15
42610 15
42620 15
42630 15
42640 15
42650 15
42660 15
42670 15
42680 15
42690 15
42700 15
42710 15
42720 15
42730 15
42740 15
42750 15
42760 15
42770 15
42780 15
42790 15
42800 15
42810 15
42820 15
42830 15
42840 15
42850 15
42860 15
42870 15
42880 15
42890 15
42900 15
42910 15
42920 15
42930 15
42940 15
42950 15
42960 15
42970 15
42980 15
42990 15
43000 15
43010 15
43020 15
43030 15
43040 15
43050 15
43060 15
43070 15
43080 15
43090 15
43100 15
43110 15
43120 15
43130 15
43140 15
43150 15
43160 15
43170 15
43180 15
43190 15
43200 15
43210 15
43220 15
43230 15
43240 15
43250 15
43260 15
43270 15
43280 15
43290 15
43300 15
43310 15
43320 15
43330 15
43340 15
43350 15
43360 15
43370 15
43380 15
43390 15
43400 15
43410 15
43420 15
43430 15
43440 15
43450 15
43460 15
43470 15
43480 15
43490 15
43500 15
43510 15
43520 15
43530 15
43540 15
43550 15
43560 15
43570 15
43580 15
43590 15
43600 15
43610 15
43620 15
43630 15
43640 15
43650 15
43660 15
43670 15
43680 15
43690 15
43700 15
43710 15
43720 15
43730 15
43740 15
43750 15
43760 15
43770 15
43780 15
43790 15
43800 15
43810 15
43820 15
43830 15
43840 15
43850 15
43860 15
43870 15
43880 15
43890 15
43900 15
43910 15
43920 15
43930 15
43940 15
43950 15
43960 15
43970 15
43980 15
43990 15
44000 15
44010 15
44020 15
44030 15
44040 15
44050 15
44060 15
44070 15
44080 15
44090 15
44100 15
44110 15
44120 15
44130 15
44140 15
44150 15
44160 15
44170 15
44180 15
44190 15
44200 15
44210 15
44220 15
44230 15
44240 15
44250 15
44260 15
44270 15
44280 15
44290 15
44300 15
44310 15
44320 15
44330 15
44340 15
44350 15
44360 15
44370 15
44380 15
44390 15
44400 15
44410 15
44420 15
44430 15
44440 15
44450 15
44460 15
44470 15
44480 15
44490 15
44500 15
44510 15
44520 15
44530 15
44540 15
44550 15
44560 15
44570 15
44580 15
44590 15
44600 15
44610 15
44620 15
44630 15
44640 15
44650 15
44660 15
44670 15
44680 15
44690 15
44700 15
44710 15
44720 15
44730 15
44740 15
44750 15
44760 15
44770 15
44780 15
44790 15
44800 15
44810 15
44820 15
44830 15
44840 15
44850 15
44860 15
44870 15
44880 15
44890 15
44900 15
44910 15
44920 15
44930 15
44940 15
44950 15
44960 15
44970 15
44980 15
44990 15
45000 15
45010 15
45020 15
45030 15
45040 15
45050 15
45060 15
45070 15
45080 15
45090 15
45100 15
45110 15
45120 15
45130 15
45140 15
45150 15
45160 15
45170 15
45180 15
45190 15
45200 15
45210 15
45220 15
45230 15
45240 15
45250 15
45260 15
45270 15
45280 15
45290 15
45300 15
45310 15
45320 15
45330 15
45340 15
45350 15
45360 15
45370 15
45380 15
45390 15
45400 15
45410 15
45420 15
45430 15
45440 15
45450 15
45460 15
45470 15
45480 15
45490 15
45500 15
45510 15
45520 15
45530 15
45540 15
45550 15
45560 15
45570 15
45580 15
45590 15
45600 15
45610 15
45620 15
45630 15
45640 15
45650 15
45660 15
45670 15
45680 15
45690 15
45700 15
45710 15
45720 15
45730 15
45740 15
45750 15
45760 15
45770 15
45780 15
45790 15
45800 15
45810 15
45820 15
45830 15
45840 15
45850 15
45860 15
45870 15
45880 15
45890 15
45900 15
45910 15
45920 15
45930 15
45940 15
45950 15
45960 15
45970 15
45980 15
45990 15
46000 15
46010 15
46020 15
46030 15
46040 15
46050 15
46060 15
46070 15
46080 15
46090 15
46100 15
46110 15
46120 15
46130 15
46140 15
46150 15
46160 15
46170 15
46180 15
46190 15
46200 15
46210 15
46220 15
46230 15
46240 15
46250 15
46260 15
46270 15
46280 15
46290 15
46300 15
46310 15
46320 15
46330 15
46340 15
46350 15
46360 15
46370 15
46380 15
46390 15
46400 15
46410 15
46420 15
46430 15
46440 15
46450 15
46460 15
46470 15
46480 15
46490 15
46500 15
46510 15
46520 15
46530 15
46540 15
46550 15
46560 15
46570 15
46580 16
46590 16
46600 16
46610 16
46620 16
46630 16
46640 16
46650 16
46660 16
46670 16
46680 16
46690 16
46700 16
46710 16
46720 16
46730 16
46740 16
46750 16
46760 16
46770 16
46780 16
46790 16
46800 16
46810 16
46820 16
46830 16
46840 16
46850 16
46860 16
46870 16
46880 16
46890 16
46900 16
46910 16
46920 16
46930 16
46940 16
46950 16
46960 16
46970 16
46980 16
46990 16
47000 16
47010 16
47020 16
47030 16
47040 16
47050 16
47060 16
47070 16
47080 16
47090 16
47100 16
47110 16
47120 16
47130 16
47140 16
47150 16
47160 16
47170 16
47180 16
47190 16
47200 16
47210 16
47220 16
47230 16
47240 16
47250 16
47260 16
47270 16
47280 16
47290 16
47300 16
47310 17
47320 17
47330 17
47340 17
47350 17
47360 17
47370 17
47380 17
47390 17
47400 17
47410 17
47420 17
47430 17
47440 17
47450 17
47460 17
47470 17
47480 17
47490 17
47500 17
47510 17
47520 17
47530 17
47540 17
47550 17
47560 17
47570 17
47580 17
47590 17
47600 17
47610 17
47620 17
47630 17
47640 17
47650 17
47660 17
47670 17
47680 17
47690 17
47700 17
47710 17
47720 17
47730 17
47740 17
47750 17
47760 17
47770 17
47780 17
47790 17
47800 17
47810 17
47820 17
47830 17
47840 17
47850 17
47860 17
47870 17
47880 17
47890 17
47900 17
47910 17
47920 17
47930 17
47940 17
47950 17
47960 17
47970 17
47980 17
47990 17
48000 17
48010 17
48020 17
48030 17
48040 17
48050 17
48060 17
48070 17
48080 17
48090 17
48100 17
48110 17
48120 17
48130 17
48140 17
48150 17
48160 17
48170 17
48180 17
48190 17
48200 17
48210 17
48220 17
48230 17
48240 17
48250 17
48260 17
48270 17
48280 17
48290 17
48300 17
48310 17
48320 17
48330 17
48340 17
48350 17
48360 17
48370 17
48380 17
48390 17
48400 17
48410 17
48420 17
48430 17
48440 17
48450 17
48460 17
48470 17
48480 17
48490 17
48500 17
48510 17
48520 17
48530 17
48540 17
48550 17
48560 17
48570 17
48580 17
48590 17
48600 17
48610 17
48620 17
48630 17
48640 17
48650 17
48660 17
48670 17
48680 17
48690 17
48700 17
48710 17
48720 17
48730 17
48740 17
48750 17
48760 17
48770 17
48780 17
48790 17
48800 17
48810 17
48820 17
48830 17
48840 17
48850 17
48860 17
48870 17
48880 17
48890 17
48900 17
48910 17
48920 17
48930 17
48940 17
48950 17
48960 17
48970 17
48980 17
48990 17
49000 17
49010 17
49020 17
49030 17
49040 17
49050 17
49060 17
49070 17
49080 17
49090 17
49100 17
49110 17
49120 17
49130 17
49140 17
49150 17
49160 17
49170 17
49180 17
49190 17
49200 17
49210 17
49220 17
49230 17
49240 17
49250 17
49260 17
49270 17
49280 17
49290 17
49300 17
49310 17
49320 17
49330 17
49340 17
49350 17
49360 17
49370 17
49380 17
49390 17
49400 17
49410 17
49420 17
49430 17
49440 17
49450 17
49460 17
49470 17
49480 17
49490 17
49500 17
49510 17
49520 17
49530 17
49540 17
49550 17
49560 17
49570 17
49580 17
49590 17
49600 17
49610 17
49620 17
49630 17
49640 17
49650 17
49660 17
49670 17
49680 17
49690 17
49700 17
49710 17
49720 17
49730 17
49740 17
49750 17
49760 17
49770 17
49780 17
49790 17
49800 17
49810 17
49820 17
49830 17
49840 17
49850 17
49860 17
49870 17
49880 17
49890 17
49900 17
49910 17
49920 17
49930 17
49940 17
49950 17
49960 17
49970 17
49980 17
49990 17
50000 17
50010 17
50020 17
50030 17
50040 17
50050 17
50060 17
50070 17
50080 17
50090 17
50100 17
50110 17
50120 17
50130 17
50140 17
50150 17
50160 17
50170 17
50180 17
50190 17
50200 17
50210 17
50220 17
50230 17
50240 17
50250 17
50260 17
50270 17
50280 17
50290 17
50300 17
50310 17
50320 17
50330 17
50340 17
50350 17
50360 17
50370 17
50380 17
50390 17
50400 17
50410 17
50420 17
50430 17
50440 17
50450 17
50460 17
50470 17
50480 17
50490 17
50500 17
50510 17
50520 17
50530 17
50540 17
50550 17
50560 17
50570 17
50580 17
50590 17
50600 17
50610 17
50620 17
50630 17
50640 17
50650 17
50660 17
50670 17
50680 17
50690 17
50700 17
50710 17
50720 17
50730 17
50740 17
50750 17
50760 17
50770 17
50780 17
50790 17
50800 17
50810 17
50820 17
50830 17
50840 17
50850 17
50860 17
50870 17
50880 17
50890 17
50900 17
50910 17
50920 17
50930 17
50940 17
50950 17
50960 17
50970 17
50980 17
50990 17
51000 17
51010 17
51020 17
51030 17
51040 17
51050 17
51060 17
51070 17
51080 17
51090 17
51100 17
51110 17
51120 17
51130 17
51140 17
51150 17
51160 17
51170 17
51180 17
51190 17
51200 17
51210 17
51220 17
51230 17
51240 17
51250 17
51260 17
51270 17
51280 17
51290 17
51300 17
51310 17
51320 17
51330 17
51340 17
51350 17
51360 17
51370 17
51380 17
51390 17
51400 17
51410 17
51420 17
51430 17
51440 17
51450 17
51460 17
51470 17
51480 17
51490 17
51500 17
51510 17
51520 17
51530 17
51540 17
51550 17
51560 17
51570 17
51580 17
51590 17
51600 17
51610 17
51620 17
51630 17
51640 17
51650 17
51660 17
51670 17
51680 17
51690 17
51700 17
51710 17
51720 17
51730 17
51740 17
51750 17
51760 17
51770 17
51780 17
51790 17
51800 17
51810 17
51820 17
51830 17
51840 17
51850 17
51860 17
51870 17
51880 17
51890 17
51900 17
51910 17
51920 17
51930 17
51940 17
51950 17
51960 17
51970 17
51980 17
51990 17
52000 17
52010 17
52020 17
52030 17
52040 17
52050 17
52060 17
52070 17
52080 17
52090 17
52100 17
52110 17
52120 17
52130 17
52140 17
52150 17
52160 17
52170 17
52180 17
52190 17
52200 17
52210 17
52220 17
52230 17
52240 17
52250 17
52260 17
52270 17
52280 17
52290 17
52300 17
52310 17
52320 17
52330 17
52340 17
52350 17
52360 17
52370 17
52380 17
52390 17
52400 17
52410 17
52420 17
52430 17
52440 17
52450 17
52460 17
52470 17
52480 17
52490 17
52500 17
52510 17
52520 17
52530 17
52540 17
52550 17
52560 17
52570 17
52580 17
52590 17
52600 17
52610 17
52620 17
52630 17
52640 17
52650 17
52660 17
52670 17
52680 17
52690 17
52700 17
52710 17
52720 17
52730 17
52740 17
52750 17
52760 17
52770 17
52780 17
52790 17
52800 17
52810 17
52820 17
52830 17
52840 17
52850 17
52860 17
52870 17
52880 17
52890 17
52900 17
52910 17
52920 17
52930 17
52940 17
52950 17
52960 17
52970 17
52980 17
52990 17
53000 17
53010 17
53020 17
53030 17
53040 17
53050 17
53060 17
53070 17
53080 17
53090 17
53100 17
53110 17
53120 17
53130 17
53140 17
53150 17
53160 17
53170 17
53180 17
53190 17
53200 17
53210 17
53220 17
53230 17
53240 17
53250 17
53260 17
53270 17
53280 17
53290 17
53300 17
53310 17
53320 17
53330 17
53340 17
53350 17
53360 17
53370 17
53380 17
53390 17
53400 17
53410 17
53420 17
53430 17
53440 17
53450 17
53460 17
53470 17
53480 17
53490 17
53500 17
53510 17
53520 17
53530 17
53540 17
53550 17
53560 17
53570 17
53580 17
53590 17
53600 17
53610 17
53620 17
53630 17
53640 17
53650 17
53660 17
53670 17
53680 17
53690 17
53700 17
53710 17
53720 17
53730 17
53740 17
53750 17
53760 17
53770 17
53780 17
53790 17
53800 17
53810 17
53820 17
53830 17
53840 17
53850 17
53860 17
53870 17
53880 17
53890 17
53900 17
53910 17
53920 17
53930 17
53940 17
53950 17
53960 17
53970 17
53980 17
53990 17
54000 17
54010 17
54020 17
54030 17
54040 17
54050 17
54060 17
54070 17
54080 17
54090 17
54100 17
54110 17
54120 17
54130 17
54140 17
54150 17
54160 17
54170 17
54180 17
54190 17
54200 17
54210 17
54220 17
54230 17
54240 17
54250 17
54260 17
54270 17
54280 17
54290 17
54300 17
54310 17
54320 17
54330 17
54340 17
54350 17
54360 17
54370 17
54380 17
54390 17
54400 17
54410 17
54420 17
54430 17
54440 17
54450 17
54460 17
54470 17
54480 17
54490 17
54500 17
54510 17
54520 17
54530 17
54540 17
54550 17
54560 17
54570 17
54580 17
54590 17
54600 17
54610 17
54620 17
54630 17
54640 17
54650 17
54660 17
54670 17
54680 17
54690 17
54700 17
54710 17
54720 17
54730 17
54740 17
54750 17
54760 17
54770 17
54780 17
54790 17
54800 17
54810 17
54820 17
54830 17
54840 17
54850 17
54860 17
54870 17
54880 17
54890 17
54900 17
54910 17
54920 17
54930 17
54940 17
54950 17
54960 17
54970 17
54980 17
54990 17
55000 17
55010 17
55020 17
55030 17
55040 17
55050 17
55060 17
55070 17
55080 17
55090 17
55100 17
55110 17
55120 17
55130 17
55140 17
55150 17
55160 17
55170 17
55180 17
55190 17
55200 17
55210 17
55220 17
55230 17
55240 17
55250 17
55260 17
55270 17
55280 17
55290 17
55300 17
55310 17
55320 17
55330 17
55340 17
55350 17
55360 17
55370 17
55380 17
55390 17
55400 17
55410 17
55420 17
55430 17
55440 17
55450 17
55460 17
55470 17
55480 17
55490 17
55500 17
55510 17
55520 17
55530 17
55540 17
55550 17
55560 17
55570 17
55580 17
55590 17
55600 17
55610 17
55620 17
55630 17
55640 17
55650 17
55660 17
55670 17
55680 17
55690 17
55700 17
55710 17
55720 17
55730 17
55740 17
55750 17
55760 17
55770 17
55780 17
55790 17
55800 17
55810 17
55820 17
55830 17
55840 17
55850 17
55860 17
55870 17
55880 17
55890 17
55900 17
55910 17
55920 17
55930 17
55940 17
55950 17
55960 17
55970 17
55980 17
55990 17
56000 17
56010 17
56020 17
56030 17
56040 17
56050 17
56060 17
56070 17
56080 17
56090 17
56100 17
56110 17
56120 17
56130 17
56140 17
56150 17
56160 17
56170 17
56180 17
56190 17
56200 17
56210 17
56220 17
56230 17
56240 17
56250 17
56260 17
56270 17
56280 17
56290 17
56300 17
56310 17
56320 17
56330 17
56340 17
56350 17
56360 17
56370 17
56380 17
56390 17
56400 17
56410 17
56420 17
56430 17
56440 17
56450 17
56460 17
56470 17
56480 17
56490 17
56500 17
56510 17
56520 17
56530 17
56540 17
56550 17
56560 17
56570 17
56580 17
56590 17
56600 17
56610 17
56620 17
56630 17
56640 17
56650 17
56660 17
56670 17
56680 17
56690 17
56700 17
56710 17
56720 17
56730 17
56740 17
56750 17
56760 17
56770 17
56780 17
56790 17
56800 17
56810 17
56820 17
56830 17
56840 17
56850 17
56860 17
56870 17
56880 17
56890 17
56900 17
56910 17
56920 17
56930 17
56940 17
56950 17
56960 17
56970 17
56980 17
56990 17
57000 17
57010 17
57020 17
57030 17
57040 17
57050 17
57060 17
57070 17
57080 17
57090 17
57100 17
57110 17
57120 17
57130 17
57140 17
57150 17
57160 17
57170 17
57180 17
57190 17
57200 17
57210 17
57220 17
57230 17
57240 17
57250 17
57260 17
57270 17
57280 17
57290 17
57300 17
57310 17
57320 17
57330 17
57340 17
57350 17
57360 17
57370 17
57380 17
57390 17
57400 17
57410 17
57420 17
57430 17
57440 17
57450 17
57460 17
57470 17
57480 17
57490 17
57500 17
57510 17
57520 17
57530 17
57540 17
57550 17
57560 17
57570 17
57580 17
57590 17
57600 17
57610 17
57620 17
57630 17
57640 17
57650 17
57660 17
57670 17
57680 17
57690 17
57700 17
57710 17
57720 17
57730 17
57740 17
57750 17
57760 17
57770 17
57780 17
57790 17
57800 17
57810 17
57820 17
57830 17
57840 17
57850 17
57860 17
57870 17
57880 17
57890 17
57900 17
57910 17
57920 17
57930 17
57940 17
57950 17
57960 17
57970 17
57980 17
57990 17
58000 17
58010 17
58020 17
58030 17
58040 17
58050 17
58060 17
58070 17
58080 17
58090 17
58100 17
58110 17
58120 17
58130 17
58140 17
58150 17
58160 17
58170 17
58180 17
58190 17
58200 17
58210 17
58220 17
58230 17
58240 17
58250 17
58260 17
58270 17
58280 17
58290 17
58300 17
58310 17
58320 17
58330 17
58340 17
58350 17
58360 17
58370 17
58380 17
58390 17
58400 17
58410 17
58420 17
58430 17
58440 17
58450 17
58460 17
58470 17
58480 17
58490 17
58500 17
58510 17
58520 17
58530 17
58540 17
58550 17
58560 17
58570 17
58580 17
58590 17
58600 17
58610 17
58620 17
58630 17
58640 17
58650 17
58660 17
58670 17
58680 17
58690 17
58700 17
58710 17
58720 17
58730 17
58740 17
58750 17
58760 17
58770 17
58780 17
58790 17
58800 17
58810 17
58820 17
58830 17
58840 17
58850 17
58860 17
58870 17
58880 17
58890 17
58900 17
58910 17
58920 17
58930 17
58940 17
58950 17
58960 17
58970 17
58980 17
58990 17
59000 17
59010 17
59020 17
59030 17
59040 17
59050 17
59060 17
59070 17
59080 17
59090 17
59100 17
59110 17
59120 17
59130 17
59140 17
59150 17
59160 17
59170 17
59180 17
59190 17
59200 17
59210 17
59220 17
59230 17
59240 17
59250 17
59260 17
59270 17
59280 17
59290 17
59300 17
59310 17
59320 17
59330 17
59340 17
59350 17
59360 17
59370 17
59380 17
59390 17
59400 17
59410 17
59420 17
59430 17
59440 17
59450 17
59460 17
59470 17
59480 17
59490 17
59500 17
59510 17
59520 17
59530 17
59540 17
59550 17
59560 17
59570 17
59580 17
59590 17
59600 17
59610 17
59620 17
59630 17
59640 17
59650 17
59660 17
59670 17
59680 17
59690 17
59700 17
59710 17
59720 17
59730 17
59740 17
59750 17
59760 17
59770 17
59780 17
59790 17
59800 17
59810 17
59820 17
59830 17
59840 17
59850 17
59860 17
59870 17
59880 17
59890 17
59900 17
59910 17
59920 17
59930 17
59940 17
59950 17
59960 17
59970 17
59980 17
59990 17
60000 17
60010 17
60020 17
60030 17
60040 17
60050 17
60060 17
60070 17
60080 17
60090 17
60100 17
60110 17
60120 17
60130 17
60140 17
60150 17
60160 17
60170 17
60180 17
60190 17
60200 17
60210 17
60220 17
60230 17
60240 17
60250 17
60260 17
60270 17
60280 17
60290 17
60300 17
60310 17
60320 17
60330 17
60340 17
60350 17
60360 17
60370 17
60380 17
60390 17
60400 17
60410 17
60420 17
60430 17
60440 17
60450 17
60460 17
60470 17
60480 17
60490 17
60500 17
60510 17
60520 17
60530 17
60540 17
60550 17
60560 17
60570 17
60580 17
60590 17
60600 17
60610 17
60620 17
60630 17
60640 17
60650 17
60660 17
60670 17
60680 17
60690 17
60700 17
60710 17
60720 17
60730 17
60740 17
60750 17
60760 17
60770 17
60780 17
60790 17
60800 17
60810 17
60820 17
60830 17
60840 17
60850 17
60860 17
60870 17
60880 17
60890 17
60900 17
60910 17
60920 17
60930 17
60940 17
60950 17
60960 17
60970 17
60980 17
60990 17
61000 17
61010 17
61020 17
61030 17
61040 17
61050 17
61060 17
61070 17
61080 17
61090 17
61100 17
61110 17
61120 17
61130 17
61140 17
61150 17
61160 17
61170 17
61180 17
61190 17
61200 17
61210 17
61220 17
61230 17
61240 17
61250 17
61260 17
61270 17
61280 17
61290 17
61300 17
61310 17
61320 17
61330 17
61340 17
61350 17
61360 17
61370 17
61380 17
61390 17
61400 17
61410 17
61420 17
61430 17
61440 17
61450 17
61460 17
61470 17
61480 17
61490 17
61500 17
61510 17
61520 17
61530 17
61540 17
61550 17
61560 17
61570 17
61580 17
61590 17
61600 17
61610 17
61620 17
61630 17
61640 17
61650 17
61660 17
61670 17
61680 17
61690 17
61700 17
61710 17
61720 17
61730 17
61740 17
61750 17
61760 17
61770 17
61780 17
61790 17
61800 17
61810 17
61820 17
61830 17
61840 17
61850 17
61860 17
61870 17
61880 17
61890 17
61900 17
61910 17
61920 17
61930 17
61940 17
61950 17
61960 17
61970 17
61980 17
61990 17
62000 17
62010 17
62020 17
62030 17
62040 17
62050 17
62060 17
62070 17
62080 17
62090 17
62100 17
62110 17
62120 17
62130 17
62140 17
62150 17
62160 17
62170 17
62180 17
62190 17
62200 17
62210 17
62220 17
62230 17
62240 17
62250 17
62260 17
62270 17
62280 17
62290 17
62300 17
62310 17
62320 17
62330 17
62340 17
62350 17
62360 17
62370 17
62380 17
62390 17
62400 17
62410 17
62420 17
62430 17
62440 17
62450 17
62460 17
62470 17
62480 17
62490 17
62500 17
62510 17
62520 17
62530 17
62540 17
62550 17
62560 17
62570 17
62580 17
62590 17
62600 17
62610 17
62620 17
62630 17
62640 17
62650 17
62660 17
62670 17
62680 17
62690 17
62700 17
62710 17
62720 17
62730 17
62740 17
62750 17
62760 17
62770 17
62780 17
62790 17
62800 17
62810 17
62820 17
62830 17
62840 17
62850 17
62860 17
62870 17
62880 17
62890 17
62900 17
62910 17
62920 17
62930 17
62940 17
62950 17
62960 17
62970 17
62980 17
62990 17
63000 17
63010 17
63020 17
63030 17
63040 17
63050 17
63060 17
63070 17
63080 17
63090 17
63100 17
63110 17
63120 17
63130 17
63140 17
63150 17
63160 17
63170 17
63180 17
63190 17
63200 17
63210 17
63220 17
63230 17
63240 17
63250 17
63260 17
63270 17
63280 17
63290 17
63300 17
63310 17
63320 17
63330 17
63340 17
63350 17
63360 17
63370 17
63380 17
63390 17
63400 17
63410 17
63420 17
63430 17
63440 17
63450 17
63460 17
63470 17
63480 17
63490 17
63500 17
63510 17
63520 17
63530 17
63540 17
63550 17
63560 17
63570 17
63580 17
63590 17
63600 17
63610 17
63620 17
63630 17
63640 17
63650 17
63660 17
63670 17
63680 17
63690 17
63700 17
63710 17
63720 17
63730 17
63740 17
63750 17
63760 17
63770 17
63780 17
63790 17
63800 17
63810 17
63820 17
63830 17
63840 17
63850 17
63860 17
63870 17
63880 17
63890 17
63900 17
63910 17
63920 17
63930 17
63940 17
63950 17
63960 17
63970 17
63980 17
63990 17
64000 17
64010 17
64020 17
64030 17
64040 17
64050 17
64060 17
64070 17
64080 17
64090 17
64100 17
64110 17
64120 17
64130 17
64140 17
64150 17
64160 17
64170 17
64180 17
64190 17
64200 17
64210 17
64220 17
64230 17
64240 17
64250 17
64260 17
64270 17
64280 17
64290 17
64300 17
64310 17
64320 17
64330 17
64340 17
64350 17
64360 17
64370 17
64380 17
64390 17
64400 17
64410 17
64420 17
64430 17
64440 17
64450 17
64460 17
64470 17
64480 17
64490 17
64500 17
64510 17
64520 17
64530 17
64540 17
64550 17
64560 17
64570 17
64580 17
64590 17
64600 17
64610 17
64620 17
64630 17
64640 17
64650 17
64660 17
64670 17
64680 17
64690 17
64700 17
64710 17
64720 17
64730 17
64740 17
64750 17
64760 17
64770 17
64780 17
64790 17
64800 17
64810 17
64820 17
64830 17
64840 17
64850 17
64860 17
64870 17
64880 17
64890 17
64900 17
64910 17
64920 17
64930 17
64940 17
64950 17
64960 17
64970 17
64980 17
64990 17
65000 17
65010 17
65020 17
65030 17
65040 17
65050 17
65060 17
65070 17
65080 17
65090 17
65100 17
65110 17
65120 17
65130 17
65140 17
65150 17
65160 17
65170 17
65180 17
65190 17
65200 17
65210 17
65220 17
65230 17
65240 17
65250 17
65260 17
65270 17
65280 17
65290 17
65300 17
65310 17
65320 17
65330 17
65340 17
65350 17
65360 17
65370 17
65380 17
65390 17
65400 17
65410 17
65420 17
65430 17
65440 17
65450 17
65460 17
65470 17
65480 17
65490 17
65500 17
65510 17
65520 17
65530 17
65540 17
65550 17
65560 17
65570 17
65580 17
65590 17
65600 17
65610 17
65620 17
65630 17
65640 17
65650 17
65660 17
65670 17
65680 17
65690 17
65700 17
65710 17
65720 17
65730 17
65740 17
65750 17
65760 17
65770 17
65780 17
65790 17
65800 17
65810 17
65820 17
65830 17
65840 17
65850 17
65860 17
65870 17
65880 17
65890 17
65900 17
65910 17
65920 17
65930 17
65940 17
65950 17
65960 17
65970 17
65980 17
65990 17
66000 17
66010 17
66020 17
66030 17
66040 17
66050 17
66060 17
66070 17
66080 17
66090 17
66100 17
66110 17
66120 17
66130 17
66140 17
66150 17
66160 17
66170 17
66180 17
66190 17
66200 17
66210 17
66220 17
66230 17
66240 17
66250 17
66260 17
66270 17
66280 17
66290 17
66300 17
66310 17
66320 17
66330 17
66340 17
66350 17
66360 17
66370 17
66380 17
66390 17
66400 17
66410 17
66420 17
66430 17
66440 17
66450 17
66460 17
66470 17
66480 17
66490 17
66500 17
66510 17
66520 17
66530 17
66540 17
66550 17
66560 17
66570 17
66580 17
66590 17
66600 17
66610 17
66620 17
66630 18
66640 18
66650 18
66660 18
66670 18
66680 18
66690 18
66700 18
66710 18
66720 18
66730 18
66740 18
66750 18
66760 18
66770 18
66780 18
66790 18
66800 18
66810 18
66820 18
66830 18
66840 18
66850 18
66860 18
66870 18
66880 18
66890 18
66900 18
66910 18
66920 18
66930 18
66940 18
66950 18
66960 18
66970 18
66980 18
66990 18
67000 18
67010 18
67020 18
67030 18
67040 18
67050 18
67060 18
67070 18
67080 18
67090 18
67100 18
67110 18
67120 18
67130 18
67140 18
67150 18
67160 18
67170 18
67180 18
67190 18
67200 18
67210 18
67220 18
67230 18
67240 18
67250 18
67260 18
67270 18
67280 18
67290 18
67300 18
67310 18
67320 18
67330 18
67340 18
67350 18
67360 18
67370 18
67380 18
67390 18
67400 18
67410 18
67420 18
67430 18
67440 18
67450 18
67460 18
67470 18
67480 18
67490 18
67500 18
67510 18
67520 18
67530 18
67540 18
67550 18
67560 18
67570 18
67580 18
67590 18
67600 18
67610 18
67620 18
67630 18
67640 18
67650 18
67660 18
67670 18
67680 18
67690 18
67700 18
67710 18
67720 18
67730 18
67740 18
67750 18
67760 18
67770 18
67780 18
67790 18
67800 18
67810 18
67820 18
67830 18
67840 18
67850 18
67860 18
67870 18
67880 18
67890 18
67900 18
67910 18
67920 18
67930 18
67940 18
67950 18
67960 18
67970 18
67980 18
67990 18
68000 18
68010 18
68020 18
68030 18
68040 18
68050 18
68060 18
68070 18
68080 18
68090 18
68100 18
68110 18
68120 18
68130 18
68140 18
68150 18
68160 18
68170 18
68180 18
68190 18
68200 18
68210 18
68220 18
68230 18
68240 18
68250 18
68260 18
68270 18
68280 18
68290 18
68300 18
68310 18
68320 18
68330 18
68340 18
68350 18
68360 18
68370 18
68380 18
68390 18
68400 18
68410 18
68420 18
68430 18
68440 18
68450 18
68460 18
68470 18
68480 18
68490 18
68500 18
68510 18
68520 18
68530 18
68540 18
68550 18
68560 18
68570 18
68580 18
68590 18
68600 18
68610 18
68620 18
68630 18
68640 18
68650 18
68660 18
68670 18
68680 18
68690 18
68700 18
68710 18
68720 18
68730 18
68740 18
68750 18
68760 18
68770 18
68780 18
68790 18
68800 18
68810 18
68820 18
68830 18
68840 18
68850 18
68860 18
68870 18
68880 18
68890 18
68900 18
68910 18
68920 18
68930 18
68940 18
68950 18
68960 18
68970 18
68980 18
68990 18
69000 18
69010 18
69020 18
69030 18
69040 18
69050 18
69060 18
69070 18
69080 18
69090 18
69100 18
69110 18
69120 18
69130 18
69140 18
69150 18
69160 18
69170 18
69180 18
69190 18
69200 18
69210 18
69220 18
69230 18
69240 18
69250 18
69260 18
69270 18
69280 18
69290 18
69300 18
69310 18
69320 18
69330 18
69340 18
69350 18
69360 18
69370 18
69380 18
69390 18
69400 18
69410 18
69420 18
69430 18
69440 18
69450 18
69460 18
69470 18
69480 18
69490 18
69500 18
69510 18
69520 18
69530 18
69540 18
69550 18
69560 18
69570 18
69580 18
69590 18
69600 18
69610 18
69620 18
69630 18
69640 18
69650 18
69660 18
69670 18
69680 18
69690 18
69700 18
69710 18
69720 18
69730 18
69740 18
69750 18
69760 18
69770 18
69780 18
69790 18
69800 18
69810 18
69820 18
69830 18
69840 18
69850 18
69860 18
69870 18
69880 18
69890 18
69900 18
69910 18
69920 18
69930 18
69940 18
69950 18
69960 18
69970 18
69980 18
69990 18
70000 18
70010 18
70020 18
70030 18
70040 18
70050 18
70060 18
70070 18
70080 18
70090 18
70100 18
70110 18
70120 18
70130 18
70140 18
70150 18
70160 18
70170 18
70180 18
70190 18
70200 18
70210 18
70220 18
70230 18
70240 18
70250 18
70260 18
70270 18
70280 18
70290 18
70300 18
70310 18
70320 18
70330 18
70340 18
70350 18
70360 18
70370 18
70380 18
70390 18
70400 18
70410 18
70420 18
70430 18
70440 18
70450 18
70460 18
70470 18
70480 18
70490 18
70500 18
70510 18
70520 18
70530 18
70540 18
70550 18
70560 18
70570 18
70580 18
70590 18
70600 18
70610 18
70620 18
70630 18
70640 18
70650 18
70660 18
70670 18
70680 18
70690 18
70700 18
70710 18
70720 18
70730 18
70740 18
70750 18
70760 18
70770 18
70780 18
70790 18
70800 18
70810 18
70820 18
70830 18
70840 18
70850 18
70860 18
70870 18
70880 18
70890 18
70900 18
70910 18
70920 18
70930 18
70940 18
70950 18
70960 18
70970 18
70980 18
70990 18
71000 18
71010 18
71020 18
71030 18
71040 18
71050 18
71060 18
71070 18
71080 18
71090 18
71100 18
71110 18
71120 18
71130 18
71140 18
71150 18
71160 18
71170 18
71180 18
71190 18
71200 18
71210 18
71220 18
71230 18
71240 18
71250 18
71260 18
71270 18
71280 18
71290 18
71300 18
71310 18
71320 18
71330 18
71340 18
71350 18
71360 18
71370 18
71380 18
71390 18
71400 18
71410 18
71420 18
71430 18
71440 18
71450 18
71460 18
71470 18
71480 18
71490 18
71500 18
71510 18
71520 18
71530 18
71540 18
71550 18
71560 18
71570 18
71580 18
71590 18
71600 18
71610 18
71620 18
71630 18
71640 18
71650 18
71660 18
71670 18
71680 18
71690 18
71700 18
71710 18
71720 18
71730 18
71740 18
71750 18
71760 18
71770 18
71780 18
71790 18
71800 18
71810 18
71820 18
71830 18
71840 18
71850 18
71860 18
71870 18
71880 18
71890 18
71900 18
71910 18
71920 18
71930 18
71940 18
71950 18
71960 18
71970 18
71980 18
71990 18
72000 18
72010 18
72020 18
72030 18
72040 18
72050 18
72060 18
72070 18
72080 18
72090 18
72100 18
72110 18
72120 18
72130 18
72140 18
72150 18
72160 18
72170 18
72180 18
72190 18
72200 18
72210 18
72220 18
72230 18
72240 18
72250 18
72260 18
72270 18
72280 18
72290 18
72300 18
72310 18
72320 18
72330 18
72340 18
72350 18
72360 18
72370 18
72380 18
72390 18
72400 18
72410 18
72420 18
72430 18
72440 18
72450 18
72460 18
72470 18
72480 18
72490 18
72500 18
72510 18
72520 18
72530 18
72540 18
72550 18
72560 18
72570 18
72580 18
72590 18
72600 18
72610 18
72620 18
72630 18
72640 18
72650 18
72660 18
72670 18
72680 18
72690 18
72700 18
72710 18
72720 18
72730 18
72740 18
72750 18
72760 18
72770 18
72780 18
72790 18
72800 18
72810 18
72820 18
72830 18
72840 18
72850 18
72860 18
72870 18
72880 18
72890 18
72900 18
72910 18
72920 18
72930 18
72940 18
72950 18
72960 18
72970 18
72980 18
72990 18
73000 18
73010 18
73020 18
73030 18
73040 18
73050 18
73060 18
73070 18
73080 18
73090 18
73100 18
73110 18
73120 18
73130 18
73140 18
73150 18
73160 18
73170 18
73180 18
73190 18
73200 18
73210 18
73220 18
73230 18
73240 18
73250 18
73260 18
73270 18
73280 18
73290 18
73300 18
73310 18
73320 18
73330 18
73340 18
73350 18
73360 18
73370 18
73380 18
73390 18
73400 18
73410 18
73420 18
73430 18
73440 18
73450 18
73460 18
73470 18
73480 18
73490 18
73500 18
73510 18
73520 18
73530 18
73540 18
73550 18
73560 18
73570 18
73580 18
73590 18
73600 18
73610 18
73620 18
73630 18
73640 18
73650 18
73660 18
73670 18
73680 18
73690 18
73700 18
73710 18
73720 18
73730 18
73740 18
73750 18
73760 18
73770 18
73780 18
73790 18
73800 18
73810 18
73820 18
73830 18
73840 18
73850 18
73860 18
73870 18
73880 18
73890 18
73900 18
73910 18
73920 18
73930 18
73940 18
73950 18
73960 18
73970 18
73980 18
73990 18
74000 18
74010 18
74020 18
74030 18
74040 18
74050 18
74060 18
74070 18
74080 18
74090 18
74100 18
74110 18
74120 18
74130 18
74140 18
74150 18
74160 18
74170 18
74180 18
74190 18
74200 18
74210 18
74220 18
74230 18
74240 18
74250 18
74260 18
74270 18
74280 18
74290 18
74300 18
74310 18
74320 18
74330 18
74340 18
74350 18
74360 18
74370 18
74380 18
74390 18
74400 18
74410 18
74420 18
74430 18
74440 18
74450 18
74460 18
74470 18
74480 18
74490 18
74500 18
74510 18
74520 18
74530 18
74540 18
74550 18
74560 18
74570 18
74580 18
74590 18
74600 18
74610 18
74620 18
74630 18
74640 18
74650 18
74660 18
74670 18
74680 18
74690 18
74700 18
74710 18
74720 18
74730 18
74740 18
74750 18
74760 18
74770 18
74780 18
74790 18
74800 18
74810 18
74820 18
74830 18
74840 18
74850 18
74860 18
74870 18
74880 18
74890 18
74900 18
74910 18
74920 18
74930 18
74940 18
74950 18
74960 18
74970 18
74980 18
74990 18
75000 18
75010 18
75020 18
75030 18
75040 18
75050 18
75060 18
75070 18
75080 18
75090 18
75100 18
75110 18
75120 18
75130 18
75140 18
75150 18
75160 18
75170 18
75180 18
75190 18
75200 18
75210 18
75220 18
75230 18
75240 18
75250 18
75260 18
75270 18
75280 18
75290 18
75300 18
75310 18
75320 18
75330 18
75340 18
75350 18
75360 18
75370 18
75380 18
75390 18
75400 18
75410 18
75420 18
75430 18
75440 18
75450 18
75460 18
75470 18
75480 18
75490 18
75500 18
75510 18
75520 18
75530 18
75540 18
75550 18
75560 18
75570 18
75580 18
75590 18
75600 18
75610 18
75620 18
75630 18
75640 18
75650 18
75660 18
75670 18
75680 18
75690 18
75700 18
75710 18
75720 18
75730 18
75740 18
75750 18
75760 18
75770 18
75780 18
75790 18
75800 18
75810 18
75820 18
75830 18
75840 18
75850 18
75860 18
75870 18
75880 18
75890 18
75900 18
75910 18
75920 18
75930 18
75940 18
75950 18
75960 18
75970 18
75980 18
75990 18
76000 18
76010 18
76020 18
76030 18
76040 18
76050 18
76060 18
76070 18
76080 18
76090 18
76100 18
76110 18
76120 18
76130 18
76140 18
76150 18
76160 18
76170 18
76180 18
76190 18
76200 18
76210 18
76220 18
76230 18
76240 18
76250 18
76260 18
76270 18
76280 18
76290 18
76300 18
76310 18
76320 18
76330 18
76340 18
76350 18
76360 18
76370 18
76380 18
76390 18
76400 18
76410 18
76420 18
76430 18
76440 18
76450 18
76460 18
76470 18
76480 18
76490 18
76500 18
76510 18
76520 18
76530 18
76540 18
76550 18
76560 18
76570 18
76580 18
76590 18
76600 18
76610 18
76620 18
76630 18
76640 18
76650 18
76660 18
76670 18
76680 18
76690 18
76700 18
76710 18
76720 18
76730 18
76740 18
76750 18
76760 18
76770 18
76780 18
76790 18
76800 18
76810 18
76820 18
76830 18
76840 18
76850 18
76860 18
76870 18
76880 18
76890 18
76900 18
76910 18
76920 18
76930 18
76940 18
76950 18
76960 18
76970 18
76980 18
76990 18
77000 18
77010 18
77020 18
77030 18
77040 18
77050 18
77060 18
77070 18
77080 18
77090 18
77100 18
77110 18
77120 18
77130 18
77140 18
77150 18
77160 18
77170 18
77180 18
77190 18
77200 18
77210 18
77220 18
77230 18
77240 18
77250 18
77260 18
77270 18
77280 18
77290 18
77300 18
77310 18
77320 18
77330 18
77340 18
77350 18
77360 18
77370 18
77380 18
77390 18
77400 18
77410 18
77420 18
77430 18
77440 18
77450 18
77460 18
77470 18
77480 18
77490 18
77500 18
77510 18
77520 18
77530 18
77540 18
77550 18
77560 18
77570 18
77580 18
77590 18
77600 18
77610 18
77620 18
77630 18
77640 18
77650 18
77660 18
77670 18
77680 18
77690 18
77700 18
77710 18
77720 18
77730 18
77740 18
77750 18
77760 18
77770 18
77780 18
77790 18
77800 18
77810 18
77820 18
77830 18
77840 18
77850 18
77860 18
77870 18
77880 18
77890 18
77900 18
77910 18
77920 18
77930 18
77940 18
77950 18
77960 18
77970 18
77980 18
77990 18
78000 18
78010 18
78020 18
78030 18
78040 18
78050 18
78060 18
78070 18
78080 18
78090 18
78100 18
78110 18
78120 18
78130 18
78140 18
78150 18
78160 18
78170 18
78180 18
78190 18
78200 18
78210 18
78220 18
78230 18
78240 18
78250 18
78260 18
78270 18
78280 18
78290 18
78300 18
78310 18
78320 18
78330 18
78340 18
78350 18
78360 18
78370 18
78380 18
78390 18
78400 18
78410 18
78420 18
78430 18
78440 18
78450 18
78460 18
78470 18
78480 18
78490 18
78500 18
78510 18
78520 18
78530 18
78540 18
78550 18
78560 18
78570 18
78580 18
78590 18
78600 18
78610 18
78620 18
78630 18
78640 18
78650 18
78660 18
78670 18
78680 18
78690 18
78700 18
78710 18
78720 18
78730 18
78740 18
78750 18
78760 18
78770 18
78780 18
78790 18
78800 18
78810 18
78820 18
78830 18
78840 18
78850 18
78860 18
78870 18
78880 18
78890 18
78900 18
78910 18
78920 18
78930 18
78940 18
78950 18
78960 18
78970 18
78980 18
78990 18
79000 18
79010 18
79020 18
79030 18
79040 18
79050 18
79060 18
79070 18
79080 18
79090 18
79100 18
79110 18
79120 18
79130 18
79140 18
79150 18
79160 18
79170 18
79180 18
79190 18
79200 18
79210 18
79220 18
79230 18
79240 18
79250 18
79260 18
79270 18
79280 18
79290 18
79300 18
79310 18
79320 18
79330 18
79340 18
79350 18
79360 18
79370 18
79380 18
79390 18
79400 18
79410 18
79420 18
79430 18
79440 18
79450 18
79460 18
79470 18
79480 18
79490 18
79500 18
79510 18
79520 18
79530 18
79540 18
79550 18
79560 18
79570 18
79580 18
79590 18
79600 18
79610 18
79620 18
79630 18
79640 18
79650 18
79660 18
79670 18
79680 18
79690 18
79700 18
79710 18
79720 18
79730 18
79740 18
79750 18
79760 18
79770 18
79780 18
79790 18
79800 18
79810 18
79820 18
79830 18
79840 18
79850 18
79860 18
79870 18
79880 18
79890 18
79900 18
79910 18
79920 18
79930 18
79940 18
79950 18
79960 18
79970 18
79980 18
79990 18
80000 18
80010 18
80020 18
80030 18
80040 18
80050 18
80060 18
80070 18
80080 18
80090 18
80100 18
80110 18
80120 18
80130 18
80140 18
80150 18
80160 18
80170 18
80180 18
80190 18
80200 18
80210 18
80220 18
80230 18
80240 18
80250 18
80260 18
80270 18
80280 18
80290 18
80300 18
80310 18
80320 18
80330 18
80340 18
80350 18
80360 18
80370 18
80380 18
80390 18
80400 18
80410 18
80420 18
80430 18
80440 18
80450 18
80460 18
80470 18
80480 18
80490 18
80500 18
80510 18
80520 18
80530 18
80540 18
80550 18
80560 18
80570 18
80580 18
80590 18
80600 18
80610 18
80620 18
80630 18
80640 18
80650 18
80660 18
80670 18
80680 18
80690 18
80700 18
80710 18
80720 18
80730 18
80740 18
80750 18
80760 18
80770 18
80780 18
80790 18
80800 18
80810 18
80820 18
80830 18
80840 18
80850 18
80860 18
80870 18
80880 18
80890 18
80900 18
80910 18
80920 18
80930 18
80940 18
80950 18
80960 18
80970 18
80980 18
80990 18
81000 18
81010 18
81020 18
81030 18
81040 18
81050 18
81060 18
81070 18
81080 18
81090 18
81100 18
81110 18
81120 18
81130 18
81140 18
81150 18
81160 18
81170 18
81180 18
81190 18
81200 18
81210 18
81220 18
81230 18
81240 18
81250 18
81260 18
81270 18
81280 18
81290 18
81300 18
81310 18
81320 18
81330 18
81340 18
81350 18
81360 18
81370 18
81380 18
81390 18
81400 18
81410 18
81420 18
81430 18
81440 18
81450 18
81460 18
81470 18
81480 18
81490 18
81500 18
81510 18
81520 18
81530 18
81540 18
81550 18
81560 18
81570 18
81580 18
81590 18
81600 18
81610 18
81620 18
81630 18
81640 18
81650 18
81660 18
81670 18
81680 18
81690 18
81700 18
81710 18
81720 18
81730 18
81740 18
81750 18
81760 18
81770 18
81780 18
81790 18
81800 18
81810 18
81820 18
81830 18
81840 18
81850 18
81860 18
81870 18
81880 18
81890 18
81900 18
81910 18
81920 18
81930 18
81940 18
81950 18
81960 18
81970 18
81980 18
81990 18
82000 18
82010 18
82020 18
82030 18
82040 18
82050 18
82060 18
82070 18
82080 18
82090 18
82100 18
82110 18
82120 18
82130 18
82140 18
82150 18
82160 18
82170 18
82180 18
82190 18
82200 18
82210 18
82220 18
82230 18
82240 18
82250 18
82260 18
82270 18
82280 18
82290 18
82300 18
82310 18
82320 18
82330 18
82340 18
82350 18
82360 18
82370 18
82380 18
82390 18
82400 18
82410 18
82420 18
82430 18
82440 18
82450 18
82460 18
82470 18
82480 18
82490 18
82500 18
82510 18
82520 18
82530 18
82540 18
82550 18
82560 18
82570 18
82580 18
82590 18
82600 18
82610 18
82620 18
82630 18
82640 18
82650 18
82660 18
82670 18
82680 18
82690 18
82700 18
82710 18
82720 18
82730 18
82740 18
82750 18
82760 18
82770 18
82780 18
82790 18
82800 18
82810 18
82820 18
82830 18
82840 18
82850 18
82860 18
82870 18
82880 18
