20 4
30 4
40 4
50 4
60 4
70 4
80 4
90 4
100 4
110 4
120 5
130 5
140 5
150 5
160 5
170 5
180 5
190 5
200 5
210 5
220 6
230 6
240 6
250 6
260 6
270 7
280 7
290 7
300 7
310 7
320 7
330 7
340 7
350 7
360 7
370 8
380 8
390 8
400 8
410 8
420 8
430 8
440 8
450 8
460 8
470 8
480 8
490 8
500 8
510 8
520 8
530 8
540 8
550 8
560 8
570 8
580 8
590 8
600 8
610 8
620 8
630 8
640 8
650 8
660 8
670 8
680 8
690 8
700 8
710 8
720 8
730 8
740 8
750 8
760 8
770 8
780 8
790 8
800 8
810 8
820 8
830 8
840 8
850 8
860 8
870 8
880 8
890 8
900 8
910 8
920 8
930 8
940 8
950 8
960 8
970 8
980 8
990 8
1000 8
1010 8
1020 8
1030 8
1040 8
1050 8
1060 8
1070 8
1080 8
1090 8
1100 8
1110 8
1120 8
1130 8
1140 8
1150 8
1160 8
1170 8
1180 8
1190 8
1200 8
1210 8
1220 8
1230 8
1240 8
1250 8
1260 8
1270 8
1280 8
1290 8
1300 8
1310 8
1320 8
1330 8
1340 8
1350 8
1360 8
1370 8
1380 8
1390 8
1400 8
1410 8
1420 8
1430 8
1440 8
1450 8
1460 8
1470 8
1480 8
1490 8
1500 8
1510 8
1520 8
1530 8
1540 8
1550 8
1560 8
1570 8
1580 8
1590 8
1600 8
1610 8
1620 8
1630 8
1640 8
1650 8
1660 8
1670 8
1680 8
1690 8
1700 8
1710 8
1720 8
1730 8
1740 8
1750 8
1760 8
1770 8
1780 8
1790 8
1800 8
1810 8
1820 8
1830 8
1840 8
1850 8
1860 8
1870 8
1880 8
1890 8
1900 8
1910 10
1920 10
1930 10
1940 10
1950 10
1960 10
1970 10
1980 10
1990 10
2000 10
2010 10
2020 10
2030 10
2040 10
2050 10
2060 10
2070 10
2080 10
2090 10
2100 10
2110 10
2120 10
2130 10
2140 10
2150 10
2160 10
2170 10
2180 10
2190 10
2200 10
2210 10
2220 10
2230 10
2240 10
2250 10
2260 10
2270 10
2280 10
2290 10
2300 10
2310 10
2320 10
2330 10
2340 10
2350 10
2360 10
2370 10
2380 10
2390 10
2400 10
2410 10
2420 10
2430 10
2440 10
2450 10
2460 10
2470 10
2480 10
2490 10
2500 10
2510 10
2520 10
2530 10
2540 10
2550 10
2560 10
2570 10
2580 10
2590 10
2600 10
2610 10
2620 10
2630 10
2640 10
2650 10
2660 10
2670 10
2680 10
2690 10
2700 10
2710 10
2720 10
2730 10
2740 10
2750 10
2760 10
2770 10
2780 10
2790 10
2800 10
2810 10
2820 10
2830 10
2840 10
2850 10
2860 10
2870 10
2880 10
2890 10
2900 10
2910 10
2920 10
2930 10
2940 10
2950 10
2960 10
2970 10
2980 10
2990 10
3000 10
3010 10
3020 10
3030 10
3040 10
3050 10
3060 10
3070 10
3080 10
3090 10
3100 10
3110 10
3120 10
3130 10
3140 10
3150 10
3160 10
3170 10
3180 10
3190 10
3200 10
3210 10
3220 10
3230 10
3240 10
3250 10
3260 10
3270 10
3280 10
3290 10
3300 10
3310 10
3320 10
3330 10
3340 10
3350 10
3360 10
3370 10
3380 10
3390 10
3400 10
3410 10
3420 10
3430 10
3440 10
3450 10
3460 10
3470 10
3480 10
3490 10
3500 10
3510 10
3520 10
3530 10
3540 10
3550 10
3560 10
3570 10
3580 10
3590 10
3600 10
3610 10
3620 10
3630 10
3640 10
3650 10
3660 10
3670 10
3680 10
3690 10
3700 10
3710 10
3720 10
3730 10
3740 10
3750 10
3760 10
3770 10
3780 10
3790 10
3800 10
3810 10
3820 10
3830 10
3840 10
3850 10
3860 10
3870 10
3880 10
3890 10
3900 10
3910 10
3920 10
3930 10
3940 10
3950 10
3960 10
3970 10
3980 10
3990 10
4000 10
4010 10
4020 10
4030 10
4040 10
4050 10
4060 10
4070 10
4080 10
4090 10
4100 10
4110 10
4120 10
4130 10
4140 10
4150 10
4160 10
4170 10
4180 10
4190 10
4200 10
4210 10
4220 10
4230 10
4240 10
4250 10
4260 10
4270 10
4280 10
4290 10
4300 10
4310 10
4320 10
4330 10
4340 10
4350 10
4360 10
4370 10
4380 10
4390 10
4400 10
4410 10
4420 10
4430 10
4440 10
4450 10
4460 10
4470 10
4480 10
4490 10
4500 10
4510 10
4520 10
4530 10
4540 10
4550 10
4560 10
4570 10
4580 10
4590 10
4600 10
4610 10
4620 11
4630 11
4640 11
4650 11
4660 11
4670 11
4680 11
4690 11
4700 11
4710 11
4720 11
4730 11
4740 11
4750 11
4760 11
4770 11
4780 11
4790 11
4800 11
4810 11
4820 11
4830 11
4840 11
4850 11
4860 11
4870 11
4880 11
4890 11
4900 11
4910 11
4920 11
4930 11
4940 11
4950 11
4960 11
4970 11
4980 11
4990 11
5000 11
5010 11
5020 11
5030 11
5040 11
5050 11
5060 11
5070 11
5080 11
5090 11
5100 11
5110 11
5120 11
5130 11
5140 11
5150 11
5160 11
5170 11
5180 11
5190 11
5200 11
5210 11
5220 11
5230 11
5240 11
5250 11
5260 11
5270 11
5280 11
5290 11
5300 11
5310 11
5320 11
5330 11
5340 11
5350 11
5360 11
5370 11
5380 11
5390 11
5400 11
5410 11
5420 11
5430 11
5440 11
5450 11
5460 11
5470 11
5480 11
5490 11
5500 11
5510 11
5520 11
5530 11
5540 11
5550 11
5560 11
5570 11
5580 11
5590 11
5600 11
5610 11
5620 11
5630 11
5640 11
5650 11
5660 11
5670 11
5680 11
5690 11
5700 11
5710 11
5720 11
5730 11
5740 11
5750 11
5760 11
5770 11
5780 11
5790 11
5800 11
5810 11
5820 11
5830 11
5840 11
5850 11
5860 11
5870 11
5880 11
5890 11
5900 11
5910 11
5920 11
5930 11
5940 11
5950 11
5960 11
5970 11
5980 11
5990 11
6000 11
6010 11
6020 11
6030 11
6040 11
6050 11
6060 11
6070 11
6080 11
6090 11
6100 11
6110 11
6120 11
6130 11
6140 11
6150 11
6160 11
6170 11
6180 11
6190 11
6200 11
6210 11
6220 11
6230 11
6240 11
6250 11
6260 11
6270 11
6280 11
6290 11
6300 11
6310 11
6320 11
6330 11
6340 11
6350 11
6360 11
6370 11
6380 11
6390 11
6400 11
6410 11
6420 11
6430 11
6440 11
6450 11
6460 11
6470 11
6480 11
6490 11
6500 11
6510 11
6520 11
6530 11
6540 11
6550 11
6560 11
6570 11
6580 11
6590 11
6600 11
6610 11
6620 11
6630 11
6640 11
6650 11
6660 11
6670 11
6680 11
6690 11
6700 11
6710 11
6720 11
6730 11
6740 11
6750 11
6760 11
6770 11
6780 11
6790 11
6800 11
6810 11
6820 11
6830 11
6840 11
6850 11
6860 11
6870 11
6880 11
6890 11
6900 11
6910 11
6920 11
6930 11
6940 11
6950 11
6960 11
6970 11
6980 11
6990 11
7000 11
7010 11
7020 11
7030 11
7040 11
7050 11
7060 11
7070 11
7080 11
7090 11
7100 11
7110 11
7120 11
7130 11
7140 11
7150 11
7160 11
7170 11
7180 11
7190 11
7200 11
7210 11
7220 11
7230 11
7240 11
7250 11
7260 11
7270 11
7280 11
7290 11
7300 11
7310 11
7320 11
7330 11
7340 11
7350 11
7360 11
7370 11
7380 11
7390 11
7400 11
7410 11
7420 11
7430 11
7440 11
7450 11
7460 11
7470 11
7480 11
7490 11
7500 11
7510 11
7520 11
7530 11
7540 11
7550 11
7560 11
7570 11
7580 11
7590 11
7600 11
7610 11
7620 11
7630 11
7640 11
7650 11
7660 11
7670 11
7680 11
7690 11
7700 11
7710 11
7720 11
7730 11
7740 11
7750 11
7760 11
7770 11
7780 11
7790 11
7800 11
7810 11
7820 11
7830 11
7840 11
7850 11
7860 11
7870 11
7880 11
7890 11
7900 11
7910 11
7920 11
7930 11
7940 11
7950 11
7960 11
7970 11
7980 11
7990 11
8000 11
8010 11
8020 11
8030 11
8040 11
8050 11
8060 11
8070 11
8080 11
8090 11
8100 11
8110 11
8120 11
8130 11
8140 11
8150 11
8160 11
8170 11
8180 11
8190 11
8200 11
8210 11
8220 11
8230 11
8240 11
8250 11
8260 11
8270 11
8280 11
8290 11
8300 11
8310 11
8320 11
8330 11
8340 11
8350 11
8360 11
8370 11
8380 11
8390 11
8400 11
8410 11
8420 11
8430 11
8440 11
8450 11
8460 11
8470 11
8480 11
8490 11
8500 11
8510 11
8520 11
8530 11
8540 12
8550 12
8560 12
8570 12
8580 12
8590 12
8600 12
8610 12
8620 12
8630 12
8640 12
8650 12
8660 12
8670 12
8680 12
8690 12
8700 12
8710 12
8720 12
8730 12
8740 12
8750 12
8760 12
8770 12
8780 12
8790 12
8800 12
8810 12
8820 12
8830 12
8840 12
8850 12
8860 12
8870 12
8880 12
8890 12
8900 12
8910 12
8920 12
8930 12
8940 12
8950 12
8960 12
8970 12
8980 12
8990 12
9000 12
9010 12
9020 12
9030 12
9040 12
9050 12
9060 12
9070 12
9080 12
9090 12
9100 12
9110 12
9120 12
9130 12
9140 12
9150 12
9160 12
9170 12
9180 12
9190 12
9200 12
9210 12
9220 12
9230 12
9240 12
9250 12
9260 12
9270 12
9280 12
9290 12
9300 12
9310 12
9320 12
9330 12
9340 12
9350 12
9360 12
9370 12
9380 12
9390 12
9400 12
9410 12
9420 12
9430 12
9440 12
9450 12
9460 12
9470 12
9480 12
9490 12
9500 12
9510 12
9520 12
9530 12
9540 12
9550 12
9560 12
9570 12
9580 12
9590 12
9600 12
9610 12
9620 12
9630 12
9640 12
9650 12
9660 12
9670 12
9680 12
9690 12
9700 12
9710 12
9720 12
9730 12
9740 12
9750 12
9760 12
9770 12
9780 12
9790 12
9800 12
9810 12
9820 12
9830 12
9840 12
9850 12
9860 12
9870 12
9880 12
9890 12
9900 12
9910 12
9920 12
9930 12
9940 12
9950 12
9960 12
9970 12
9980 12
9990 12
10000 12
10010 12
10020 12
10030 12
10040 12
10050 12
10060 12
10070 12
10080 12
10090 12
10100 12
10110 12
10120 12
10130 12
10140 12
10150 12
10160 12
10170 12
10180 12
10190 12
10200 12
10210 12
10220 12
10230 12
10240 12
10250 12
10260 12
10270 12
10280 12
10290 12
10300 12
10310 12
10320 12
10330 12
10340 12
10350 12
10360 12
10370 12
10380 12
10390 12
10400 12
10410 12
10420 12
10430 12
10440 12
10450 12
10460 12
10470 12
10480 12
10490 12
10500 12
10510 12
10520 12
10530 12
10540 12
10550 12
10560 12
10570 12
10580 12
10590 12
10600 12
10610 12
10620 12
10630 12
10640 12
10650 12
10660 12
10670 12
10680 12
10690 12
10700 12
10710 12
10720 12
10730 12
10740 12
10750 12
10760 12
10770 12
10780 12
10790 12
10800 12
10810 12
10820 12
10830 12
10840 12
10850 12
10860 12
10870 12
10880 12
10890 12
10900 12
10910 12
10920 12
10930 12
10940 12
10950 12
10960 12
10970 12
10980 12
10990 12
11000 12
11010 12
11020 12
11030 12
11040 12
11050 12
11060 12
11070 12
11080 12
11090 12
11100 12
11110 12
11120 12
11130 12
11140 12
11150 12
11160 12
11170 12
11180 12
11190 12
11200 12
11210 12
11220 12
11230 12
11240 12
11250 12
11260 12
11270 12
11280 12
11290 12
11300 12
11310 12
11320 12
11330 12
11340 12
11350 12
11360 12
11370 12
11380 12
11390 12
11400 12
11410 13
11420 13
11430 13
11440 13
11450 13
11460 13
11470 13
11480 13
11490 13
11500 13
11510 13
11520 13
11530 13
11540 13
11550 13
11560 13
11570 13
11580 13
11590 13
11600 13
11610 13
11620 13
11630 13
11640 13
11650 13
11660 13
11670 13
11680 13
11690 13
11700 13
11710 13
11720 13
11730 13
11740 13
11750 13
11760 13
11770 13
11780 13
11790 13
11800 13
11810 13
11820 13
11830 13
11840 13
11850 13
11860 13
11870 13
11880 13
11890 13
11900 13
11910 13
11920 13
11930 13
11940 13
11950 13
11960 13
11970 13
11980 13
11990 13
12000 13
12010 13
12020 13
12030 13
12040 13
12050 13
12060 13
12070 13
12080 13
12090 13
12100 13
12110 13
12120 13
12130 13
12140 13
12150 13
12160 13
12170 13
12180 13
12190 13
12200 13
12210 13
12220 13
12230 13
12240 13
12250 13
12260 13
12270 13
12280 13
12290 13
12300 13
12310 13
12320 13
12330 13
12340 13
12350 13
12360 13
12370 13
12380 13
12390 13
12400 13
12410 13
12420 13
12430 13
12440 13
12450 13
12460 13
12470 13
12480 13
12490 13
12500 13
12510 13
12520 13
12530 13
12540 13
12550 13
12560 13
12570 13
12580 13
12590 13
12600 13
12610 13
12620 13
12630 13
12640 13
12650 13
12660 13
12670 13
12680 13
12690 13
12700 13
12710 13
12720 13
12730 13
12740 13
12750 13
12760 13
12770 13
12780 13
12790 13
12800 13
12810 13
12820 13
12830 13
12840 13
12850 13
12860 13
12870 13
12880 13
12890 13
12900 13
12910 13
12920 13
12930 13
12940 13
12950 13
12960 13
12970 13
12980 13
12990 13
13000 13
13010 13
13020 13
13030 13
13040 13
13050 13
13060 13
13070 13
13080 13
13090 13
13100 13
13110 13
13120 13
13130 13
13140 13
13150 13
13160 13
13170 13
13180 13
13190 13
13200 13
13210 13
13220 13
13230 13
13240 13
13250 13
13260 13
13270 13
13280 13
13290 13
13300 13
13310 13
13320 13
13330 13
13340 13
13350 13
13360 13
13370 13
13380 13
13390 13
13400 13
13410 13
13420 13
13430 13
13440 13
13450 13
13460 13
13470 13
13480 13
13490 13
13500 13
13510 13
13520 13
13530 13
13540 13
13550 13
13560 13
13570 13
13580 13
13590 13
13600 13
13610 13
13620 13
13630 13
13640 13
13650 13
13660 13
13670 13
13680 13
13690 13
13700 13
13710 13
13720 13
13730 13
13740 13
13750 13
13760 13
13770 13
13780 13
13790 13
13800 13
13810 13
13820 13
13830 13
13840 13
13850 13
13860 13
13870 13
13880 13
13890 13
13900 13
13910 13
13920 13
13930 13
13940 13
13950 13
13960 13
13970 13
13980 13
13990 13
14000 13
14010 13
14020 13
14030 13
14040 13
14050 13
14060 13
14070 13
14080 13
14090 13
14100 13
14110 13
14120 13
14130 13
14140 13
14150 13
14160 13
14170 13
14180 13
14190 13
14200 13
14210 13
14220 13
14230 13
14240 13
14250 13
14260 13
14270 13
14280 13
14290 13
14300 13
14310 13
14320 13
14330 13
14340 13
14350 13
14360 13
14370 13
14380 13
14390 13
14400 13
14410 13
14420 13
14430 13
14440 13
14450 13
14460 13
14470 13
14480 13
14490 13
14500 13
14510 13
14520 13
14530 13
14540 13
14550 13
14560 13
14570 13
14580 13
14590 13
14600 13
14610 13
14620 13
14630 13
14640 13
14650 13
14660 13
14670 13
14680 13
14690 13
14700 13
14710 13
14720 13
14730 13
14740 13
14750 13
14760 13
14770 13
14780 13
14790 13
14800 13
14810 13
14820 13
14830 13
14840 13
14850 13
14860 13
14870 13
14880 13
14890 13
14900 13
14910 13
14920 13
14930 13
14940 13
14950 13
14960 13
14970 13
14980 13
14990 13
15000 13
15010 13
15020 13
15030 13
15040 13
15050 13
15060 13
15070 13
15080 13
15090 13
15100 13
15110 13
15120 13
15130 13
15140 13
15150 13
15160 13
15170 13
15180 13
15190 13
15200 13
15210 13
15220 13
15230 13
15240 13
15250 13
15260 13
15270 13
15280 13
15290 13
15300 13
15310 13
15320 13
15330 13
15340 13
15350 13
15360 13
15370 13
15380 13
15390 13
15400 13
15410 13
15420 13
15430 13
15440 13
15450 13
15460 13
15470 13
15480 13
15490 13
15500 13
15510 13
15520 13
15530 13
15540 13
15550 13
15560 13
15570 13
15580 13
15590 13
15600 13
15610 13
15620 13
15630 13
15640 13
15650 13
15660 13
15670 13
15680 13
15690 13
15700 13
15710 13
15720 13
15730 13
15740 13
15750 13
15760 13
15770 13
15780 13
15790 13
15800 13
15810 13
15820 13
15830 13
15840 13
15850 13
15860 13
15870 13
15880 13
15890 13
15900 13
15910 13
15920 13
15930 13
15940 13
15950 13
15960 13
15970 13
15980 13
15990 13
16000 13
16010 13
16020 13
16030 13
16040 13
16050 13
16060 13
16070 13
16080 13
16090 13
16100 13
16110 13
16120 13
16130 13
16140 13
16150 13
16160 13
16170 13
16180 13
16190 13
16200 13
16210 13
16220 13
16230 13
16240 13
16250 13
16260 13
16270 13
16280 13
16290 13
16300 13
16310 13
16320 13
16330 13
16340 13
16350 13
16360 13
16370 13
16380 13
16390 13
16400 13
16410 13
16420 13
16430 13
16440 13
16450 13
16460 13
16470 13
16480 13
16490 13
16500 13
16510 13
16520 13
16530 13
16540 13
16550 13
16560 13
16570 13
16580 13
16590 13
16600 13
16610 13
16620 13
16630 13
16640 13
16650 13
16660 13
16670 13
16680 13
16690 13
16700 13
16710 13
16720 13
16730 13
16740 13
16750 13
16760 13
16770 13
16780 13
16790 13
16800 13
16810 13
16820 13
16830 13
16840 13
16850 13
16860 13
16870 13
16880 13
16890 13
16900 13
16910 13
16920 13
16930 13
16940 13
16950 13
16960 13
16970 13
16980 13
16990 13
17000 13
17010 13
17020 13
17030 13
17040 13
17050 13
17060 13
17070 13
17080 13
17090 13
17100 13
17110 13
17120 13
17130 13
17140 13
17150 13
17160 13
17170 13
17180 13
17190 13
17200 13
17210 13
17220 13
17230 13
17240 13
17250 13
17260 13
17270 13
17280 13
17290 13
17300 13
17310 13
17320 13
17330 13
17340 13
17350 13
17360 13
17370 13
17380 13
17390 13
17400 13
17410 13
17420 13
17430 13
17440 13
17450 13
17460 13
17470 13
17480 13
17490 13
17500 13
17510 13
17520 13
17530 13
17540 13
17550 13
17560 13
17570 13
17580 13
17590 13
17600 13
17610 13
17620 13
17630 13
17640 13
17650 13
17660 13
17670 13
17680 13
17690 13
17700 13
17710 13
17720 13
17730 13
17740 13
17750 13
17760 13
17770 13
17780 13
17790 13
17800 13
17810 13
17820 13
17830 13
17840 13
17850 13
17860 13
17870 13
17880 13
17890 13
17900 13
17910 13
17920 13
17930 13
17940 13
17950 13
17960 13
17970 13
17980 13
17990 13
18000 13
18010 13
18020 13
18030 13
18040 13
18050 13
18060 13
18070 13
18080 13
18090 13
18100 13
18110 13
18120 13
18130 13
18140 13
18150 13
18160 13
18170 13
18180 13
18190 13
18200 13
18210 13
18220 13
18230 13
18240 13
18250 13
18260 13
18270 13
18280 13
18290 13
18300 13
18310 13
18320 13
18330 13
18340 13
18350 13
18360 13
18370 13
18380 13
18390 13
18400 13
18410 13
18420 13
18430 13
18440 13
18450 13
18460 13
18470 13
18480 13
18490 13
18500 13
18510 13
18520 13
18530 13
18540 13
18550 13
18560 13
18570 13
18580 13
18590 13
18600 13
18610 13
18620 13
18630 13
18640 13
18650 13
18660 13
18670 13
18680 13
18690 13
18700 13
18710 13
18720 13
18730 13
18740 13
18750 13
18760 13
18770 13
18780 13
18790 13
18800 13
18810 13
18820 13
18830 13
18840 13
18850 13
18860 13
18870 13
18880 13
18890 13
18900 13
18910 13
18920 13
18930 13
18940 13
18950 13
18960 13
18970 13
18980 13
18990 13
19000 13
19010 13
19020 13
19030 13
19040 13
19050 13
19060 13
19070 13
19080 13
19090 13
19100 13
19110 13
19120 13
19130 13
19140 13
19150 13
19160 13
19170 13
19180 13
19190 13
19200 13
19210 13
19220 13
19230 13
19240 13
19250 13
19260 13
19270 13
19280 13
19290 13
19300 13
19310 13
19320 13
19330 13
19340 13
19350 13
19360 13
19370 13
19380 13
19390 13
19400 13
19410 13
19420 13
19430 13
19440 13
19450 13
19460 13
19470 13
19480 13
19490 13
19500 14
19510 14
19520 14
19530 14
19540 14
19550 14
19560 14
19570 14
19580 14
19590 14
19600 14
19610 14
19620 14
19630 14
19640 14
19650 14
19660 14
19670 14
19680 14
19690 14
19700 14
19710 14
19720 14
19730 14
19740 14
19750 14
19760 14
19770 14
19780 14
19790 14
19800 14
19810 14
19820 14
19830 14
19840 14
19850 14
19860 14
19870 14
19880 14
19890 14
19900 14
19910 14
19920 14
19930 14
19940 14
19950 14
19960 14
19970 14
19980 14
19990 14
20000 14
20010 14
20020 14
20030 14
20040 14
20050 14
20060 14
20070 14
20080 14
20090 14
20100 14
20110 14
20120 14
20130 14
20140 14
20150 14
20160 14
20170 14
20180 14
20190 14
20200 14
20210 14
20220 14
20230 14
20240 14
20250 14
20260 14
20270 14
20280 14
20290 14
20300 14
20310 14
20320 14
20330 14
20340 14
20350 14
20360 14
20370 14
20380 14
20390 14
20400 14
20410 14
20420 14
20430 14
20440 14
20450 14
20460 14
20470 14
20480 14
20490 14
20500 14
20510 14
20520 14
20530 14
20540 14
20550 14
20560 14
20570 14
20580 14
20590 14
20600 14
20610 14
20620 14
20630 14
20640 14
20650 14
20660 14
20670 14
20680 14
20690 14
20700 14
20710 14
20720 14
20730 14
20740 14
20750 14
20760 14
20770 14
20780 14
20790 14
20800 14
20810 14
20820 14
20830 14
20840 14
20850 14
20860 14
20870 14
20880 14
20890 14
20900 14
20910 14
20920 14
20930 14
20940 14
20950 14
20960 14
20970 14
20980 14
20990 14
21000 14
21010 14
21020 14
21030 14
21040 14
21050 14
21060 14
21070 14
21080 14
21090 14
21100 14
21110 14
21120 14
21130 14
21140 14
21150 14
21160 14
21170 14
21180 14
21190 14
21200 14
21210 14
21220 14
21230 14
21240 14
21250 14
21260 14
21270 14
21280 14
21290 14
21300 14
21310 14
21320 14
21330 14
21340 14
21350 14
21360 14
21370 14
21380 14
21390 14
21400 14
21410 14
21420 14
21430 14
21440 14
21450 14
21460 14
21470 14
21480 14
21490 14
21500 14
21510 14
21520 14
21530 14
21540 14
21550 14
21560 14
21570 14
21580 14
21590 14
21600 14
21610 14
21620 14
21630 14
21640 14
21650 14
21660 14
21670 14
21680 14
21690 14
21700 14
21710 14
21720 14
21730 14
21740 14
21750 14
21760 14
21770 14
21780 14
21790 14
21800 14
21810 14
21820 14
21830 14
21840 14
21850 14
21860 14
21870 14
21880 14
21890 14
21900 14
21910 14
21920 14
21930 14
21940 14
21950 14
21960 14
21970 14
21980 14
21990 14
22000 14
22010 14
22020 14
22030 14
22040 14
22050 14
22060 14
22070 14
22080 14
22090 14
22100 14
22110 14
22120 14
22130 14
22140 14
22150 14
22160 14
22170 14
22180 14
22190 14
22200 14
22210 14
22220 14
22230 14
22240 14
22250 14
22260 14
22270 14
22280 14
22290 14
22300 14
22310 14
22320 14
22330 14
22340 14
22350 14
22360 14
22370 14
22380 14
22390 14
22400 14
22410 14
22420 14
22430 14
22440 14
22450 14
22460 14
22470 14
22480 14
22490 14
22500 14
22510 14
22520 14
22530 14
22540 14
22550 14
22560 14
22570 14
22580 14
22590 14
22600 14
22610 14
22620 14
22630 14
22640 14
22650 14
22660 14
22670 14
22680 14
22690 14
22700 14
22710 14
22720 14
22730 14
22740 14
22750 14
22760 14
22770 14
22780 14
22790 14
22800 14
22810 14
22820 14
22830 14
22840 14
22850 14
22860 14
22870 14
22880 14
22890 14
22900 14
22910 14
22920 14
22930 14
22940 14
22950 14
22960 14
22970 14
22980 14
22990 14
23000 14
23010 14
23020 14
23030 14
23040 14
23050 14
23060 14
23070 14
