20 243820
30 244854
40 246038
50 246818
60 247508
70 249497
80 251276
90 252240
100 253929
110 255906
120 256395
130 256438
140 256735
150 257772
160 258104
170 258697
180 259934
190 260137
200 260644
210 261775
220 262397
230 262473
240 262502
250 263911
260 264073
270 264414
280 264473
290 264575
300 264704
310 265097
320 265123
330 265132
340 265149
350 266037
360 266087
370 266298
380 266593
390 266979
400 267018
410 267018
420 267053
430 267653
440 267653
450 267653
460 267653
470 267653
480 267958
490 268124
500 268176
510 268550
520 269460
530 269460
540 270786
550 271232
560 271338
570 271485
580 271485
590 272117
600 272316
610 272413
620 272882
630 273448
640 274075
650 274190
660 274800
670 274809
680 274826
690 274978
700 275122
710 275384
720 275918
730 275918
740 276304
750 276304
760 276416
770 276417
780 277160
790 278249
800 278580
810 278768
820 279037
830 279037
840 279107
850 279111
860 279158
870 279183
880 279183
890 279366
900 280160
910 280160
920 280260
930 280688
940 281398
950 281472
960 281687
970 281687
980 281903
990 281908
1000 281908
1010 283127
1020 283127
1030 283470
1040 283470
1050 283508
1060 283508
1070 283589
1080 283676
1090 283906
1100 283906
1110 283906
1120 283912
1130 283912
1140 284114
1150 284114
1160 284385
1170 284385
1180 284398
1190 284511
1200 284524
1210 284524
1220 284524
1230 284528
1240 284542
1250 284572
1260 284611
1270 284759
1280 284843
1290 284843
1300 284847
1310 284905
1320 284905
1330 284951
1340 284951
1350 284951
1360 285020
1370 285176
1380 285194
1390 285220
1400 285220
1410 285429
1420 285429
1430 285958
1440 286118
1450 286118
1460 286835
1470 287911
1480 287951
1490 288068
1500 288158
1510 288170
1520 288389
1530 288390
1540 288411
1550 288468
1560 289207
1570 289207
1580 289213
1590 289382
1600 289423
1610 289423
1620 289556
1630 289871
1640 289906
1650 289906
1660 289906
1670 290018
1680 290018
1690 290132
1700 290456
1710 290766
1720 290890
1730 291040
1740 291040
1750 291040
1760 291040
1770 291054
1780 291054
1790 291101
1800 291101
1810 291102
1820 291117
1830 291277
1840 291406
1850 291406
1860 291479
1870 291479
1880 291572
1890 291572
1900 291616
1910 291709
1920 291852
1930 292004
1940 292004
1950 292128
1960 292304
1970 292317
1980 292317
1990 292490
2000 292510
2010 292510
2020 292717
2030 292742
2040 292742
2050 292742
2060 292804
2070 292932
2080 292932
2090 293060
2100 293098
2110 293224
2120 293224
2130 293373
2140 293405
2150 293464
2160 293608
2170 293608
2180 293683
2190 293684
2200 293700
2210 293700
2220 293834
2230 293834
2240 293834
2250 293834
2260 293988
2270 294015
2280 294015
2290 294063
2300 294063
2310 294063
2320 294066
2330 294066
2340 294141
2350 294141
2360 294159
2370 294573
2380 295030
2390 295030
2400 295030
2410 295092
2420 295093
2430 295093
2440 295093
2450 295146
2460 295268
2470 295272
2480 295272
2490 295682
2500 295682
2510 295682
2520 295688
2530 296092
2540 296094
2550 296112
2560 296368
2570 296386
2580 296386
2590 296417
2600 296417
2610 296417
2620 296417
2630 296423
2640 296585
2650 296635
2660 296635
2670 296635
2680 296802
2690 296802
2700 296802
2710 297058
2720 297126
2730 297410
2740 297410
2750 297459
2760 297459
2770 297459
2780 297459
2790 297459
2800 297460
2810 297742
2820 297980
2830 297980
2840 298036
2850 298335
2860 298858
2870 298858
2880 298858
2890 298881
2900 298957
2910 298957
2920 299158
2930 299188
2940 299200
2950 299263
2960 299263
2970 299281
2980 299281
2990 299281
3000 299281
3010 299319
3020 299319
3030 299362
3040 299368
3050 299415
3060 299415
3070 299415
3080 299447
3090 299447
3100 299459
3110 299459
3120 299467
3130 299477
3140 299477
3150 299477
3160 299525
3170 299526
3180 299526
3190 299543
3200 299543
3210 299551
3220 299551
3230 299551
3240 299552
3250 299620
3260 299936
3270 299936
3280 299936
3290 299936
3300 299975
3310 300043
3320 300089
3330 300089
3340 300089
3350 300089
3360 300093
3370 300105
3380 300105
3390 300124
3400 300124
3410 300124
3420 300183
3430 300188
3440 300481
3450 300481
3460 300534
3470 300534
3480 300534
3490 300622
3500 300622
3510 300629
3520 300635
3530 300653
3540 300653
3550 300697
3560 300697
3570 300697
3580 300701
3590 300701
3600 300734
3610 300742
3620 300746
3630 300779
3640 300779
3650 300779
3660 300779
3670 300785
3680 300785
3690 300785
3700 300785
3710 300785
3720 300810
3730 300862
3740 300866
3750 300951
3760 300951
3770 300951
3780 301247
3790 301247
3800 301247
3810 301247
3820 301247
3830 301432
3840 301435
3850 301491
3860 301622
3870 301622
3880 301629
3890 301629
3900 301629
3910 301643
3920 301643
3930 301648
3940 301674
3950 301674
3960 301678
3970 301678
3980 301682
3990 301694
4000 301883
4010 301984
4020 301984
4030 301984
4040 301984
4050 301984
4060 301988
4070 301988
4080 302014
4090 302014
4100 302083
4110 302083
4120 302083
4130 302084
4140 302084
4150 302091
4160 302106
4170 302169
4180 302178
4190 302178
4200 302229
4210 302229
4220 302235
4230 302575
4240 302588
4250 302588
4260 302588
4270 302588
4280 302588
4290 302588
4300 302588
4310 302766
4320 302788
4330 302894
4340 302969
4350 303087
4360 303088
4370 303088
4380 303126
4390 303469
4400 303472
4410 303472
4420 303477
4430 303603
4440 303603
4450 303603
4460 303719
4470 303750
4480 303770
4490 303770
4500 303770
4510 303770
4520 303770
4530 303786
4540 303786
4550 303797
4560 304121
4570 304121
4580 304121
4590 304121
4600 304121
4610 304121
4620 304121
4630 304150
4640 304150
4650 304298
4660 304375
4670 304375
4680 304375
4690 304745
4700 304774
4710 304793
4720 304793
4730 304807
4740 304809
4750 305124
4760 305124
4770 305124
4780 305137
4790 305137
4800 305276
4810 305276
4820 305276
4830 305276
4840 305677
4850 305677
4860 305677
4870 305677
4880 305705
4890 305705
4900 305706
4910 305706
4920 305992
4930 306053
4940 306053
4950 306072
4960 306079
4970 306247
4980 306441
4990 306776
5000 306822
5010 306822
5020 306859
5030 306925
5040 307051
5050 307086
5060 307090
5070 307433
5080 307433
5090 307602
5100 307602
5110 307602
5120 307602
5130 307603
5140 307898
5150 307898
5160 307898
5170 307911
5180 307954
5190 307954
5200 307954
5210 307954
5220 308001
5230 308034
5240 308061
5250 308061
5260 308061
5270 308224
5280 308224
5290 308224
5300 308224
5310 308324
5320 308324
5330 308340
5340 308446
5350 308446
5360 308474
5370 308474
5380 308487
5390 308488
5400 308488
5410 308488
5420 308491
5430 308491
5440 308525
5450 308543
5460 308569
5470 308702
5480 308702
5490 308864
5500 309000
5510 309000
5520 309000
5530 309278
5540 309278
5550 309398
5560 309400
5570 309400
5580 309421
5590 309421
5600 309453
5610 309453
5620 309559
5630 309559
5640 309559
5650 309559
5660 309609
5670 309611
5680 309611
5690 309611
5700 310062
5710 310062
5720 310075
5730 310075
5740 310107
5750 310119
5760 310120
5770 310136
5780 310136
5790 310150
5800 310150
5810 310150
5820 310150
5830 310150
5840 310150
5850 310227
5860 310244
5870 310363
5880 310381
5890 310386
5900 310406
5910 310412
5920 310580
5930 310586
5940 310586
5950 310586
5960 310615
5970 310651
5980 310679
5990 310679
6000 310683
6010 310683
6020 310683
6030 310683
6040 310691
6050 310691
6060 310691
6070 310691
6080 310702
6090 310702
6100 310702
6110 310810
6120 310948
6130 310969
6140 310969
6150 310969
6160 310969
6170 310969
6180 311048
6190 311169
6200 311196
6210 311196
6220 311196
6230 311196
6240 311196
6250 311196
6260 311196
6270 311196
6280 311196
6290 311306
6300 311306
6310 311306
6320 311307
6330 311307
6340 311307
6350 311310
6360 311310
6370 311310
6380 311352
6390 311352
6400 311352
6410 311370
6420 311437
6430 311437
6440 311452
6450 311452
6460 311452
6470 311469
6480 311470
6490 311470
6500 311470
6510 311470
6520 311476
6530 311476
6540 311487
6550 311558
6560 311558
6570 311564
6580 311564
6590 311566
6600 311574
6610 311649
6620 311649
6630 311674
6640 311674
6650 311701
6660 311714
6670 311717
6680 311758
6690 311796
6700 311938
6710 311959
6720 311961
6730 312024
6740 312024
6750 312024
6760 312033
6770 312033
6780 312038
6790 312065
6800 312156
6810 312156
6820 312193
6830 312193
6840 312193
6850 312218
6860 312231
6870 312235
6880 312243
6890 312243
6900 312255
6910 312255
6920 312255
6930 312259
6940 312259
6950 312267
6960 312267
6970 312267
6980 312267
6990 312267
7000 312267
7010 312354
7020 312396
7030 312447
7040 312447
7050 312447
7060 312483
7070 312497
7080 312497
7090 312497
7100 312497
7110 312506
7120 312506
7130 312506
7140 312506
7150 312520
7160 312525
7170 312525
7180 312556
7190 312556
7200 312556
7210 312556
7220 312558
7230 312558
7240 312558
7250 312558
7260 312558
7270 312574
7280 312574
7290 312574
7300 312642
7310 312923
7320 313065
7330 313065
7340 313065
7350 313065
7360 313084
7370 313084
7380 313112
7390 313112
7400 313112
7410 313112
7420 313114
7430 313114
7440 313114
7450 313327
7460 313328
7470 313328
7480 313335
7490 313335
7500 313335
7510 313335
7520 313340
7530 313340
7540 313354
7550 313354
7560 313354
7570 313372
7580 313372
7590 313372
7600 313372
7610 313372
7620 313382
7630 313384
7640 313716
7650 313716
7660 313716
7670 313716
7680 313716
7690 313716
7700 313716
7710 313716
7720 313716
7730 313719
7740 313719
7750 313719
7760 313719
7770 313719
7780 313869
7790 313869
7800 314051
7810 314051
7820 314051
7830 314062
7840 314075
7850 314081
7860 314081
7870 314234
7880 314234
7890 314246
7900 314314
7910 314314
7920 314314
7930 314314
7940 314314
7950 314314
7960 314318
7970 314318
7980 314318
7990 314318
8000 314361
8010 314399
8020 314399
8030 314518
8040 314518
8050 314518
8060 314518
8070 314522
8080 314558
8090 314558
8100 314558
8110 314558
8120 314722
8130 314726
8140 314780
8150 314780
8160 314853
8170 314853
8180 314853
8190 314853
8200 314853
8210 314853
8220 314853
8230 314853
8240 314853
8250 314853
8260 314880
8270 314880
8280 314880
8290 314890
8300 314890
8310 314890
8320 314890
8330 314932
8340 314932
8350 314955
8360 314955
8370 314985
8380 314985
8390 314985
8400 314985
8410 314985
8420 314985
8430 314985
8440 314985
8450 314985
8460 314985
8470 314985
8480 314993
8490 314993
8500 314993
8510 314993
8520 314993
8530 314993
8540 314993
8550 314993
8560 315007
8570 315007
8580 315014
8590 315014
8600 315014
8610 315014
8620 315051
8630 315130
8640 315130
8650 315173
8660 315173
8670 315303
8680 315303
8690 315303
8700 315303
8710 315303
8720 315303
8730 315334
8740 315487
8750 315487
8760 315487
8770 315487
8780 315487
8790 315487
8800 315487
8810 315487
8820 315487
8830 315487
8840 315487
8850 315487
8860 315487
8870 315590
8880 315590
8890 315590
8900 315590
8910 315590
8920 315636
8930 315636
8940 315636
8950 315636
8960 315750
8970 315750
8980 315750
8990 315750
9000 315771
9010 315771
9020 315771
9030 315771
9040 315842
9050 316280
9060 316280
9070 316280
9080 316280
9090 316282
9100 316373
9110 316373
9120 316373
9130 316373
9140 316373
9150 316407
9160 316407
9170 316407
9180 316407
9190 316407
9200 316407
9210 316407
9220 316407
9230 316407
9240 316407
9250 316407
9260 316407
9270 316478
9280 316478
9290 316500
9300 316500
9310 316500
9320 316500
9330 316500
9340 316500
9350 316520
9360 316602
9370 316602
9380 316707
9390 316724
9400 316724
9410 316769
9420 316903
9430 316903
9440 316903
9450 316903
9460 316926
9470 316926
9480 316946
9490 316946
9500 316946
9510 316946
9520 316946
9530 316946
9540 316974
9550 317074
9560 317074
9570 317074
9580 317076
9590 317076
9600 317076
9610 317076
9620 317091
9630 317091
9640 317106
9650 317106
9660 317106
9670 317118
9680 317118
9690 317118
9700 317118
9710 317118
9720 317118
9730 317118
9740 317118
9750 317118
9760 317118
9770 317118
9780 317118
9790 317118
9800 317131
9810 317230
9820 317234
9830 317234
9840 317234
9850 317234
9860 317234
9870 317261
9880 317264
9890 317376
9900 317386
9910 317386
9920 317386
9930 317386
9940 317386
9950 317386
9960 317386
9970 317386
9980 317389
9990 317389
10000 317398
10010 317398
10020 317404
10030 317404
10040 317472
10050 317472
10060 317472
10070 317472
10080 317472
10090 317476
10100 317477
10110 317503
10120 317503
10130 317511
10140 317552
10150 317552
10160 317552
10170 317552
10180 317552
10190 317573
10200 317573
10210 317573
10220 317573
10230 317585
10240 317585
10250 317585
10260 317585
10270 317610
10280 317610
10290 317680
10300 317680
10310 317688
10320 317780
10330 317780
10340 317780
10350 317780
10360 317812
10370 317812
10380 317812
10390 317812
10400 317812
10410 317812
10420 317812
10430 317812
10440 317812
10450 317812
10460 317812
10470 317812
10480 317813
10490 317819
10500 318012
10510 318012
10520 318012
10530 318049
10540 318052
10550 318052
10560 318099
10570 318099
10580 318099
10590 318146
10600 318146
10610 318146
10620 318146
10630 318146
10640 318148
10650 318148
10660 318148
10670 318148
10680 318148
10690 318148
10700 318220
10710 318228
10720 318228
10730 318228
10740 318239
10750 318239
10760 318258
10770 318260
10780 318265
10790 318265
10800 318265
10810 318265
10820 318265
10830 318265
10840 318265
10850 318331
10860 318338
10870 318338
10880 318338
10890 318338
10900 318338
10910 318345
10920 318345
10930 318345
10940 318345
10950 318345
10960 318345
10970 318345
10980 318345
10990 318345
11000 318399
11010 318399
11020 318399
11030 318399
11040 318490
11050 318490
11060 318490
11070 318499
11080 318499
11090 318499
11100 318499
11110 318499
11120 318499
11130 318499
11140 318499
11150 318500
11160 318510
11170 318510
11180 318510
11190 318510
11200 318510
11210 318512
11220 318512
11230 318512
11240 318512
11250 318512
11260 318529
11270 318529
11280 318533
11290 318533
11300 318568
11310 318568
11320 318581
11330 318581
11340 318595
11350 318597
11360 318597
11370 318597
11380 318597
11390 318597
11400 318610
11410 318610
11420 318610
11430 318610
11440 318610
11450 318610
11460 318610
11470 318660
11480 318663
11490 318672
11500 318678
11510 318678
11520 318678
11530 318678
11540 318690
11550 318690
11560 318690
11570 318690
11580 318690
11590 318690
11600 318695
11610 318695
11620 318695
11630 318696
11640 318696
11650 318696
11660 318696
11670 318696
11680 318721
11690 318721
11700 318721
11710 318854
11720 318854
11730 318854
11740 318873
11750 318873
11760 318878
11770 318890
11780 318898
11790 318905
11800 318933
11810 318933
11820 318933
11830 318933
11840 318933
11850 318933
11860 318933
11870 318933
11880 318933
11890 318949
11900 318949
11910 318949
11920 318949
11930 318949
11940 319032
11950 319032
11960 319032
11970 319032
11980 319032
11990 319032
12000 319032
12010 319032
12020 319032
12030 319032
12040 319052
12050 319052
12060 319068
12070 319068
12080 319068
12090 319076
12100 319080
12110 319080
12120 319097
12130 319097
12140 319097
12150 319097
12160 319097
12170 319134
12180 319134
12190 319169
12200 319169
12210 319169
12220 319169
12230 319173
12240 319173
12250 319173
12260 319173
12270 319173
12280 319186
12290 319186
12300 319228
12310 319228
12320 319228
12330 319229
12340 319230
12350 319268
12360 319268
12370 319268
12380 319268
12390 319268
12400 319392
12410 319402
12420 319402
12430 319402
12440 319402
12450 319402
12460 319679
12470 319679
12480 319679
12490 319679
12500 319679
12510 319679
12520 319763
12530 319763
12540 319763
12550 319779
12560 319779
12570 319779
12580 319779
12590 319779
12600 319825
12610 319878
12620 319878
12630 319878
12640 319878
12650 319950
12660 319967
12670 319967
12680 319967
12690 319967
12700 319967
12710 319985
12720 319986
12730 319986
12740 320001
12750 320001
12760 320028
12770 320047
12780 320047
12790 320047
12800 320047
12810 320050
12820 320050
12830 320100
12840 320107
12850 320111
12860 320111
12870 320117
12880 320117
12890 320117
12900 320117
12910 320266
12920 320304
12930 320304
12940 320304
12950 320304
12960 320311
12970 320311
12980 320320
12990 320328
13000 320328
13010 320328
13020 320328
13030 320328
13040 320328
13050 320348
13060 320348
13070 320348
13080 320348
13090 320348
13100 320348
13110 320348
13120 320356
13130 320409
13140 320409
13150 320409
13160 320409
13170 320454
13180 320454
13190 320459
13200 320459
13210 320459
13220 320459
13230 320459
13240 320459
13250 320459
13260 320459
13270 320468
13280 320493
13290 320493
13300 320493
13310 320493
13320 320493
13330 320493
13340 320493
13350 320493
13360 320545
13370 320554
13380 320554
13390 320554
13400 320554
13410 320554
13420 320554
13430 320670
13440 320670
13450 320670
13460 320670
13470 320682
13480 320682
13490 320718
13500 320718
13510 320718
13520 320718
13530 320718
13540 320723
13550 320723
13560 320723
13570 320723
13580 320723
13590 320723
13600 320744
13610 320744
13620 320744
13630 320744
13640 320744
13650 320766
13660 320766
13670 320767
13680 320772
13690 320772
13700 320776
13710 320776
13720 320779
13730 320779
13740 320779
13750 320779
13760 320782
13770 320782
13780 320782
13790 320782
13800 320782
13810 320782
13820 320782
13830 320782
13840 320898
13850 320898
13860 320898
13870 320918
13880 320918
13890 320918
13900 320957
13910 320957
13920 320957
13930 321005
13940 321005
13950 321005
13960 321005
13970 321005
13980 321005
13990 321008
14000 321064
14010 321064
14020 321064
14030 321170
14040 321170
14050 321170
14060 321170
14070 321177
14080 321177
14090 321177
14100 321177
14110 321186
14120 321186
14130 321186
14140 321186
14150 321207
14160 321207
14170 321207
14180 321207
14190 321207
14200 321207
14210 321207
14220 321211
14230 321223
14240 321223
14250 321223
14260 321325
14270 321335
14280 321335
14290 321335
14300 321336
14310 321336
14320 321336
14330 321336
14340 321336
14350 321336
14360 321336
14370 321368
14380 321368
14390 321368
14400 321368
14410 321368
14420 321368
14430 321368
14440 321368
14450 321368
14460 321368
14470 321368
14480 321368
14490 321374
14500 321374
14510 321374
14520 321377
14530 321377
14540 321377
14550 321388
14560 321388
14570 321442
14580 321459
14590 321468
14600 321468
14610 321468
14620 321468
14630 321468
14640 321468
14650 321468
14660 321468
14670 321468
14680 321468
14690 321487
14700 321487
14710 321495
14720 321495
14730 321495
14740 321495
14750 321495
14760 321495
14770 321498
14780 321498
14790 321501
14800 321501
14810 321501
14820 321501
14830 321501
14840 321501
14850 321503
14860 321535
14870 321535
14880 321535
14890 321535
14900 321535
14910 321535
14920 321535
14930 321535
14940 321535
14950 321535
14960 321535
14970 321535
14980 321535
14990 321535
15000 321535
15010 321535
15020 321535
15030 321535
15040 321550
15050 321550
15060 321550
15070 321550
15080 321550
15090 321550
15100 321558
15110 321558
15120 321625
15130 321642
15140 321643
15150 321643
15160 321643
15170 321643
15180 321643
15190 321657
15200 321657
15210 321657
15220 321657
15230 321657
15240 321657
15250 321657
15260 321675
15270 321675
15280 321675
15290 321675
15300 321675
15310 321675
15320 321675
15330 321675
15340 321675
15350 321675
15360 321675
15370 321675
15380 321675
15390 321675
15400 321675
15410 321675
15420 321676
15430 321676
15440 321700
15450 321700
15460 321700
15470 321700
15480 321700
15490 321700
15500 321700
15510 321700
15520 321700
15530 321700
15540 321700
15550 321700
15560 321700
15570 321700
15580 321700
15590 321700
15600 321814
15610 322071
15620 322071
15630 322071
15640 322072
15650 322072
15660 322072
15670 322075
15680 322075
15690 322085
15700 322089
15710 322089
15720 322089
15730 322089
15740 322089
15750 322089
15760 322089
15770 322158
15780 322158
15790 322158
15800 322169
15810 322169
15820 322209
15830 322209
15840 322209
15850 322215
15860 322215
15870 322215
15880 322215
15890 322215
15900 322215
15910 322215
15920 322215
15930 322217
15940 322217
15950 322217
15960 322217
15970 322217
15980 322217
15990 322240
16000 322434
16010 322595
16020 322595
16030 322595
16040 322598
16050 322598
16060 322598
16070 322598
16080 322598
16090 322598
16100 322598
16110 322599
16120 322599
16130 322599
16140 322599
16150 322599
16160 322603
16170 322603
16180 322611
16190 322611
16200 322611
16210 322611
16220 322611
16230 322611
16240 322611
16250 322611
16260 322611
16270 322611
16280 322611
16290 322611
16300 322611
16310 322611
16320 322611
16330 322681
16340 322681
16350 322681
16360 322681
16370 322681
16380 322681
16390 322681
16400 322681
16410 322684
16420 322684
16430 322685
16440 322732
16450 322732
16460 322732
16470 322732
16480 322746
16490 322746
16500 322764
16510 322764
16520 322764
16530 322764
16540 322764
16550 322764
16560 322764
16570 322764
16580 322764
16590 322764
16600 322764
16610 322764
16620 322764
16630 322764
16640 322764
16650 322764
16660 322764
16670 322764
16680 322764
16690 322812
16700 322812
16710 322844
16720 322844
16730 322844
16740 322844
16750 322844
16760 322844
16770 322844
16780 322844
16790 322844
16800 322844
16810 322861
16820 322861
16830 322861
16840 322861
16850 322861
16860 322861
16870 322861
16880 322861
16890 322861
16900 322861
16910 322861
16920 322861
16930 322861
16940 322861
16950 322861
16960 322861
16970 322861
16980 322861
16990 322861
17000 322861
17010 322861
17020 322861
17030 322861
17040 322861
17050 322861
17060 322861
17070 322861
17080 322861
17090 322861
17100 322861
17110 322861
17120 322880
17130 322880
17140 322880
17150 322880
17160 322880
17170 322880
17180 322880
17190 322880
17200 322883
17210 322883
17220 322883
17230 322883
17240 322887
17250 322887
17260 322887
17270 322887
17280 322887
17290 322887
17300 322887
17310 322887
17320 322887
17330 322887
17340 322887
17350 322887
17360 322887
17370 322904
17380 322904
17390 322904
17400 322904
17410 322904
17420 322904
17430 322904
17440 322904
17450 322904
17460 322904
17470 322930
17480 322930
17490 322930
17500 322930
17510 322930
17520 322930
17530 322930
17540 322940
17550 322969
17560 322969
17570 322969
17580 322969
17590 322969
17600 323048
17610 323048
17620 323048
17630 323048
17640 323048
17650 323048
17660 323048
17670 323050
17680 323050
17690 323050
17700 323106
17710 323106
17720 323106
17730 323106
17740 323107
17750 323107
17760 323107
17770 323109
17780 323109
17790 323109
17800 323109
17810 323118
