20 302006
30 302358
40 306362
50 306806
60 308154
70 308570
80 309041
90 309851
100 309906
110 310129
120 311190
130 313088
140 314970
150 315427
160 317463
170 317596
180 318712
190 318923
200 322100
210 322105
220 322105
230 322587
240 323837
250 323854
260 324870
270 326973
280 326974
290 327188
300 327190
310 328024
320 328464
330 328497
340 328497
350 329805
360 330967
370 331489
380 331512
390 331998
400 332121
410 332591
420 333382
430 333497
440 333497
450 333551
460 333554
470 333740
480 335648
490 335945
500 336028
510 336327
520 336714
530 337038
540 337401
550 337896
560 337896
570 337896
580 338330
590 338376
600 338666
610 338666
620 339245
630 339251
640 339833
650 340524
660 341523
670 341535
680 341535
690 341642
700 341642
710 341882
720 341882
730 342486
740 342486
750 342513
760 342590
770 342994
780 343765
790 344147
800 344676
810 344714
820 344804
830 344852
840 344852
850 344856
860 345233
870 345568
880 345568
890 345865
900 345865
910 345874
920 346168
930 346180
940 346180
950 346959
960 346959
970 346986
980 347154
990 347906
1000 348403
1010 348641
1020 349093
1030 349111
1040 349322
1050 349476
1060 349476
1070 349476
1080 349498
1090 349498
1100 349653
1110 349726
1120 349726
1130 349726
1140 349729
1150 349913
1160 350515
1170 350515
1180 350533
1190 350541
1200 350570
1210 350574
1220 350753
1230 351685
1240 351685
1250 351687
1260 351843
1270 351843
1280 351900
1290 351900
1300 351919
1310 351929
1320 351934
1330 351934
1340 351934
1350 351997
1360 352881
1370 352957
1380 352957
1390 352957
1400 353028
1410 353243
1420 353276
1430 353276
1440 353444
1450 353608
1460 353748
1470 353831
1480 353947
1490 354070
1500 354523
1510 354604
1520 354633
1530 354841
1540 354841
1550 354905
1560 355076
1570 355288
1580 355376
1590 355376
1600 355438
1610 355438
1620 355438
1630 355438
1640 355524
1650 355534
1660 355534
1670 355534
1680 355534
1690 355548
1700 355548
1710 355548
1720 355578
1730 355584
1740 356070
1750 357094
1760 357097
1770 357316
1780 357640
1790 357640
1800 357640
1810 357640
1820 358265
1830 358265
1840 358372
1850 358529
1860 358529
1870 358600
1880 358600
1890 359034
1900 359155
1910 359255
1920 359255
1930 359255
1940 359277
1950 359277
1960 359277
1970 359277
1980 359350
1990 359569
2000 359886
2010 360061
2020 360088
2030 360088
2040 360539
2050 360776
2060 360804
2070 360804
2080 361116
2090 361170
2100 361185
2110 361185
2120 361192
2130 361357
2140 361452
2150 361537
2160 361567
2170 361759
2180 361775
2190 361796
2200 361796
2210 361796
2220 361796
2230 361811
2240 361850
2250 361856
2260 361856
2270 361933
2280 362056
2290 362146
2300 362148
2310 362158
2320 362158
2330 362158
2340 362196
2350 362197
2360 362197
2370 362265
2380 362265
2390 362265
2400 362576
2410 362589
2420 362595
2430 362595
2440 362595
2450 362595
2460 362871
2470 362962
2480 362962
2490 362962
2500 362962
2510 362968
2520 363051
2530 363138
2540 363138
2550 363176
2560 363229
2570 363439
2580 363467
2590 363467
2600 363685
2610 363828
2620 363861
2630 364282
2640 364299
2650 364299
2660 364503
2670 364551
2680 364551
2690 364551
2700 364812
2710 364830
2720 364927
2730 365061
2740 365226
2750 365226
2760 365226
2770 365226
2780 365226
2790 365647
2800 365715
2810 365715
2820 365720
2830 365745
2840 366028
2850 366115
2860 366120
2870 366120
2880 366153
2890 366171
2900 366317
2910 366317
2920 366365
2930 366486
2940 366644
2950 366645
2960 366645
2970 366673
2980 366673
2990 366673
3000 366673
3010 366779
3020 366779
3030 366779
3040 366779
3050 366796
3060 367224
3070 367238
3080 367259
3090 367439
3100 367472
3110 367472
3120 367472
3130 367472
3140 367472
3150 367504
3160 367505
3170 367509
3180 367509
3190 367534
3200 367547
3210 367587
3220 367587
3230 367587
3240 367587
3250 367587
3260 367588
3270 367614
3280 367614
3290 367614
3300 367614
3310 367614
3320 367614
3330 367614
3340 367614
3350 367730
3360 367805
3370 367805
3380 367805
3390 367897
3400 367897
3410 367897
3420 367897
3430 367910
3440 367917
3450 367917
3460 367918
3470 367918
3480 368056
3490 368056
3500 368059
3510 368059
3520 368059
3530 368059
3540 368059
3550 368062
3560 368062
3570 368062
3580 368129
3590 368129
3600 368129
3610 368130
3620 368144
3630 368144
3640 368144
3650 368274
3660 368409
3670 368410
3680 368410
3690 368411
3700 368546
3710 368902
3720 368904
3730 369096
3740 369096
3750 369096
3760 369219
3770 369375
3780 369410
3790 369410
3800 369410
3810 369410
3820 369527
3830 369543
3840 369543
3850 369687
3860 369707
3870 369859
3880 369859
3890 370078
3900 370078
3910 370101
3920 370200
3930 370200
3940 370223
3950 370226
3960 370226
3970 370226
3980 370231
3990 370231
4000 370304
4010 370386
4020 370390
4030 370390
4040 370395
4050 370533
4060 370533
4070 370537
4080 370537
4090 370537
4100 370537
4110 370593
4120 370694
4130 370694
4140 370694
4150 370724
4160 370724
4170 370724
4180 370724
4190 370797
4200 370912
4210 370912
4220 370912
4230 370912
4240 370912
4250 370912
4260 370979
4270 370979
4280 370979
4290 370979
4300 370979
4310 371020
4320 371028
4330 371028
4340 371028
4350 371028
4360 371094
4370 371103
4380 371103
4390 371140
4400 371140
4410 371140
4420 371140
4430 371145
4440 371145
4450 371145
4460 371145
4470 371145
4480 371145
4490 371155
4500 371155
4510 371156
4520 371156
4530 371156
4540 371177
4550 371177
4560 371177
4570 371177
4580 371235
4590 371235
4600 371235
4610 371248
4620 371261
4630 371261
4640 371261
4650 371261
4660 371358
4670 371358
4680 371358
4690 371382
4700 371382
4710 371422
4720 371422
4730 371723
4740 371723
4750 371723
4760 371723
4770 371786
4780 372018
4790 372056
4800 372056
4810 372056
4820 372117
4830 372117
4840 372129
4850 372129
4860 372168
4870 372262
4880 372262
4890 372278
4900 372288
4910 372317
4920 372317
4930 372393
4940 372393
4950 372393
4960 372393
4970 372393
4980 372393
4990 372393
5000 372471
5010 372471
5020 372472
5030 372472
5040 372472
5050 372531
5060 372542
5070 372658
5080 372658
5090 372658
5100 372658
5110 372658
5120 372658
5130 372683
5140 372683
5150 372683
5160 372683
5170 372708
5180 372708
5190 372708
5200 372708
5210 372708
5220 372788
5230 372788
5240 372790
5250 372790
5260 372790
5270 372790
5280 372790
5290 372790
5300 372790
5310 372790
5320 372790
5330 372790
5340 372790
5350 372840
5360 372840
5370 372840
5380 373281
5390 373281
5400 373281
5410 373281
5420 373282
5430 373282
5440 373282
5450 373282
5460 373299
5470 373299
5480 373299
5490 373299
5500 373299
5510 373299
5520 373299
5530 373299
5540 373299
5550 373300
5560 373300
5570 373300
5580 373340
5590 373488
5600 373488
5610 373488
5620 373491
5630 373494
5640 373628
5650 373628
5660 373628
5670 373647
5680 373647
5690 373652
5700 373653
5710 373658
5720 373658
5730 373722
5740 373744
5750 373744
5760 373751
5770 373751
5780 373892
5790 373892
5800 373896
5810 373896
5820 373918
5830 373918
5840 373919
5850 374031
5860 374058
5870 374067
5880 374087
5890 374101
5900 374172
5910 374172
5920 374172
5930 374172
5940 374172
5950 374172
5960 374172
5970 374172
5980 374172
5990 374209
6000 374209
6010 374248
6020 374248
6030 374451
6040 374451
6050 374451
6060 374451
6070 374486
6080 374507
6090 374507
6100 374507
6110 374676
6120 374698
6130 374703
6140 374703
6150 374703
6160 374703
6170 374703
6180 374703
6190 374710
6200 374710
6210 374710
6220 374710
6230 374932
6240 375059
6250 375090
6260 375090
6270 375090
6280 375090
6290 375090
6300 375090
6310 375092
6320 375092
6330 375092
6340 375092
6350 375092
6360 375092
6370 375092
6380 375137
6390 375149
6400 375149
6410 375162
6420 375162
6430 375237
6440 375277
6450 375277
6460 375319
6470 375323
6480 375392
6490 375396
6500 375396
6510 375518
6520 375518
6530 375518
6540 375518
6550 375549
6560 375549
6570 375549
6580 375549
6590 375549
6600 375549
6610 375549
6620 375549
6630 375581
6640 375805
6650 375805
6660 375805
6670 375805
6680 375868
6690 376138
6700 376138
6710 376138
6720 376151
6730 376166
6740 376596
6750 376601
6760 376604
6770 376612
6780 376722
6790 376722
6800 376764
6810 376764
6820 376764
6830 376764
6840 376826
6850 376826
6860 376826
6870 376826
6880 376826
6890 376826
6900 376826
6910 376902
6920 376902
6930 376902
6940 376902
6950 376902
6960 376906
6970 376906
6980 376906
6990 376906
7000 376923
7010 376923
7020 376923
7030 376923
7040 376923
7050 376929
7060 376929
7070 376929
7080 377064
7090 377072
7100 377072
7110 377168
7120 377168
7130 377185
7140 377199
7150 377199
7160 377365
7170 377365
7180 377365
7190 377365
7200 377365
7210 377365
7220 377365
7230 377397
7240 377397
7250 377397
7260 377446
7270 377542
7280 377575
7290 377577
7300 377577
7310 377577
7320 377586
7330 377610
7340 377610
7350 377610
7360 377623
7370 377623
7380 377623
7390 377647
7400 377663
7410 377663
7420 377663
7430 377663
7440 377698
7450 377698
7460 377698
7470 377698
7480 377728
7490 377743
7500 377743
7510 377743
7520 377744
7530 377797
7540 377797
7550 377809
7560 377809
7570 377809
7580 377809
7590 377809
7600 377840
7610 377862
7620 377862
7630 377862
7640 377862
7650 377880
7660 377880
7670 377899
7680 377899
7690 377900
7700 377900
7710 378056
7720 378056
7730 378061
7740 378084
7750 378084
7760 378084
7770 378169
7780 378169
7790 378175
7800 378175
7810 378175
7820 378175
7830 378175
7840 378348
7850 378348
7860 378348
7870 378348
7880 378681
7890 378681
7900 378681
7910 378868
7920 378922
7930 378922
7940 378931
7950 378931
7960 379160
7970 379160
7980 379167
7990 379167
8000 379167
8010 379167
8020 379167
8030 379252
8040 379252
8050 379252
8060 379252
8070 379252
8080 379399
8090 379404
8100 379405
8110 379660
8120 379673
8130 379673
8140 379685
8150 379685
8160 379685
8170 379689
8180 379701
8190 379701
8200 379751
8210 379751
8220 379795
8230 379795
8240 379795
8250 379795
8260 379795
8270 379914
8280 379996
8290 379996
8300 380001
8310 380058
8320 380058
8330 380058
8340 380091
8350 380093
8360 380095
8370 380095
8380 380099
8390 380181
8400 380181
8410 380296
8420 380296
8430 380296
8440 380296
8450 380296
8460 380296
8470 380343
8480 380343
8490 380343
8500 380343
8510 380467
8520 380467
8530 380467
8540 380467
8550 380467
8560 380498
8570 380498
8580 380512
8590 380513
8600 380513
8610 380514
8620 380514
8630 380514
8640 380514
8650 380531
8660 380534
8670 380534
8680 380534
8690 380534
8700 380534
8710 380534
8720 380651
8730 380651
8740 380873
8750 380904
8760 380904
8770 380904
8780 380953
8790 380953
8800 380953
8810 381013
8820 381013
8830 381014
8840 381034
8850 381034
8860 381034
8870 381046
8880 381046
8890 381046
8900 381046
8910 381046
8920 381046
8930 381063
8940 381063
8950 381090
8960 381090
8970 381090
8980 381103
8990 381103
9000 381103
9010 381103
9020 381208
9030 381276
9040 381276
9050 381276
9060 381276
9070 381276
9080 381290
9090 381443
9100 381443
9110 381443
9120 381443
9130 381491
9140 381491
9150 381494
9160 381494
9170 381497
9180 381497
9190 381497
9200 381500
9210 381569
9220 381596
9230 381596
9240 381644
9250 381644
9260 381644
9270 381652
9280 381652
9290 381652
9300 381652
9310 381652
9320 381700
9330 381700
9340 381700
9350 381700
9360 381805
9370 381805
9380 381805
9390 381805
9400 381805
9410 381820
9420 381883
9430 381896
9440 381896
9450 381983
9460 381983
9470 381988
9480 382038
9490 382068
9500 382108
9510 382108
9520 382108
9530 382142
9540 382142
9550 382151
9560 382151
9570 382151
9580 382151
9590 382259
9600 382259
9610 382259
9620 382259
9630 382259
9640 382259
9650 382333
9660 382333
9670 382333
9680 382333
9690 382333
9700 382333
9710 382333
9720 382333
9730 382333
9740 382333
9750 382333
9760 382361
9770 382361
9780 382361
9790 382364
9800 382364
9810 382370
9820 382370
9830 382370
9840 382370
9850 382370
9860 382370
9870 382612
9880 382616
9890 382616
9900 382616
9910 382616
9920 382616
9930 382616
9940 382616
9950 382616
9960 382616
9970 382616
9980 382616
9990 382616
10000 382812
10010 382834
10020 382834
10030 382834
10040 382911
10050 382911
10060 382911
10070 382913
10080 382913
10090 382913
10100 382913
10110 382913
10120 382913
10130 382942
10140 383495
10150 383495
10160 383495
10170 383495
10180 383495
10190 383495
10200 383522
10210 383543
10220 383589
10230 383589
10240 383591
10250 383591
10260 383591
10270 383591
10280 383594
10290 383594
10300 383594
10310 383594
10320 383713
10330 383731
10340 383731
10350 383731
10360 383791
10370 383806
10380 383806
10390 383806
10400 383830
10410 383833
10420 383834
10430 383916
10440 383916
10450 384036
10460 384036
10470 384036
10480 384036
10490 384036
10500 384036
10510 384037
10520 384038
10530 384038
10540 384038
10550 384038
10560 384038
10570 384060
10580 384060
10590 384060
10600 384060
10610 384060
10620 384332
10630 384370
10640 384370
10650 384370
10660 384390
10670 384567
10680 384567
10690 384567
10700 384567
10710 384567
10720 384567
10730 384567
10740 384572
10750 384572
10760 384572
10770 384624
10780 384624
10790 384658
10800 384658
10810 384658
10820 384658
10830 384751
10840 384751
10850 384751
10860 384751
10870 384756
10880 384774
10890 384774
10900 384774
10910 384774
10920 384774
10930 384774
10940 384775
10950 384775
10960 384775
10970 384922
10980 384922
10990 384922
11000 384922
11010 384922
11020 384922
11030 384922
11040 384922
11050 384933
11060 384933
11070 385038
11080 385038
11090 385047
11100 385047
11110 385047
11120 385048
11130 385048
11140 385048
11150 385048
11160 385048
11170 385048
11180 385048
11190 385048
11200 385070
11210 385070
11220 385070
11230 385267
11240 385267
11250 385270
11260 385270
11270 385271
11280 385376
11290 385449
11300 385451
11310 385456
11320 385456
11330 385460
11340 385460
11350 385479
11360 385479
11370 385479
11380 385479
11390 385479
11400 385479
11410 385479
11420 385547
11430 385547
11440 385552
11450 385552
11460 385552
11470 385552
11480 385601
11490 385601
11500 385658
11510 385658
11520 385658
11530 385658
11540 385658
11550 385683
11560 385703
11570 385705
11580 385705
11590 385705
11600 385705
11610 385978
11620 385978
11630 385978
11640 386025
11650 386025
11660 386025
11670 386032
11680 386032
11690 386032
11700 386055
11710 386055
11720 386139
11730 386139
11740 386139
11750 386139
11760 386156
11770 386156
11780 386156
11790 386177
11800 386191
11810 386198
11820 386198
11830 386198
11840 386203
11850 386203
11860 386230
11870 386230
11880 386230
11890 386230
11900 386233
11910 386233
11920 386233
11930 386233
11940 386233
11950 386250
11960 386250
11970 386250
11980 386250
11990 386250
12000 386250
12010 386250
12020 386261
12030 386261
12040 386261
12050 386261
12060 386261
12070 386261
12080 386272
12090 386272
12100 386272
12110 386272
12120 386296
12130 386296
12140 386296
12150 386296
12160 386296
12170 386322
12180 386322
12190 386377
12200 386434
12210 386434
12220 386434
12230 386435
12240 386435
12250 386475
12260 386475
12270 386475
12280 386475
12290 386475
12300 386475
12310 386490
12320 386490
12330 386490
12340 386490
12350 386502
12360 386503
12370 386622
12380 386692
12390 386692
12400 386695
12410 386695
12420 386695
12430 386696
12440 386696
12450 386840
12460 386845
12470 386845
12480 386845
12490 386845
12500 386845
12510 386847
12520 386847
12530 386847
12540 386847
12550 386930
12560 386931
12570 386931
12580 386931
12590 386986
12600 387029
12610 387029
12620 387029
12630 387036
12640 387036
12650 387043
12660 387043
12670 387043
12680 387191
12690 387191
12700 387200
12710 387200
12720 387200
12730 387200
12740 387200
12750 387200
12760 387200
12770 387200
12780 387200
12790 387200
12800 387200
12810 387200
12820 387242
12830 387242
12840 387242
12850 387294
12860 387294
12870 387294
12880 387526
12890 387550
12900 387550
12910 387558
12920 387559
12930 387559
12940 387559
12950 387559
12960 387639
12970 387639
12980 387644
12990 387644
13000 387644
13010 387668
13020 387726
13030 387726
13040 387726
13050 387735
13060 387735
13070 387735
13080 387735
13090 387735
13100 387735
13110 387735
13120 387735
13130 387735
13140 387735
13150 387779
13160 387779
13170 387779
13180 387779
13190 387779
13200 387832
13210 387835
13220 387835
13230 387835
13240 387835
13250 387835
13260 387835
13270 387835
13280 387903
13290 387903
13300 387918
13310 387918
13320 387918
13330 387923
13340 387923
13350 387979
13360 387979
13370 388278
13380 388320
13390 388321
13400 388321
13410 388329
13420 388400
13430 388400
13440 388414
13450 388414
13460 388414
13470 388414
13480 388414
13490 388419
13500 388421
13510 388430
13520 388596
13530 388596
13540 388596
13550 388596
13560 388596
13570 388596
13580 388673
13590 388673
13600 388703
13610 388703
13620 388703
13630 388703
13640 388703
13650 388703
13660 388703
13670 388714
13680 388714
13690 388763
13700 388763
13710 388763
13720 388763
13730 388763
13740 388763
13750 388763
13760 388763
13770 388763
13780 388767
13790 388767
13800 388767
13810 388767
13820 388767
13830 388769
13840 388769
13850 388769
13860 388769
13870 388769
13880 388769
13890 388769
13900 388769
13910 388769
13920 388770
13930 388770
13940 388770
13950 388796
13960 388796
13970 388796
13980 388796
13990 388796
14000 388796
14010 388796
14020 388796
14030 388799
14040 388824
14050 388824
14060 388824
14070 388824
14080 388824
14090 388824
14100 388860
14110 388860
14120 388860
14130 388862
14140 388867
14150 388897
14160 388899
14170 388935
14180 388935
14190 388935
14200 388935
14210 388936
14220 388936
14230 388936
14240 388936
14250 388936
14260 388936
14270 388936
14280 388940
14290 388940
14300 388940
14310 388980
14320 388980
14330 388980
14340 388980
14350 388980
14360 388980
14370 388980
14380 388980
14390 388984
14400 388984
14410 388984
14420 388984
14430 389061
14440 389061
14450 389157
14460 389157
14470 389157
14480 389194
14490 389194
14500 389194
14510 389194
14520 389194
14530 389194
14540 389270
14550 389270
14560 389335
14570 389335
14580 389335
14590 389335
14600 389335
14610 389335
14620 389335
14630 389335
14640 389335
14650 389335
14660 389335
14670 389335
14680 389335
14690 389367
14700 389367
14710 389367
14720 389367
14730 389367
14740 389367
14750 389367
14760 389367
14770 389367
14780 389367
14790 389367
14800 389367
14810 389390
14820 389390
14830 389390
14840 389390
14850 389390
14860 389390
14870 389390
14880 389390
14890 389390
14900 389390
14910 389414
14920 389414
14930 389414
14940 389414
14950 389414
14960 389454
14970 389454
14980 389607
14990 389607
15000 389607
15010 389607
15020 389607
15030 389607
15040 389607
15050 389607
15060 389607
15070 389607
15080 389615
15090 389616
15100 389616
15110 389616
15120 389616
15130 389630
15140 389630
15150 389630
15160 389630
15170 389630
15180 389630
15190 389630
15200 389631
15210 389631
15220 389631
15230 389631
15240 389663
15250 389663
15260 389663
15270 389667
15280 389667
15290 389700
15300 389700
15310 389700
15320 389700
15330 389736
15340 389736
15350 389736
15360 389736
15370 389738
15380 389738
15390 389738
15400 389738
15410 389738
15420 389738
15430 389797
15440 389797
15450 389798
15460 389798
15470 389830
15480 389830
15490 389830
15500 389830
15510 389830
15520 389830
15530 389830
15540 389830
15550 389853
15560 389853
15570 389853
15580 389930
15590 389931
15600 389931
15610 389931
15620 389934
15630 389934
15640 389934
15650 389934
15660 389965
15670 389965
15680 389965
15690 389968
15700 389968
15710 389968
15720 389969
15730 389991
15740 389991
15750 389991
15760 389991
15770 389991
15780 389991
15790 389991
15800 389991
15810 389991
15820 390019
15830 390019
15840 390019
15850 390019
15860 390019
15870 390019
15880 390019
15890 390043
15900 390068
15910 390068
15920 390068
15930 390068
15940 390068
15950 390069
15960 390069
15970 390069
15980 390069
15990 390069
16000 390069
16010 390069
16020 390069
16030 390078
16040 390078
16050 390078
16060 390078
16070 390078
16080 390078
16090 390078
16100 390078
16110 390078
16120 390083
16130 390083
16140 390089
16150 390089
16160 390089
16170 390089
16180 390089
16190 390090
16200 390090
16210 390123
16220 390123
16230 390436
16240 390436
16250 390436
16260 390436
16270 390436
16280 390450
16290 390450
16300 390450
16310 390450
16320 390450
16330 390460
16340 390460
16350 390461
16360 390461
16370 390461
16380 390461
16390 390461
16400 390461
16410 390461
16420 390461
16430 390461
16440 390461
16450 390461
16460 390461
16470 390461
16480 390557
16490 390603
16500 390603
16510 390603
16520 390603
16530 390606
16540 390606
16550 390606
16560 390606
16570 390606
16580 390606
16590 390607
16600 390607
16610 390607
16620 390607
16630 390607
16640 390607
16650 390607
16660 390607
16670 390607
16680 390607
16690 390786
16700 390786
16710 390801
16720 390809
16730 390922
16740 390922
16750 390936
16760 390936
16770 390936
16780 390936
16790 390936
16800 390936
16810 391268
16820 391268
16830 391327
16840 391327
16850 391327
16860 391346
16870 391346
16880 391346
16890 391346
16900 391346
16910 391346
16920 391360
16930 391360
16940 391360
16950 391360
16960 391360
16970 391360
16980 391403
16990 391403
17000 391403
17010 391403
17020 391403
17030 391403
17040 391404
17050 391454
17060 391454
17070 391454
17080 391454
17090 391454
17100 391454
17110 391454
17120 391454
17130 391454
17140 391460
17150 391460
17160 391460
17170 391463
17180 391463
17190 391463
17200 391463
17210 391463
17220 391481
17230 391582
17240 391601
17250 391601
17260 391808
17270 391808
17280 391822
17290 391822
17300 391822
17310 391822
17320 391822
17330 391822
17340 391830
17350 391865
17360 391925
17370 391925
17380 391925
17390 391925
17400 391925
17410 391925
17420 391925
17430 391949
17440 391958
17450 391958
17460 391958
17470 391958
17480 391958
17490 391958
17500 391958
17510 391967
17520 391967
17530 391967
17540 392074
17550 392074
17560 392081
17570 392081
17580 392081
17590 392081
17600 392081
17610 392101
17620 392101
17630 392101
17640 392102
17650 392102
17660 392102
17670 392111
17680 392122
17690 392183
17700 392183
17710 392199
17720 392227
17730 392227
17740 392227
17750 392252
17760 392261
17770 392261
17780 392261
17790 392261
17800 392285
17810 392285
17820 392315
17830 392355
17840 392360
17850 392360
17860 392360
17870 392360
17880 392360
17890 392360
17900 392360
17910 392360
17920 392361
17930 392361
17940 392361
17950 392361
17960 392369
17970 392369
17980 392369
17990 392369
18000 392369
18010 392369
18020 392369
18030 392369
18040 392513
18050 392513
18060 392513
18070 392513
18080 392514
18090 392514
18100 392524
18110 392524
18120 392595
18130 392595
18140 392595
18150 392595
18160 392595
18170 392595
18180 392597
18190 392597
18200 392597
18210 392609
18220 392615
18230 392615
18240 392615
18250 392615
18260 392615
18270 392615
18280 392615
18290 392615
18300 392615
18310 392615
18320 392621
18330 392621
18340 392621
18350 392621
18360 392778
18370 392778
18380 392778
18390 392778
18400 392778
18410 392784
18420 392831
18430 392871
18440 392871
18450 392917
18460 392917
18470 392917
18480 392917
18490 392917
18500 392917
18510 392940
18520 392940
18530 392940
18540 392940
18550 392940
18560 392940
18570 392940
18580 392940
18590 392940
18600 392940
18610 392940
18620 392940
18630 392940
18640 392940
18650 392940
18660 392940
18670 392940
18680 392969
18690 392969
18700 392969
18710 392969
18720 392969
18730 392969
18740 392969
18750 392972
18760 392972
18770 392972
18780 392972
18790 392972
18800 392972
18810 392972
18820 392972
18830 393026
18840 393026
18850 393026
18860 393026
18870 393026
18880 393026
18890 393026
18900 393026
18910 393026
18920 393026
18930 393026
18940 393026
18950 393026
18960 393026
18970 393041
18980 393079
18990 393088
19000 393088
19010 393090
19020 393090
19030 393090
19040 393090
19050 393090
19060 393090
19070 393090
19080 393093
19090 393093
19100 393134
19110 393134
19120 393168
19130 393168
19140 393168
19150 393168
19160 393172
19170 393172
19180 393172
19190 393174
19200 393174
19210 393174
19220 393174
19230 393174
19240 393174
19250 393174
19260 393174
19270 393174
19280 393174
19290 393174
19300 393174
19310 393174
19320 393220
19330 393220
19340 393220
19350 393220
19360 393220
19370 393220
19380 393220
19390 393224
19400 393224
19410 393225
19420 393225
19430 393225
19440 393225
19450 393295
19460 393309
19470 393309
19480 393309
19490 393309
19500 393309
19510 393309
19520 393309
19530 393309
19540 393309
19550 393309
19560 393309
19570 393311
19580 393311
19590 393311
19600 393313
19610 393327
19620 393327
19630 393327
19640 393330
19650 393330
19660 393330
19670 393330
19680 393330
19690 393330
19700 393330
19710 393352
19720 393352
19730 393357
19740 393357
19750 393357
19760 393359
19770 393455
19780 393455
19790 393455
19800 393455
19810 393455
19820 393455
19830 393455
19840 393576
19850 393581
19860 393581
19870 393581
19880 393600
19890 393600
19900 393600
19910 393600
19920 393600
19930 393600
19940 393617
19950 393617
19960 393617
19970 393617
19980 393617
19990 393617
20000 393617
20010 393617
20020 393617
20030 393617
20040 393626
20050 393626
20060 393631
20070 393655
20080 393681
20090 393681
20100 393681
20110 393681
20120 393681
20130 393681
20140 393681
20150 393681
20160 393682
20170 393682
20180 393682
20190 393682
20200 393707
20210 393723
20220 393723
20230 393723
20240 393723
20250 393723
20260 393723
20270 393732
20280 393732
20290 393732
20300 393732
20310 393732
20320 393732
20330 393732
20340 393732
20350 393738
20360 393923
20370 393932
20380 393932
20390 393932
20400 393932
20410 393932
20420 393932
20430 393932
20440 393997
20450 394005
20460 394005
20470 394018
20480 394018
20490 394018
20500 394018
20510 394062
20520 394062
20530 394062
20540 394062
20550 394062
20560 394062
20570 394062
20580 394062
20590 394062
20600 394062
20610 394062
20620 394062
20630 394071
20640 394073
20650 394073
20660 394073
20670 394073
20680 394073
20690 394073
20700 394073
20710 394101
20720 394101
20730 394102
20740 394102
20750 394102
20760 394102
20770 394102
20780 394102
20790 394102
20800 394102
20810 394102
20820 394102
20830 394102
20840 394102
20850 394102
20860 394102
20870 394102
20880 394102
20890 394102
20900 394102
20910 394102
20920 394102
20930 394102
20940 394102
20950 394102
20960 394122
20970 394122
20980 394122
20990 394147
21000 394147
21010 394147
21020 394171
21030 394171
21040 394171
21050 394171
21060 394171
21070 394171
21080 394192
21090 394192
21100 394192
21110 394192
21120 394201
21130 394201
21140 394209
21150 394209
21160 394209
21170 394209
21180 394209
21190 394209
21200 394209
21210 394209
21220 394254
21230 394254
21240 394254
21250 394254
21260 394254
21270 394254
21280 394276
21290 394276
21300 394276
21310 394276
21320 394276
21330 394276
21340 394276
21350 394341
21360 394341
21370 394341
21380 394341
21390 394341
21400 394341
21410 394341
21420 394341
21430 394341
21440 394380
21450 394382
21460 394382
21470 394382
21480 394382
21490 394397
21500 394397
21510 394397
21520 394397
21530 394414
21540 394425
21550 394425
21560 394470
21570 394470
21580 394494
21590 394494
21600 394502
21610 394502
21620 394502
21630 394503
21640 394503
21650 394503
21660 394635
21670 394690
21680 394692
21690 394695
21700 394695
21710 394695
21720 394695
21730 394695
21740 394695
21750 394695
21760 394695
21770 394695
21780 394698
21790 394698
21800 394698
21810 394728
21820 394728
21830 394743
21840 394743
21850 394747
21860 394747
21870 394765
21880 394772
21890 394772
21900 394772
21910 394772
21920 394772
21930 394772
21940 394778
21950 394778
21960 394778
21970 394778
21980 394778
21990 394778
22000 394778
22010 394778
22020 394892
22030 394893
22040 394893
22050 394893
22060 394893
22070 394893
22080 394893
22090 394893
22100 394893
22110 394910
22120 394910
22130 394910
22140 394910
22150 394910
22160 395029
22170 395029
22180 395029
22190 395029
22200 395029
22210 395029
22220 395029
22230 395029
22240 395037
22250 395037
22260 395037
22270 395037
22280 395044
22290 395050
22300 395050
22310 395050
22320 395050
22330 395050
22340 395050
22350 395159
22360 395159
22370 395159
22380 395164
22390 395164
22400 395164
22410 395164
22420 395165
22430 395165
22440 395165
22450 395168
22460 395168
22470 395168
22480 395191
22490 395191
22500 395191
22510 395191
22520 395191
22530 395191
22540 395192
22550 395192
22560 395192
22570 395192
22580 395192
22590 395192
22600 395192
22610 395192
22620 395192
22630 395192
22640 395192
22650 395192
22660 395192
22670 395192
22680 395192
22690 395192
22700 395192
22710 395193
22720 395193
22730 395193
22740 395205
22750 395205
22760 395212
22770 395268
22780 395268
22790 395268
22800 395268
22810 395268
22820 395336
22830 395336
22840 395336
22850 395336
22860 395336
22870 395336
22880 395343
22890 395343
22900 395343
22910 395343
22920 395343
22930 395343
22940 395343
22950 395343
22960 395345
22970 395345
22980 395349
22990 395349
23000 395360
23010 395360
23020 395384
23030 395384
23040 395384
23050 395384
23060 395384
23070 395384
23080 395384
23090 395384
23100 395384
23110 395384
23120 395384
23130 395384
23140 395384
23150 395410
23160 395410
23170 395410
23180 395410
23190 395410
23200 395410
23210 395410
23220 395410
23230 395410
23240 395410
23250 395410
23260 395410
23270 395410
23280 395410
23290 395410
23300 395436
23310 395436
23320 395436
23330 395436
23340 395436
23350 395436
23360 395436
23370 395436
23380 395436
23390 395436
23400 395436
23410 395438
23420 395441
23430 395441
23440 395441
23450 395441
23460 395441
23470 395445
23480 395445
23490 395445
23500 395445
23510 395445
23520 395445
23530 395750
23540 395793
23550 395843
23560 395843
23570 395843
23580 395843
23590 395843
23600 395843
23610 395843
23620 395843
23630 395843
23640 395843
23650 395843
23660 395847
23670 395847
23680 395847
23690 395847
23700 395888
23710 395888
23720 395888
23730 395888
23740 395888
23750 395888
23760 395888
23770 395924
23780 395924
23790 395924
23800 395924
23810 395973
23820 395973
23830 396195
23840 396195
23850 396195
23860 396195
23870 396195
23880 396195
23890 396219
23900 396219
23910 396228
23920 396228
23930 396228
23940 396228
23950 396228
23960 396228
23970 396228
23980 396332
23990 396332
24000 396332
24010 396332
24020 396332
24030 396332
24040 396333
24050 396333
24060 396333
24070 396333
24080 396334
24090 396334
24100 396334
24110 396334
24120 396334
24130 396334
24140 396334
24150 396334
24160 396334
24170 396339
24180 396364
24190 396381
24200 396382
24210 396404
24220 396404
24230 396404
24240 396404
24250 396404
24260 396441
24270 396463
24280 396480
24290 396480
24300 396578
24310 396578
24320 396578
24330 396578
24340 396588
24350 396588
24360 396588
24370 396602
24380 396602
24390 396602
24400 396602
24410 396602
24420 396604
24430 396628
24440 396628
24450 396628
24460 396628
24470 396628
24480 396628
24490 396628
24500 396628
24510 396628
24520 396628
24530 396726
24540 396788
24550 396788
24560 396788
24570 396788
24580 396788
24590 396788
24600 396807
24610 396807
24620 396807
24630 396807
24640 397218
24650 397218
24660 397237
24670 397364
24680 397364
24690 397364
24700 397364
24710 397365
24720 397365
24730 397365
24740 397365
24750 397374
24760 397374
24770 397374
24780 397374
24790 397374
24800 397374
24810 397374
24820 397411
24830 397411
24840 397411
24850 397446
24860 397446
24870 397446
24880 397446
24890 397446
24900 397446
24910 397446
24920 397446
24930 397723
24940 397723
24950 397744
24960 397744
24970 397763
24980 397763
24990 397768
25000 397768
25010 397768
25020 397768
25030 397768
25040 397768
25050 397768
25060 397768
25070 397768
25080 397768
25090 397768
25100 397768
25110 397768
25120 397768
25130 397768
25140 397768
25150 397768
25160 397769
25170 397769
25180 397769
25190 397769
25200 397769
25210 397769
25220 397769
25230 397769
25240 397769
25250 397825
25260 397830
25270 397830
25280 397830
25290 397830
25300 397830
25310 397867
25320 397882
25330 397882
25340 397882
25350 397882
25360 397882
25370 397882
25380 397922
25390 397922
25400 397922
25410 397922
25420 397922
25430 397922
25440 397922
25450 397924
25460 398047
25470 398047
25480 398047
25490 398047
25500 398047
25510 398047
25520 398047
25530 398047
25540 398047
25550 398316
25560 398316
25570 398316
25580 398316
25590 398316
25600 398316
25610 398316
25620 398316
25630 398316
25640 398316
25650 398316
25660 398316
25670 398364
25680 398364
25690 398364
25700 398364
25710 398364
25720 398364
25730 398364
25740 398364
25750 398364
25760 398364
25770 398364
25780 398444
25790 398445
25800 398445
25810 398448
25820 398448
25830 398448
25840 398448
25850 398448
25860 398448
25870 398448
25880 398448
25890 398506
25900 398506
25910 398506
25920 398506
25930 398506
25940 398537
25950 398537
25960 398692
25970 398692
25980 398692
25990 398726
26000 398726
26010 398726
26020 398726
26030 398733
26040 398733
26050 398754
26060 398754
26070 398754
26080 398754
26090 398929
26100 398929
26110 398963
26120 398963
26130 398963
26140 398971
26150 398989
26160 398989
26170 398989
26180 398989
26190 399004
26200 399004
26210 399004
26220 399004
26230 399007
26240 399007
26250 399007
26260 399007
26270 399007
26280 399007
26290 399007
26300 399007
26310 399007
26320 399007
26330 399018
26340 399058
26350 399059
26360 399059
26370 399059
26380 399059
26390 399059
26400 399060
26410 399060
26420 399060
26430 399060
26440 399060
26450 399061
26460 399062
26470 399062
26480 399062
26490 399062
26500 399062
26510 399062
26520 399062
26530 399062
26540 399062
26550 399063
26560 399063
26570 399063
26580 399063
26590 399063
26600 399063
26610 399068
26620 399074
26630 399074
26640 399074
26650 399074
26660 399074
26670 399074
26680 399074
26690 399074
26700 399074
26710 399074
26720 399074
26730 399074
26740 399074
26750 399074
26760 399074
26770 399074
26780 399074
26790 399074
26800 399093
26810 399093
26820 399093
26830 399093
26840 399093
26850 399093
26860 399093
26870 399093
26880 399093
26890 399093
26900 399093
26910 399093
26920 399094
26930 399094
26940 399094
26950 399159
26960 399159
26970 399159
26980 399159
26990 399159
27000 399184
27010 399191
27020 399191
27030 399191
27040 399191
27050 399191
27060 399207
27070 399207
27080 399207
27090 399207
27100 399207
27110 399258
27120 399258
27130 399258
27140 399259
27150 399259
27160 399259
27170 399259
27180 399259
27190 399259
27200 399259
27210 399259
27220 399259
27230 399259
27240 399260
27250 399283
27260 399330
27270 399330
27280 399330
27290 399330
27300 399330
27310 399330
27320 399330
27330 399333
27340 399333
27350 399333
27360 399333
27370 399333
27380 399333
27390 399333
27400 399339
27410 399339
27420 399339
27430 399339
27440 399353
27450 399353
27460 399361
27470 399361
27480 399362
27490 399362
27500 399368
27510 399368
27520 399368
27530 399380
27540 399380
27550 399380
27560 399380
27570 399380
27580 399380
27590 399380
27600 399380
27610 399439
27620 399534
27630 399534
27640 399534
27650 399534
27660 399569
27670 399587
27680 399589
27690 399589
27700 399589
27710 399664
27720 399664
27730 399664
27740 399664
27750 399664
27760 399664
27770 399686
27780 399686
27790 399687
27800 399687
27810 399687
27820 399687
27830 399687
27840 399687
27850 399687
27860 399687
27870 399699
27880 399704
27890 399704
27900 399704
27910 399704
27920 399704
27930 399719
27940 399719
27950 399719
27960 399719
27970 399758
27980 399774
27990 399774
28000 399774
28010 399774
28020 399774
28030 399774
28040 399775
28050 399775
28060 399775
28070 399780
28080 399801
28090 399801
28100 399801
28110 399801
28120 399801
28130 399801
28140 399801
28150 399801
28160 399801
28170 399801
28180 399818
28190 399822
28200 399822
28210 399823
28220 399823
28230 399823
28240 399823
28250 399823
28260 399858
28270 399858
28280 399858
28290 399858
28300 399858
28310 399858
28320 399858
28330 399858
28340 399903
28350 399903
28360 399903
28370 399950
28380 399950
28390 399950
28400 400004
28410 400004
28420 400004
28430 400004
28440 400004
28450 400004
28460 400010
28470 400010
28480 400010
28490 400010
28500 400010
28510 400010
28520 400010
28530 400010
28540 400012
28550 400012
28560 400012
28570 400012
28580 400108
28590 400108
28600 400108
28610 400120
28620 400120
28630 400120
28640 400120
28650 400155
28660 400160
28670 400160
28680 400160
28690 400160
28700 400163
28710 400212
28720 400212
28730 400212
28740 400212
28750 400212
28760 400212
28770 400212
28780 400212
28790 400254
28800 400269
28810 400269
28820 400269
28830 400269
28840 400269
28850 400272
28860 400300
28870 400300
28880 400308
28890 400308
28900 400308
28910 400308
28920 400308
28930 400308
28940 400308
28950 400308
28960 400308
28970 400308
28980 400308
28990 400309
29000 400309
29010 400338
29020 400338
29030 400338
29040 400347
29050 400347
29060 400347
29070 400347
29080 400347
29090 400347
29100 400358
29110 400358
29120 400358
29130 400358
29140 400358
29150 400358
29160 400358
29170 400358
29180 400358
29190 400358
29200 400358
29210 400358
29220 400402
29230 400403
29240 400406
29250 400406
29260 400406
29270 400406
29280 400406
29290 400442
29300 400442
29310 400501
29320 400501
29330 400502
29340 400502
29350 400502
29360 400502
29370 400502
29380 400502
29390 400502
29400 400502
29410 400502
29420 400502
29430 400502
29440 400502
29450 400502
29460 400502
29470 400502
29480 400502
29490 400502
29500 400502
29510 400502
29520 400502
29530 400502
29540 400520
29550 400520
29560 400520
29570 400520
29580 400520
29590 400582
29600 400582
29610 400582
29620 400582
29630 400582
29640 400582
29650 400582
29660 400591
29670 400592
29680 400592
29690 400592
29700 400594
29710 400594
29720 400594
29730 400594
29740 400594
29750 400633
29760 400702
29770 400702
29780 400705
29790 400705
29800 400705
29810 400705
29820 400705
29830 400705
29840 400712
29850 400712
29860 400712
29870 400753
29880 400753
29890 400822
29900 400822
29910 400822
29920 400822
29930 400960
29940 400960
29950 400960
29960 400960
29970 401180
29980 401180
29990 401180
30000 401180
30010 401180
30020 401180
30030 401180
30040 401180
30050 401180
30060 401232
30070 401232
30080 401232
30090 401232
30100 401232
30110 401232
30120 401232
30130 401232
30140 401232
30150 401254
30160 401254
30170 401254
30180 401255
30190 401255
30200 401255
30210 401267
30220 401267
30230 401267
30240 401267
30250 401267
30260 401285
30270 401285
30280 401285
30290 401285
30300 401285
30310 401285
30320 401285
30330 401285
30340 401285
30350 401285
30360 401285
30370 401285
30380 401285
30390 401285
30400 401285
30410 401285
30420 401285
30430 401285
30440 401285
30450 401285
30460 401285
30470 401285
30480 401285
30490 401285
30500 401285
30510 401285
30520 401300
30530 401307
30540 401307
30550 401307
30560 401307
30570 401307
30580 401307
30590 401307
30600 401307
30610 401307
30620 401307
30630 401307
30640 401307
30650 401307
30660 401307
30670 401307
30680 401312
30690 401312
30700 401312
30710 401403
30720 401403
30730 401403
30740 401403
30750 401479
30760 401479
30770 401483
30780 401485
30790 401494
30800 401494
30810 401494
30820 401494
30830 401494
30840 401494
30850 401494
30860 401494
30870 401584
30880 401584
30890 401584
30900 401584
30910 401588
30920 401607
30930 401607
30940 401607
30950 401607
30960 401607
30970 401607
30980 401607
30990 401607
31000 401607
31010 401642
31020 401642
31030 401642
31040 401642
31050 401642
31060 401642
31070 401642
31080 401642
31090 401642
31100 401642
31110 401643
31120 401643
31130 401643
31140 401643
31150 401643
31160 401658
31170 401664
31180 401664
31190 401664
31200 401780
31210 401780
31220 401780
31230 401780
31240 401826
31250 401826
31260 401826
31270 401826
31280 401826
31290 401826
31300 401826
31310 401832
31320 401835
31330 401836
31340 401836
31350 401836
31360 401836
31370 401864
31380 401864
31390 401864
31400 401879
31410 401885
31420 401885
31430 401885
31440 401885
31450 401885
31460 401885
31470 401885
31480 401885
31490 401885
31500 401885
31510 401885
31520 401885
31530 401886
31540 401886
31550 401886
31560 401886
31570 401886
31580 401886
31590 401886
31600 401886
31610 401886
31620 401886
31630 401886
31640 401886
31650 401886
31660 401886
31670 401886
31680 401886
31690 401886
31700 401886
31710 401886
31720 401886
31730 401886
31740 401886
31750 401900
31760 401900
31770 401900
31780 401900
31790 401900
31800 401909
31810 401909
31820 401909
31830 401916
31840 401916
31850 401916
31860 401916
31870 401916
31880 401916
31890 401916
31900 401916
31910 401916
31920 401916
31930 401926
31940 401926
31950 401926
31960 401926
31970 401926
31980 401926
31990 401926
32000 401961
32010 401961
32020 401961
32030 401961
32040 401966
32050 401966
32060 401966
32070 401966
32080 401988
32090 401988
32100 402002
32110 402002
32120 402041
32130 402041
32140 402041
32150 402041
32160 402041
32170 402041
32180 402041
32190 402049
32200 402049
32210 402049
32220 402076
32230 402076
32240 402076
32250 402076
32260 402076
32270 402076
32280 402079
32290 402156
32300 402156
32310 402156
32320 402156
32330 402156
32340 402156
32350 402156
32360 402156
32370 402161
32380 402161
32390 402161
32400 402161
32410 402161
32420 402161
32430 402161
32440 402167
32450 402204
32460 402225
32470 402225
32480 402225
32490 402225
32500 402225
32510 402225
32520 402225
32530 402225
32540 402225
32550 402247
32560 402247
32570 402247
32580 402247
32590 402247
32600 402247
32610 402247
32620 402247
32630 402254
32640 402254
32650 402254
32660 402254
32670 402254
32680 402254
32690 402254
32700 402254
32710 402254
32720 402254
32730 402285
32740 402285
32750 402285
32760 402285
32770 402348
32780 402348
32790 402376
32800 402376
32810 402376
32820 402376
32830 402376
32840 402410
32850 402410
32860 402410
32870 402410
32880 402410
32890 402411
32900 402411
32910 402452
32920 402452
32930 402452
32940 402452
32950 402452
32960 402454
32970 402454
32980 402454
32990 402454
33000 402454
33010 402454
33020 402454
33030 402454
33040 402454
33050 402454
33060 402454
33070 402454
33080 402455
33090 402455
33100 402455
33110 402455
33120 402455
33130 402512
33140 402512
33150 402512
33160 402512
33170 402512
33180 402512
33190 402512
33200 402552
33210 402552
33220 402552
33230 402552
33240 402552
33250 402552
33260 402552
33270 402552
33280 402552
33290 402552
33300 402552
33310 402552
33320 402553
33330 402553
33340 402553
33350 402553
33360 402553
33370 402553
33380 402553
33390 402570
33400 402570
33410 402570
33420 402570
33430 402570
33440 402576
33450 402576
33460 402576
33470 402576
33480 402576
33490 402576
33500 402576
33510 402615
33520 402615
33530 402615
33540 402615
33550 402615
33560 402615
33570 402615
33580 402615
33590 402615
33600 402615
33610 402615
33620 402615
33630 402615
33640 402615
33650 402615
33660 402615
33670 402622
33680 402622
33690 402622
33700 402622
33710 402622
33720 402622
33730 402623
33740 402623
33750 402623
33760 402623
33770 402623
33780 402623
33790 402623
33800 402623
33810 402623
33820 402624
33830 402624
33840 402624
33850 402624
33860 402624
33870 402624
33880 402654
33890 402654
33900 402654
33910 402654
33920 402654
33930 402654
33940 402654
33950 402654
33960 402654
33970 402654
33980 402654
33990 402680
34000 402680
34010 402680
34020 402680
34030 402680
34040 402680
34050 402680
34060 402684
34070 402684
34080 402690
34090 402690
34100 402690
34110 402690
34120 402690
34130 402690
34140 402690
34150 402690
34160 402690
34170 402769
34180 402769
34190 402769
34200 402769
34210 402769
34220 402769
34230 402769
34240 402769
34250 402769
34260 402769
34270 402769
34280 402769
34290 402769
34300 402803
34310 402803
34320 402803
34330 402803
34340 402803
34350 402803
34360 402803
34370 402803
34380 402803
34390 402829
34400 402829
34410 402829
34420 402829
34430 402829
34440 402902
34450 402902
34460 402902
34470 402902
34480 402902
34490 402902
34500 402902
34510 402902
34520 402902
34530 402902
34540 402902
34550 402902
34560 402902
34570 402902
34580 402904
34590 402904
34600 402904
34610 402904
34620 402904
34630 402904
34640 402904
34650 402904
34660 402904
34670 402904
34680 402904
34690 402904
34700 402936
34710 402936
34720 402936
34730 402936
34740 402936
34750 402936
34760 402936
34770 402936
34780 402936
34790 402938
34800 402938
34810 402938
34820 402938
34830 402938
34840 402939
34850 402939
34860 403024
34870 403024
34880 403027
34890 403027
34900 403027
34910 403027
34920 403027
34930 403102
34940 403102
34950 403102
34960 403102
34970 403102
34980 403102
34990 403125
35000 403125
35010 403125
35020 403125
35030 403125
35040 403169
35050 403169
35060 403172
35070 403172
35080 403172
35090 403173
35100 403173
35110 403173
35120 403173
35130 403257
35140 403257
35150 403345
35160 403345
35170 403345
35180 403345
35190 403345
35200 403345
35210 403345
35220 403345
35230 403350
35240 403350
35250 403350
35260 403350
35270 403358
35280 403358
35290 403358
35300 403358
35310 403358
35320 403358
35330 403358
35340 403358
35350 403358
35360 403358
35370 403358
35380 403358
35390 403359
35400 403359
35410 403359
35420 403359
35430 403368
35440 403368
35450 403368
35460 403368
35470 403368
35480 403368
35490 403368
35500 403368
35510 403368
35520 403388
35530 403388
35540 403418
35550 403418
35560 403418
35570 403418
35580 403418
35590 403418
35600 403422
35610 403450
35620 403450
35630 403450
35640 403452
35650 403452
35660 403452
35670 403452
35680 403452
35690 403452
35700 403452
35710 403452
35720 403452
35730 403452
35740 403452
35750 403452
35760 403452
35770 403452
35780 403452
35790 403452
35800 403452
35810 403452
35820 403452
35830 403452
35840 403452
35850 403452
35860 403452
35870 403452
35880 403452
35890 403460
35900 403460
35910 403460
35920 403460
35930 403460
35940 403460
35950 403492
35960 403492
35970 403492
35980 403492
35990 403492
36000 403492
36010 403492
36020 403492
36030 403492
36040 403492
36050 403492
36060 403492
36070 403492
36080 403492
36090 403492
36100 403492
36110 403539
36120 403539
36130 403539
36140 403539
36150 403539
36160 403539
36170 403539
36180 403545
36190 403547
36200 403547
36210 403547
36220 403547
36230 403555
36240 403555
36250 403555
36260 403555
36270 403555
36280 403555
36290 403555
36300 403555
36310 403555
36320 403555
36330 403555
36340 403555
36350 403555
36360 403555
36370 403555
36380 403555
36390 403555
36400 403555
36410 403555
36420 403561
36430 403561
36440 403561
36450 403561
36460 403561
36470 403561
36480 403562
36490 403571
36500 403576
36510 403576
36520 403576
36530 403576
36540 403576
36550 403576
36560 403576
36570 403576
36580 403576
36590 403576
36600 403576
36610 403632
36620 403632
36630 403632
36640 403632
36650 403636
36660 403640
36670 403640
36680 403640
36690 403640
36700 403640
36710 403640
36720 403640
36730 403640
36740 403640
36750 403640
36760 403640
36770 403640
36780 403640
36790 403704
36800 403704
36810 403704
36820 403704
36830 403704
36840 403704
36850 403704
36860 403704
36870 403704
36880 403704
36890 403704
36900 403704
36910 403704
36920 403704
36930 403704
36940 403704
36950 403704
36960 403704
36970 403704
36980 403704
36990 403704
37000 403705
37010 403705
37020 403705
37030 403721
37040 403721
37050 403721
37060 403721
37070 403721
37080 403721
37090 403721
37100 403721
37110 403721
37120 403721
37130 403721
37140 403721
37150 403721
37160 403721
37170 403721
37180 403724
37190 403724
37200 403724
37210 403727
37220 403727
37230 403727
37240 403727
37250 403749
37260 403749
37270 403749
37280 403749
37290 403749
37300 403749
37310 403749
37320 403749
37330 403749
37340 403749
37350 403749
37360 403749
37370 403749
37380 403749
37390 403749
37400 403749
37410 403749
37420 403749
37430 403749
37440 403749
37450 403749
37460 403749
37470 403749
37480 403830
37490 403830
37500 403830
37510 403830
37520 403830
37530 403830
37540 403830
37550 403830
37560 403830
37570 403830
37580 403830
37590 403838
37600 403838
37610 403838
37620 403838
37630 403838
37640 403838
37650 403838
37660 403857
37670 403857
37680 403857
37690 403857
37700 403857
37710 403857
37720 403857
37730 403857
37740 403857
37750 403857
37760 403857
37770 403857
37780 403857
37790 403857
37800 403857
37810 403857
37820 403857
37830 403857
37840 403857
37850 403866
37860 403866
37870 403866
37880 403866
37890 403866
37900 403904
37910 403904
37920 403904
37930 403904
37940 403904
37950 403904
37960 403904
37970 403904
37980 403904
37990 403904
38000 403904
38010 403904
38020 403904
38030 403904
38040 403904
38050 403904
38060 403904
38070 403921
38080 403921
38090 403921
38100 403921
38110 403921
38120 403921
38130 403921
38140 403922
38150 403997
38160 403997
38170 403997
38180 403997
38190 403997
38200 403997
38210 403997
38220 403997
38230 403997
38240 403997
38250 403997
38260 403997
38270 403997
38280 403997
38290 403997
38300 403997
38310 403997
38320 403997
38330 403997
38340 403999
38350 403999
38360 403999
38370 403999
38380 403999
38390 403999
38400 404056
38410 404056
38420 404075
38430 404109
38440 404109
38450 404109
38460 404114
38470 404114
38480 404114
38490 404114
38500 404114
38510 404114
38520 404114
38530 404114
38540 404114
38550 404114
38560 404114
38570 404114
38580 404114
38590 404114
38600 404114
38610 404114
38620 404114
38630 404138
38640 404138
38650 404138
38660 404138
38670 404138
38680 404138
38690 404138
38700 404138
38710 404138
38720 404138
38730 404138
38740 404138
38750 404138
38760 404138
38770 404138
38780 404138
38790 404138
38800 404160
38810 404160
38820 404160
38830 404160
38840 404160
38850 404179
38860 404179
38870 404179
38880 404179
38890 404179
38900 404221
38910 404221
38920 404221
38930 404221
38940 404221
38950 404221
38960 404221
38970 404221
38980 404221
38990 404221
39000 404221
39010 404221
39020 404221
39030 404221
39040 404222
39050 404223
39060 404223
39070 404223
39080 404223
39090 404223
39100 404223
39110 404225
39120 404225
39130 404226
39140 404226
39150 404226
39160 404226
39170 404226
39180 404226
39190 404226
39200 404226
39210 404226
39220 404226
39230 404226
39240 404253
39250 404253
39260 404253
39270 404253
39280 404253
39290 404254
39300 404254
39310 404254
39320 404254
39330 404254
39340 404254
39350 404254
39360 404254
39370 404254
39380 404274
39390 404281
39400 404281
39410 404281
39420 404281
39430 404294
39440 404294
39450 404294
39460 404294
39470 404294
39480 404294
39490 404294
39500 404294
39510 404294
39520 404294
39530 404294
39540 404308
39550 404308
39560 404308
39570 404308
39580 404308
39590 404308
39600 404308
39610 404308
39620 404308
39630 404308
39640 404308
39650 404308
39660 404308
39670 404308
39680 404308
39690 404309
39700 404309
39710 404309
39720 404318
39730 404318
39740 404318
39750 404318
39760 404319
39770 404319
39780 404319
39790 404363
39800 404363
39810 404518
39820 404518
39830 404521
39840 404521
39850 404521
39860 404532
39870 404567
39880 404567
39890 404567
39900 404567
39910 404583
39920 404592
39930 404592
39940 404592
39950 404617
39960 404617
39970 404617
39980 404620
39990 404620
40000 404620
40010 404620
40020 404620
40030 404620
40040 404620
40050 404620
40060 404623
40070 404623
40080 404623
40090 404623
40100 404623
40110 404623
40120 404623
40130 404623
40140 404623
40150 404623
40160 404623
40170 404623
40180 404623
40190 404623
40200 404640
40210 404640
40220 404640
40230 404640
40240 404640
40250 404640
40260 404645
40270 404645
40280 404645
40290 404645
40300 404645
40310 404645
40320 404645
40330 404645
40340 404645
40350 404645
40360 404645
40370 404646
40380 404646
40390 404646
40400 404646
40410 404646
40420 404646
40430 404646
40440 404646
40450 404646
40460 404646
40470 404646
40480 404646
40490 404646
40500 404646
40510 404646
40520 404646
40530 404646
40540 404646
40550 404646
40560 404646
40570 404646
40580 404646
40590 404646
40600 404646
40610 404646
40620 404646
40630 404646
40640 404646
40650 404646
40660 404646
40670 404646
40680 404646
40690 404646
40700 404646
40710 404648
40720 404648
40730 404648
40740 404648
40750 404648
40760 404648
40770 404648
40780 404648
40790 404648
40800 404648
40810 404648
40820 404648
40830 404648
40840 404648
40850 404648
40860 404651
40870 404651
40880 404654
40890 404654
40900 404654
40910 404654
40920 404654
40930 404654
40940 404654
40950 404657
40960 404657
40970 404664
40980 404664
40990 404664
41000 404664
41010 404664
41020 404664
41030 404664
41040 404664
41050 404664
41060 404664
41070 404664
41080 404664
41090 404664
41100 404677
41110 404677
41120 404678
41130 404678
41140 404678
41150 404678
41160 404678
41170 404678
41180 404678
41190 404722
41200 404722
41210 404722
41220 404722
41230 404722
41240 404722
41250 404722
41260 404722
41270 404722
41280 404722
41290 404722
41300 404722
41310 404722
41320 404722
41330 404722
41340 404726
41350 404726
41360 404726
41370 404726
41380 404726
41390 404726
41400 404726
41410 404726
41420 404730
41430 404730
41440 404858
41450 404858
41460 404858
41470 404858
41480 404858
41490 404858
41500 404858
41510 404858
41520 404858
41530 404858
41540 404858
41550 404860
41560 404866
41570 404866
41580 404866
41590 404908
41600 404908
41610 404931
41620 404931
41630 404931
41640 404931
41650 404931
41660 404931
41670 404933
41680 404933
41690 404933
41700 404933
41710 404933
41720 404933
41730 404934
41740 404945
41750 404945
41760 404945
41770 404945
41780 404945
41790 404945
41800 404954
41810 404954
41820 404954
41830 404954
41840 404954
41850 404954
41860 404954
41870 404954
41880 404954
41890 404955
41900 404955
41910 404956
41920 404956
41930 404956
41940 404956
41950 404956
41960 404956
41970 404956
41980 404956
41990 404956
42000 404956
42010 404956
42020 404956
42030 404956
42040 404956
42050 404956
42060 404956
42070 404956
42080 404956
42090 404961
42100 404961
42110 404961
42120 404961
42130 404961
42140 404961
42150 404961
42160 404962
42170 404962
42180 404962
42190 404963
42200 404963
42210 404963
42220 404963
42230 404963
42240 404963
42250 404963
42260 404963
42270 404963
42280 404963
42290 404963
42300 404963
42310 404963
42320 404963
42330 404963
42340 404964
42350 404964
42360 404964
42370 404964
42380 404964
42390 404964
42400 404964
42410 404964
42420 404964
42430 404964
42440 404964
42450 404964
42460 404964
42470 404964
42480 404966
42490 404966
42500 404966
42510 404966
42520 404966
42530 404972
42540 404972
42550 404972
42560 404972
42570 404972
42580 404972
42590 404972
42600 404972
42610 404972
42620 404972
42630 404972
42640 404972
42650 404972
42660 404972
42670 404972
42680 404972
42690 404972
42700 404972
42710 404972
42720 404972
42730 404972
42740 404972
42750 404994
42760 404994
42770 404997
42780 404997
42790 404997
42800 404997
42810 404997
42820 404997
42830 404997
42840 404997
42850 404997
42860 405000
42870 405000
42880 405000
42890 405000
42900 405000
42910 405000
42920 405000
42930 405000
42940 405000
42950 405000
42960 405000
42970 405010
42980 405010
42990 405023
43000 405023
43010 405051
43020 405051
43030 405051
43040 405051
43050 405051
43060 405051
43070 405051
43080 405051
43090 405051
43100 405051
43110 405051
43120 405051
43130 405051
43140 405051
43150 405051
43160 405051
43170 405051
43180 405051
43190 405051
43200 405051
43210 405051
43220 405051
43230 405051
43240 405051
43250 405051
43260 405051
43270 405051
43280 405051
43290 405051
43300 405051
43310 405051
43320 405051
43330 405051
43340 405051
43350 405051
43360 405051
43370 405051
43380 405051
43390 405051
43400 405051
43410 405051
43420 405051
43430 405051
43440 405051
43450 405051
43460 405051
43470 405051
43480 405051
43490 405051
43500 405051
43510 405051
43520 405051
43530 405051
43540 405051
43550 405127
43560 405127
43570 405127
43580 405127
43590 405127
43600 405133
43610 405133
43620 405133
43630 405133
43640 405134
43650 405134
43660 405134
43670 405134
43680 405134
43690 405134
43700 405134
43710 405134
43720 405134
43730 405134
43740 405134
43750 405135
43760 405136
43770 405136
43780 405136
43790 405166
43800 405166
43810 405166
43820 405166
43830 405166
43840 405166
43850 405173
43860 405173
43870 405173
43880 405173
43890 405173
43900 405173
43910 405173
43920 405173
43930 405173
43940 405185
43950 405185
43960 405185
43970 405185
43980 405185
43990 405185
44000 405185
44010 405185
44020 405185
44030 405185
44040 405185
44050 405185
44060 405185
44070 405185
44080 405233
44090 405233
44100 405233
44110 405233
44120 405233
44130 405233
44140 405233
44150 405242
44160 405242
44170 405242
44180 405247
44190 405247
44200 405247
44210 405247
44220 405247
44230 405247
44240 405247
44250 405247
44260 405247
44270 405247
44280 405247
44290 405247
44300 405247
44310 405247
44320 405267
44330 405283
44340 405283
44350 405283
44360 405283
44370 405283
44380 405283
44390 405283
44400 405283
44410 405283
44420 405283
44430 405283
44440 405283
44450 405283
44460 405283
44470 405283
44480 405283
44490 405283
44500 405283
44510 405283
44520 405283
44530 405283
44540 405283
44550 405283
44560 405283
44570 405283
44580 405283
44590 405283
44600 405283
44610 405283
44620 405283
44630 405283
44640 405283
44650 405313
44660 405313
44670 405313
44680 405313
44690 405326
44700 405326
44710 405326
44720 405326
44730 405326
44740 405326
44750 405326
44760 405326
44770 405326
44780 405326
44790 405326
44800 405326
44810 405327
44820 405327
44830 405327
44840 405345
44850 405345
44860 405345
44870 405364
44880 405364
44890 405364
44900 405364
44910 405364
44920 405364
44930 405364
44940 405364
44950 405364
44960 405364
44970 405364
44980 405364
44990 405364
45000 405364
45010 405364
45020 405364
45030 405364
45040 405364
45050 405364
45060 405364
45070 405364
45080 405364
45090 405365
45100 405365
45110 405365
45120 405365
45130 405365
45140 405365
45150 405365
45160 405365
45170 405365
45180 405365
45190 405365
45200 405365
45210 405396
45220 405418
45230 405418
45240 405418
45250 405418
45260 405418
45270 405418
45280 405418
45290 405418
45300 405418
45310 405418
45320 405418
45330 405418
45340 405418
45350 405418
45360 405418
45370 405418
45380 405418
45390 405418
45400 405418
45410 405425
45420 405425
45430 405425
45440 405425
45450 405425
45460 405427
45470 405427
45480 405427
45490 405427
45500 405427
45510 405427
45520 405427
45530 405427
45540 405427
45550 405427
45560 405427
45570 405427
45580 405427
45590 405427
45600 405427
45610 405427
45620 405428
45630 405428
45640 405428
45650 405428
45660 405428
45670 405428
45680 405428
45690 405428
45700 405428
45710 405428
45720 405428
45730 405428
45740 405434
45750 405434
45760 405467
45770 405467
45780 405467
45790 405467
45800 405467
45810 405467
45820 405467
45830 405467
45840 405467
45850 405467
45860 405467
45870 405467
45880 405535
45890 405535
45900 405548
45910 405548
45920 405548
