20 507212
30 509632
40 509632
50 510882
60 513358
70 513761
80 514710
90 517586
100 517864
110 521757
120 523215
130 525094
140 529240
150 529426
160 530132
170 530132
180 531840
190 532100
200 532534
210 532856
220 535550
230 538980
240 542950
250 542950
260 543565
270 544654
280 545667
290 546096
300 546867
310 548246
320 548661
330 548860
340 548860
350 549729
360 550619
370 552140
380 552452
390 554231
400 555262
410 555328
420 556012
430 557477
440 558412
450 560733
460 561450
470 561450
480 561450
490 562208
500 563606
510 563606
520 563606
530 564568
540 565194
550 566142
560 566374
570 567892
580 568286
590 568304
600 568950
610 569054
620 569187
630 569792
640 571139
650 571851
660 572796
670 573200
680 573200
690 574592
700 575862
710 575979
720 576016
730 576016
740 576271
750 576342
760 576390
770 576390
780 576397
790 576657
800 576679
810 576849
820 576868
830 577019
840 577193
850 578248
860 578336
870 579338
880 579342
890 579342
900 579810
910 579842
920 580494
930 580553
940 580553
950 581575
960 582308
970 582354
980 582354
990 582396
1000 582514
1010 582514
1020 582514
1030 582514
1040 582630
1050 582726
1060 582726
1070 583612
1080 584180
1090 584240
1100 584263
1110 584263
1120 584263
1130 584263
1140 585034
1150 585473
1160 585482
1170 585610
1180 585781
1190 586145
1200 586145
1210 587704
1220 587938
1230 587938
1240 587938
1250 588818
1260 588916
1270 588948
1280 589825
1290 589836
1300 589836
1310 590286
1320 590559
1330 591731
1340 591731
1350 591731
1360 592001
1370 592126
1380 592141
1390 592141
1400 592141
1410 592381
1420 592381
1430 592792
1440 592889
1450 592889
1460 592889
1470 593549
1480 593774
1490 593774
1500 593774
1510 593787
1520 593808
1530 593834
1540 593834
1550 594476
1560 594821
1570 594821
1580 594821
1590 595348
1600 595348
1610 595348
1620 595348
1630 595634
1640 595634
1650 595734
1660 595734
1670 595779
1680 595779
1690 595779
1700 595779
1710 595779
1720 595794
1730 595945
1740 595945
1750 595945
1760 595945
1770 595945
1780 595945
1790 596038
1800 596038
1810 596038
1820 598025
1830 598062
1840 598062
1850 598730
1860 598730
1870 598732
1880 598732
1890 598761
1900 598791
1910 598797
1920 599494
1930 599831
1940 599831
1950 599831
1960 600989
1970 601057
1980 601057
1990 601057
2000 601057
2010 601057
2020 601494
2030 601558
2040 601976
2050 601976
2060 601976
2070 601976
2080 601976
2090 601976
2100 601976
2110 602105
2120 602321
2130 602321
2140 602321
2150 602631
2160 602897
2170 603901
2180 603974
2190 603974
2200 603988
2210 603988
2220 603988
2230 604171
2240 604214
2250 604225
2260 604669
2270 605113
2280 605113
2290 605226
2300 605226
2310 605266
2320 605584
2330 605749
2340 605750
2350 605750
2360 605967
2370 605968
2380 606119
2390 606277
2400 606277
2410 606278
2420 606278
2430 606296
2440 606563
2450 606574
2460 606669
2470 606669
2480 606806
2490 606825
2500 606879
2510 607386
2520 607405
2530 607405
2540 607405
2550 607486
2560 607486
2570 607489
2580 607659
2590 607824
2600 607824
2610 608017
2620 608053
2630 608306
2640 608649
2650 608692
2660 608692
2670 608692
2680 608968
2690 608968
2700 608968
2710 609259
2720 609259
2730 609259
2740 609335
2750 609335
2760 609472
2770 610122
2780 610180
2790 610180
2800 610227
2810 610358
2820 610358
2830 610358
2840 610540
2850 611633
2860 611931
2870 611931
2880 611931
2890 611959
2900 611960
2910 612153
2920 612177
2930 612177
2940 612335
2950 612335
2960 613011
2970 613287
2980 613287
2990 613469
3000 613469
3010 613582
3020 613582
3030 613587
3040 613587
3050 614044
3060 614044
3070 614203
3080 614203
3090 614367
3100 614491
3110 614685
3120 614695
3130 614695
3140 614728
3150 614728
3160 614809
3170 615035
3180 615244
3190 615246
3200 615246
3210 615386
3220 615386
3230 615386
3240 615386
3250 615735
3260 615735
3270 615735
3280 615735
3290 615740
3300 615815
3310 615815
3320 616366
3330 616366
3340 616375
3350 616528
3360 616623
3370 616648
3380 616741
3390 616741
3400 616824
3410 617035
3420 617198
3430 617198
3440 617204
3450 617248
3460 617342
3470 617698
3480 617698
3490 617704
3500 617721
3510 617721
3520 617721
3530 617721
3540 617721
3550 617921
3560 617921
3570 618042
3580 618042
3590 618042
3600 618042
3610 618042
3620 618047
3630 618047
3640 618060
3650 618060
3660 618069
3670 618360
3680 618360
3690 618562
3700 618726
3710 618726
3720 618726
3730 618736
3740 618736
3750 618736
3760 618736
3770 618736
3780 618736
3790 618736
3800 618802
3810 619084
3820 619084
3830 619493
3840 619493
3850 619532
3860 619548
3870 619637
3880 619637
3890 619656
3900 619720
3910 619794
3920 619832
3930 620012
3940 620338
3950 620979
3960 620979
3970 621030
3980 621138
3990 621289
4000 621317
4010 621317
4020 621317
4030 621317
4040 621317
4050 621317
4060 621317
4070 621317
4080 621317
4090 621317
4100 621321
4110 621321
4120 621378
4130 621378
4140 621382
4150 621382
4160 621382
4170 621383
4180 621383
4190 622018
4200 622075
4210 622374
4220 622374
4230 622374
4240 622374
4250 622374
4260 622463
4270 622532
4280 622557
4290 622560
4300 622562
4310 622657
4320 622657
4330 622667
4340 622667
4350 622667
4360 622715
4370 622891
4380 623062
4390 623062
4400 623062
4410 623096
4420 623096
4430 623139
4440 623139
4450 623150
4460 623171
4470 623176
4480 623184
4490 623184
4500 623207
4510 623207
4520 623279
4530 623279
4540 623279
4550 623560
4560 623560
4570 623611
4580 623611
4590 623739
4600 623739
4610 623998
4620 623998
4630 623998
4640 624198
4650 624198
4660 624302
4670 624742
4680 624742
4690 624859
4700 624861
4710 624861
4720 625104
4730 625104
4740 625260
4750 625278
4760 625278
4770 625879
4780 625879
4790 625899
4800 625995
4810 625995
4820 625995
4830 626146
4840 626163
4850 626163
4860 626163
4870 626534
4880 626534
4890 626556
4900 626574
4910 626574
4920 626649
4930 626798
4940 626866
4950 626866
4960 626866
4970 626904
4980 626904
4990 626904
5000 626904
5010 626904
5020 626904
5030 626907
5040 626907
5050 626932
5060 626959
5070 626959
5080 627450
5090 627450
5100 627450
5110 627519
5120 627519
5130 627519
5140 627531
5150 627557
5160 627557
5170 627557
5180 627557
5190 627557
5200 627557
5210 627557
5220 627566
5230 627566
5240 627566
5250 627566
5260 627566
5270 627727
5280 627727
5290 627727
5300 627727
5310 627776
5320 627903
5330 627903
5340 627903
5350 627903
5360 627903
5370 627903
5380 627992
5390 627992
5400 627992
5410 627992
5420 627992
5430 627992
5440 628001
5450 628023
5460 628267
5470 628267
5480 628267
5490 628296
5500 628429
5510 628429
5520 628429
5530 628438
5540 628456
5550 628456
5560 628456
5570 628456
5580 628456
5590 628456
5600 628456
5610 628456
5620 628456
5630 628456
5640 628456
5650 628514
5660 628514
5670 628514
5680 628526
5690 628526
5700 628526
5710 628526
5720 628526
5730 628526
5740 628548
5750 628549
5760 628549
5770 628633
5780 628633
5790 628633
5800 628633
5810 628634
5820 628634
5830 628634
5840 628634
5850 628634
5860 628700
5870 628751
5880 628786
5890 628786
5900 628796
5910 628796
5920 628796
5930 628796
5940 628796
5950 628796
5960 628806
5970 628806
5980 628806
5990 628809
6000 628809
6010 628809
6020 628813
6030 628957
6040 628957
6050 628957
6060 628964
6070 629001
6080 629002
6090 629002
6100 629002
6110 629115
6120 629189
6130 629189
6140 629233
6150 629233
6160 629394
6170 630121
6180 630128
6190 630128
6200 630128
6210 630128
6220 630128
6230 630128
6240 630348
6250 630348
6260 630348
6270 630367
6280 630367
6290 630367
6300 630367
6310 630367
6320 630503
6330 630503
6340 630503
6350 630503
6360 630566
6370 630675
6380 630676
6390 630676
6400 630974
6410 631004
6420 631052
6430 631231
6440 631288
6450 631288
6460 631288
6470 631399
6480 631399
6490 631614
6500 631618
6510 631618
6520 631618
6530 631618
6540 631618
6550 631826
6560 631826
6570 631826
6580 631826
6590 631943
6600 631943
6610 631943
6620 631945
6630 631945
6640 631945
6650 631945
6660 631945
6670 631945
6680 631945
6690 631945
6700 631960
6710 631960
6720 631960
6730 631960
6740 631960
6750 631960
6760 631960
6770 631978
6780 631978
6790 631978
6800 631978
6810 631978
6820 632020
6830 632052
6840 632058
6850 632069
6860 632116
6870 632116
6880 632116
6890 632118
6900 632118
6910 632157
6920 632164
6930 632164
6940 632192
6950 632192
6960 632192
6970 632192
6980 632392
6990 632392
7000 632398
7010 632413
7020 632560
7030 632561
7040 632892
7050 632892
7060 632892
7070 632892
7080 632892
7090 632892
7100 633010
7110 633010
7120 633010
7130 633114
7140 633184
7150 633614
7160 633614
7170 633614
7180 633614
7190 633614
7200 633614
7210 633614
7220 633614
7230 633614
7240 633615
7250 633615
7260 633615
7270 633821
7280 633821
7290 633882
7300 633882
7310 633882
7320 633882
7330 633882
7340 633882
7350 633916
7360 633916
7370 633926
7380 633926
7390 633926
7400 633926
7410 633926
7420 633954
7430 633958
7440 634236
7450 634271
7460 634273
7470 634273
7480 634273
7490 634273
7500 634273
7510 634275
7520 634275
7530 634364
7540 634558
7550 634558
7560 634558
7570 634558
7580 634558
7590 634558
7600 634587
7610 634594
7620 634618
7630 634618
7640 634808
7650 634808
7660 634808
7670 634814
7680 634814
7690 634814
7700 634814
7710 634814
7720 634891
7730 634891
7740 634906
7750 634906
7760 634906
7770 634906
7780 634906
7790 634906
7800 634906
7810 634906
7820 634906
7830 634906
7840 634906
7850 634906
7860 634906
7870 634906
7880 634906
7890 634906
7900 635062
7910 635062
7920 635062
7930 635082
7940 635082
7950 635082
7960 635082
7970 635082
7980 635082
7990 635116
8000 635116
8010 635288
8020 635288
8030 635335
8040 635335
8050 635335
8060 635335
8070 635553
8080 635553
8090 635687
8100 635862
8110 635862
8120 635871
8130 635877
8140 635888
8150 635894
8160 635894
8170 635894
8180 636500
8190 636500
8200 636566
8210 636566
8220 636566
8230 636566
8240 636566
8250 636566
8260 636588
8270 636588
8280 636588
8290 636758
8300 636758
8310 636758
8320 636895
8330 637093
8340 637156
8350 637156
8360 637156
8370 637156
8380 637156
8390 637283
8400 637283
8410 637307
8420 637307
8430 637314
8440 637314
8450 637314
8460 637314
8470 637314
8480 637326
8490 637328
8500 637328
8510 637328
8520 637328
8530 637328
8540 637328
8550 637405
8560 637405
8570 637405
8580 637485
8590 637485
8600 637623
8610 637623
8620 637623
8630 638063
8640 638065
8650 638065
8660 638065
8670 638065
8680 638065
8690 638106
8700 638106
8710 638130
8720 638130
8730 638130
8740 638130
8750 638130
8760 638130
8770 638230
8780 638230
8790 638230
8800 638230
8810 638284
8820 638284
8830 638284
8840 638350
8850 638350
8860 638350
8870 638350
8880 638350
8890 638350
8900 638350
8910 638352
8920 638352
8930 638352
8940 638352
8950 638369
8960 638370
8970 638370
8980 638475
8990 638475
9000 638475
9010 638483
9020 638483
9030 638483
9040 638483
9050 638483
9060 638483
9070 638493
9080 638493
9090 638493
9100 638493
9110 638664
9120 638664
9130 638664
9140 638993
9150 638993
9160 638993
9170 638993
9180 638993
9190 638993
9200 639019
9210 639019
9220 639451
9230 639451
9240 639451
9250 639451
9260 639451
9270 639476
9280 639522
9290 639592
9300 639592
9310 639593
9320 639593
9330 639593
9340 639593
9350 639594
9360 639594
9370 639614
9380 639614
9390 639614
9400 639614
9410 639614
9420 639614
9430 639614
9440 639614
9450 639683
9460 639713
9470 639720
9480 639720
9490 639720
9500 639720
9510 639720
9520 639720
9530 639720
9540 639881
9550 639921
9560 639921
9570 639921
9580 639921
9590 639921
9600 639921
9610 639936
9620 639936
9630 639936
9640 639936
9650 639970
9660 639970
9670 639970
9680 639970
9690 639970
9700 639974
9710 639974
9720 639974
9730 639974
9740 640082
9750 640082
9760 640082
9770 640082
9780 640082
9790 640082
9800 640089
9810 640089
9820 640089
9830 640114
9840 640114
9850 640119
9860 640119
9870 640222
9880 640306
9890 640314
9900 640314
9910 640314
9920 640314
9930 640314
9940 640314
9950 640314
9960 640314
9970 640314
9980 640314
9990 640314
10000 640314
10010 640340
10020 640340
10030 640340
10040 640341
10050 640341
10060 640341
10070 640354
10080 640354
10090 640354
10100 640354
10110 640354
10120 640501
10130 640501
10140 640510
10150 640510
10160 640510
10170 640583
10180 640583
10190 640583
10200 640715
10210 640763
10220 640763
10230 640763
10240 640763
10250 640763
10260 640809
10270 640809
10280 640817
10290 640817
10300 640817
10310 640817
10320 640870
10330 641324
10340 641324
10350 641341
10360 641341
10370 641341
10380 641341
10390 641341
10400 641419
10410 641497
10420 641497
10430 641497
10440 641497
10450 641549
10460 641549
10470 641550
10480 641550
10490 641728
10500 641728
10510 641728
10520 641966
10530 642068
10540 642068
10550 642084
10560 642094
10570 642094
10580 642118
10590 642118
10600 642118
10610 642150
10620 642150
10630 642150
10640 642150
10650 642189
10660 642189
10670 642211
10680 642211
10690 642226
10700 642226
10710 642226
10720 642226
10730 642226
10740 642226
10750 642226
10760 642264
10770 642264
10780 642264
10790 642273
10800 642278
10810 642278
10820 642457
10830 642457
10840 642457
10850 642457
10860 642457
10870 642473
10880 642492
10890 642582
10900 642582
10910 642582
10920 642582
10930 642582
10940 642582
10950 642582
10960 642599
10970 642599
10980 642638
10990 642762
11000 642762
11010 642762
11020 642762
11030 642762
11040 642762
11050 642762
11060 642762
11070 642762
11080 642762
11090 642762
11100 642762
11110 642762
11120 642813
11130 642813
11140 642813
11150 642813
11160 642814
11170 642814
11180 643088
11190 643131
11200 643131
11210 643131
11220 643131
11230 643131
11240 643131
11250 643131
11260 643171
11270 643171
11280 643171
11290 643221
11300 643221
11310 643221
11320 643221
11330 643221
11340 643221
11350 643221
11360 643242
11370 643242
11380 643242
11390 643242
11400 643242
11410 643242
11420 643368
11430 643373
11440 643373
11450 643373
11460 643421
11470 643421
11480 643421
11490 643421
11500 643421
11510 643421
11520 643421
11530 643421
11540 643421
11550 643461
11560 643507
11570 643507
11580 643507
11590 643510
11600 643516
11610 643516
11620 643525
11630 643537
11640 643537
11650 643537
11660 643537
11670 643537
11680 643537
11690 643537
11700 643537
11710 643537
11720 643537
11730 643653
11740 643653
11750 643653
11760 643653
11770 643656
11780 643656
11790 643656
11800 643656
11810 643656
11820 643656
11830 643656
11840 643656
11850 643656
11860 643656
11870 643656
11880 643656
11890 643656
11900 643689
11910 643689
11920 643689
11930 643689
11940 643872
11950 643947
11960 643947
11970 643947
11980 643947
11990 643986
12000 643986
12010 644295
12020 644295
12030 644303
12040 644303
12050 644303
12060 644303
12070 644588
12080 644588
12090 645157
12100 645157
12110 645157
12120 645157
12130 645157
12140 645157
12150 645157
12160 645157
12170 645157
12180 645310
12190 645310
12200 645310
12210 645310
12220 645316
12230 645316
12240 645316
12250 645316
12260 645316
12270 645316
12280 645316
12290 645316
12300 645316
12310 645328
12320 645353
12330 645353
12340 645353
12350 645353
12360 645353
12370 645353
12380 645353
12390 645353
12400 645353
12410 645353
12420 645446
12430 645446
12440 645446
12450 645446
12460 645446
12470 645446
12480 645446
12490 645446
12500 645446
12510 645648
12520 645648
12530 645648
12540 645648
12550 645648
12560 645850
12570 645850
12580 645964
12590 646022
12600 646022
12610 646022
12620 646022
12630 646022
12640 646100
12650 646100
12660 646100
12670 646236
12680 646236
12690 646236
12700 646236
12710 646268
12720 646268
12730 646268
12740 646294
12750 646490
12760 647081
12770 647085
12780 647114
12790 647114
12800 647148
12810 647148
12820 647148
12830 647148
12840 647148
12850 647148
12860 647148
12870 647234
12880 647234
12890 647234
12900 647235
12910 647235
12920 647235
12930 647395
12940 647428
12950 647428
12960 647435
12970 647543
12980 647543
12990 647543
13000 647543
13010 647666
13020 647666
13030 647666
13040 647689
13050 647689
13060 647739
13070 647739
13080 647739
13090 647739
13100 647803
13110 647803
13120 647803
13130 647803
13140 647803
13150 647803
13160 647803
13170 647803
13180 647803
13190 647803
13200 647888
13210 647888
13220 647888
13230 647888
13240 647928
13250 647928
13260 647928
13270 648052
13280 648052
13290 648052
13300 648052
13310 648052
13320 648146
13330 648146
13340 648187
13350 648187
13360 648187
13370 648187
13380 648187
13390 648187
13400 648187
13410 648279
13420 648279
13430 648279
13440 648279
13450 648281
13460 648281
13470 648281
13480 648281
13490 648281
13500 648348
13510 648348
13520 648352
13530 648521
13540 648521
13550 648676
13560 648676
13570 648676
13580 648676
13590 648676
13600 648676
13610 648676
13620 648676
13630 648677
13640 648677
13650 648704
13660 648704
13670 648704
13680 648704
13690 648704
13700 648798
13710 648798
13720 648798
13730 648798
13740 648798
13750 648799
13760 648844
13770 648844
13780 648844
13790 648844
13800 648844
13810 648844
13820 648844
13830 648953
13840 648953
13850 648958
13860 648958
13870 648958
13880 648958
13890 648958
13900 649078
13910 649086
13920 649086
13930 649086
13940 649096
13950 649098
13960 649098
13970 649098
13980 649098
13990 649098
14000 649100
14010 649100
14020 649100
14030 649101
14040 649101
14050 649101
14060 649110
14070 649110
14080 649146
14090 649146
14100 649146
14110 649146
14120 649198
14130 649302
14140 649302
14150 649302
14160 649302
14170 649302
14180 649302
14190 649302
14200 649302
14210 649302
14220 649302
14230 649302
14240 649302
14250 649302
14260 649302
14270 649302
14280 649302
14290 649302
14300 649302
14310 649302
14320 649312
14330 649312
14340 649312
14350 649312
14360 649312
14370 649314
14380 649314
14390 649314
14400 649314
14410 649314
14420 649321
14430 649321
14440 649321
14450 649321
14460 649321
14470 649409
14480 649409
14490 649409
14500 649409
14510 649427
14520 649427
14530 649427
14540 649434
14550 649434
14560 649434
14570 649434
14580 649434
14590 649434
14600 649434
14610 649462
14620 649462
14630 649462
14640 649462
14650 649462
14660 649462
14670 649462
14680 649462
14690 649462
14700 649462
14710 649462
14720 649462
14730 649509
14740 649524
14750 649524
14760 649738
14770 649910
14780 649910
14790 649910
14800 649910
14810 649910
14820 649910
14830 649910
14840 649914
14850 649920
14860 649920
14870 649920
14880 649920
14890 650099
14900 650186
14910 650186
14920 650216
14930 650216
14940 650216
14950 650417
14960 650417
14970 650417
14980 650417
14990 650417
15000 650417
15010 650417
15020 650439
15030 650439
15040 650439
15050 650439
15060 650439
15070 650439
15080 650439
15090 650439
15100 650440
15110 650440
15120 650440
15130 650440
15140 650516
15150 650516
15160 650516
15170 650516
15180 650516
15190 650516
15200 650516
15210 650528
15220 650528
15230 650528
15240 650528
15250 650528
15260 650544
15270 650616
15280 650616
15290 650623
15300 650623
15310 650623
15320 650623
15330 650623
15340 650648
15350 650648
15360 650648
15370 650665
15380 650665
15390 650665
15400 650665
15410 650665
15420 650666
15430 650688
15440 650698
15450 650698
15460 650698
15470 650698
15480 650698
15490 650709
15500 650709
15510 650709
15520 650709
15530 650771
15540 650771
15550 650771
15560 650774
15570 650774
15580 650774
15590 650774
15600 650838
15610 650838
15620 650838
15630 650838
15640 650838
15650 650884
15660 650887
15670 650938
15680 650938
15690 651196
15700 651196
15710 651196
15720 651199
15730 651199
15740 651199
15750 651199
15760 651199
15770 651218
15780 651218
15790 651218
15800 651218
15810 651218
15820 651218
15830 651218
15840 651218
15850 651218
15860 651297
15870 651394
15880 651394
15890 651394
15900 651394
15910 651394
15920 651396
15930 651396
15940 651396
15950 651396
15960 651396
15970 651402
15980 651408
15990 651408
16000 651408
16010 651408
16020 651408
16030 651412
16040 651412
16050 651438
16060 651438
16070 651438
16080 651438
16090 651560
16100 651560
16110 651560
16120 651560
16130 651560
16140 651560
16150 651560
16160 651560
16170 651560
16180 651560
16190 651560
16200 651560
16210 651560
16220 651560
16230 651560
16240 651560
16250 651560
16260 651562
16270 651562
16280 651563
16290 651679
16300 651679
16310 651692
16320 651795
16330 651844
16340 651858
16350 651858
16360 651890
16370 651896
16380 651896
16390 651896
16400 651929
16410 652091
16420 652091
16430 652091
16440 652091
16450 652091
16460 652091
16470 652091
16480 652091
16490 652091
16500 652095
16510 652180
16520 652182
16530 652182
16540 652182
16550 652182
16560 652182
16570 652182
16580 652182
16590 652182
16600 652184
16610 652184
16620 652233
16630 652233
16640 652233
16650 652233
16660 652233
16670 652233
16680 652233
16690 652233
16700 652233
16710 652233
16720 652233
16730 652233
16740 652233
16750 652233
16760 652233
16770 652233
16780 652233
16790 652233
16800 652259
16810 652259
16820 652259
16830 652304
16840 652313
16850 652315
16860 652315
16870 652315
16880 652315
16890 652315
16900 652315
16910 652315
16920 652315
16930 652331
16940 652331
16950 652331
16960 652331
16970 652331
16980 652331
16990 652331
17000 652331
17010 652331
17020 652331
17030 652331
17040 652331
17050 652331
17060 652331
17070 652331
17080 652331
17090 652331
17100 652331
17110 652331
17120 652370
17130 652370
17140 652370
17150 652370
17160 652370
17170 652370
17180 652370
17190 652370
17200 652370
17210 652370
17220 652370
17230 652413
17240 652413
17250 652413
17260 652413
17270 652413
17280 652413
17290 652413
17300 652413
17310 652413
17320 652425
17330 652425
17340 652425
17350 652425
17360 652425
17370 652425
17380 652425
17390 652458
17400 652458
17410 652521
17420 652521
17430 652521
17440 652521
17450 652521
17460 652521
17470 652521
17480 652521
17490 652578
17500 652578
17510 652578
17520 652578
17530 652578
17540 652578
17550 652658
17560 652658
17570 652658
17580 652658
17590 652671
17600 652671
17610 652672
17620 652672
17630 652674
17640 652674
17650 652819
17660 652819
17670 652854
17680 652854
17690 652854
17700 652854
17710 652877
17720 652877
17730 652877
17740 652877
17750 652877
17760 652877
17770 652984
17780 652984
17790 653231
17800 653231
17810 653231
17820 653231
17830 653231
17840 653231
17850 653260
17860 653260
17870 653260
17880 653260
17890 653260
17900 653260
17910 653260
17920 653260
17930 653276
17940 653313
17950 653313
17960 653313
17970 653328
17980 653328
17990 653329
18000 653329
18010 653329
18020 653405
18030 653405
18040 653410
18050 653410
18060 653410
18070 653410
18080 653410
18090 653410
18100 653410
18110 653410
18120 653410
18130 653412
18140 653412
18150 653412
18160 653412
18170 653412
18180 653412
18190 653412
18200 653412
18210 653412
18220 653491
18230 653491
18240 653491
18250 653491
18260 653491
18270 653491
18280 653491
18290 653506
18300 653506
18310 653506
18320 653506
18330 653506
18340 653506
18350 653506
18360 653506
18370 653506
18380 653506
18390 653608
18400 653608
18410 653684
18420 653684
18430 653684
18440 653684
18450 653684
18460 653684
18470 653684
18480 653684
18490 653684
18500 653765
18510 653765
18520 653765
18530 653766
18540 653766
18550 653766
18560 653771
18570 653771
18580 653771
18590 653771
18600 653771
18610 653771
18620 653771
18630 653771
18640 653771
18650 653771
18660 653771
18670 653771
18680 653771
18690 653771
18700 653771
18710 653800
18720 653809
18730 653809
18740 653820
18750 653883
18760 653883
18770 653949
18780 653949
18790 653949
18800 653949
18810 653949
18820 653953
18830 653953
18840 653953
18850 653953
18860 653953
18870 654302
18880 654302
18890 654302
18900 654302
18910 654307
18920 654307
18930 654309
18940 654309
18950 654316
18960 654316
18970 654316
18980 654327
18990 654327
19000 654327
19010 654327
19020 654327
19030 654327
19040 654327
19050 654339
19060 654357
19070 654357
19080 654357
19090 654359
19100 654359
19110 654460
19120 654460
19130 654640
19140 654640
19150 654706
19160 654803
19170 654803
19180 654803
19190 654803
19200 654950
19210 654950
19220 654950
19230 654950
19240 655573
19250 655573
19260 655694
19270 655750
19280 655750
19290 655750
19300 655750
19310 655755
19320 655755
19330 655755
19340 655755
19350 655918
19360 655918
19370 655918
19380 655918
19390 655918
19400 655918
19410 655918
19420 655918
19430 655918
19440 655918
19450 655918
19460 655918
19470 655918
19480 655918
19490 655918
19500 655918
19510 655918
19520 655918
19530 655918
19540 655918
19550 655918
19560 655918
19570 655918
19580 655918
19590 655918
19600 655918
19610 655918
19620 655923
19630 655931
19640 655931
19650 655931
19660 655931
19670 655931
19680 655931
19690 655931
19700 655931
19710 656023
19720 656023
19730 656023
19740 656025
19750 656025
19760 656025
19770 656025
19780 656025
19790 656025
19800 656025
19810 656025
19820 656025
19830 656025
19840 656061
19850 656065
19860 656065
19870 656065
19880 656072
19890 656072
19900 656072
19910 656077
19920 656077
19930 656077
19940 656077
19950 656077
19960 656151
19970 656151
19980 656151
19990 656201
20000 656201
20010 656201
20020 656202
20030 656214
20040 656214
20050 656214
20060 656216
20070 656216
20080 656216
20090 656216
20100 656216
20110 656216
20120 656216
20130 656216
20140 656216
20150 656216
20160 656216
20170 656348
20180 656348
20190 656348
20200 656348
20210 656348
20220 656348
20230 656348
20240 656348
20250 656348
20260 656348
20270 656348
20280 656615
20290 656624
20300 656624
20310 656624
20320 656624
20330 656644
20340 656644
20350 656644
20360 656644
20370 656644
20380 656649
20390 656649
20400 656651
20410 656729
20420 656729
20430 656760
20440 656760
20450 656760
20460 656827
20470 656827
20480 656827
20490 656827
20500 656827
20510 656827
20520 656827
20530 656827
20540 656827
20550 656862
20560 656862
20570 656862
20580 656862
20590 656862
20600 656862
20610 656862
20620 656862
20630 656862
20640 656862
20650 656881
20660 656881
20670 656881
20680 656881
20690 656881
20700 656881
20710 656881
20720 656900
20730 656900
20740 656900
20750 656900
20760 656900
20770 656900
20780 656900
20790 656900
20800 656900
20810 656900
20820 656900
20830 656900
20840 656900
20850 656905
20860 656905
20870 656905
20880 656905
20890 656905
20900 656905
20910 656914
20920 656914
20930 656914
20940 656914
20950 656914
20960 656914
20970 656914
20980 656914
20990 656992
21000 656992
21010 656992
21020 656992
21030 656992
21040 656992
21050 656995
21060 656995
21070 656995
21080 656995
21090 657002
21100 657002
21110 657004
21120 657004
21130 657004
21140 657004
21150 657004
21160 657025
21170 657025
21180 657028
21190 657028
21200 657028
21210 657028
21220 657028
21230 657028
21240 657028
21250 657028
21260 657048
21270 657092
21280 657092
21290 657092
21300 657092
21310 657164
21320 657164
21330 657164
21340 657167
21350 657167
21360 657168
21370 657182
21380 657182
21390 657182
21400 657246
21410 657246
21420 657253
21430 657253
21440 657253
21450 657254
21460 657254
21470 657254
21480 657254
21490 657254
21500 657254
21510 657254
21520 657254
21530 657254
21540 657254
21550 657254
21560 657254
21570 657254
21580 657254
21590 657254
21600 657254
21610 657254
21620 657375
21630 657375
21640 657375
21650 657386
21660 657386
21670 657498
21680 657514
21690 657514
21700 657514
21710 657514
21720 657514
21730 657514
21740 657514
21750 657514
21760 657515
21770 657515
21780 657515
21790 657515
21800 657527
21810 657527
21820 657527
21830 657530
21840 657530
21850 657530
21860 657530
21870 657530
21880 657530
21890 657530
21900 657530
21910 657530
21920 657530
21930 657531
21940 657531
21950 657531
21960 657531
21970 657534
21980 657534
21990 657622
22000 657622
22010 657622
22020 657622
22030 657622
22040 657622
22050 657622
22060 657622
22070 657622
22080 657622
22090 657622
22100 657622
22110 657622
22120 657636
22130 657636
22140 657636
22150 657636
22160 657641
22170 657641
22180 657660
22190 657660
22200 657660
22210 657666
22220 657666
22230 657666
22240 657666
22250 657666
22260 657666
22270 657687
22280 657687
22290 657687
22300 657687
22310 657687
22320 657687
22330 657687
22340 657687
22350 657736
22360 657736
22370 657736
22380 657736
22390 657736
22400 657736
22410 657736
22420 657736
22430 657736
22440 657758
22450 657758
22460 657758
22470 657758
22480 657758
22490 657758
22500 657800
22510 657800
22520 657814
22530 657814
22540 657814
22550 657814
22560 657815
22570 657815
22580 657815
22590 657815
22600 657815
22610 657815
22620 657815
22630 657815
22640 657815
22650 658018
22660 658018
22670 658018
22680 658018
22690 658018
22700 658018
22710 658019
22720 658019
22730 658019
22740 658019
22750 658058
22760 658058
22770 658058
22780 658058
22790 658058
22800 658058
22810 658058
22820 658086
22830 658086
22840 658086
22850 658086
22860 658086
22870 658086
22880 658117
22890 658117
22900 658117
22910 658117
22920 658117
22930 658117
22940 658117
22950 658117
22960 658117
22970 658117
22980 658117
22990 658136
23000 658136
23010 658145
23020 658194
23030 658194
23040 658194
23050 658320
23060 658321
23070 658321
23080 658321
23090 658321
23100 658321
23110 658328
23120 658328
23130 658328
23140 658328
23150 658328
23160 658328
23170 658328
23180 658328
23190 658328
23200 658328
23210 658328
23220 658328
23230 658328
23240 658328
23250 658328
23260 658328
23270 658329
23280 658329
23290 658339
23300 658339
23310 658339
23320 658343
23330 658343
23340 658343
23350 658343
23360 658343
23370 658343
23380 658375
23390 658383
23400 658404
23410 658404
23420 658404
23430 658406
23440 658406
23450 658585
23460 658585
23470 658585
23480 658585
23490 658585
23500 658634
23510 658634
23520 658634
23530 658634
23540 658717
23550 658717
23560 658717
23570 658717
23580 658717
23590 658755
23600 658755
23610 658755
23620 658755
23630 658755
23640 658755
23650 658755
23660 658755
23670 658755
23680 658755
23690 658755
23700 658755
23710 658755
23720 658755
23730 658755
23740 658755
23750 658755
23760 658755
23770 658793
23780 658793
23790 658793
23800 658793
23810 658793
23820 658793
23830 658793
23840 658793
23850 658866
23860 659073
23870 659168
23880 659168
23890 659168
23900 659168
23910 659168
23920 659168
23930 659168
23940 659168
23950 659177
23960 659177
23970 659177
23980 659177
23990 659177
24000 659177
24010 659177
24020 659177
24030 659177
24040 659213
24050 659213
24060 659353
24070 659419
24080 659419
24090 659419
24100 659419
24110 659419
24120 659419
24130 659419
24140 659419
24150 659419
24160 659419
24170 659419
24180 659419
24190 659467
24200 659467
24210 659467
24220 659467
24230 659467
24240 659495
24250 659495
24260 659495
24270 659495
24280 659495
24290 659495
24300 659495
24310 659495
24320 659495
24330 659524
24340 659524
24350 659524
24360 659524
24370 659527
24380 659527
24390 659527
24400 659527
24410 659537
24420 659537
24430 659537
24440 659537
24450 659537
24460 659537
24470 659537
24480 659537
24490 659537
24500 659537
24510 659537
24520 659554
24530 659554
24540 659554
24550 659554
24560 659554
24570 659554
24580 659554
24590 659554
24600 659554
24610 659554
24620 659782
24630 659782
24640 659782
24650 659787
24660 659787
24670 659787
24680 659787
24690 659787
24700 659809
24710 659809
24720 659809
24730 659809
24740 659809
24750 659809
24760 659809
24770 659809
24780 659810
24790 659810
24800 659810
24810 659810
24820 659810
24830 659810
24840 659810
24850 659810
24860 659810
24870 659810
24880 659810
24890 659810
24900 659810
24910 660062
24920 660062
24930 660062
24940 660062
24950 660062
24960 660062
24970 660062
24980 660062
24990 660062
25000 660062
25010 660070
25020 660070
25030 660070
25040 660080
25050 660080
25060 660080
25070 660080
25080 660080
25090 660094
25100 660094
25110 660294
25120 660294
25130 660294
25140 660322
25150 660322
25160 660322
25170 660322
25180 660322
25190 660322
25200 660406
25210 660406
25220 660406
25230 660406
25240 660406
25250 660465
25260 660465
25270 660465
25280 660484
25290 660484
25300 660484
25310 660486
25320 660486
25330 660486
25340 660486
25350 660486
25360 660486
25370 660486
25380 660486
25390 660538
25400 660538
25410 660538
25420 660538
25430 660546
25440 660582
25450 660582
25460 660599
25470 660599
25480 660599
25490 660599
25500 660599
25510 660599
25520 660599
25530 660599
25540 660602
25550 660602
25560 660602
25570 660602
25580 660602
25590 660602
25600 660602
25610 660602
25620 660659
25630 660659
25640 660659
25650 660659
25660 660665
25670 660665
25680 660665
25690 660666
25700 660666
25710 660666
25720 660666
25730 660666
25740 660666
25750 660666
25760 660666
25770 660666
25780 660666
25790 660666
25800 660666
25810 660733
25820 660733
25830 660733
25840 660733
25850 660733
25860 660733
25870 660750
25880 660782
25890 660782
25900 660782
25910 660782
25920 660782
25930 660782
25940 660798
25950 660798
25960 660798
25970 660798
25980 660837
25990 660886
26000 660886
26010 660886
26020 660886
26030 660886
26040 660886
26050 660886
26060 660886
26070 660886
26080 661003
26090 661003
26100 661003
26110 661003
26120 661014
26130 661014
26140 661014
26150 661014
26160 661014
26170 661014
26180 661014
26190 661014
26200 661014
26210 661014
26220 661014
26230 661014
26240 661014
26250 661014
26260 661014
26270 661014
26280 661014
26290 661032
26300 661032
26310 661032
26320 661032
26330 661032
26340 661032
26350 661038
26360 661038
26370 661038
26380 661039
26390 661039
26400 661039
26410 661039
26420 661039
26430 661040
26440 661040
26450 661040
26460 661048
26470 661091
26480 661091
26490 661199
26500 661199
26510 661199
26520 661208
26530 661208
26540 661208
26550 661208
26560 661208
26570 661208
26580 661208
26590 661208
26600 661208
26610 661208
26620 661313
26630 661313
26640 661313
26650 661347
26660 661421
26670 661421
26680 661421
26690 661421
26700 661421
26710 661421
26720 661421
26730 661421
26740 661528
26750 661541
26760 661541
26770 661541
26780 661541
26790 661541
26800 661541
26810 661544
26820 661544
26830 661544
26840 661544
26850 661544
26860 661544
26870 661629
26880 661629
26890 661629
26900 661629
26910 661629
26920 661752
26930 661752
26940 661752
26950 661752
26960 661753
26970 661753
26980 661755
26990 661755
27000 661755
27010 661755
27020 661755
27030 661782
27040 661782
27050 661782
27060 661782
27070 661782
27080 661782
27090 661782
27100 661782
27110 661864
27120 661864
27130 661879
27140 661879
27150 661910
27160 661920
27170 661920
27180 661971
27190 661971
27200 661971
27210 661971
27220 661971
27230 661971
27240 661971
27250 661983
27260 661983
27270 661983
27280 662036
27290 662051
27300 662051
27310 662051
27320 662051
27330 662075
27340 662075
27350 662075
27360 662075
27370 662075
27380 662075
27390 662077
27400 662077
27410 662077
27420 662104
27430 662104
27440 662104
27450 662106
27460 662106
27470 662106
27480 662106
27490 662106
27500 662106
27510 662106
27520 662106
27530 662106
27540 662106
27550 662106
27560 662106
27570 662106
27580 662106
27590 662106
27600 662106
27610 662106
27620 662106
27630 662106
27640 662106
27650 662106
27660 662163
27670 662163
27680 662163
27690 662163
27700 662163
27710 662163
27720 662179
27730 662179
27740 662179
27750 662270
27760 662270
27770 662270
27780 662270
27790 662270
27800 662280
27810 662280
27820 662280
27830 662280
27840 662280
27850 662280
27860 662280
27870 662280
27880 662316
27890 662355
27900 662355
27910 662355
27920 662364
27930 662369
27940 662369
27950 662369
27960 662369
27970 662369
27980 662369
27990 662369
28000 662369
28010 662384
28020 662384
28030 662644
28040 662644
28050 662644
28060 662644
28070 662644
28080 662685
28090 662723
28100 662723
28110 662723
28120 662723
28130 662730
28140 662730
28150 662730
28160 662730
28170 662730
28180 662732
28190 662739
28200 662739
28210 662739
28220 662739
28230 662911
28240 662911
28250 662975
28260 662975
28270 662975
28280 662975
28290 662975
28300 662975
28310 662975
28320 663005
28330 663005
28340 663005
28350 663005
28360 663005
28370 663005
28380 663005
28390 663005
28400 663008
28410 663008
28420 663008
28430 663009
28440 663025
28450 663025
28460 663025
28470 663025
28480 663025
28490 663025
28500 663025
28510 663025
28520 663025
28530 663025
28540 663025
28550 663058
28560 663058
28570 663058
28580 663058
28590 663098
28600 663098
28610 663146
28620 663146
28630 663146
28640 663159
28650 663162
28660 663162
28670 663162
28680 663162
28690 663256
28700 663260
28710 663260
28720 663260
28730 663260
28740 663260
28750 663260
28760 663260
28770 663260
28780 663268
28790 663268
28800 663268
28810 663268
28820 663536
28830 663536
28840 663536
28850 663536
28860 663538
28870 663538
28880 663538
28890 663538
28900 663538
28910 663566
28920 663566
28930 663566
28940 663566
28950 663566
28960 663566
28970 663566
28980 663566
28990 663566
29000 663584
29010 663584
29020 663584
29030 663584
29040 663584
29050 663584
29060 663584
29070 663591
29080 663591
29090 663591
29100 663591
29110 663591
29120 663644
29130 663658
29140 663658
29150 663658
29160 663658
29170 663658
29180 663658
29190 663658
29200 663660
29210 663660
29220 663660
29230 663660
29240 663660
29250 663660
29260 663660
29270 663678
29280 663678
29290 663678
29300 663679
29310 663679
29320 663679
29330 663679
29340 663679
29350 663679
29360 663691
29370 663691
29380 663691
29390 663691
29400 663691
29410 663691
29420 663691
29430 663716
29440 663716
29450 663716
29460 663716
29470 663716
29480 663737
29490 663737
29500 663737
29510 663737
29520 663737
29530 663737
29540 663742
29550 663742
29560 663742
29570 663742
29580 663742
29590 663742
29600 663742
29610 663742
29620 663742
29630 663742
29640 663742
29650 663830
29660 663830
29670 663835
29680 663835
29690 663835
29700 663835
29710 663835
29720 663835
29730 663835
29740 663835
29750 663835
29760 663835
29770 664015
29780 664015
29790 664015
29800 664018
29810 664018
29820 664018
29830 664018
29840 664018
29850 664018
29860 664049
29870 664049
29880 664049
29890 664049
29900 664049
29910 664067
29920 664067
29930 664067
29940 664098
29950 664098
29960 664098
29970 664098
29980 664098
29990 664098
30000 664104
30010 664104
30020 664104
30030 664104
30040 664110
30050 664110
30060 664140
30070 664175
30080 664175
30090 664175
30100 664266
30110 664266
30120 664266
30130 664305
30140 664385
30150 664385
30160 664385
30170 664385
30180 664385
30190 664385
30200 664385
30210 664825
30220 664825
30230 664825
30240 664825
30250 664825
30260 664825
30270 664825
30280 664825
30290 664825
30300 664865
30310 664865
30320 664865
30330 664865
30340 664865
30350 664865
30360 664865
30370 664964
30380 664979
30390 664979
30400 664979
30410 664979
30420 664979
30430 664979
30440 664979
30450 664993
30460 664993
30470 664993
30480 664993
30490 664993
30500 664993
30510 664993
30520 664993
30530 664993
30540 664993
30550 664993
30560 664993
30570 664993
30580 664993
30590 664993
30600 664993
30610 665044
30620 665044
30630 665048
30640 665048
30650 665048
30660 665048
30670 665048
30680 665048
30690 665057
30700 665057
30710 665057
30720 665058
30730 665058
30740 665058
30750 665058
30760 665058
30770 665058
30780 665058
30790 665058
30800 665058
30810 665117
30820 665117
30830 665117
30840 665117
30850 665117
30860 665117
30870 665117
30880 665117
30890 665117
30900 665119
30910 665119
30920 665119
30930 665119
30940 665120
30950 665120
30960 665120
30970 665120
30980 665120
30990 665145
31000 665183
31010 665183
31020 665183
31030 665183
31040 665183
31050 665183
31060 665183
31070 665183
31080 665195
31090 665195
31100 665204
31110 665204
31120 665204
31130 665236
31140 665236
31150 665236
31160 665236
31170 665236
31180 665236
31190 665236
31200 665236
31210 665258
31220 665258
31230 665258
31240 665258
31250 665355
31260 665355
31270 665355
31280 665355
31290 665355
31300 665355
31310 665355
31320 665355
31330 665355
31340 665362
31350 665362
31360 665362
31370 665362
31380 665362
31390 665362
31400 665362
31410 665362
31420 665362
31430 665362
31440 665367
31450 665367
31460 665367
31470 665367
31480 665367
31490 665367
31500 665367
31510 665367
31520 665367
31530 665367
31540 665368
31550 665368
31560 665368
31570 665369
31580 665369
31590 665369
31600 665369
31610 665369
31620 665369
31630 665369
31640 665369
31650 665369
31660 665369
31670 665369
31680 665369
31690 665369
31700 665369
31710 665369
31720 665371
31730 665371
31740 665371
31750 665371
31760 665371
31770 665371
31780 665371
31790 665371
31800 665374
31810 665374
31820 665374
31830 665374
31840 665374
31850 665400
31860 665420
31870 665420
31880 665420
31890 665420
31900 665420
31910 665420
31920 665422
31930 665422
31940 665422
31950 665422
31960 665458
31970 665458
31980 665458
31990 665458
32000 665458
32010 665458
32020 665458
32030 665458
32040 665458
32050 665458
32060 665458
32070 665458
32080 665458
32090 665458
32100 665458
32110 665458
32120 665458
32130 665458
32140 665461
32150 665463
32160 665463
32170 665463
32180 665463
32190 665463
32200 665463
32210 665463
32220 665463
32230 665463
32240 665463
32250 665463
32260 665463
32270 665463
32280 665468
32290 665468
32300 665468
32310 665468
32320 665468
32330 665468
32340 665468
32350 665468
32360 665468
32370 665468
32380 665468
32390 665468
32400 665468
32410 665468
32420 665468
32430 665468
32440 665468
32450 665468
32460 665525
32470 665528
32480 665528
32490 665551
32500 665551
32510 665551
32520 665551
32530 665551
32540 665551
32550 665551
32560 665551
32570 665554
32580 665554
32590 665554
32600 665554
32610 665554
32620 665590
32630 665590
32640 665590
32650 665590
32660 665590
32670 665590
32680 665745
32690 665784
32700 665784
32710 665784
32720 665784
32730 665785
32740 665816
32750 665835
32760 665835
32770 665835
32780 665858
32790 665858
32800 665858
32810 665858
32820 665858
32830 665858
32840 665858
32850 665858
32860 665858
32870 665858
32880 665858
32890 665858
32900 665868
32910 665868
32920 665868
32930 665868
32940 665872
32950 665874
32960 665874
32970 665874
32980 665989
32990 665989
33000 665989
33010 665991
33020 665991
33030 665991
33040 666024
33050 666024
33060 666024
33070 666024
33080 666025
33090 666025
33100 666025
33110 666025
33120 666029
33130 666029
33140 666029
33150 666029
33160 666029
33170 666029
33180 666147
33190 666147
33200 666147
33210 666147
33220 666147
33230 666147
33240 666147
33250 666147
33260 666147
33270 666147
33280 666147
33290 666148
33300 666148
33310 666148
33320 666148
33330 666148
33340 666176
33350 666176
33360 666176
33370 666176
33380 666176
33390 666176
33400 666176
33410 666176
33420 666176
33430 666176
33440 666176
33450 666176
33460 666176
33470 666176
33480 666176
33490 666176
33500 666176
33510 666176
33520 666176
33530 666176
33540 666176
33550 666176
33560 666176
33570 666178
33580 666178
33590 666178
33600 666204
33610 666305
33620 666305
33630 666305
33640 666305
33650 666305
33660 666305
33670 666305
33680 666305
33690 666305
33700 666305
33710 666394
33720 666394
33730 666394
33740 666403
33750 666475
33760 666475
33770 666475
33780 666475
33790 666657
33800 666657
33810 666657
33820 666657
33830 666657
33840 666657
33850 666657
33860 666657
33870 666657
33880 666694
33890 666694
33900 666694
33910 666694
33920 666701
33930 666701
33940 666701
33950 666701
33960 666701
33970 666701
33980 666701
33990 666701
34000 666701
34010 666701
34020 666701
34030 666701
34040 666718
34050 666720
34060 666720
34070 666720
34080 666725
34090 666725
34100 666725
34110 666726
34120 666726
34130 666726
34140 666726
34150 666726
34160 666726
34170 666726
34180 666726
34190 666741
34200 666741
34210 666741
34220 666741
34230 666741
34240 666741
34250 666741
34260 666741
34270 666741
34280 666741
34290 666741
34300 666741
34310 666741
34320 666741
34330 666741
34340 666741
34350 666741
34360 666801
34370 666823
34380 666823
34390 666823
34400 666823
34410 666826
34420 666860
34430 666896
34440 666896
34450 666896
34460 666912
34470 666912
34480 666912
34490 666912
34500 666912
34510 667024
34520 667024
34530 667028
34540 667028
34550 667182
34560 667431
34570 667433
34580 667433
34590 667433
34600 667433
34610 667433
34620 667433
34630 667433
34640 667433
34650 667433
34660 667433
34670 667433
34680 667454
34690 667454
34700 667454
34710 667454
34720 667455
34730 667455
34740 667455
34750 667455
34760 667455
34770 667455
34780 667455
34790 667498
34800 667498
34810 667498
34820 667498
34830 667498
34840 667507
34850 667507
34860 667507
34870 667507
34880 667510
34890 667518
34900 667518
34910 667518
34920 667518
34930 667518
34940 667518
34950 667930
34960 667930
34970 667930
34980 667930
34990 668040
35000 668040
35010 668040
35020 668040
35030 668040
35040 668040
35050 668044
35060 668058
35070 668058
35080 668058
35090 668084
35100 668084
35110 668147
35120 668147
35130 668147
35140 668147
35150 668147
35160 668147
35170 668147
35180 668175
35190 668175
35200 668175
35210 668175
35220 668175
35230 668175
35240 668175
35250 668175
35260 668175
35270 668175
35280 668175
35290 668175
35300 668175
35310 668175
35320 668175
35330 668175
35340 668175
35350 668175
35360 668175
35370 668175
35380 668185
35390 668185
35400 668185
35410 668189
35420 668189
35430 668189
35440 668189
35450 668189
35460 668189
35470 668189
35480 668189
35490 668189
35500 668189
35510 668189
35520 668189
35530 668189
35540 668189
35550 668189
35560 668189
35570 668189
35580 668189
35590 668189
35600 668189
35610 668189
35620 668189
35630 668189
35640 668189
35650 668189
35660 668189
35670 668189
35680 668189
35690 668189
35700 668208
35710 668208
35720 668208
35730 668208
35740 668208
35750 668208
35760 668208
35770 668208
35780 668208
35790 668208
35800 668208
35810 668208
35820 668214
35830 668214
35840 668214
35850 668214
35860 668220
35870 668287
35880 668287
35890 668287
35900 668287
35910 668287
35920 668287
35930 668287
35940 668287
35950 668287
35960 668287
35970 668287
35980 668287
35990 668287
36000 668287
36010 668287
36020 668287
36030 668287
36040 668287
36050 668287
36060 668334
36070 668334
36080 668372
36090 668372
36100 668372
36110 668446
36120 668446
36130 668446
36140 668446
36150 668446
36160 668446
36170 668446
36180 668446
36190 668446
36200 668446
36210 668446
36220 668446
36230 668446
36240 668446
36250 668446
36260 668446
36270 668446
36280 668446
36290 668446
36300 668446
36310 668446
36320 668446
36330 668446
36340 668446
36350 668446
36360 668446
36370 668446
36380 668446
36390 668446
36400 668446
36410 668446
36420 668483
36430 668483
36440 668483
36450 668483
36460 668483
36470 668483
36480 668483
36490 668483
36500 668483
36510 668483
36520 668483
36530 668483
36540 668483
36550 668483
36560 668483
36570 668483
36580 668483
36590 668483
36600 668515
36610 668515
36620 668515
36630 668515
36640 668515
36650 668515
36660 668520
36670 668520
36680 668520
36690 668520
36700 668520
36710 668520
36720 668522
36730 668522
36740 668522
36750 668522
36760 668522
36770 668522
36780 668522
36790 668522
36800 668639
36810 668639
36820 668639
36830 668639
36840 668639
36850 668639
36860 668639
36870 668639
36880 668639
36890 668640
36900 668640
36910 668640
36920 668640
36930 668640
36940 668640
36950 668640
36960 668640
36970 668640
36980 668640
36990 668646
37000 668646
37010 668646
37020 668646
37030 668646
37040 668646
37050 668646
37060 668658
37070 668658
37080 668658
37090 668684
37100 668685
37110 668685
37120 668685
37130 668685
37140 668685
37150 668685
37160 668685
37170 668685
37180 668685
37190 668685
37200 668685
37210 668685
37220 668685
37230 668685
37240 668685
37250 668685
37260 668685
37270 668685
37280 668685
37290 668685
37300 668685
37310 668685
37320 668685
37330 668685
37340 668685
37350 668685
37360 668685
37370 668685
37380 668685
37390 668685
37400 668685
37410 668685
37420 668685
37430 668728
37440 668728
37450 668728
37460 668728
37470 668728
37480 668728
37490 668728
37500 668728
37510 668728
37520 668728
37530 668728
37540 668728
37550 668728
37560 668728
37570 668728
37580 668728
37590 668728
37600 668728
37610 668751
37620 668751
37630 668751
37640 668751
37650 668751
37660 668751
37670 668751
37680 668773
37690 668892
37700 668896
37710 668896
37720 668896
37730 668896
37740 668896
37750 668896
37760 668896
37770 668896
37780 668896
37790 668896
37800 668896
37810 668896
37820 668896
37830 668922
37840 668922
37850 668922
37860 668922
37870 668922
37880 668958
37890 668958
37900 668958
37910 668958
37920 668958
37930 668958
37940 668958
37950 668958
37960 668958
37970 668958
37980 668958
37990 668958
38000 668958
38010 668958
38020 668958
38030 668958
38040 668958
38050 668958
38060 668958
38070 668958
38080 668958
38090 668958
38100 668958
38110 668996
38120 668996
38130 668996
38140 668996
38150 668996
38160 668996
38170 668996
38180 668996
38190 668996
38200 669041
38210 669041
38220 669041
38230 669041
38240 669041
38250 669041
38260 669041
38270 669041
38280 669041
38290 669041
38300 669041
38310 669041
38320 669041
38330 669041
38340 669041
38350 669041
38360 669041
38370 669041
38380 669041
38390 669041
38400 669041
38410 669041
38420 669041
38430 669041
38440 669041
38450 669041
38460 669041
38470 669041
38480 669041
38490 669041
38500 669041
38510 669041
38520 669055
38530 669055
38540 669055
38550 669055
38560 669055
38570 669055
38580 669055
38590 669059
38600 669059
38610 669059
38620 669059
38630 669059
38640 669064
38650 669064
38660 669131
38670 669131
38680 669131
38690 669131
38700 669131
38710 669131
38720 669131
38730 669131
38740 669131
38750 669131
38760 669131
38770 669131
38780 669131
38790 669131
38800 669131
38810 669131
38820 669131
38830 669136
38840 669136
38850 669136
38860 669137
38870 669137
38880 669137
38890 669137
38900 669137
38910 669137
38920 669137
38930 669137
38940 669137
38950 669137
38960 669137
38970 669137
38980 669137
38990 669137
39000 669137
39010 669137
39020 669137
39030 669137
39040 669137
39050 669137
39060 669137
39070 669137
39080 669137
39090 669138
39100 669140
39110 669140
39120 669147
39130 669147
39140 669147
39150 669147
39160 669147
39170 669147
39180 669147
39190 669147
39200 669147
39210 669147
39220 669147
39230 669147
39240 669179
39250 669179
39260 669179
39270 669179
39280 669179
39290 669179
39300 669179
39310 669179
39320 669179
39330 669179
39340 669237
39350 669237
39360 669237
39370 669237
39380 669237
39390 669237
39400 669237
39410 669237
39420 669237
39430 669237
39440 669237
39450 669237
39460 669242
39470 669242
39480 669242
39490 669242
39500 669242
39510 669242
39520 669242
39530 669242
39540 669242
39550 669242
39560 669242
39570 669242
39580 669242
39590 669242
39600 669242
39610 669242
39620 669242
39630 669242
39640 669242
39650 669242
39660 669253
39670 669253
39680 669253
39690 669253
39700 669269
39710 669271
39720 669277
39730 669286
39740 669286
39750 669286
39760 669286
39770 669304
39780 669304
39790 669304
39800 669304
39810 669304
39820 669304
39830 669304
39840 669304
39850 669304
39860 669304
39870 669304
39880 669304
39890 669347
39900 669347
39910 669364
39920 669364
39930 669364
39940 669364
39950 669364
39960 669402
39970 669402
39980 669402
39990 669402
40000 669402
40010 669402
40020 669402
40030 669403
40040 669403
40050 669436
40060 669436
40070 669456
40080 669456
40090 669456
40100 669456
40110 669456
40120 669456
40130 669456
40140 669456
40150 669456
40160 669456
40170 669456
40180 669463
40190 669530
40200 669530
40210 669632
40220 669632
40230 669632
40240 669632
40250 669632
40260 669632
40270 669632
40280 669632
40290 669632
40300 669632
40310 669632
40320 669632
40330 669632
40340 669632
40350 669632
40360 669632
40370 669632
40380 669632
40390 669632
40400 669632
40410 669632
40420 669632
40430 669699
40440 669702
40450 669702
40460 669702
40470 669702
40480 669702
40490 669707
40500 669707
40510 669707
40520 669707
40530 669707
40540 669707
40550 669707
40560 669716
40570 669716
40580 669716
40590 669716
40600 669716
40610 669716
40620 669718
40630 669718
40640 669718
40650 669718
40660 669718
40670 669718
40680 669718
40690 669718
40700 669718
40710 669718
40720 669728
40730 669728
40740 669728
40750 669728
40760 669976
40770 669976
40780 669976
40790 669976
40800 669976
40810 669976
40820 669976
40830 669976
40840 669976
40850 669976
40860 669976
40870 669976
40880 669976
40890 669976
40900 669976
40910 669976
40920 669976
40930 669976
40940 669976
40950 669976
40960 669976
40970 669976
40980 669976
40990 669976
41000 669976
41010 669976
41020 669976
41030 669976
41040 669976
41050 669976
41060 669976
41070 669976
41080 669976
41090 669976
41100 669977
41110 669977
41120 670003
41130 670003
41140 670007
41150 670007
41160 670007
41170 670007
41180 670007
41190 670007
41200 670027
41210 670027
41220 670027
41230 670027
41240 670027
41250 670028
41260 670028
41270 670028
41280 670028
41290 670028
41300 670028
41310 670028
41320 670028
41330 670028
41340 670028
41350 670028
41360 670028
41370 670076
41380 670076
41390 670076
41400 670114
41410 670114
41420 670114
41430 670121
41440 670149
41450 670149
41460 670149
41470 670149
41480 670149
41490 670149
41500 670152
41510 670152
41520 670152
41530 670152
41540 670167
41550 670167
41560 670167
41570 670167
41580 670167
41590 670167
41600 670167
41610 670167
41620 670167
41630 670167
41640 670171
41650 670171
41660 670171
41670 670171
41680 670171
41690 670171
41700 670171
41710 670171
41720 670176
41730 670176
41740 670176
41750 670176
41760 670176
41770 670176
41780 670176
41790 670176
41800 670182
41810 670182
41820 670182
41830 670182
41840 670182
41850 670182
41860 670182
41870 670182
41880 670182
41890 670182
41900 670182
41910 670182
41920 670182
41930 670182
41940 670182
41950 670182
41960 670182
41970 670182
41980 670182
41990 670182
42000 670182
42010 670258
42020 670305
42030 670305
42040 670305
42050 670305
42060 670305
42070 670711
42080 670711
42090 670713
42100 670721
42110 670721
42120 670721
42130 670721
42140 670721
42150 670721
42160 670752
42170 670752
42180 670752
42190 670752
42200 670752
42210 670758
42220 670758
42230 670758
42240 670758
42250 670758
42260 670758
42270 670758
42280 670758
42290 670758
42300 670758
42310 670758
42320 670758
42330 670758
42340 670789
42350 670789
42360 670789
42370 670789
42380 670789
42390 670790
42400 670790
42410 670790
42420 670790
42430 670790
42440 670790
42450 670798
42460 670798
42470 670798
42480 670798
42490 670801
42500 670801
42510 670801
42520 670801
42530 670804
42540 670804
42550 670804
42560 670804
42570 670804
42580 670804
42590 670804
42600 670804
42610 670804
42620 670804
42630 670804
42640 670804
42650 670804
42660 670804
42670 670804
42680 670804
42690 670810
42700 670810
42710 670810
42720 670810
42730 670810
42740 670810
42750 670810
42760 670810
42770 670810
42780 670810
42790 670810
42800 670810
42810 670810
42820 670810
42830 670810
42840 670819
42850 670819
42860 670819
42870 670819
42880 670819
42890 670819
42900 670819
42910 670819
42920 670820
42930 670820
42940 670820
42950 670820
42960 670820
42970 670820
42980 670820
42990 670820
43000 670820
43010 670820
43020 670820
43030 670820
43040 670820
43050 670820
43060 670820
43070 670820
43080 670820
43090 670820
43100 670820
43110 670820
43120 670820
43130 670820
43140 670820
43150 670875
43160 670875
43170 670875
43180 670884
43190 670884
43200 670884
43210 670884
43220 670884
43230 670884
43240 670884
43250 670884
43260 670884
43270 670884
43280 670884
43290 670884
43300 670884
43310 670884
43320 670884
43330 670884
43340 670884
43350 670884
43360 670884
43370 670884
43380 670884
43390 670884
43400 671541
43410 671541
43420 671541
43430 671541
43440 671541
43450 671543
43460 671543
43470 671543
43480 671551
43490 671551
43500 671565
43510 671725
43520 671725
43530 671725
43540 671725
43550 671725
43560 671725
43570 671725
43580 671725
43590 671725
43600 671725
43610 671725
43620 671725
43630 671725
43640 671725
43650 671725
43660 671725
43670 671725
43680 671725
43690 671725
43700 671725
43710 671725
43720 671725
43730 671725
43740 671725
43750 671725
43760 671735
43770 671735
43780 671735
43790 671735
43800 671735
43810 671735
43820 671735
43830 671735
43840 671735
43850 671735
43860 671735
43870 671735
43880 671735
43890 671735
43900 671735
43910 671735
43920 671735
43930 671735
43940 671735
43950 671735
43960 671735
43970 671735
43980 671735
43990 671735
44000 671735
44010 671736
44020 671736
44030 671736
44040 671736
44050 671736
44060 671736
44070 671736
44080 671736
44090 671755
44100 671755
44110 671755
44120 671755
44130 671755
44140 671755
44150 671755
44160 671755
44170 671755
44180 671755
44190 671755
44200 671755
44210 671792
44220 671792
44230 671792
44240 671792
44250 671792
44260 671792
44270 671792
44280 671792
44290 671792
44300 671792
44310 671792
44320 671792
44330 671807
44340 671807
44350 671807
44360 671807
44370 671807
44380 671807
44390 671807
44400 671807
44410 671807
44420 671807
44430 671807
44440 671807
44450 671807
44460 671811
44470 671811
44480 671811
44490 671811
44500 671815
44510 671815
44520 671815
44530 671815
44540 671815
44550 671815
44560 671815
44570 671815
44580 671815
44590 671815
44600 671815
44610 671815
44620 671815
44630 671815
44640 671815
44650 671815
44660 671815
44670 671815
44680 671815
44690 671815
44700 671815
44710 671851
44720 671851
44730 671851
44740 671851
44750 671851
44760 671851
44770 672018
44780 672018
44790 672018
44800 672031
44810 672031
44820 672031
44830 672031
44840 672031
44850 672031
44860 672031
44870 672031
44880 672042
44890 672042
44900 672042
44910 672042
44920 672042
44930 672042
44940 672042
44950 672042
44960 672042
44970 672042
44980 672042
44990 672042
45000 672042
45010 672042
45020 672042
45030 672042
45040 672042
45050 672042
45060 672042
45070 672050
45080 672050
45090 672050
45100 672050
45110 672050
45120 672050
45130 672050
45140 672050
45150 672050
45160 672050
45170 672050
45180 672050
45190 672050
45200 672060
45210 672060
45220 672060
45230 672060
45240 672060
45250 672060
45260 672060
45270 672060
45280 672060
45290 672060
45300 672123
45310 672123
45320 672123
45330 672123
45340 672123
45350 672123
45360 672123
45370 672123
45380 672123
45390 672123
45400 672123
45410 672123
45420 672124
45430 672124
45440 672124
45450 672124
45460 672124
45470 672124
45480 672124
45490 672124
45500 672124
45510 672124
45520 672124
45530 672124
45540 672124
45550 672132
45560 672132
45570 672132
45580 672132
45590 672132
45600 672132
45610 672140
45620 672140
45630 672140
45640 672142
45650 672142
45660 672142
45670 672142
45680 672142
45690 672142
45700 672142
45710 672142
45720 672142
45730 672142
45740 672145
45750 672145
45760 672145
45770 672145
45780 672145
45790 672148
45800 672148
45810 672148
45820 672148
45830 672174
45840 672174
45850 672174
45860 672184
45870 672184
45880 672184
45890 672184
45900 672184
45910 672184
45920 672184
45930 672186
45940 672186
45950 672186
45960 672186
45970 672186
45980 672186
45990 672186
46000 672186
46010 672186
46020 672205
46030 672205
46040 672234
46050 672234
46060 672234
46070 672234
46080 672234
46090 672234
46100 672234
46110 672234
46120 672234
46130 672234
46140 672234
46150 672234
46160 672234
46170 672234
46180 672234
46190 672234
46200 672234
46210 672234
46220 672234
46230 672234
46240 672234
46250 672234
46260 672234
46270 672234
46280 672234
46290 672258
46300 672258
46310 672258
46320 672258
46330 672258
46340 672258
46350 672258
46360 672258
46370 672258
46380 672258
46390 672258
46400 672258
46410 672258
46420 672258
46430 672417
46440 672536
46450 672536
46460 672536
46470 672536
46480 672536
46490 672536
46500 672536
46510 672536
46520 672536
46530 672618
46540 672618
46550 672618
46560 672618
46570 672618
46580 672618
46590 672618
46600 672618
46610 672618
46620 672618
46630 672618
46640 672618
46650 672618
46660 672618
46670 672654
46680 672654
46690 672654
46700 672654
46710 672654
46720 672654
46730 672654
46740 672654
46750 672654
46760 672654
46770 672654
46780 672654
46790 672654
46800 672654
46810 672654
46820 672682
46830 672682
46840 672682
46850 672682
46860 672682
46870 672682
46880 672682
46890 672682
46900 672682
46910 672682
46920 672682
46930 672682
46940 672682
46950 672686
46960 672686
46970 672686
46980 672686
46990 672686
47000 672686
47010 672686
47020 672686
47030 672686
47040 672686
47050 672686
47060 672686
47070 672686
47080 672686
47090 672686
47100 672686
47110 672686
47120 672686
47130 672686
47140 672686
47150 672686
47160 672686
47170 672686
47180 672686
47190 672686
47200 672686
47210 672686
47220 672686
47230 672686
47240 672686
47250 672686
47260 672686
47270 672686
47280 672686
47290 672686
47300 672686
47310 672686
47320 672686
47330 672686
47340 672686
47350 672686
47360 672686
47370 672686
47380 672694
47390 672694
47400 672694
47410 672694
47420 672694
47430 672694
47440 672697
47450 672697
47460 672755
47470 672755
47480 672755
47490 672755
47500 672755
47510 672791
47520 672791
47530 672791
47540 672791
47550 672791
47560 672791
47570 672791
47580 672791
47590 672791
47600 672791
47610 672791
47620 672791
47630 672801
47640 672801
47650 672812
47660 672812
47670 672812
47680 672812
47690 672812
47700 672812
47710 672812
47720 672812
47730 672812
47740 672818
47750 672818
47760 672818
47770 672818
47780 672818
47790 672818
47800 672818
47810 672818
47820 672818
47830 672818
47840 672855
47850 672855
47860 672855
47870 672855
47880 672855
47890 672855
47900 672855
47910 672855
47920 672855
47930 672855
47940 672855
47950 672855
47960 672855
47970 672855
47980 672855
47990 672855
48000 672855
48010 672888
48020 672888
48030 672888
48040 672890
48050 672890
48060 672890
48070 672890
48080 672890
48090 672890
48100 672900
48110 672900
48120 672900
48130 672900
48140 672900
48150 672985
48160 672985
48170 672985
48180 672985
48190 672985
48200 672985
48210 672985
48220 672985
48230 672985
48240 673004
48250 673004
48260 673004
48270 673004
48280 673004
48290 673004
48300 673004
48310 673004
48320 673004
48330 673004
48340 673004
48350 673004
48360 673004
48370 673004
48380 673004
48390 673004
48400 673004
48410 673004
48420 673004
48430 673004
48440 673004
48450 673004
48460 673050
48470 673100
48480 673100
48490 673100
48500 673100
48510 673100
48520 673100
48530 673100
48540 673100
48550 673100
48560 673100
48570 673100
48580 673100
48590 673100
48600 673100
48610 673100
48620 673100
48630 673106
48640 673106
48650 673106
48660 673106
48670 673106
48680 673106
48690 673106
48700 673106
48710 673106
48720 673106
48730 673106
48740 673106
48750 673106
48760 673106
48770 673106
48780 673106
48790 673106
48800 673106
48810 673106
48820 673138
48830 673138
48840 673138
48850 673138
48860 673162
48870 673162
48880 673162
48890 673162
48900 673162
48910 673174
48920 673174
48930 673174
48940 673174
48950 673174
48960 673180
48970 673180
48980 673180
48990 673180
49000 673180
49010 673180
49020 673180
49030 673180
49040 673180
49050 673180
49060 673180
49070 673180
49080 673180
49090 673180
49100 673180
49110 673180
49120 673180
49130 673180
49140 673180
49150 673180
49160 673180
49170 673180
49180 673180
49190 673180
49200 673180
49210 673180
49220 673199
49230 673199
49240 673199
49250 673206
49260 673206
49270 673206
49280 673206
49290 673206
49300 673206
49310 673206
49320 673206
49330 673206
49340 673206
49350 673209
49360 673209
49370 673209
49380 673209
49390 673209
49400 673209
49410 673209
49420 673209
49430 673209
49440 673209
49450 673209
49460 673209
49470 673209
49480 673209
49490 673209
49500 673209
49510 673209
49520 673209
49530 673209
49540 673209
49550 673209
49560 673209
49570 673209
49580 673209
49590 673209
49600 673209
49610 673209
49620 673209
49630 673209
49640 673209
49650 673209
49660 673209
49670 673209
49680 673209
49690 673209
49700 673209
49710 673209
49720 673209
49730 673209
49740 673209
49750 673209
49760 673209
49770 673209
49780 673209
49790 673209
49800 673209
49810 673228
49820 673228
49830 673228
49840 673228
49850 673228
49860 673228
49870 673228
49880 673228
49890 673228
49900 673228
49910 673228
49920 673228
49930 673228
49940 673228
49950 673228
49960 673228
49970 673228
49980 673228
49990 673228
50000 673228
50010 673228
50020 673228
50030 673466
50040 673466
50050 673466
50060 673466
50070 673466
50080 673747
50090 673747
50100 673747
50110 673747
50120 673747
50130 673771
50140 673771
50150 673771
50160 673771
50170 673771
50180 673771
50190 673771
50200 673771
50210 673771
50220 673771
50230 673771
50240 673771
50250 673773
50260 673773
50270 673773
50280 673773
50290 673773
50300 673773
50310 673773
50320 673773
50330 673773
50340 673773
50350 673773
50360 673773
50370 673773
50380 673773
50390 673773
50400 673773
50410 673773
50420 673773
50430 673773
50440 673773
50450 673773
50460 673773
50470 673773
50480 673773
50490 673773
50500 673832
50510 673832
50520 673845
50530 673845
50540 673845
50550 673845
50560 673847
50570 673847
50580 673847
50590 673847
50600 673847
50610 673847
50620 673847
50630 673847
50640 673847
50650 673847
50660 673863
50670 673871
50680 673871
50690 673871
50700 673871
50710 673871
50720 673871
50730 673871
50740 673871
50750 673871
50760 673871
50770 673871
50780 673871
50790 673871
50800 673872
50810 673872
50820 673882
50830 673882
50840 673882
50850 673882
50860 673882
50870 673882
50880 673882
50890 673882
50900 673911
50910 673911
50920 673911
50930 673911
50940 674020
50950 674020
50960 674020
50970 674020
50980 674020
50990 674020
51000 674020
51010 674020
51020 674020
51030 674020
51040 674020
51050 674020
51060 674020
51070 674068
51080 674068
51090 674068
51100 674070
51110 674070
51120 674070
51130 674070
51140 674070
51150 674070
51160 674070
51170 674070
51180 674074
51190 674074
51200 674074
51210 674074
51220 674074
51230 674074
51240 674074
51250 674074
51260 674074
51270 674074
51280 674074
51290 674074
51300 674074
51310 674074
51320 674074
51330 674074
51340 674074
51350 674074
51360 674074
51370 674074
51380 674074
51390 674074
51400 674074
51410 674074
51420 674170
51430 674170
51440 674170
51450 674170
51460 674170
51470 674170
51480 674182
51490 674200
51500 674200
51510 674200
51520 674200
51530 674200
51540 674200
51550 674200
51560 674200
51570 674200
51580 674200
51590 674200
51600 674200
51610 674200
51620 674200
51630 674200
51640 674200
51650 674200
51660 674200
51670 674200
51680 674200
51690 674200
51700 674200
51710 674200
51720 674200
51730 674200
51740 674200
51750 674200
51760 674200
51770 674200
51780 674200
51790 674200
51800 674200
51810 674200
51820 674200
51830 674200
51840 674200
51850 674200
51860 674200
51870 674200
51880 674200
51890 674200
51900 674200
51910 674200
51920 674200
51930 674200
51940 674200
51950 674200
51960 674200
51970 674200
51980 674200
51990 674200
52000 674200
52010 674205
52020 674205
52030 674205
52040 674213
52050 674213
52060 674213
52070 674213
52080 674213
52090 674213
52100 674213
52110 674213
52120 674213
52130 674213
52140 674213
52150 674213
52160 674213
52170 674213
52180 674271
52190 674271
52200 674271
52210 674271
52220 674271
52230 674271
52240 674271
52250 674282
52260 674282
52270 674282
52280 674282
52290 674282
52300 674282
52310 674282
52320 674282
52330 674282
52340 674282
52350 674282
52360 674282
52370 674295
52380 674295
52390 674295
52400 674295
52410 674307
52420 674307
52430 674307
52440 674307
52450 674307
52460 674307
52470 674307
52480 674307
52490 674344
52500 674344
52510 674344
52520 674832
52530 674832
52540 674832
52550 674832
52560 674832
52570 674832
52580 674832
52590 674832
52600 674832
52610 674832
52620 674832
52630 674898
52640 674898
52650 674898
52660 674898
52670 674898
52680 674898
52690 674898
52700 674898
52710 674898
52720 674898
52730 674898
52740 674902
52750 674907
52760 674907
52770 674907
52780 674917
52790 674917
52800 674917
52810 674932
52820 674932
52830 674932
52840 674932
52850 674932
52860 674932
52870 674972
52880 674972
52890 674972
52900 674972
52910 674972
52920 674972
52930 674972
52940 674972
52950 674972
52960 674972
52970 674972
52980 674972
52990 674972
53000 674972
53010 674972
53020 674972
53030 674972
53040 674972
53050 674972
53060 674972
53070 674972
53080 674972
53090 674972
53100 674972
53110 674972
53120 674972
53130 674972
53140 674972
53150 674972
53160 674972
53170 674972
53180 674972
53190 674972
53200 674976
53210 674976
53220 674976
53230 674976
53240 674976
53250 674976
53260 674976
53270 674976
53280 674976
53290 674976
53300 674976
53310 674981
53320 674981
53330 674981
53340 674981
53350 674981
53360 674981
53370 674981
53380 674981
53390 674981
53400 674981
53410 674981
53420 674981
53430 674981
53440 674981
53450 674981
53460 674982
53470 674982
53480 674982
53490 674982
53500 674982
53510 674982
53520 675018
53530 675018
53540 675018
53550 675018
53560 675018
53570 675018
53580 675018
53590 675018
53600 675018
53610 675018
53620 675018
53630 675018
53640 675018
53650 675018
53660 675018
53670 675018
53680 675018
53690 675018
53700 675018
53710 675018
53720 675018
53730 675018
53740 675019
53750 675019
53760 675019
53770 675019
53780 675019
53790 675019
53800 675019
53810 675019
53820 675019
53830 675019
53840 675019
53850 675019
53860 675019
53870 675019
53880 675019
53890 675019
53900 675019
53910 675019
53920 675019
53930 675019
53940 675019
53950 675019
53960 675019
53970 675019
53980 675019
53990 675085
54000 675085
54010 675085
54020 675085
54030 675085
54040 675086
54050 675110
54060 675110
54070 675110
54080 675110
54090 675110
54100 675110
54110 675110
54120 675110
54130 675110
54140 675110
54150 675110
54160 675123
54170 675123
54180 675123
54190 675123
54200 675123
54210 675123
54220 675123
54230 675123
54240 675123
54250 675123
54260 675123
54270 675123
54280 675123
54290 675123
54300 675123
54310 675123
54320 675189
54330 675189
54340 675189
54350 675189
54360 675193
54370 675193
54380 675193
54390 675193
54400 675193
54410 675208
54420 675208
54430 675208
54440 675208
54450 675208
54460 675208
54470 675208
54480 675247
54490 675247
54500 675247
54510 675248
54520 675248
54530 675248
54540 675248
54550 675248
54560 675248
54570 675248
54580 675250
54590 675250
54600 675250
54610 675250
54620 675250
54630 675250
54640 675250
54650 675250
54660 675250
54670 675250
54680 675250
54690 675250
54700 675250
54710 675250
54720 675250
54730 675250
54740 675253
54750 675253
54760 675253
54770 675253
54780 675253
54790 675253
54800 675253
54810 675253
54820 675253
54830 675254
54840 675254
54850 675254
54860 675254
54870 675254
54880 675254
54890 675254
54900 675254
54910 675254
54920 675254
54930 675254
54940 675254
54950 675254
54960 675254
54970 675254
54980 675254
54990 675254
55000 675254
55010 675254
55020 675254
55030 675254
55040 675254
55050 675254
55060 675254
55070 675254
55080 675254
55090 675256
55100 675256
55110 675256
55120 675256
55130 675256
55140 675256
55150 675256
55160 675256
55170 675256
55180 675256
55190 675256
55200 675256
55210 675256
55220 675256
55230 675256
55240 675256
55250 675256
55260 675256
55270 675256
55280 675256
55290 675256
55300 675256
55310 675256
55320 675256
55330 675256
55340 675256
55350 675256
55360 675256
55370 675256
55380 675256
55390 675263
55400 675263
55410 675263
55420 675263
55430 675263
55440 675263
55450 675263
55460 675263
55470 675456
55480 675456
55490 675456
55500 675456
55510 675456
55520 675456
55530 675456
55540 675456
55550 675456
55560 675456
55570 675456
55580 675456
55590 675456
55600 675456
55610 675456
55620 675459
55630 675463
55640 675463
55650 675463
55660 675463
55670 675463
55680 675463
55690 675463
55700 675463
55710 675592
55720 675600
55730 675600
55740 675600
55750 675600
55760 675600
55770 675600
55780 675600
55790 675600
55800 675600
55810 675600
55820 675609
55830 675609
55840 675609
55850 675609
55860 675609
55870 675609
55880 675609
55890 675609
55900 675609
55910 675609
55920 675609
55930 675609
55940 675609
55950 675609
55960 675609
55970 675609
55980 675609
55990 675609
56000 675609
56010 675609
56020 675609
56030 675609
56040 675649
56050 675649
56060 675649
56070 675649
56080 675649
56090 675649
56100 675649
56110 675649
56120 675649
56130 675651
56140 675651
56150 675651
56160 675651
56170 675651
56180 675651
56190 675651
56200 675652
56210 675652
56220 675669
56230 675669
56240 675669
56250 675669
56260 675669
56270 675669
56280 675669
56290 675669
56300 675669
56310 675669
56320 675669
56330 675669
56340 675669
56350 675669
56360 675669
56370 675669
56380 675669
56390 675669
56400 675690
56410 675690
56420 675690
56430 675693
56440 675694
56450 675694
56460 675694
56470 675694
56480 675694
56490 675694
56500 675694
56510 675694
56520 675694
56530 675694
56540 675694
56550 675694
56560 675694
56570 675739
56580 675739
56590 675757
56600 675757
56610 675757
56620 675757
56630 675757
56640 675757
56650 675839
56660 675839
56670 675839
56680 675839
56690 675839
56700 675839
56710 675839
56720 675843
56730 675843
56740 675843
56750 675843
56760 675843
56770 675843
56780 675843
56790 675843
56800 675843
56810 675843
56820 675843
56830 675843
56840 675843
56850 675843
56860 675843
56870 675843
56880 675843
56890 675843
56900 675843
56910 675843
56920 675843
56930 675843
56940 675843
56950 675843
56960 675843
56970 675843
56980 675843
56990 675843
57000 675843
57010 675843
57020 675843
57030 675843
57040 675843
57050 675843
57060 675843
57070 675843
57080 675843
57090 675843
57100 675843
57110 675843
57120 675843
57130 675843
57140 675843
57150 675843
57160 675843
57170 675843
57180 675843
57190 675843
57200 675843
57210 675843
57220 675843
57230 675843
57240 675843
57250 675843
57260 675843
57270 675843
57280 675843
57290 675843
57300 675843
57310 675843
57320 675843
57330 675843
57340 675843
57350 675843
57360 675843
57370 675843
57380 675843
57390 675843
57400 675843
57410 675843
57420 675843
57430 675843
57440 675843
57450 675843
57460 675843
57470 675843
57480 675843
57490 675843
57500 675843
57510 676010
57520 676010
57530 676010
57540 676010
57550 676033
57560 676033
57570 676033
57580 676033
57590 676033
57600 676033
57610 676047
57620 676047
57630 676047
57640 676047
57650 676047
57660 676047
57670 676047
57680 676047
57690 676047
57700 676047
57710 676047
57720 676047
57730 676047
57740 676047
57750 676047
57760 676047
57770 676047
57780 676047
57790 676047
57800 676047
57810 676047
57820 676047
57830 676047
57840 676047
57850 676047
57860 676047
57870 676047
57880 676047
57890 676047
57900 676047
57910 676047
57920 676047
57930 676047
57940 676047
57950 676047
57960 676047
57970 676047
57980 676047
57990 676047
58000 676047
58010 676047
58020 676047
58030 676047
58040 676047
58050 676047
58060 676047
58070 676047
58080 676047
58090 676047
58100 676049
58110 676049
58120 676049
58130 676049
58140 676049
58150 676049
58160 676049
58170 676049
58180 676049
58190 676049
58200 676049
58210 676049
58220 676049
58230 676049
58240 676049
58250 676049
58260 676049
58270 676049
58280 676049
58290 676049
58300 676205
58310 676205
58320 676205
58330 676211
58340 676211
58350 676252
58360 676252
58370 676252
58380 676252
58390 676252
58400 676252
58410 676252
58420 676252
58430 676252
58440 676252
58450 676252
58460 676257
58470 676257
58480 676257
58490 676257
58500 676257
58510 676257
58520 676257
58530 676257
58540 676257
58550 676257
58560 676257
58570 676257
58580 676257
58590 676257
58600 676257
58610 676257
58620 676257
58630 676257
58640 676257
58650 676257
58660 676257
58670 676257
58680 676257
58690 676257
58700 676257
58710 676263
58720 676271
58730 676271
58740 676271
58750 676271
58760 676271
58770 676271
58780 676271
58790 676271
58800 676271
58810 676299
58820 676299
58830 676299
58840 676299
58850 676299
58860 676299
58870 676299
58880 676299
58890 676299
58900 676299
58910 676299
58920 676299
58930 676299
58940 676299
58950 676299
58960 676299
58970 676299
58980 676299
58990 676299
59000 676299
59010 676299
59020 676299
59030 676299
59040 676299
59050 676299
59060 676299
59070 676299
59080 676299
59090 676299
59100 676299
59110 676299
59120 676299
59130 676312
59140 676363
59150 676363
59160 676363
59170 676363
59180 676363
59190 676363
59200 676363
59210 676363
59220 676363
59230 676363
59240 676363
59250 676363
59260 676363
59270 676363
59280 676363
59290 676364
59300 676364
59310 676364
59320 676364
59330 676364
59340 676364
59350 676364
59360 676399
59370 676404
59380 676404
59390 676404
59400 676404
59410 676454
59420 676454
59430 676454
59440 676463
59450 676463
59460 676463
59470 676463
59480 676463
59490 676463
59500 676463
59510 676463
59520 676463
59530 676463
59540 676463
59550 676463
59560 676463
59570 676463
59580 676463
59590 676463
59600 676463
59610 676463
59620 676463
59630 676463
59640 676463
59650 676463
59660 676463
59670 676463
59680 676463
59690 676463
59700 676463
59710 676463
59720 676463
59730 676463
59740 676463
59750 676463
59760 676463
59770 676463
59780 676463
59790 676463
59800 676463
59810 676463
59820 676463
59830 676552
59840 676552
59850 676552
59860 676552
59870 676552
59880 676552
59890 676558
59900 676558
59910 676558
59920 676558
59930 676558
59940 676558
59950 676558
59960 676558
59970 676558
59980 676558
59990 676558
60000 676558
60010 676558
60020 676558
60030 676558
60040 676558
60050 676558
60060 676558
60070 676558
60080 676558
60090 676558
60100 676558
60110 676558
60120 676558
60130 676558
60140 676558
60150 676558
60160 676558
60170 676558
60180 676558
60190 676558
60200 676558
60210 676569
60220 676569
60230 676569
60240 676570
60250 676570
60260 676570
60270 676570
60280 676571
60290 676571
60300 676571
60310 676571
60320 676571
60330 676571
60340 676571
60350 676571
60360 676571
60370 676571
60380 676571
60390 676571
60400 676571
60410 676571
60420 676571
60430 676571
60440 676571
60450 676571
60460 676571
60470 676575
60480 676575
60490 676575
60500 676575
60510 676575
60520 676575
60530 676575
60540 676575
60550 676575
60560 676575
60570 676575
60580 676575
60590 676575
60600 676575
60610 676575
60620 676575
60630 676575
60640 676575
60650 676575
60660 676575
60670 676575
60680 676575
60690 676575
60700 676589
60710 676592
60720 676592
60730 676592
60740 676592
60750 676592
60760 676592
60770 676592
60780 676592
60790 676592
60800 676592
60810 676592
60820 676592
60830 676592
60840 676592
60850 676592
60860 676592
60870 676592
60880 676592
60890 676592
60900 676592
60910 676592
60920 676592
60930 676592
60940 676592
60950 676592
60960 676592
60970 676592
60980 676592
60990 676592
61000 676592
61010 676592
61020 676592
61030 676602
61040 676602
61050 676602
61060 676602
61070 676602
61080 676602
61090 676636
61100 676636
61110 676636
61120 676636
61130 676636
61140 676636
61150 676636
61160 676636
61170 676636
61180 676636
61190 676636
61200 676636
61210 676636
61220 676668
61230 676668
61240 676668
61250 676668
61260 676668
61270 676668
61280 676668
61290 676668
61300 676668
61310 676668
61320 676668
61330 676668
61340 676668
61350 676668
61360 676668
61370 676668
61380 676668
61390 676668
61400 676668
61410 676668
61420 676668
61430 676668
61440 676668
61450 676668
61460 676675
61470 676675
61480 676675
61490 676678
61500 676678
61510 676678
61520 676678
61530 676678
61540 676678
61550 676678
61560 676678
61570 676678
61580 676694
61590 676694
