20 493486
30 494894
40 497257
50 497481
60 502415
70 506923
80 507809
90 511529
100 511969
110 517174
120 518541
130 518541
140 518549
150 523876
160 530029
170 530029
180 530029
190 533867
200 534865
210 536686
220 537476
230 538529
240 540666
250 540798
260 544795
270 545305
280 545305
290 545997
300 546519
310 546589
320 547264
330 548286
340 548652
350 548652
360 549916
370 551032
380 551799
390 551799
400 552094
410 552400
420 552549
430 552706
440 552706
450 552706
460 552800
470 552960
480 554272
490 555280
500 555280
510 555765
520 556519
530 556650
540 557135
550 557940
560 557992
570 557992
580 558128
590 558518
600 558518
610 558518
620 558663
630 558744
640 559292
650 559495
660 559882
670 559882
680 559917
690 560563
700 561460
710 561626
720 562061
730 562081
740 562237
750 562703
760 563199
770 563607
780 563618
790 563618
800 564625
810 565423
820 565626
830 565626
840 566919
850 566919
860 567018
870 567086
880 567697
890 568034
900 568058
910 568856
920 570384
930 570980
940 570980
950 570980
960 570986
970 570986
980 570986
990 571168
1000 571251
1010 571739
1020 571786
1030 571796
1040 571796
1050 571796
1060 571796
1070 571796
1080 573727
1090 573800
1100 574304
1110 574923
1120 574923
1130 575461
1140 575704
1150 575720
1160 577189
1170 577191
1180 577377
1190 577377
1200 577737
1210 578970
1220 578970
1230 578970
1240 579094
1250 579169
1260 579177
1270 579177
1280 579246
1290 579270
1300 579439
1310 580757
1320 580757
1330 581217
1340 581394
1350 582184
1360 582269
1370 582280
1380 583363
1390 583529
1400 583529
1410 583529
1420 583942
1430 584744
1440 584949
1450 585748
1460 585748
1470 586765
1480 587213
1490 587545
1500 587545
1510 588136
1520 588389
1530 588423
1540 588729
1550 589002
1560 589002
1570 589791
1580 589791
1590 589881
1600 590190
1610 590811
1620 590847
1630 590847
1640 591396
1650 591397
1660 592270
1670 592272
1680 592358
1690 592754
1700 592754
1710 592754
1720 592754
1730 592766
1740 593031
1750 593036
1760 593036
1770 593374
1780 593522
1790 594217
1800 594381
1810 594381
1820 595105
1830 595105
1840 595682
1850 595682
1860 595877
1870 596304
1880 596304
1890 596304
1900 596304
1910 596645
1920 596645
1930 596645
1940 596812
1950 596812
1960 596812
1970 597135
1980 597222
1990 597640
2000 598198
2010 598331
2020 598422
2030 598461
2040 598462
2050 598468
2060 598469
2070 598902
2080 598902
2090 598902
2100 599369
2110 599391
2120 600356
2130 600356
2140 600356
2150 600356
2160 600618
2170 600923
2180 601182
2190 601404
2200 601429
2210 601429
2220 601580
2230 601600
2240 601600
2250 601629
2260 601629
2270 601653
2280 601759
2290 602507
2300 602524
2310 602524
2320 602552
2330 602552
2340 602612
2350 602665
2360 602665
2370 602688
2380 602688
2390 602688
2400 602688
2410 602967
2420 603081
2430 603081
2440 603491
2450 603491
2460 603491
2470 603491
2480 603491
2490 603491
2500 603491
2510 603656
2520 604301
2530 604442
2540 604446
2550 604446
2560 604446
2570 604446
2580 604446
2590 604725
2600 604749
2610 604773
2620 604773
2630 604960
2640 605366
2650 605515
2660 605515
2670 605542
2680 605973
2690 606035
2700 606035
2710 608062
2720 608064
2730 608064
2740 608215
2750 608235
2760 609102
2770 609126
2780 609218
2790 609281
2800 609429
2810 609632
2820 609752
2830 610019
2840 610019
2850 610019
2860 610111
2870 610111
2880 610303
2890 610303
2900 610429
2910 610634
2920 610634
2930 610634
2940 610634
2950 610868
2960 610967
2970 610967
2980 611016
2990 611067
3000 611238
3010 611238
3020 611240
3030 611247
3040 611417
3050 611512
3060 611561
3070 611561
3080 611650
3090 611677
3100 611677
3110 611918
3120 611918
3130 611926
3140 611926
3150 611978
3160 611978
3170 612248
3180 612248
3190 612286
3200 612325
3210 612378
3220 612378
3230 612378
3240 612476
3250 612476
3260 612618
3270 612618
3280 612618
3290 612618
3300 612618
3310 612618
3320 612618
3330 612630
3340 612630
3350 612811
3360 612811
3370 612912
3380 612912
3390 612912
3400 613174
3410 613254
3420 613274
3430 613489
3440 613547
3450 613547
3460 613595
3470 613596
3480 613769
3490 613769
3500 613769
3510 613792
3520 613809
3530 613916
3540 613916
3550 614087
3560 614119
3570 614119
3580 614166
3590 614323
3600 614526
3610 614526
3620 614526
3630 614526
3640 615141
3650 615141
3660 615141
3670 615183
3680 615193
3690 616430
3700 616529
3710 616529
3720 616529
3730 616529
3740 616610
3750 616871
3760 616871
3770 617362
3780 617470
3790 617486
3800 617698
3810 617698
3820 617698
3830 617698
3840 617958
3850 617958
3860 617958
3870 617992
3880 618336
3890 618336
3900 618431
3910 618568
3920 618568
3930 618568
3940 618568
3950 618797
3960 618797
3970 618966
3980 618966
3990 618966
4000 618966
4010 619034
4020 619034
4030 619034
4040 619034
4050 619034
4060 619341
4070 619347
4080 619730
4090 619820
4100 619820
4110 619820
4120 620107
4130 620144
4140 620144
4150 620144
4160 620171
4170 620171
4180 620171
4190 620447
4200 620447
4210 620447
4220 620454
4230 620526
4240 620526
4250 620544
4260 620820
4270 620982
4280 621265
4290 621265
4300 621265
4310 621265
4320 621339
4330 621339
4340 621373
4350 621373
4360 621516
4370 621591
4380 621591
4390 621591
4400 621591
4410 621591
4420 621885
4430 621885
4440 622503
4450 622587
4460 622587
4470 622587
4480 622600
4490 622600
4500 622618
4510 622658
4520 622658
4530 622661
4540 622661
4550 622661
4560 622661
4570 622844
4580 622844
4590 622844
4600 622973
4610 623141
4620 623141
4630 623141
4640 623141
4650 623142
4660 623147
4670 623147
4680 623147
4690 623147
4700 623147
4710 623147
4720 623147
4730 623201
4740 623210
4750 623245
4760 623245
4770 623245
4780 623245
4790 623245
4800 623245
4810 623245
4820 623260
4830 623260
4840 623260
4850 623394
4860 623407
4870 623407
4880 623407
4890 623835
4900 623835
4910 623835
4920 623840
4930 623840
4940 623865
4950 623992
4960 624113
4970 624154
4980 624154
4990 624693
5000 624718
5010 624718
5020 624718
5030 624718
5040 624718
5050 624761
5060 624774
5070 624774
5080 624791
5090 624791
5100 624791
5110 624791
5120 624793
5130 624793
5140 624891
5150 624891
5160 625032
5170 625032
5180 625032
5190 625032
5200 625231
5210 625258
5220 625452
5230 625452
5240 625452
5250 625479
5260 625479
5270 625955
5280 626055
5290 626130
5300 626849
5310 626849
5320 626890
5330 626947
5340 626947
5350 626947
5360 626967
5370 626967
5380 627008
5390 627059
5400 627082
5410 627082
5420 627082
5430 627168
5440 627168
5450 627168
5460 627168
5470 627168
5480 627168
5490 627168
5500 627170
5510 627170
5520 627170
5530 627225
5540 627225
5550 627225
5560 627285
5570 627285
5580 627285
5590 627356
5600 627356
5610 627356
5620 627415
5630 627415
5640 627421
5650 627421
5660 627541
5670 627541
5680 627754
5690 627754
5700 627791
5710 627791
5720 627791
5730 627812
5740 627812
5750 627837
5760 627837
5770 627837
5780 627862
5790 627862
5800 627876
5810 627876
5820 627876
5830 627876
5840 628446
5850 628446
5860 628480
5870 628480
5880 628492
5890 628492
5900 628556
5910 628556
5920 628556
5930 628556
5940 628556
5950 628557
5960 628557
5970 628557
5980 628557
5990 628564
6000 628564
6010 628564
6020 628565
6030 628565
6040 628912
6050 628912
6060 628912
6070 628913
6080 628913
6090 628913
6100 628913
6110 629619
6120 629627
6130 629627
6140 629944
6150 629944
6160 629944
6170 629993
6180 630218
6190 630218
6200 630218
6210 630218
6220 630237
6230 630327
6240 630327
6250 630330
6260 630330
6270 630368
6280 630502
6290 630526
6300 630871
6310 630871
6320 630871
6330 630876
6340 630895
6350 630895
6360 630895
6370 630921
6380 631065
6390 631065
6400 631065
6410 631120
6420 631120
6430 631127
6440 631127
6450 631127
6460 631190
6470 631190
6480 631210
6490 631210
6500 631661
6510 631661
6520 631661
6530 631661
6540 631678
6550 631678
6560 632417
6570 632417
6580 632417
6590 632426
6600 632426
6610 632426
6620 632426
6630 632628
6640 632628
6650 632629
6660 632738
6670 632738
6680 632932
6690 632932
6700 632932
6710 633059
6720 633059
6730 633059
6740 633129
6750 633198
6760 633198
6770 633606
6780 633606
6790 633677
6800 633677
6810 633688
6820 633688
6830 633715
6840 634165
6850 634165
6860 634165
6870 634165
6880 634165
6890 634165
6900 634165
6910 634253
6920 634444
6930 634444
6940 634444
6950 634613
6960 634615
6970 634615
6980 634615
6990 634615
7000 634623
7010 634887
7020 634887
7030 634887
7040 634887
7050 634976
7060 634976
7070 634977
7080 634977
7090 635111
7100 635111
7110 635111
7120 635343
7130 635384
7140 635447
7150 635447
7160 635457
7170 635520
7180 635520
7190 635520
7200 635520
7210 635520
7220 635520
7230 635520
7240 635550
7250 635550
7260 635550
7270 635554
7280 635554
7290 635554
7300 635554
7310 635554
7320 635554
7330 635554
7340 635554
7350 635554
7360 635554
7370 635650
7380 635655
7390 635655
7400 635655
7410 635655
7420 635655
7430 635709
7440 635711
7450 635711
7460 635711
7470 635711
7480 635712
7490 635849
7500 635877
7510 635877
7520 635877
7530 635877
7540 635877
7550 635877
7560 635877
7570 635877
7580 635877
7590 636000
7600 636000
7610 636000
7620 636000
7630 636000
7640 636000
7650 636181
7660 636181
7670 636181
7680 636300
7690 636300
7700 636300
7710 636570
7720 636620
7730 636620
7740 636620
7750 636624
7760 636624
7770 636624
7780 636624
7790 636624
7800 636624
7810 636624
7820 636664
7830 636664
7840 636664
7850 636670
7860 636670
7870 636670
7880 636670
7890 637024
7900 637024
7910 637024
7920 637120
7930 637120
7940 637564
7950 637714
7960 637839
7970 637839
7980 637839
7990 637994
8000 637994
8010 638032
8020 638168
8030 638168
8040 638175
8050 638175
8060 638175
8070 638195
8080 638196
8090 638339
8100 638339
8110 638339
8120 638339
8130 638341
8140 638341
8150 638356
8160 638356
8170 638356
8180 638356
8190 638417
8200 638417
8210 638417
8220 638441
8230 638441
8240 638481
8250 638481
8260 638481
8270 638680
8280 638815
8290 638815
8300 638825
8310 638825
8320 638825
8330 638918
8340 638919
8350 638919
8360 638919
8370 639033
8380 639033
8390 639033
8400 639033
8410 639131
8420 639134
8430 639134
8440 639134
8450 639134
8460 639134
8470 639134
8480 639446
8490 639446
8500 639446
8510 639446
8520 639446
8530 639502
8540 639503
8550 639519
8560 639519
8570 639520
8580 639577
8590 639578
8600 639578
8610 639578
8620 639847
8630 639848
8640 639848
8650 639866
8660 639866
8670 639866
8680 639884
8690 639884
8700 639884
8710 639884
8720 639884
8730 639921
8740 639921
8750 639921
8760 639924
8770 639924
8780 639924
8790 639924
8800 639924
8810 639924
8820 639924
8830 640035
8840 640035
8850 640035
8860 640035
8870 640035
8880 640042
8890 640053
8900 640094
8910 640095
8920 640095
8930 640135
8940 640135
8950 640135
8960 640197
8970 640197
8980 640197
8990 640834
9000 640834
9010 640838
9020 640838
9030 640838
9040 641069
9050 641069
9060 641069
9070 641735
9080 641735
9090 641735
9100 641832
9110 641832
9120 641832
9130 641832
9140 641841
9150 641994
9160 641994
9170 642035
9180 642035
9190 642076
9200 642076
9210 642076
9220 642076
9230 642076
9240 642090
9250 642090
9260 642090
9270 642109
9280 642109
9290 642109
9300 642109
9310 642109
9320 642109
9330 642109
9340 642109
9350 642109
9360 642109
9370 642109
9380 642114
9390 642162
9400 642162
9410 642163
9420 642208
9430 642208
9440 642208
9450 642208
9460 642229
9470 642229
9480 642229
9490 642229
9500 642249
9510 642249
9520 642249
9530 642249
9540 642249
9550 642249
9560 642249
9570 642249
9580 642607
9590 642607
9600 642799
9610 642931
9620 643038
9630 643038
9640 643067
9650 643067
9660 643067
9670 643102
9680 643102
9690 643164
9700 643164
9710 643164
9720 643164
9730 643164
9740 643173
9750 643214
9760 643214
9770 643214
9780 643214
9790 643252
9800 643252
9810 643296
9820 643296
9830 643296
9840 643296
9850 643296
9860 643315
9870 643352
9880 643352
9890 643352
9900 643352
9910 643410
9920 643415
9930 643415
9940 643415
9950 643415
9960 643611
9970 643662
9980 643662
9990 643662
10000 643662
10010 643771
10020 643771
10030 643771
10040 643771
10050 643771
10060 643908
10070 643908
10080 643908
10090 643908
10100 644076
10110 644076
10120 644076
10130 644107
10140 644107
10150 644289
10160 644289
10170 644289
10180 644309
10190 644309
10200 644309
10210 644309
10220 644309
10230 644380
10240 644380
10250 644380
10260 644380
10270 644380
10280 644434
10290 644436
10300 644436
10310 644532
10320 644532
10330 644532
10340 644532
10350 644532
10360 644532
10370 644532
10380 644546
10390 644546
10400 644546
10410 644546
10420 644546
10430 644687
10440 644687
10450 644898
10460 644898
10470 644898
10480 644898
10490 645160
10500 645160
10510 645160
10520 645160
10530 645160
10540 645160
10550 645196
10560 645212
10570 645212
10580 645212
10590 645380
10600 645380
10610 645380
10620 645380
10630 645380
10640 645386
10650 645433
10660 645433
10670 645433
10680 645433
10690 645433
10700 645433
10710 645462
10720 645462
10730 645462
10740 645534
10750 645534
10760 645534
10770 645534
10780 645534
10790 645536
10800 645536
10810 645543
10820 645543
10830 645557
10840 645557
10850 645557
10860 645558
10870 645558
10880 645599
10890 645599
10900 645599
10910 645599
10920 645600
10930 645604
10940 645604
10950 645604
10960 645604
10970 645622
10980 645622
10990 645622
11000 645622
11010 645622
11020 645622
11030 645622
11040 645622
11050 645623
11060 645623
11070 645953
11080 645953
11090 646007
11100 646007
11110 646224
11120 646224
11130 646224
11140 646224
11150 646224
11160 646225
11170 646255
11180 646255
11190 646269
11200 646269
11210 646290
11220 646310
11230 646310
11240 646310
11250 646310
11260 646319
11270 646579
11280 646609
11290 646609
11300 646609
11310 646609
11320 646609
11330 646609
11340 646609
11350 646609
11360 646609
11370 646609
11380 646609
11390 646609
11400 646609
11410 646609
11420 646671
11430 646735
11440 646735
11450 646751
11460 646751
11470 646758
11480 646758
11490 646758
11500 646758
11510 646758
11520 646758
11530 646758
11540 646758
11550 646871
11560 646934
11570 646934
11580 646934
11590 646934
11600 646934
11610 646934
11620 646934
11630 646934
11640 646941
11650 647065
11660 647065
11670 647065
11680 647065
11690 647065
11700 647071
11710 647071
11720 647145
11730 647145
11740 647492
11750 647492
11760 647492
11770 647514
11780 647514
11790 647514
11800 647514
11810 647523
11820 647523
11830 647552
11840 647552
11850 647594
11860 647609
11870 647609
11880 647609
11890 647640
11900 647640
11910 647653
11920 647653
11930 647653
11940 647653
11950 647653
11960 647681
11970 647786
11980 647786
11990 647786
12000 647801
12010 647801
12020 647801
12030 648011
12040 648011
12050 648011
12060 648011
12070 648011
12080 648060
12090 648060
12100 648060
12110 648060
12120 648121
12130 648123
12140 648135
12150 648135
12160 648135
12170 648135
12180 648135
12190 648135
12200 648144
12210 648144
12220 648144
12230 648144
12240 648144
12250 648144
12260 648144
12270 648144
12280 648144
12290 648162
12300 648162
12310 648162
12320 648162
12330 648262
12340 648262
12350 648262
12360 648262
12370 648262
12380 648262
12390 648262
12400 648262
12410 648262
12420 648262
12430 648262
12440 648262
12450 648262
12460 648262
12470 648262
12480 648262
12490 648262
12500 648269
12510 648302
12520 648302
12530 648302
12540 648302
12550 648330
12560 648362
12570 648362
12580 648362
12590 648499
12600 648546
12610 648546
12620 648578
12630 648578
12640 648613
12650 648613
12660 648613
12670 648613
12680 648613
12690 648613
12700 648613
12710 648613
12720 648613
12730 648614
12740 648626
12750 648626
12760 648818
12770 648830
12780 648830
12790 648830
12800 648830
12810 648830
12820 648830
12830 648933
12840 648933
12850 649051
12860 649051
12870 649051
12880 649051
12890 649051
12900 649051
12910 649103
12920 649103
12930 649267
12940 649267
12950 649278
12960 649278
12970 649278
12980 649278
12990 649278
13000 649278
13010 649278
13020 649334
13030 649334
13040 649354
13050 649354
13060 649354
13070 649354
13080 649417
13090 649423
13100 649423
13110 649423
13120 649423
13130 649423
13140 649423
13150 649423
13160 649523
13170 649523
13180 649523
13190 649523
13200 649523
13210 649525
13220 649525
13230 649525
13240 649543
13250 649543
13260 649590
13270 649590
13280 649590
13290 649628
13300 649628
13310 649628
13320 649636
13330 649636
13340 649636
13350 649636
13360 649636
13370 649636
13380 649636
13390 649689
13400 649689
13410 649692
13420 649692
13430 649692
13440 650042
13450 650042
13460 650042
13470 650042
13480 650042
13490 650042
13500 650042
13510 650042
13520 650042
13530 650042
13540 650042
13550 650042
13560 650062
13570 650062
13580 650062
13590 650062
13600 650073
13610 650073
13620 650073
13630 650073
13640 650073
13650 650073
13660 650073
13670 650139
13680 650139
13690 650139
13700 650139
13710 650159
13720 650159
13730 650159
13740 650190
13750 650190
13760 650196
13770 650196
13780 650333
13790 650340
13800 650416
13810 650416
13820 650416
13830 650416
13840 650416
13850 650416
13860 650416
13870 650416
13880 650416
13890 650416
13900 650416
13910 650416
13920 650416
13930 650416
13940 650416
13950 650416
13960 650416
13970 650416
13980 650416
13990 650416
14000 650416
14010 650416
14020 650436
14030 650436
14040 650436
14050 650436
14060 650436
14070 650436
14080 650438
14090 650438
14100 650438
14110 650438
14120 650438
14130 650438
14140 650438
14150 650438
14160 650438
14170 650438
14180 650438
14190 650438
14200 650438
14210 650438
14220 650438
14230 650442
14240 650452
14250 650462
14260 650462
14270 650462
14280 650486
14290 650486
14300 650486
14310 650510
14320 650537
14330 650537
14340 650537
14350 650537
14360 650537
14370 650537
14380 650537
14390 650537
14400 650537
14410 650537
14420 650537
14430 650537
14440 650537
14450 650537
14460 650871
14470 650871
14480 650871
14490 650871
14500 650871
14510 650916
14520 650916
14530 650916
14540 650916
14550 651013
14560 651013
14570 651013
14580 651013
14590 651013
14600 651013
14610 651021
14620 651024
14630 651024
14640 651032
14650 651044
14660 651044
14670 651044
14680 651044
14690 651045
14700 651050
14710 651050
14720 651050
14730 651050
14740 651050
14750 651050
14760 651050
14770 651081
14780 651081
14790 651081
14800 651081
14810 651081
14820 651290
14830 651290
14840 651290
14850 651290
14860 651290
14870 651290
14880 651290
14890 651347
14900 651347
14910 651369
14920 651371
14930 651371
14940 651373
14950 651373
14960 651373
14970 651373
14980 651373
14990 651412
15000 651412
15010 651412
15020 651412
15030 651412
15040 651412
15050 651412
15060 652071
15070 652071
15080 652071
15090 652071
15100 652071
15110 652071
15120 652071
15130 652071
15140 652071
15150 652071
15160 652071
15170 652071
15180 652071
15190 652071
15200 652071
15210 652123
15220 652123
15230 652123
15240 652123
15250 652123
15260 652123
15270 652125
15280 652125
15290 652125
15300 652125
15310 652125
15320 652125
15330 652125
15340 652125
15350 652126
15360 652126
15370 652126
15380 652158
15390 652158
15400 652161
15410 652246
15420 652246
15430 652246
15440 652246
15450 652246
15460 652249
15470 652249
15480 652249
15490 652249
15500 652249
15510 652249
15520 652249
15530 652249
15540 652293
15550 652305
15560 652305
15570 652305
15580 652326
15590 652326
15600 652326
15610 652326
15620 652332
15630 652332
15640 652451
15650 652451
15660 652451
15670 652522
15680 652522
15690 652551
15700 652551
15710 652551
15720 652551
15730 652551
15740 652555
15750 652636
15760 652636
15770 652636
15780 652681
15790 652681
15800 652681
15810 652748
15820 652748
15830 652748
15840 652748
15850 652853
15860 652853
15870 652853
15880 652853
15890 652853
15900 652853
15910 652853
15920 652853
15930 652903
15940 652904
15950 652904
15960 652904
15970 652989
15980 652989
15990 652989
16000 652989
16010 652989
16020 652989
16030 653013
16040 653013
16050 653013
16060 653013
16070 653013
16080 653013
16090 653013
16100 653024
16110 653024
16120 653092
16130 653092
16140 653092
16150 653092
16160 653155
16170 653155
16180 653155
16190 653155
16200 653158
16210 653174
16220 653174
16230 653216
16240 653416
16250 653475
16260 653491
16270 653491
16280 653491
16290 653491
16300 653527
16310 653527
16320 653600
16330 653605
16340 653605
16350 653605
16360 653605
16370 653605
16380 653605
16390 653605
16400 653605
16410 653605
16420 653605
16430 653620
16440 653620
16450 653836
16460 653836
16470 653836
16480 653836
16490 653880
16500 653880
16510 653880
16520 653880
16530 653880
16540 653880
16550 653880
16560 653902
16570 653902
16580 653902
16590 653902
16600 654015
16610 654015
16620 654029
16630 654030
16640 654101
16650 654110
16660 654112
16670 654156
16680 654156
16690 654156
16700 654156
16710 654156
16720 654158
16730 654158
16740 654187
16750 654191
16760 654191
16770 654191
16780 654201
16790 654201
16800 654212
16810 654295
16820 654295
16830 654295
16840 654295
16850 654295
16860 654295
16870 654296
16880 654296
16890 654314
16900 654328
16910 654328
16920 654328
16930 654328
16940 654328
16950 654328
16960 654328
16970 654362
16980 654425
16990 654425
17000 654558
17010 654558
17020 654709
17030 654709
17040 654759
17050 654759
17060 654759
17070 654759
17080 654791
17090 654806
17100 654806
17110 654806
17120 654806
17130 654806
17140 654810
17150 654812
17160 654812
17170 654812
17180 654812
17190 654812
17200 654812
17210 654812
17220 654818
17230 654818
17240 654818
17250 654818
17260 654901
17270 654961
17280 655017
17290 655017
17300 655021
17310 655021
17320 655021
17330 655022
17340 655022
17350 655022
17360 655022
17370 655261
17380 655261
17390 655261
17400 655261
17410 655261
17420 655261
17430 655575
17440 655575
17450 655575
17460 655575
17470 655583
17480 655586
17490 655586
17500 655586
17510 655586
17520 655600
17530 655600
17540 655600
17550 655630
17560 655630
17570 655630
17580 655630
17590 655637
17600 655639
17610 655682
17620 655682
17630 655682
17640 655682
17650 655682
17660 655682
17670 655682
17680 655682
17690 655682
17700 655682
17710 655682
17720 655822
17730 655822
17740 655822
17750 655867
17760 655867
17770 655867
17780 655867
17790 655867
17800 655867
17810 655928
17820 655928
17830 655928
17840 655928
17850 655928
17860 655977
17870 655977
17880 655977
17890 655977
17900 655977
17910 655977
17920 655977
17930 656016
17940 656016
17950 656016
17960 656016
17970 656150
17980 656150
17990 656150
18000 656150
18010 656151
18020 656151
18030 656151
18040 656151
18050 656151
18060 656151
18070 656151
18080 656151
18090 656157
18100 656157
18110 656157
18120 656176
18130 656176
18140 656176
18150 656176
18160 656176
18170 656176
18180 656176
18190 656176
18200 656178
18210 656178
18220 656178
18230 656446
18240 656446
18250 656446
18260 656446
18270 656468
18280 656468
18290 656468
18300 656478
18310 656478
18320 656478
18330 656478
18340 656554
18350 656616
18360 656616
18370 656616
18380 656616
18390 656616
18400 656616
18410 656616
18420 656616
18430 656616
18440 656616
18450 656746
18460 656746
18470 656771
18480 656771
18490 656771
18500 656771
18510 656771
18520 656771
18530 656786
18540 656786
18550 656786
18560 656789
18570 656789
18580 656789
18590 656798
18600 656798
18610 656798
18620 656967
18630 656967
18640 656967
18650 656967
18660 656967
18670 657028
18680 657083
18690 657083
18700 657083
18710 657083
18720 657092
18730 657092
18740 657092
18750 657092
18760 657092
18770 657120
18780 657120
18790 657120
18800 657120
18810 657120
18820 657120
18830 657120
18840 657120
18850 657120
18860 657134
18870 657171
18880 657171
18890 657171
18900 657171
18910 657171
18920 657171
18930 657254
18940 657254
18950 657254
18960 657254
18970 657254
18980 657275
18990 657275
19000 657275
19010 657275
19020 657275
19030 657275
19040 657275
19050 657275
19060 657275
19070 657275
19080 657279
19090 657279
19100 658020
19110 658021
19120 658021
19130 658021
19140 658021
19150 658021
19160 658022
19170 658022
19180 658022
19190 658022
19200 658048
19210 658048
19220 658117
19230 658150
19240 658150
19250 658190
19260 658211
19270 658229
19280 658241
19290 658241
19300 658317
19310 658318
19320 658347
19330 658347
19340 658371
19350 658371
19360 658371
19370 658371
19380 658371
19390 658371
19400 658378
19410 658378
19420 658564
19430 658564
19440 658564
19450 658564
19460 658564
19470 658564
19480 658564
19490 658564
19500 658564
19510 658564
19520 658564
19530 658564
19540 658569
19550 658622
19560 658622
19570 658622
19580 658622
19590 658622
19600 658622
19610 658622
19620 658622
19630 658622
19640 658622
19650 658622
19660 658622
19670 658622
19680 658622
19690 658622
19700 658622
19710 658622
19720 658622
19730 658622
19740 658769
19750 658769
19760 658769
19770 658769
19780 658860
19790 658860
19800 658860
19810 658860
19820 658860
19830 658860
19840 658860
19850 658873
19860 659012
19870 659012
19880 659012
19890 659012
19900 659012
19910 659012
19920 659012
19930 659153
19940 659196
19950 659196
19960 659196
19970 659211
19980 659294
19990 659294
20000 659294
20010 659294
20020 659311
20030 659311
20040 659311
20050 659311
20060 659311
20070 659311
20080 659311
20090 659311
20100 659311
20110 659311
20120 659311
20130 659311
20140 659311
20150 659311
20160 659311
20170 659311
20180 659311
20190 659311
20200 659311
20210 659426
20220 659426
20230 659554
20240 659567
20250 659567
20260 659567
20270 659567
20280 659567
20290 659567
20300 659567
20310 659618
20320 659618
20330 659618
20340 659618
20350 659621
20360 659621
20370 659621
20380 659621
20390 659621
20400 659622
20410 659622
20420 659624
20430 659624
20440 659624
20450 659624
20460 659624
20470 659624
20480 659624
20490 659624
20500 659632
20510 659632
20520 659762
20530 659762
20540 659762
20550 659762
20560 659762
20570 659769
20580 659769
20590 659769
20600 659769
20610 659769
20620 659777
20630 659777
20640 659777
20650 659813
20660 659922
20670 659922
20680 659922
20690 659922
20700 659922
20710 659922
20720 659967
20730 659967
20740 659967
20750 659967
20760 659967
20770 659989
20780 659989
20790 659989
20800 659989
20810 659989
20820 659989
20830 660032
20840 660032
20850 660032
20860 660033
20870 660033
20880 660033
20890 660033
20900 660033
20910 660033
20920 660033
20930 660033
20940 660033
20950 660033
20960 660033
20970 660033
20980 660033
20990 660033
21000 660033
21010 660034
21020 660034
21030 660034
21040 660034
21050 660034
21060 660034
21070 660035
21080 660035
21090 660035
21100 660209
21110 660209
21120 660209
21130 660209
21140 660209
21150 660209
21160 660210
21170 660210
21180 660210
21190 660210
21200 660210
21210 660210
21220 660210
21230 660210
21240 660210
21250 660210
21260 660210
21270 660210
21280 660210
21290 660256
21300 660390
21310 660402
21320 660402
21330 660481
21340 660481
21350 660481
21360 660481
21370 660481
21380 660481
21390 660481
21400 660481
21410 660481
21420 660481
21430 660481
21440 660481
21450 660481
21460 660481
21470 660486
21480 660486
21490 660486
21500 660488
21510 660488
21520 660488
21530 660488
21540 660488
21550 660488
21560 660507
21570 660580
21580 660580
21590 660587
21600 660680
21610 660680
21620 660680
21630 660680
21640 660680
21650 660680
21660 660682
21670 660682
21680 660682
21690 660682
21700 660682
21710 660682
21720 660682
21730 660773
21740 660807
21750 660807
21760 660807
21770 660981
21780 660981
21790 661002
21800 661002
21810 661002
21820 661002
21830 661002
21840 661002
21850 661102
21860 661107
21870 661107
21880 661110
21890 661178
21900 661178
21910 661178
21920 661178
21930 661221
21940 661221
21950 661221
21960 661221
21970 661250
21980 661250
21990 661255
22000 661329
22010 661329
22020 661329
22030 661345
22040 661345
22050 661345
22060 661345
22070 661345
22080 661345
22090 661345
22100 661371
22110 661371
22120 661404
22130 661404
22140 661486
22150 661486
22160 661486
22170 661486
22180 661486
22190 661486
22200 661487
22210 661487
22220 661487
22230 661492
22240 661492
22250 661492
22260 661492
22270 661492
22280 661492
22290 661493
22300 661493
22310 661493
22320 661504
22330 661504
22340 661504
22350 661504
22360 661560
22370 661560
22380 661560
22390 661560
22400 661560
22410 661560
22420 661572
22430 661572
22440 661572
22450 661572
22460 661572
22470 661572
22480 661572
22490 661572
22500 661572
22510 661572
22520 661597
22530 661670
22540 661670
22550 661670
22560 661671
22570 661680
22580 661680
22590 661680
22600 661680
22610 661680
22620 661681
22630 661682
22640 661682
22650 661682
22660 661682
22670 661682
22680 661696
22690 661696
22700 661707
22710 661717
22720 661717
22730 661717
22740 661717
22750 661717
22760 661717
22770 661717
22780 661717
22790 661717
22800 661717
22810 661717
22820 661717
22830 661717
22840 661717
22850 661728
22860 661728
22870 661728
22880 661728
22890 661728
22900 661728
22910 661728
22920 661730
22930 661730
22940 661730
22950 661761
22960 661761
22970 661761
22980 661761
22990 661761
23000 661761
23010 661761
23020 661761
23030 661761
23040 661761
23050 661761
23060 661761
23070 661761
23080 661761
23090 661761
23100 661761
23110 661761
23120 661761
23130 661761
23140 661787
23150 661787
23160 661787
23170 661787
23180 661787
23190 661834
23200 661850
23210 661850
23220 661872
23230 661872
23240 661872
23250 661872
23260 661872
23270 661872
23280 661872
23290 661872
23300 661876
23310 661876
23320 661876
23330 661876
23340 661876
23350 661876
23360 661935
23370 661935
23380 661935
23390 661935
23400 661939
23410 661939
23420 661939
23430 661939
23440 661939
23450 661939
23460 661939
23470 661939
23480 661939
23490 661939
23500 661939
23510 661939
23520 661939
23530 661939
23540 661939
23550 661939
23560 661939
23570 661939
23580 661939
23590 661939
23600 661939
23610 661939
23620 661939
23630 661939
23640 661939
23650 661939
23660 661961
23670 661961
23680 661961
23690 661961
23700 661961
23710 661961
23720 661961
23730 661961
23740 661961
23750 661961
23760 661961
23770 661961
23780 661961
23790 661961
23800 661961
23810 661961
23820 661967
23830 661967
23840 661967
23850 661970
23860 661970
23870 661970
23880 661970
23890 661970
23900 661970
23910 661970
23920 661970
23930 661970
23940 661970
23950 661970
23960 661970
23970 661970
23980 661970
23990 661983
24000 661983
24010 661983
24020 661997
24030 661997
24040 661997
24050 662021
24060 662021
24070 662021
24080 662021
24090 662021
24100 662021
24110 662021
24120 662021
24130 662021
24140 662021
24150 662021
24160 662025
24170 662025
24180 662025
24190 662025
24200 662025
24210 662025
24220 662025
24230 662025
24240 662025
24250 662042
24260 662042
24270 662051
24280 662051
24290 662051
24300 662051
24310 662051
24320 662051
24330 662051
24340 662051
24350 662051
24360 662051
24370 662051
24380 662051
24390 662051
24400 662147
24410 662147
24420 662277
24430 662277
24440 662277
24450 662277
24460 662277
24470 662277
24480 662277
24490 662277
24500 662277
24510 662277
24520 662277
24530 662277
24540 662277
24550 662277
24560 662277
24570 662277
24580 662277
24590 662277
24600 662335
24610 662335
24620 662336
24630 662336
24640 662336
24650 662336
24660 662336
24670 662336
24680 662336
24690 662342
24700 662342
24710 662342
24720 662408
24730 662408
24740 662408
24750 662408
24760 662408
24770 662408
24780 662408
24790 662443
24800 662445
24810 662445
24820 662445
24830 662445
24840 662445
24850 662445
24860 662445
24870 662445
24880 662445
24890 662445
24900 662445
24910 662626
24920 662626
24930 662627
24940 662741
24950 662741
24960 662741
24970 662741
24980 662754
24990 662754
25000 662754
25010 662754
25020 662754
25030 662788
25040 662788
25050 662820
25060 662820
25070 662820
25080 662820
25090 662820
25100 662820
25110 662820
25120 662820
25130 662820
25140 662820
25150 662820
25160 662820
25170 662824
25180 662824
25190 662824
25200 662824
25210 662824
25220 662824
25230 662824
25240 662824
25250 662824
25260 662824
25270 662824
25280 662824
25290 662940
25300 663041
25310 663041
25320 663041
25330 663041
25340 663041
25350 663041
25360 663041
25370 663041
25380 663041
25390 663041
25400 663041
25410 663041
25420 663259
25430 663364
25440 663390
25450 663442
25460 663442
25470 663473
25480 663473
25490 663473
25500 663473
25510 663503
25520 663511
25530 663534
25540 663534
25550 663534
25560 663534
25570 663534
25580 663534
25590 663534
25600 663534
25610 663534
25620 663534
25630 663534
25640 663573
25650 663585
25660 663585
25670 663585
25680 663585
25690 663585
25700 663585
25710 663585
25720 663674
25730 663745
25740 663745
25750 663746
25760 663746
25770 663746
25780 663746
25790 663746
25800 663794
25810 663794
25820 663794
25830 663872
25840 663872
25850 663872
25860 663872
25870 663872
25880 663872
25890 663872
25900 663892
25910 663892
25920 663892
25930 663892
25940 664131
25950 664131
25960 664823
25970 664823
25980 664823
25990 664823
26000 664893
26010 664893
26020 665049
26030 665049
26040 665049
26050 665049
26060 665060
26070 665060
26080 665060
26090 665060
26100 665060
26110 665060
26120 665060
26130 665060
26140 665060
26150 665074
26160 665077
26170 665077
26180 665080
26190 665084
26200 665084
26210 665159
26220 665159
26230 665159
26240 665159
26250 665159
26260 665159
26270 665159
26280 665159
26290 665159
26300 665159
26310 665159
26320 665159
26330 665159
26340 665159
26350 665159
26360 665159
26370 665159
26380 665297
26390 665297
26400 665297
26410 665297
26420 665297
26430 665297
26440 665297
26450 665297
26460 665297
26470 665494
26480 665494
26490 665494
26500 665495
26510 665507
26520 665507
26530 665507
26540 665507
26550 665507
26560 665507
26570 665517
26580 665518
26590 665519
26600 665519
26610 665519
26620 665519
26630 665519
26640 665519
26650 665519
26660 665519
26670 665519
26680 665572
26690 665602
26700 665602
26710 665602
26720 665602
26730 665602
26740 665602
26750 665693
26760 665704
26770 665704
26780 665704
26790 665704
26800 665704
26810 665704
26820 665704
26830 665704
26840 665704
26850 665704
26860 665704
26870 665744
26880 665744
26890 665744
26900 665744
26910 665744
26920 665744
26930 665744
26940 665744
26950 665744
26960 665744
26970 665744
26980 665754
26990 665754
27000 665754
27010 665754
27020 665754
27030 665754
27040 665754
27050 665754
27060 665872
27070 665872
27080 665872
27090 665872
27100 665872
27110 665872
27120 665878
27130 665878
27140 665878
27150 665878
27160 665889
27170 665889
27180 665889
27190 665889
27200 665951
27210 665951
27220 665951
27230 665951
27240 665951
27250 665959
27260 665959
27270 665959
27280 665959
27290 665959
27300 665959
27310 665964
27320 665964
27330 665964
27340 665964
27350 665964
27360 665964
27370 665964
27380 665965
27390 665965
27400 665965
27410 665965
27420 666004
27430 666007
27440 666007
27450 666007
27460 666007
27470 666007
27480 666007
27490 666030
27500 666030
27510 666030
27520 666030
27530 666030
27540 666030
27550 666030
27560 666030
27570 666030
27580 666064
27590 666064
27600 666064
27610 666064
27620 666064
27630 666195
27640 666195
27650 666217
27660 666217
27670 666217
27680 666266
27690 666266
27700 666266
27710 666295
27720 666295
27730 666295
27740 666432
27750 666434
27760 666434
27770 666434
27780 666434
27790 666434
27800 666434
27810 666434
27820 666529
27830 666529
27840 666547
27850 666547
27860 666756
27870 666756
27880 666756
27890 666756
27900 666769
27910 666793
27920 666793
27930 666793
27940 666793
27950 666793
27960 666793
27970 666793
27980 666793
27990 666793
28000 666837
28010 666909
28020 666909
28030 666909
28040 666916
28050 666916
28060 666916
28070 666916
28080 666965
28090 666973
28100 666973
28110 666973
28120 666973
28130 666973
28140 667173
28150 667173
28160 667173
28170 667173
28180 667173
28190 667173
28200 667173
28210 667173
28220 667173
28230 667173
28240 667173
28250 667173
28260 667173
28270 667173
28280 667444
28290 667444
28300 667444
28310 667444
28320 667494
28330 667494
28340 667494
28350 667494
28360 667494
28370 667494
28380 667511
28390 667511
28400 667511
28410 667511
28420 667511
28430 667511
28440 667511
28450 667511
28460 667511
28470 667511
28480 667511
28490 667526
28500 667533
28510 667574
28520 667576
28530 667576
28540 667576
28550 667581
28560 667581
28570 667605
28580 667605
28590 667605
28600 667605
28610 667605
28620 667608
28630 667608
28640 667608
28650 667608
28660 667608
28670 667608
28680 667612
28690 667612
28700 667613
28710 667613
28720 667613
28730 667613
28740 667613
28750 667613
28760 667623
28770 667623
28780 667623
28790 667623
28800 667703
28810 667703
28820 667703
28830 667703
28840 667703
28850 667703
28860 667703
28870 667703
28880 667703
28890 667703
28900 667703
28910 667735
28920 667735
28930 668078
28940 668078
28950 668078
28960 668078
28970 668078
28980 668078
28990 668078
29000 668078
29010 668552
29020 668552
29030 668578
29040 668578
29050 668697
29060 668697
29070 668697
29080 668697
29090 668697
29100 668697
29110 668762
29120 668762
29130 668762
29140 668762
29150 668762
29160 668874
29170 668874
29180 668874
29190 668874
29200 668874
29210 668874
29220 668874
29230 668874
29240 668874
29250 668906
29260 668906
29270 668906
29280 668906
29290 668929
29300 668929
29310 668929
29320 668929
29330 668929
29340 668929
29350 668929
29360 668929
29370 668929
29380 668929
29390 668929
29400 668944
29410 668944
29420 668944
29430 668944
29440 668944
29450 668944
29460 668944
29470 668944
29480 668944
29490 668944
29500 668944
29510 668944
29520 668944
29530 668944
29540 668944
29550 668944
29560 669022
29570 669022
29580 669048
29590 669048
29600 669048
29610 669048
29620 669048
29630 669105
29640 669105
29650 669105
29660 669105
29670 669105
29680 669105
29690 669146
29700 669204
29710 669245
29720 669245
29730 669245
29740 669329
29750 669329
29760 669329
29770 669329
29780 669329
29790 669329
29800 669329
29810 669329
29820 669329
29830 669329
29840 669329
29850 669329
29860 669329
29870 669329
29880 669329
29890 669329
29900 669329
29910 669329
29920 669389
29930 669389
29940 669389
29950 669389
29960 669391
29970 669391
29980 669391
29990 669391
30000 669465
30010 669465
30020 669465
30030 669465
30040 669465
30050 669465
30060 669465
30070 669465
30080 669465
30090 669465
30100 669465
30110 669465
30120 669465
30130 669465
30140 669465
30150 669465
30160 669465
30170 669465
30180 669465
30190 669471
30200 669471
30210 669471
30220 669471
30230 669504
30240 669504
30250 669533
30260 669533
30270 669533
30280 669533
30290 669533
30300 669533
30310 669536
30320 669536
30330 669536
30340 669536
30350 669536
30360 669536
30370 669536
30380 669564
30390 669564
30400 669564
30410 669564
30420 669567
30430 669567
30440 669567
30450 669567
30460 669567
30470 669598
30480 669598
30490 669598
30500 669598
30510 669598
30520 669598
30530 669598
30540 669598
30550 669598
30560 669598
30570 669604
30580 669604
30590 669604
30600 669604
30610 669604
30620 669604
30630 669604
30640 669604
30650 669604
30660 669604
30670 669604
30680 669608
30690 669608
30700 669714
30710 669714
30720 669714
30730 669714
30740 669714
30750 669714
30760 669714
30770 669714
30780 669714
30790 669714
30800 669714
30810 669714
30820 669805
30830 669815
30840 669868
30850 669868
30860 669868
30870 669868
30880 669868
30890 669868
30900 669868
30910 669868
30920 669869
30930 669869
30940 669869
30950 669869
30960 669869
30970 669869
30980 669869
30990 669869
31000 669869
31010 669869
31020 669907
31030 669907
31040 669907
31050 669908
31060 669908
31070 669908
31080 669908
31090 669908
31100 669908
31110 669934
31120 669934
31130 669934
31140 669934
31150 669934
31160 669934
31170 669934
31180 669934
31190 669934
31200 669934
31210 669934
31220 669934
31230 669934
31240 669934
31250 669934
31260 669934
31270 669934
31280 669934
31290 669934
31300 669934
31310 669934
31320 669934
31330 669960
31340 669960
31350 669960
31360 669960
31370 669960
31380 669960
31390 669960
31400 669974
31410 669974
31420 669974
31430 669974
31440 669974
31450 669974
31460 669974
31470 669974
31480 669974
31490 669974
31500 669974
31510 669974
31520 669974
31530 669974
31540 670001
31550 670002
31560 670002
31570 670002
31580 670009
31590 670009
31600 670009
31610 670009
31620 670009
31630 670009
31640 670009
31650 670009
31660 670009
31670 670009
31680 670026
31690 670026
31700 670026
31710 670026
31720 670026
31730 670026
31740 670026
31750 670026
31760 670026
31770 670026
31780 670026
31790 670026
31800 670026
31810 670026
31820 670026
31830 670026
31840 670026
31850 670026
31860 670026
31870 670026
31880 670026
31890 670026
31900 670026
31910 670026
31920 670026
31930 670026
31940 670026
31950 670026
31960 670026
31970 670026
31980 670026
31990 670026
32000 670026
32010 670026
32020 670026
32030 670092
32040 670092
32050 670092
32060 670092
32070 670092
32080 670092
32090 670092
32100 670092
32110 670092
32120 670092
32130 670092
32140 670092
32150 670092
32160 670092
32170 670106
32180 670106
32190 670106
32200 670106
32210 670106
32220 670106
32230 670106
32240 670106
32250 670170
32260 670170
32270 670170
32280 670170
32290 670170
32300 670170
32310 670170
32320 670170
32330 670188
32340 670188
32350 670188
32360 670188
32370 670188
32380 670188
32390 670188
32400 670188
32410 670188
32420 670188
32430 670188
32440 670188
32450 670188
32460 670188
32470 670188
32480 670188
32490 670188
32500 670188
32510 670188
32520 670188
32530 670188
32540 670188
32550 670188
32560 670188
32570 670188
32580 670188
32590 670188
32600 670188
32610 670188
32620 670196
32630 670196
32640 670196
32650 670196
32660 670209
32670 670209
32680 670209
32690 670218
32700 670218
32710 670218
32720 670218
32730 670226
32740 670226
32750 670226
32760 670226
32770 670226
32780 670226
32790 670226
32800 670226
32810 670226
32820 670226
32830 670226
32840 670226
32850 670226
32860 670226
32870 670226
32880 670230
32890 670230
32900 670230
32910 670230
32920 670230
32930 670230
32940 670230
32950 670230
32960 670235
32970 670235
32980 670235
32990 670235
33000 670235
33010 670239
33020 670239
33030 670239
33040 670239
33050 670239
33060 670239
33070 670247
33080 670247
33090 670247
33100 670247
33110 670247
33120 670261
33130 670261
33140 670261
33150 670261
33160 670278
33170 670278
33180 670278
33190 670303
33200 670303
33210 670303
33220 670303
33230 670303
33240 670303
33250 670303
33260 670303
33270 670303
33280 670303
33290 670303
33300 670322
33310 670322
33320 670322
33330 670322
33340 670322
33350 670322
33360 670322
33370 670322
33380 670330
33390 670336
33400 670336
33410 670336
33420 670336
33430 670336
33440 670336
33450 670336
33460 670336
33470 670336
33480 670336
33490 670368
33500 670368
33510 670368
33520 670368
33530 670368
33540 670368
33550 670368
33560 670368
33570 670368
33580 670368
33590 670368
33600 670368
33610 670368
33620 670368
33630 670368
33640 670368
33650 670368
33660 670368
33670 670368
33680 670368
33690 670368
33700 670368
33710 670368
33720 670368
33730 670368
33740 670368
33750 670368
33760 670372
33770 670372
33780 670372
33790 670372
33800 670372
33810 670372
33820 670372
33830 670372
33840 670372
33850 670372
33860 670372
33870 670372
33880 670372
33890 670372
33900 670377
33910 670377
33920 670377
33930 670377
33940 670377
33950 670377
33960 670377
33970 670377
33980 670381
33990 670381
34000 670381
34010 670381
34020 670381
34030 670381
34040 670381
34050 670381
34060 670470
34070 670470
34080 670470
34090 670470
34100 670470
34110 670470
34120 670470
34130 670470
34140 670470
34150 670470
34160 670470
34170 670470
34180 670470
34190 670470
34200 670470
34210 670493
34220 670493
34230 670493
34240 670493
34250 670493
34260 670566
34270 670566
34280 670566
34290 670566
34300 670566
34310 670566
34320 670566
34330 670566
34340 670566
34350 670566
34360 670566
34370 670566
34380 670566
34390 670566
34400 670566
34410 670683
34420 670683
34430 670787
34440 670787
34450 670787
34460 670787
34470 670787
34480 670787
34490 670787
34500 670787
34510 670788
34520 670788
34530 670788
34540 670788
34550 670788
34560 670788
34570 670788
34580 670788
34590 670788
34600 670788
34610 670788
34620 670807
34630 670935
34640 670935
34650 670935
34660 670935
34670 670935
34680 670935
34690 670935
34700 670935
34710 670935
34720 670935
34730 670935
34740 671032
34750 671032
34760 671032
34770 671032
34780 671032
34790 671032
34800 671032
34810 671032
34820 671033
34830 671033
34840 671033
34850 671054
34860 671054
34870 671073
34880 671073
34890 671073
34900 671073
34910 671073
34920 671073
34930 671073
34940 671073
34950 671073
34960 671073
34970 671073
34980 671073
34990 671073
35000 671138
35010 671138
35020 671138
35030 671138
35040 671138
35050 671138
35060 671139
35070 671139
35080 671141
35090 671165
35100 671165
35110 671166
35120 671166
35130 671166
35140 671166
35150 671166
35160 671224
35170 671224
35180 671224
35190 671224
35200 671224
35210 671224
35220 671224
35230 671224
35240 671224
35250 671224
35260 671224
35270 671224
35280 671224
35290 671224
35300 671224
35310 671224
35320 671224
35330 671224
35340 671224
35350 671224
35360 671240
35370 671240
35380 671240
35390 671240
35400 671240
35410 671240
35420 671240
35430 671240
35440 671240
35450 671240
35460 671240
35470 671240
35480 671240
35490 671240
35500 671266
35510 671266
35520 671266
35530 671266
35540 671266
35550 671266
35560 671268
35570 671268
35580 671268
35590 671268
35600 671268
35610 671292
35620 671292
35630 671292
35640 671292
35650 671292
35660 671292
35670 671292
35680 671292
35690 671292
35700 671292
35710 671299
35720 671299
35730 671299
35740 671299
35750 671324
35760 671324
35770 671336
35780 671336
35790 671336
35800 671336
35810 671336
35820 671336
35830 671336
35840 671336
35850 671336
35860 671336
35870 671336
35880 671336
35890 671336
35900 671336
35910 671336
35920 671336
35930 671336
35940 671336
35950 671336
35960 671336
35970 671336
35980 671336
35990 671336
36000 671336
36010 671336
36020 671336
36030 671336
36040 671336
36050 671372
36060 671372
36070 671372
36080 671372
36090 671383
36100 671383
36110 671383
36120 671383
36130 671383
36140 671383
36150 671383
36160 671383
36170 671383
36180 671383
36190 671383
36200 671383
36210 671383
36220 671383
36230 671383
36240 671383
36250 671383
36260 671440
36270 671440
36280 671440
36290 671440
36300 671440
36310 671440
36320 671440
36330 671440
36340 671440
36350 671440
36360 671440
36370 671440
36380 671440
36390 671440
36400 671440
36410 671440
36420 671440
36430 671440
36440 671440
36450 671480
36460 671480
36470 671480
36480 671480
36490 671480
36500 671537
36510 671587
36520 671592
36530 671592
36540 671592
36550 671592
36560 671592
36570 671592
36580 671603
36590 671603
36600 671603
36610 671603
36620 671603
36630 671603
36640 671603
36650 671603
36660 671605
36670 671605
36680 671605
36690 671605
36700 671605
36710 671605
36720 671605
36730 671605
36740 671605
36750 671605
36760 671626
36770 671626
36780 671627
36790 671627
36800 671627
36810 671627
36820 671628
36830 671628
36840 671628
36850 671628
36860 671628
36870 671628
36880 671628
36890 671628
36900 671628
36910 671628
36920 671628
36930 671628
36940 671628
36950 671628
36960 671628
36970 671628
36980 671628
36990 671628
37000 671628
37010 671628
37020 671628
37030 671647
37040 671647
37050 671647
37060 671669
37070 671669
37080 671670
37090 671670
37100 671670
37110 671670
37120 671670
37130 671670
37140 671670
37150 671670
37160 671670
37170 671725
37180 671725
37190 671725
37200 671725
37210 671725
37220 671746
37230 671746
37240 671746
37250 671746
37260 671746
37270 671746
37280 671746
37290 671746
37300 671746
37310 671746
37320 671746
37330 671746
37340 671746
37350 671746
37360 671752
37370 671752
37380 671757
37390 671757
37400 671757
37410 671757
37420 671757
37430 671757
37440 671757
37450 671757
37460 671757
37470 671757
37480 671757
37490 671799
37500 671826
37510 671826
37520 671826
37530 671826
37540 671826
37550 671826
37560 671837
37570 671837
37580 671837
37590 671837
37600 671837
37610 671837
37620 671865
37630 671865
37640 671914
37650 671924
37660 671924
37670 671924
37680 671924
37690 671948
37700 671948
37710 671948
37720 671948
37730 671950
37740 671950
37750 671950
37760 672186
37770 672186
37780 672186
37790 672248
37800 672250
37810 672250
37820 672250
37830 672266
37840 672276
37850 672276
37860 672276
37870 672301
37880 672301
37890 672301
37900 672310
37910 672310
37920 672310
37930 672310
37940 672310
37950 672310
37960 672310
37970 672310
37980 672310
37990 672425
38000 672425
38010 672425
38020 672482
38030 672482
38040 672482
38050 672482
38060 672482
38070 672482
38080 672482
38090 672482
38100 672482
38110 672482
38120 672482
38130 672565
38140 672565
38150 672565
38160 672565
38170 672565
38180 672565
38190 672578
38200 672578
38210 672578
38220 672578
38230 672578
38240 672578
38250 672578
38260 672578
38270 672578
38280 672579
38290 672579
38300 672579
38310 672641
38320 672641
38330 672641
38340 672641
38350 672641
38360 672641
38370 672641
38380 672641
38390 672641
38400 672641
38410 672641
38420 672641
38430 672641
38440 672641
38450 672641
38460 672648
38470 672648
38480 672648
38490 672648
38500 672648
38510 672648
38520 672648
38530 672648
38540 672674
38550 672674
38560 672674
38570 672674
38580 672674
38590 672674
38600 672674
38610 672674
38620 672678
38630 672678
38640 672678
38650 672680
38660 672680
38670 672680
38680 672734
38690 672734
38700 672734
38710 672734
38720 672734
38730 672734
38740 672734
38750 672734
38760 672735
38770 672735
38780 672735
38790 672735
38800 672735
38810 672735
38820 672735
38830 672735
38840 672735
38850 672735
38860 672735
38870 672735
38880 672735
38890 672735
38900 672735
38910 672735
38920 672735
38930 672735
38940 672735
38950 672735
38960 672735
38970 672735
38980 672735
38990 672735
39000 672735
39010 672735
39020 672735
39030 672752
39040 672752
39050 672752
39060 672752
39070 672752
39080 672752
39090 672752
39100 672854
39110 672854
39120 672854
39130 672854
39140 672854
39150 672854
39160 672854
39170 672854
39180 672854
39190 672854
39200 672854
39210 672896
39220 672896
39230 672896
39240 672896
39250 672896
39260 673076
39270 673076
39280 673076
39290 673076
39300 673076
39310 673080
39320 673081
39330 673081
39340 673081
39350 673081
39360 673081
39370 673081
39380 673081
39390 673081
39400 673081
39410 673081
39420 673081
39430 673081
39440 673081
39450 673081
39460 673081
39470 673081
39480 673235
39490 673235
39500 673235
39510 673235
39520 673235
39530 673280
39540 673280
39550 673280
39560 673280
39570 673282
39580 673282
39590 673282
39600 673282
39610 673282
39620 673282
39630 673282
39640 673282
39650 673282
39660 673282
39670 673282
39680 673282
39690 673282
39700 673282
39710 673282
39720 673282
39730 673295
39740 673295
39750 673295
39760 673295
39770 673295
39780 673295
39790 673295
39800 673295
39810 673295
39820 673295
39830 673295
39840 673295
39850 673295
39860 673295
39870 673295
39880 673295
39890 673295
39900 673295
39910 673295
39920 673295
39930 673295
39940 673295
39950 673295
39960 673295
39970 673295
39980 673295
39990 673295
40000 673382
40010 673382
40020 673382
40030 673382
40040 673382
40050 673382
40060 673382
40070 673388
40080 673388
40090 673388
40100 673388
40110 673388
40120 673388
40130 673388
40140 673388
40150 673388
40160 673388
40170 673405
40180 673405
40190 673405
40200 673405
40210 673405
40220 673405
40230 673405
40240 673405
40250 673405
40260 673405
40270 673426
40280 673426
40290 673426
40300 673426
40310 673426
40320 673426
40330 673426
40340 673426
40350 673426
40360 673426
40370 673426
40380 673444
40390 673444
40400 673444
40410 673444
40420 673460
40430 673568
40440 673568
40450 673569
40460 673569
40470 673569
40480 673569
40490 673581
40500 673581
40510 673581
40520 673581
40530 673581
40540 673581
40550 673581
40560 673581
40570 673581
40580 673581
40590 673581
40600 673581
40610 673581
40620 673581
40630 673581
40640 673581
40650 673581
40660 673581
40670 673581
40680 673581
40690 673581
40700 673581
40710 673581
40720 673581
40730 673581
40740 673581
40750 673581
40760 673581
40770 673581
40780 673581
40790 673581
40800 673581
40810 673581
40820 673581
40830 673581
40840 673581
40850 673581
40860 673581
40870 673581
40880 673602
40890 673602
40900 673602
40910 673602
40920 673605
40930 673611
40940 673611
40950 673611
40960 673611
40970 673611
40980 673611
40990 673611
41000 673611
41010 673611
41020 673611
41030 673611
41040 673611
41050 673611
41060 673611
41070 673611
41080 673611
41090 673611
41100 673611
41110 673611
41120 673611
41130 673611
41140 673618
41150 673618
41160 673618
41170 673618
41180 673618
41190 673618
41200 673620
41210 673620
41220 673620
41230 673620
41240 673620
41250 673620
41260 673620
41270 673620
41280 673620
41290 673620
41300 673620
41310 673653
41320 673653
41330 673653
41340 673653
41350 673653
41360 673653
41370 673653
41380 673653
41390 673653
41400 673653
41410 673653
41420 673653
41430 673653
41440 673653
41450 673653
41460 673653
41470 673653
41480 673653
41490 673653
41500 673653
41510 673653
41520 673653
41530 673653
41540 673653
41550 673653
41560 673704
41570 673704
41580 673704
41590 673818
41600 673818
41610 673818
41620 673818
41630 673818
41640 673818
41650 673818
41660 673818
41670 673818
41680 673818
41690 673818
41700 673818
41710 673818
41720 673818
41730 673818
41740 673818
41750 673825
41760 673825
41770 673826
41780 673843
41790 673843
41800 673843
41810 673843
41820 673843
41830 673843
41840 673843
41850 673843
41860 673843
41870 673843
41880 673843
41890 673843
41900 673843
41910 673843
41920 673843
41930 673843
41940 673843
41950 673843
41960 673843
41970 673843
41980 673985
41990 673985
42000 673985
42010 673985
42020 673985
42030 673985
42040 673985
42050 674130
42060 674130
42070 674130
42080 674139
42090 674139
42100 674139
42110 674139
42120 674139
42130 674139
42140 674141
42150 674141
42160 674141
42170 674141
42180 674141
42190 674141
42200 674305
42210 674305
42220 674305
42230 674305
42240 674305
42250 674305
42260 674305
42270 674305
42280 674305
42290 674305
42300 674305
42310 674305
42320 674340
42330 674340
42340 674340
42350 674340
42360 674340
42370 674340
42380 674340
42390 674340
42400 674340
42410 674340
42420 674356
42430 674356
42440 674356
42450 674356
42460 674356
42470 674384
42480 674384
42490 674384
42500 674384
42510 674384
42520 674384
42530 674384
42540 674384
42550 674419
42560 674419
42570 674419
42580 674419
42590 674419
42600 674419
42610 674419
42620 674419
42630 674419
42640 674419
42650 674419
42660 674419
42670 674434
42680 674434
42690 674434
42700 674434
42710 674434
42720 674434
42730 674434
42740 674435
42750 674435
42760 674473
42770 674473
42780 674473
42790 674473
42800 674473
42810 674473
42820 674473
42830 674473
42840 674473
42850 674473
42860 674473
42870 674473
42880 674473
42890 674473
42900 674473
42910 674482
42920 674482
42930 674482
42940 674482
42950 674482
42960 674483
42970 674483
42980 674501
42990 674501
43000 674501
43010 674501
43020 674501
43030 674501
43040 674501
43050 674501
43060 674501
43070 674501
43080 674501
43090 674501
43100 674501
43110 674501
43120 674501
43130 674501
43140 674501
43150 674501
43160 674501
43170 674501
43180 674501
43190 674501
43200 674501
43210 674501
43220 674501
43230 674501
43240 674501
43250 674501
43260 674501
43270 674501
43280 674501
43290 674501
43300 674510
43310 674510
43320 674510
43330 674536
43340 674536
43350 674536
43360 674542
43370 674542
43380 674542
43390 674542
43400 674542
43410 674542
43420 674542
43430 674542
43440 674684
43450 674684
43460 674684
43470 674684
43480 674684
43490 674684
43500 674684
43510 674699
43520 674725
43530 674840
43540 674840
43550 674851
43560 674851
43570 674851
43580 674851
43590 674851
43600 674851
43610 674851
43620 674854
43630 674854
43640 674854
43650 674854
43660 674854
43670 674854
43680 674854
43690 674854
43700 674854
43710 674854
43720 674854
43730 674854
43740 674854
43750 674854
43760 674854
43770 674854
43780 674854
43790 674854
43800 674854
43810 674854
43820 674854
43830 674855
43840 674855
43850 674855
43860 674855
43870 674855
43880 674855
43890 674909
43900 674909
43910 674909
43920 674909
43930 674909
43940 674909
43950 674954
43960 674954
43970 674954
43980 674954
43990 674954
44000 674954
44010 674954
44020 674954
44030 674954
44040 675103
44050 675103
44060 675103
44070 675103
44080 675103
44090 675103
44100 675103
44110 675103
44120 675103
44130 675103
44140 675103
44150 675103
44160 675103
44170 675103
44180 675103
44190 675103
44200 675103
44210 675253
44220 675256
44230 675256
44240 675256
44250 675256
44260 675264
44270 675264
44280 675264
44290 675264
44300 675264
44310 675264
44320 675277
44330 675277
44340 675277
44350 675277
44360 675277
44370 675300
44380 675300
44390 675300
44400 675300
44410 675300
44420 675300
44430 675300
44440 675300
44450 675300
44460 675376
44470 675392
44480 675392
44490 675400
44500 675400
44510 675400
44520 675400
44530 675400
44540 675400
44550 675400
44560 675400
44570 675400
44580 675400
44590 675416
44600 675416
44610 675416
44620 675416
44630 675416
44640 675416
44650 675416
44660 675416
44670 675461
44680 675461
44690 675461
44700 675461
44710 675461
44720 675461
44730 675461
44740 675461
44750 675461
44760 675461
44770 675461
44780 675461
44790 675461
44800 675461
44810 675461
44820 675461
44830 675461
44840 675461
44850 675461
44860 675461
44870 675461
44880 675461
44890 675461
44900 675476
44910 675476
44920 675476
44930 675476
44940 675476
44950 675476
44960 675476
44970 675537
44980 675537
44990 675537
45000 675537
45010 675537
45020 675537
45030 675538
45040 675538
45050 675567
45060 675567
45070 675567
45080 675567
45090 675567
45100 675567
45110 675567
45120 675567
45130 675567
45140 675567
45150 675567
45160 675567
45170 675567
45180 675567
45190 675567
45200 675567
45210 675567
45220 675567
45230 675569
45240 675569
45250 675569
45260 675569
45270 675569
45280 675569
45290 675569
45300 675569
45310 675618
45320 675618
45330 675618
45340 675618
45350 675618
45360 675641
45370 675641
45380 675641
45390 675641
45400 675641
45410 675641
45420 675641
45430 675641
45440 675641
45450 675650
45460 675650
45470 675650
45480 675650
45490 675650
45500 675662
45510 675708
45520 675708
45530 675708
45540 675708
45550 675708
45560 675708
45570 675708
45580 675708
45590 675708
45600 675708
45610 675708
45620 675717
45630 675717
45640 675717
45650 675717
45660 675717
45670 675717
45680 675717
45690 675742
45700 675742
45710 675742
45720 675742
45730 675742
45740 675742
45750 675742
45760 675742
45770 675742
45780 675771
45790 675771
45800 675771
45810 675771
45820 675771
45830 675771
45840 675771
45850 675771
45860 675771
45870 675771
45880 675771
45890 675771
45900 675771
45910 675771
45920 675771
45930 675771
45940 675771
45950 675802
45960 675919
45970 675947
45980 675947
45990 675947
46000 675947
46010 675949
46020 675949
46030 675949
46040 675949
46050 675949
46060 675949
46070 675949
46080 675949
46090 675949
46100 675949
46110 675949
46120 675949
46130 675949
46140 675949
46150 675949
46160 675949
46170 675949
46180 675949
46190 675949
46200 675949
46210 675949
46220 675949
46230 675949
46240 675949
46250 675949
46260 675949
46270 675965
46280 675965
46290 675978
46300 675978
46310 675978
46320 675997
46330 675997
46340 675997
46350 675997
46360 675997
46370 675997
46380 675997
46390 676000
46400 676000
46410 676000
46420 676000
46430 676000
46440 676000
46450 676000
46460 676000
46470 676000
46480 676000
46490 676000
46500 676000
46510 676000
46520 676000
46530 676000
46540 676000
46550 676000
46560 676000
46570 676000
46580 676000
46590 676000
46600 676000
46610 676000
46620 676000
46630 676000
46640 676000
46650 676000
46660 676030
46670 676030
46680 676120
46690 676120
46700 676120
46710 676120
46720 676120
46730 676120
46740 676120
46750 676120
46760 676120
46770 676120
46780 676120
46790 676120
46800 676120
46810 676120
46820 676120
46830 676120
46840 676120
46850 676120
46860 676120
46870 676120
46880 676120
46890 676120
46900 676121
46910 676121
46920 676121
46930 676121
46940 676121
46950 676121
46960 676121
46970 676121
46980 676121
46990 676121
47000 676133
47010 676133
47020 676133
47030 676133
47040 676133
47050 676133
47060 676133
47070 676133
47080 676134
47090 676134
47100 676134
47110 676134
47120 676137
47130 676137
47140 676142
47150 676142
47160 676142
47170 676142
47180 676142
47190 676142
47200 676142
47210 676173
47220 676173
47230 676173
47240 676173
47250 676173
47260 676173
47270 676173
47280 676173
47290 676173
47300 676173
47310 676173
47320 676173
47330 676173
47340 676173
47350 676173
47360 676173
47370 676173
47380 676173
47390 676173
47400 676173
47410 676173
47420 676173
47430 676173
47440 676173
47450 676177
47460 676177
47470 676177
47480 676177
47490 676177
47500 676177
47510 676177
47520 676177
47530 676177
47540 676177
47550 676177
47560 676177
47570 676348
47580 676348
47590 676350
47600 676350
47610 676350
47620 676350
47630 676358
47640 676358
47650 676358
47660 676358
47670 676358
47680 676377
47690 676377
47700 676377
47710 676377
47720 676397
47730 676397
47740 676397
47750 676397
47760 676397
47770 676397
47780 676397
47790 676397
47800 676397
47810 676397
47820 676397
47830 676397
47840 676397
47850 676406
47860 676406
47870 676406
47880 676406
47890 676406
47900 676406
47910 676406
47920 676406
47930 676406
47940 676406
47950 676411
47960 676412
47970 676412
47980 676412
47990 676412
48000 676412
48010 676414
48020 676414
48030 676414
48040 676414
48050 676414
48060 676414
48070 676414
48080 676414
48090 676414
48100 676414
48110 676414
48120 676414
48130 676443
48140 676443
48150 676443
48160 676455
48170 676455
48180 676455
48190 676455
48200 676455
48210 676455
48220 676455
48230 676455
48240 676455
48250 676455
48260 676455
48270 676455
48280 676456
48290 676456
48300 676456
48310 676456
48320 676463
48330 676463
48340 676463
48350 676466
48360 676466
48370 676466
48380 676466
48390 676468
48400 676468
48410 676472
48420 676472
48430 676472
48440 676472
48450 676472
48460 676472
48470 676472
48480 676472
48490 676472
48500 676473
48510 676473
48520 676473
48530 676473
48540 676473
48550 676473
48560 676473
48570 676473
48580 676473
48590 676504
48600 676504
48610 676504
48620 676504
48630 676504
48640 676504
48650 676504
48660 676507
48670 676507
48680 676507
48690 676507
48700 676507
48710 676507
48720 676507
