1520 -488184
2280 -486343
3040 -486343
3800 -486343
4560 -468444
5320 -468444
6080 -468444
6840 -468444
7600 -468444
8360 -468444
9120 -466893
9880 -466893
10640 -466893
11400 -466893
12160 -466893
12920 -466893
13680 -466893
14440 -466893
15200 -466893
15960 -466893
16720 -466893
17480 -466893
18240 -466893
19000 -466893
19760 -466893
20520 -466893
21280 -466893
22040 -466893
22800 -466893
23560 -466893
24320 -466893
25080 -466893
25840 -466893
26600 -466893
27360 -466893
28120 -466893
28880 -466893
29640 -466893
30400 -466893
31160 -466893
31920 -466893
32680 -466893
33440 -466893
34200 -466893
34960 -466893
35720 -466893
36480 -466893
37240 -466893
38000 -466893
38760 -466893
39520 -466893
40280 -466893
41040 -466893
41800 -466893
42560 -466893
43320 -466893
44080 -466893
44840 -466893
45600 -466893
46360 -466893
47120 -466893
47880 -466893
48640 -464948
49400 -464948
50160 -464948
50920 -464948
51680 -464948
52440 -464948
53200 -464948
53960 -464948
54720 -464948
55480 -464948
56240 -464948
57000 -464948
57760 -464948
58520 -464948
59280 -464948
60040 -463835
60800 -463835
61560 -463835
62320 -463835
63080 -463835
63840 -463835
64600 -463835
65360 -463835
66120 -463835
66880 -463835
67640 -463835
68400 -463835
69160 -463835
69920 -463835
70680 -463835
71440 -463835
72200 -463835
72960 -463835
73720 -463835
74480 -463835
75240 -463835
76000 -463835
76760 -463835
77520 -463835
78280 -463835
79040 -462204
79800 -462204
80560 -462204
81320 -462204
82080 -462204
82840 -462204
83600 -462204
84360 -462204
85120 -462204
85880 -462204
86640 -462204
87400 -462204
88160 -462204
88920 -462204
89680 -453903
90440 -453903
91200 -453903
91960 -453903
92720 -453903
93480 -453903
94240 -453903
95000 -453903
95760 -453903
96520 -453903
97280 -453903
98040 -453903
98800 -453903
99560 -453903
100320 -453903
101080 -453903
101840 -453903
102600 -453903
103360 -453903
104120 -453903
104880 -453903
105640 -453903
106400 -453903
107160 -453903
107920 -453903
108680 -453903
