1520 -474292
2280 -474292
3040 -474292
3800 -474292
4560 -474292
5320 -474292
6080 -474292
6840 -474292
7600 -474292
8360 -474292
9120 -474292
9880 -474292
10640 -474292
11400 -474292
12160 -474292
12920 -474292
13680 -474292
14440 -474292
15200 -474292
15960 -474292
16720 -474292
17480 -474292
18240 -474292
19000 -474292
19760 -474292
20520 -474292
21280 -474292
22040 -474292
22800 -474292
23560 -465983
24320 -465983
25080 -465983
25840 -465983
26600 -464136
27360 -464136
28120 -464136
28880 -464136
29640 -464136
30400 -464136
31160 -464136
31920 -464136
32680 -464136
33440 -464136
34200 -464136
34960 -464136
35720 -464136
36480 -464136
37240 -455886
38000 -455886
38760 -455716
39520 -455716
40280 -455716
41040 -455716
41800 -455716
42560 -455716
43320 -455716
44080 -455716
44840 -455716
45600 -455716
46360 -455716
47120 -455716
47880 -455716
48640 -455716
49400 -455716
50160 -455716
50920 -455716
51680 -455716
52440 -455716
53200 -455716
53960 -455716
54720 -455716
55480 -455716
56240 -455716
57000 -455716
57760 -455716
58520 -455716
59280 -455716
60040 -455716
60800 -455716
61560 -455716
62320 -455716
63080 -455716
63840 -455716
64600 -455716
65360 -455716
66120 -455716
66880 -455716
67640 -455716
68400 -455716
69160 -455716
69920 -455716
70680 -455716
71440 -455716
72200 -455716
72960 -455716
