1520 -470488
2280 -470488
3040 -470488
3800 -470488
4560 -470488
5320 -470488
6080 -470488
6840 -470488
7600 -470488
8360 -470488
9120 -470488
9880 -470488
10640 -470488
11400 -470488
12160 -470488
12920 -470488
13680 -470488
14440 -470488
15200 -470488
15960 -470488
16720 -470488
17480 -470488
18240 -470488
19000 -463343
19760 -463343
20520 -463343
21280 -463343
22040 -463343
22800 -463343
23560 -463343
24320 -463343
25080 -463343
25840 -463343
26600 -463343
27360 -463343
28120 -454659
28880 -454659
29640 -454659
30400 -454659
31160 -454659
31920 -454659
32680 -454659
33440 -454659
34200 -454659
34960 -454659
35720 -454659
36480 -454659
37240 -454659
38000 -454659
38760 -454659
39520 -454659
40280 -454659
41040 -454659
41800 -454659
42560 -454659
43320 -454659
44080 -454659
44840 -454659
45600 -454659
46360 -454659
47120 -454659
47880 -454659
48640 -454659
49400 -454659
50160 -454659
50920 -454659
51680 -454659
52440 -454659
53200 -454659
53960 -454659
54720 -454659
55480 -454659
