200 -23600734
300 -23600734
400 -23600734
500 -23600734
600 -23600734
700 -23600734
800 -23600734
900 -23600734
1000 -23600734
1100 -23600734
1200 -23600734
1300 -23600734
1400 -23600734
1500 -23600734
1600 -23600734
1700 -23585740
1800 -23585740
1900 -23585740
2000 -23585740
2100 -23585740
2200 -23585740
2300 -23585740
2400 -23585740
2500 -23585740
2600 -23579042
2700 -23545802
2800 -23545802
2900 -23545802
3000 -23545802
3100 -23545802
3200 -23545802
3300 -23545802
3400 -23545802
3500 -23545802
3600 -23545802
3700 -23545802
3800 -23545802
3900 -23545802
4000 -23545802
4100 -23545802
4200 -23545802
4300 -23545802
4400 -23545802
4500 -23545802
4600 -23483382
4700 -23483382
4800 -23483382
4900 -23483382
5000 -23483382
5100 -23483382
5200 -23483382
5300 -23483382
5400 -23483382
5500 -23483382
5600 -23483382
5700 -23483382
5800 -23483382
5900 -23483382
6000 -23483382
6100 -23483382
6200 -23483382
6300 -23483382
6400 -23483382
6500 -23483382
6600 -23483382
6700 -23483382
6800 -23483382
6900 -23483382
7000 -23483382
7100 -23483382
7200 -23468518
7300 -23468518
7400 -23468518
7500 -23468518
7600 -23468518
7700 -23468518
7800 -23468518
7900 -23468518
8000 -23453786
8100 -23453786
8200 -23453786
8300 -23447220
8400 -23447220
8500 -23447220
8600 -23447220
8700 -23447220
8800 -23447220
8900 -23447220
9000 -23447220
9100 -23447220
9200 -23447220
9300 -23447220
9400 -23447220
9500 -23447220
9600 -23447220
9700 -23447220
9800 -23447220
9900 -23447220
10000 -23394666
10100 -23394666
10200 -23394666
10300 -23394666
10400 -23394666
10500 -23350968
10600 -23350968
10700 -23350968
10800 -23350968
10900 -23350968
11000 -23350968
11100 -23350968
11200 -23350968
11300 -23350968
11400 -23350968
11500 -23350968
11600 -23350968
11700 -23350968
11800 -23350968
11900 -23350968
12000 -23350968
12100 -23350968
12200 -23350968
12300 -23350968
12400 -23350968
12500 -23350968
12600 -23350968
12700 -23350968
12800 -23350968
12900 -23350968
13000 -23350968
13100 -23350968
13200 -23350968
13300 -23350968
13400 -23350968
13500 -23350968
13600 -23350968
13700 -23350968
13800 -23349230
13900 -23349230
14000 -23349230
14100 -23349230
14200 -23349230
14300 -23349230
14400 -23349230
14500 -23349230
14600 -23349230
14700 -23349230
14800 -23320624
14900 -23320624
15000 -23320624
15100 -23320624
15200 -23320624
15300 -23320624
15400 -23320624
15500 -23320624
15600 -23320624
15700 -23320624
15800 -23320624
15900 -23320624
16000 -23320624
16100 -23320624
16200 -23320624
16300 -23320624
16400 -23320624
16500 -23320624
16600 -23320624
16700 -23320624
16800 -23320624
16900 -23320624
17000 -23320624
17100 -23320624
17200 -23320624
17300 -23320624
17400 -23320624
17500 -23320624
17600 -23320624
17700 -23320624
17800 -23308574
17900 -23308574
18000 -23308574
18100 -23308574
18200 -23308574
18300 -23308574
18400 -23308574
18500 -23308574
18600 -23308574
18700 -23308574
18800 -23308574
18900 -23308574
19000 -23308574
19100 -23308574
19200 -23308574
19300 -23308574
19400 -23308574
19500 -23308574
19600 -23308574
19700 -23308574
19800 -23308574
19900 -23308574
20000 -23308574
20100 -23308574
20200 -23308574
20300 -23308574
20400 -23308574
