200 -23826614
300 -23788886
400 -23694562
500 -23674992
600 -23617488
700 -23617488
800 -23617488
900 -23617488
1000 -23617488
1100 -23617488
1200 -23617488
1300 -23617488
1400 -23617488
1500 -23617488
1600 -23617488
1700 -23564082
1800 -23564082
1900 -23564082
2000 -23564082
2100 -23564082
2200 -23564082
2300 -23564082
2400 -23564082
2500 -23544682
2600 -23544682
2700 -23544682
2800 -23544682
2900 -23544682
3000 -23544682
3100 -23544682
3200 -23544682
3300 -23516780
3400 -23516780
3500 -23516780
3600 -23516780
3700 -23516780
3800 -23516780
3900 -23516780
4000 -23516780
4100 -23516780
4200 -23499426
4300 -23499426
4400 -23499426
4500 -23499426
4600 -23499426
4700 -23499426
4800 -23496936
4900 -23496936
5000 -23496936
5100 -23496936
5200 -23479642
5300 -23479642
5400 -23479642
5500 -23479642
5600 -23373952
5700 -23373952
5800 -23373952
5900 -23373952
6000 -23373952
6100 -23373952
6200 -23373952
6300 -23373952
6400 -23373952
6500 -23373952
6600 -23373952
6700 -23373952
6800 -23373952
6900 -23373952
7000 -23373952
7100 -23373952
7200 -23373952
7300 -23373952
7400 -23373952
7500 -23373952
7600 -23373952
7700 -23373952
7800 -23373952
7900 -23373952
8000 -23373952
8100 -23373952
8200 -23373952
8300 -23373952
8400 -23373952
8500 -23373952
8600 -23373952
8700 -23373952
8800 -23373952
8900 -23373952
9000 -23373952
9100 -23373952
9200 -23373952
9300 -23373952
9400 -23373952
9500 -23373952
9600 -23373952
9700 -23373952
9800 -23373952
9900 -23353790
10000 -23353790
10100 -23353790
10200 -23353790
10300 -23353790
10400 -23353790
10500 -23353790
10600 -23353790
10700 -23353790
10800 -23331270
10900 -23331270
11000 -23331270
11100 -23331270
11200 -23331270
11300 -23331270
11400 -23331270
11500 -23331270
11600 -23331270
11700 -23331270
11800 -23331270
11900 -23331270
12000 -23298248
12100 -23298248
12200 -23298248
12300 -23298248
12400 -23298248
12500 -23298248
12600 -23298248
12700 -23298248
12800 -23298248
12900 -23298248
13000 -23298248
13100 -23298248
13200 -23298248
13300 -23298248
13400 -23298248
13500 -23298248
13600 -23298248
13700 -23298248
13800 -23298248
13900 -23298248
14000 -23298248
14100 -23298248
14200 -23298248
14300 -23298248
14400 -23298248
14500 -23298248
14600 -23298248
14700 -23298248
14800 -23298248
14900 -23298248
15000 -23298248
15100 -23298248
15200 -23298248
15300 -23298248
15400 -23298248
15500 -23298248
15600 -23298248
15700 -23298248
15800 -23298248
15900 -23298248
16000 -23298248
16100 -23298248
16200 -23298248
16300 -23298248
16400 -23298248
16500 -23256706
16600 -23256706
16700 -23256706
16800 -23256706
16900 -23256706
17000 -23256706
17100 -23256706
17200 -23256706
17300 -23256706
17400 -23256706
17500 -23256706
17600 -23256706
17700 -23256706
17800 -23256706
17900 -23256706
18000 -23256706
18100 -23256706
18200 -23256706
18300 -23256706
18400 -23256706
18500 -23256706
18600 -23256706
18700 -23256706
18800 -23256706
18900 -23256706
19000 -23256706
19100 -23256706
19200 -23256706
19300 -23256706
19400 -23256706
19500 -23256706
19600 -23256706
19700 -23256706
19800 -23256706
19900 -23256706
20000 -23256706
20100 -23256706
20200 -23256706
20300 -23256706
20400 -23256706
20500 -23256706
20600 -23256706
20700 -23256706
20800 -23256706
20900 -23256706
21000 -23256706
21100 -23256706
21200 -23256706
21300 -23256706
21400 -23256706
21500 -23256706
21600 -23256706
21700 -23256706
21800 -23256706
21900 -23256706
22000 -23256706
22100 -23256706
22200 -23256706
22300 -23256706
22400 -23256706
22500 -23256706
22600 -23256706
22700 -23256706
22800 -23256706
