20 254654
30 254654
40 254654
50 260461
60 260461
70 260461
80 260461
90 260461
100 260461
110 261262
120 271778
130 272844
140 272844
150 272844
160 272844
170 275585
180 275585
190 275585
200 278136
210 278136
220 278152
230 278152
240 278152
250 278152
260 278152
270 278152
280 278152
290 278152
300 278152
310 278152
320 278158
330 278158
340 278220
350 278220
360 278220
370 278220
380 278220
390 278220
400 278968
410 278968
420 278968
430 278968
440 279150
450 279150
460 279150
470 279150
480 280415
490 280415
500 280415
510 280415
520 280415
530 280415
540 280415
550 280415
560 280415
570 280415
580 280606
590 280606
600 280606
610 280606
620 280606
630 280606
640 280606
650 280606
660 280606
670 280606
680 280606
690 280606
700 280606
710 280606
720 280606
730 280606
740 280606
750 280606
760 280606
770 280606
780 280606
790 280606
800 280606
810 280606
820 280606
830 280779
840 281911
850 281911
860 281911
870 284432
880 284432
890 284432
900 284432
910 284432
920 284432
930 284432
940 284432
950 284432
960 284432
970 284432
980 284432
990 284432
1000 285631
1010 285631
1020 285631
1030 285631
1040 285631
1050 285631
1060 285631
1070 285631
1080 289362
1090 289362
1100 289362
1110 289362
1120 289362
1130 289362
1140 289362
1150 289362
1160 289362
1170 289362
1180 289362
1190 289362
1200 289362
1210 289362
1220 289507
1230 289507
1240 289507
1250 289507
1260 291494
1270 291494
1280 291494
1290 291494
1300 291494
1310 291494
1320 292854
1330 292854
1340 292880
1350 292880
1360 292880
1370 292880
1380 292880
1390 293447
1400 293475
1410 293475
1420 295810
1430 295810
1440 295810
1450 295810
1460 295810
1470 295810
1480 296250
1490 296250
1500 296250
1510 297892
1520 297892
1530 297892
1540 297892
1550 297892
1560 297892
1570 297892
1580 297892
1590 297892
1600 297892
1610 297892
1620 297892
1630 297892
1640 297892
1650 297892
1660 297892
1670 297951
1680 297951
1690 298831
1700 298831
1710 298831
1720 298831
1730 298831
1740 298831
1750 298831
1760 298831
1770 298831
1780 298831
1790 298831
1800 299491
1810 299491
1820 299491
1830 299491
1840 300812
1850 300812
1860 300812
1870 300812
1880 300812
1890 300812
1900 300812
1910 300812
1920 300812
1930 300812
1940 300812
1950 300812
1960 300812
1970 300812
1980 300812
1990 300812
2000 300812
2010 300812
2020 300812
2030 300812
2040 302171
2050 302171
2060 302171
2070 302171
2080 302171
2090 302171
2100 302171
2110 302171
2120 302171
2130 302171
2140 302171
2150 302171
2160 302171
2170 302171
2180 302171
2190 302171
2200 302171
2210 302171
2220 302171
2230 302171
2240 302171
2250 302171
2260 302171
2270 302171
2280 302171
2290 302171
2300 302171
2310 302171
2320 302171
2330 302171
2340 302171
2350 302185
2360 302185
2370 302185
2380 302185
2390 302185
2400 302598
2410 302598
2420 302598
2430 302932
2440 303837
2450 303837
2460 303837
2470 303837
2480 303837
2490 303837
2500 303837
2510 303837
2520 303837
2530 303837
2540 303837
2550 303837
2560 303837
2570 303837
2580 303837
2590 303837
2600 304020
2610 304020
2620 304045
2630 304045
2640 304045
2650 304045
2660 304045
2670 304045
2680 304045
2690 304243
2700 304243
2710 304243
2720 304243
2730 304243
2740 304243
2750 304243
2760 304243
2770 304243
2780 304243
2790 304243
2800 304243
2810 304243
2820 304243
2830 304243
2840 304243
2850 304243
2860 304243
2870 304348
2880 304348
2890 304348
2900 305556
2910 305556
2920 305556
2930 305654
2940 305654
2950 305654
2960 305654
2970 305654
2980 305654
2990 305654
3000 305654
3010 305654
3020 305654
3030 305654
3040 306963
3050 307074
3060 307074
3070 307074
3080 307074
3090 307074
3100 307074
3110 307074
3120 307074
3130 307074
3140 307074
3150 307074
3160 307074
3170 307074
3180 307074
3190 307074
3200 307074
3210 307074
3220 307074
3230 307074
3240 307074
3250 307074
3260 307074
3270 307074
3280 307074
3290 307144
3300 307144
3310 307144
3320 307144
3330 307144
3340 307144
3350 307144
3360 307144
3370 307144
3380 307144
3390 307144
3400 307144
3410 307144
3420 307144
3430 307144
3440 307144
3450 307144
3460 307291
3470 307291
3480 307291
3490 307291
3500 307291
3510 307291
3520 307291
3530 307291
3540 307291
3550 307291
3560 307291
3570 307291
3580 307291
3590 307291
3600 307291
3610 307291
3620 307291
3630 307291
3640 307291
3650 307291
3660 307291
3670 307291
3680 307291
3690 307291
3700 307291
3710 307291
3720 307291
3730 307291
3740 307291
3750 307291
3760 307291
3770 307291
3780 307291
3790 307291
3800 307291
3810 307291
3820 307291
3830 307291
3840 307291
3850 307291
3860 307291
3870 307512
3880 307512
3890 307512
3900 307512
3910 307512
3920 307512
3930 307512
3940 307512
3950 307512
3960 307512
3970 307512
3980 307512
3990 307512
4000 307512
4010 307512
4020 307512
4030 307512
4040 307512
4050 307512
4060 307512
4070 307512
4080 307512
4090 307512
4100 307512
4110 307512
4120 307512
4130 307512
4140 307512
4150 307512
4160 307512
4170 307512
4180 307512
4190 307512
4200 307512
4210 307512
4220 307541
4230 307541
4240 307624
4250 307624
4260 307624
4270 307624
4280 307624
4290 307624
4300 307624
4310 307624
4320 307624
4330 307624
4340 307624
4350 307624
4360 307624
4370 307624
4380 307624
4390 307624
4400 307624
4410 307624
4420 307624
4430 307624
4440 307624
4450 307624
4460 307624
4470 307624
4480 307624
4490 307624
4500 308009
4510 308009
4520 308009
4530 308009
4540 308009
4550 308009
4560 308009
4570 308009
4580 308009
4590 308009
4600 308009
4610 308009
4620 308009
4630 308009
4640 308009
4650 308009
4660 308009
4670 308009
4680 308009
4690 308009
4700 308009
4710 308009
4720 308009
4730 308009
4740 308009
4750 308009
4760 308009
4770 308009
4780 308009
4790 308009
4800 308009
4810 308009
4820 308009
4830 308009
4840 308009
4850 308009
4860 308009
4870 308009
4880 308246
4890 308246
4900 308246
4910 308246
4920 308246
4930 308246
4940 308246
4950 308246
4960 308246
4970 308246
4980 308246
4990 308246
5000 308246
5010 308246
5020 308246
5030 308246
5040 308246
5050 308246
5060 308246
5070 308246
5080 308246
5090 308246
5100 308246
5110 308246
5120 308246
5130 308246
5140 308246
5150 308246
5160 308246
5170 308246
5180 308246
5190 308246
5200 308246
5210 308246
5220 308246
5230 308246
5240 308772
5250 308772
5260 308772
5270 308772
5280 308772
5290 308772
5300 308772
5310 308772
5320 308772
5330 308772
5340 308774
5350 308774
5360 308774
5370 308774
5380 308774
5390 308774
5400 308774
5410 309004
5420 309004
5430 309004
5440 309004
5450 309004
5460 309004
5470 309004
5480 309004
5490 309004
5500 309004
5510 309004
5520 309004
5530 309004
5540 309004
5550 309004
5560 309004
5570 309004
5580 309004
5590 309004
5600 309004
5610 309004
5620 309004
5630 309004
5640 309004
5650 309004
5660 309004
5670 309004
5680 309004
5690 309004
5700 309004
5710 309004
5720 309004
5730 309004
5740 309004
5750 309004
5760 309004
5770 309004
5780 309048
5790 309048
5800 309048
5810 309323
5820 309366
5830 309366
5840 309366
5850 309366
5860 309366
5870 309366
5880 309366
5890 309728
5900 309728
5910 309728
5920 311271
5930 311271
5940 311271
5950 311271
5960 311271
5970 311271
5980 311271
5990 311271
6000 311271
6010 311271
6020 311271
6030 311271
6040 311271
6050 314965
6060 314965
6070 314965
6080 315208
6090 315208
6100 315208
6110 315208
6120 315208
6130 315208
6140 315637
6150 315637
6160 315637
6170 315637
6180 315637
6190 315637
6200 315637
6210 315637
6220 315637
6230 315637
6240 315637
6250 315637
6260 315637
6270 315637
6280 315637
6290 315637
6300 315637
6310 315637
6320 315637
6330 315637
6340 315637
6350 315637
6360 315637
6370 315637
6380 315637
6390 315637
6400 315637
6410 315637
6420 315637
6430 315637
6440 315637
6450 315637
6460 315637
6470 315637
6480 315637
6490 315637
6500 315637
6510 315637
6520 315637
6530 315637
6540 316577
6550 316577
6560 316577
6570 316577
6580 316577
6590 316577
6600 316577
6610 316577
6620 316577
6630 316577
6640 316577
6650 316577
6660 316577
6670 316577
6680 316577
6690 316577
6700 316577
6710 316577
6720 316577
6730 316577
6740 316577
6750 316577
6760 316577
6770 316577
